secs,nsecs,tx,ty,tz,rx,ry,rz,rw
1677108938,611106685,0.326367,0.552652,0.503207,0.521078,-0.223240,-0.311984,0.762436
1677108938,621979529,0.326671,0.552676,0.502600,0.521454,-0.223174,-0.312159,0.762126
1677108938,631447985,0.326966,0.552645,0.501968,0.521580,-0.223285,-0.312315,0.761943
1677108938,642563298,0.327102,0.552647,0.501301,0.521652,-0.222609,-0.313141,0.761753
1677108938,652045634,0.327326,0.552742,0.500589,0.522490,-0.222255,-0.313528,0.761122
1677108938,661308586,0.327654,0.552871,0.499816,0.523089,-0.222334,-0.313807,0.760572
1677108938,671247016,0.327758,0.552839,0.499075,0.522391,-0.221635,-0.314594,0.760931
1677108938,681639045,0.328088,0.552874,0.498248,0.522280,-0.221047,-0.314318,0.761292
1677108938,691621125,0.328407,0.553041,0.497312,0.522129,-0.220511,-0.315261,0.761162
1677108938,701622197,0.328693,0.553294,0.496385,0.522208,-0.218267,-0.315504,0.761653
1677108938,712526943,0.329110,0.553421,0.495522,0.521886,-0.218467,-0.315913,0.761647
1677108938,722250099,0.329605,0.553484,0.494657,0.521776,-0.218605,-0.315783,0.761737
1677108938,731417832,0.329917,0.553580,0.493831,0.521515,-0.218543,-0.316349,0.761699
1677108938,740852356,0.330258,0.553611,0.493027,0.521418,-0.218853,-0.316494,0.761615
1677108938,751063571,0.330351,0.553473,0.492342,0.520084,-0.219002,-0.317039,0.762258
1677108938,761574169,0.330550,0.553671,0.491549,0.520565,-0.219768,-0.317497,0.761518
1677108938,771841222,0.330767,0.553721,0.490786,0.520679,-0.221173,-0.317299,0.761115
1677108938,781335333,0.330795,0.553822,0.490089,0.520671,-0.221403,-0.316713,0.761299
1677108938,791795352,0.331042,0.554023,0.489283,0.521078,-0.223012,-0.315786,0.760936
1677108938,801588274,0.331138,0.554212,0.488512,0.520779,-0.224143,-0.315123,0.761083
1677108938,811237924,0.331158,0.554423,0.487694,0.520276,-0.224376,-0.314372,0.761669
1677108938,821254236,0.331406,0.554778,0.486800,0.520453,-0.224987,-0.313134,0.761877
1677108938,831783191,0.331361,0.555133,0.485857,0.519764,-0.222992,-0.312519,0.763185
1677108938,841194941,0.331712,0.555537,0.484906,0.520296,-0.224327,-0.311691,0.762770
1677108938,851035650,0.331821,0.555667,0.484084,0.519782,-0.224980,-0.311000,0.763210
1677108938,861120055,0.332079,0.555723,0.483220,0.519519,-0.226151,-0.310110,0.763405
1677108938,872024347,0.332107,0.555835,0.482414,0.519580,-0.225921,-0.310377,0.763323
1677108938,881298369,0.332264,0.555949,0.481602,0.520057,-0.225706,-0.310278,0.763102
1677108938,891327036,0.332675,0.555929,0.480752,0.520833,-0.225922,-0.309366,0.762880
1677108938,901298532,0.332939,0.556025,0.479908,0.521493,-0.225661,-0.309702,0.762369
1677108938,911587979,0.333227,0.556021,0.479039,0.521625,-0.225474,-0.310166,0.762145
1677108938,921978335,0.333502,0.555905,0.478256,0.521152,-0.225385,-0.310852,0.762216
1677108938,931539399,0.333834,0.555867,0.477414,0.521129,-0.225137,-0.311666,0.761972
1677108938,941327303,0.334231,0.555659,0.476618,0.521039,-0.225456,-0.312140,0.761746
1677108938,951535609,0.334480,0.555527,0.475846,0.521248,-0.224952,-0.312987,0.761404
1677108938,961233939,0.334745,0.555288,0.475125,0.521692,-0.224768,-0.313678,0.760870
1677108938,971027563,0.334941,0.555107,0.474432,0.522676,-0.224835,-0.314551,0.759814
1677108938,981183111,0.335063,0.554751,0.473804,0.523038,-0.224432,-0.314821,0.759572
1677108938,991689541,0.335232,0.554577,0.473137,0.524330,-0.224573,-0.315458,0.758374
1677108939,1407431,0.335336,0.554420,0.472454,0.524920,-0.224309,-0.315944,0.757842
1677108939,11051602,0.335533,0.554285,0.471719,0.525471,-0.224078,-0.315674,0.757640
1677108939,21426684,0.335637,0.554324,0.470938,0.526039,-0.223324,-0.315862,0.757391
1677108939,31044686,0.335881,0.554471,0.470063,0.526818,-0.222845,-0.315544,0.757123
1677108939,40904888,0.336082,0.554618,0.469111,0.527135,-0.221792,-0.314858,0.757497
1677108939,51500006,0.336297,0.554345,0.468182,0.524473,-0.223416,-0.314380,0.759065
1677108939,61167519,0.336364,0.554713,0.467163,0.524807,-0.222059,-0.313741,0.759496
1677108939,71528831,0.336384,0.555208,0.466062,0.525185,-0.220053,-0.313134,0.760068
1677108939,81420108,0.336595,0.555722,0.464824,0.525504,-0.219139,-0.312478,0.760382
1677108939,91797986,0.336703,0.556024,0.463638,0.524964,-0.217719,-0.311637,0.761507
1677108939,101666712,0.336818,0.556420,0.462410,0.524853,-0.216678,-0.311037,0.762126
1677108939,111648962,0.337010,0.556589,0.461150,0.524591,-0.216139,-0.310199,0.762800
1677108939,121973002,0.337201,0.556787,0.459910,0.524849,-0.215472,-0.309767,0.762987
1677108939,131408321,0.337333,0.556917,0.458643,0.524854,-0.214777,-0.309883,0.763133
1677108939,141604302,0.337490,0.556972,0.457386,0.525039,-0.213519,-0.309905,0.763350
1677108939,151615782,0.337694,0.556979,0.456142,0.525044,-0.213226,-0.310485,0.763192
1677108939,161509766,0.337756,0.556774,0.454999,0.524671,-0.213002,-0.311507,0.763095
1677108939,171692947,0.337867,0.556567,0.453918,0.524895,-0.212803,-0.311824,0.762867
1677108939,181657427,0.338046,0.556350,0.452844,0.525769,-0.213598,-0.312170,0.761901
1677108939,191539397,0.338039,0.556072,0.451799,0.526471,-0.213704,-0.312430,0.761279
1677108939,201151459,0.338503,0.556214,0.450511,0.529449,-0.214867,-0.311609,0.759220
1677108939,211552424,0.338341,0.556001,0.449437,0.529630,-0.214532,-0.312010,0.759024
1677108939,221540329,0.338400,0.555964,0.448257,0.530161,-0.214726,-0.311720,0.758717
1677108939,231753521,0.338531,0.555830,0.447003,0.529899,-0.215013,-0.310997,0.759117
1677108939,241923414,0.338507,0.555817,0.445747,0.529184,-0.214715,-0.311033,0.759684
1677108939,251771555,0.338510,0.555834,0.444465,0.528169,-0.214408,-0.310867,0.760545
1677108939,261694635,0.338619,0.555908,0.443144,0.527732,-0.214980,-0.310414,0.760872
1677108939,271581663,0.338721,0.555995,0.441827,0.527137,-0.215588,-0.309957,0.761298
1677108939,281667771,0.338736,0.555949,0.440560,0.526383,-0.216048,-0.308960,0.762094
1677108939,291342342,0.338739,0.556052,0.439297,0.526474,-0.216957,-0.308508,0.761956
1677108939,302235828,0.338757,0.556143,0.438041,0.526637,-0.217670,-0.307593,0.762010
1677108939,312062557,0.338747,0.556067,0.436812,0.526401,-0.218240,-0.306351,0.762511
1677108939,321713150,0.338610,0.556185,0.435535,0.526141,-0.217824,-0.305955,0.762968
1677108939,331136561,0.338656,0.556167,0.434212,0.525745,-0.218154,-0.304749,0.763629
1677108939,341288970,0.338730,0.556259,0.432899,0.525457,-0.218848,-0.304403,0.763766
1677108939,351360977,0.338666,0.556329,0.431520,0.524912,-0.218720,-0.304321,0.764210
1677108939,361706757,0.338724,0.556246,0.430178,0.524316,-0.219039,-0.303686,0.764781
1677108939,372011868,0.338754,0.556302,0.428806,0.524192,-0.219276,-0.303957,0.764690
1677108939,381507957,0.338839,0.556235,0.427438,0.524017,-0.219390,-0.303908,0.764797
1677108939,391420405,0.339022,0.556298,0.426020,0.524214,-0.219623,-0.304339,0.764424
1677108939,402080723,0.339151,0.556270,0.424611,0.524340,-0.218713,-0.304711,0.764450
1677108939,412033006,0.339538,0.556235,0.423125,0.524754,-0.218592,-0.304827,0.764154
1677108939,421819049,0.339802,0.556228,0.421721,0.524510,-0.217818,-0.305791,0.764157
1677108939,432005246,0.340524,0.556223,0.420199,0.525482,-0.217152,-0.305187,0.763920
1677108939,441702247,0.340915,0.556174,0.418780,0.525543,-0.216904,-0.306317,0.763496
1677108939,451941931,0.341254,0.555938,0.417434,0.525387,-0.216704,-0.307018,0.763379
1677108939,461204658,0.341634,0.555881,0.416088,0.526282,-0.216571,-0.308108,0.762361
1677108939,470931076,0.341804,0.555645,0.414883,0.526398,-0.216140,-0.309441,0.761863
1677108939,480667316,0.342173,0.555437,0.413678,0.527442,-0.215996,-0.309461,0.761173
1677108939,491042249,0.342340,0.555303,0.412509,0.528421,-0.215136,-0.310278,0.760405
1677108939,501391569,0.342428,0.555150,0.411359,0.529097,-0.213981,-0.311043,0.759948
1677108939,511671020,0.342693,0.555051,0.410152,0.529733,-0.213516,-0.311291,0.759534
1677108939,521322656,0.342961,0.555099,0.408912,0.530462,-0.212627,-0.311515,0.759182
1677108939,530992247,0.343195,0.555039,0.407711,0.530392,-0.212043,-0.311987,0.759201
1677108939,541303261,0.343459,0.555075,0.406487,0.530392,-0.211213,-0.312107,0.759383
1677108939,550968945,0.343791,0.555143,0.405286,0.530766,-0.210941,-0.312116,0.759193
1677108939,561162992,0.343793,0.555187,0.404145,0.530385,-0.209755,-0.313165,0.759356
1677108939,571940074,0.344055,0.555269,0.402975,0.530887,-0.209740,-0.313214,0.758989
1677108939,581783191,0.344332,0.555336,0.401872,0.531504,-0.209396,-0.312862,0.758798
1677108939,591892640,0.344397,0.555416,0.400802,0.531707,-0.208540,-0.313287,0.758716
1677108939,601606883,0.344593,0.555403,0.399743,0.531900,-0.208403,-0.313128,0.758684
1677108939,611166355,0.344783,0.555459,0.398701,0.532251,-0.208103,-0.313206,0.758488
1677108939,621790090,0.345020,0.555559,0.397678,0.532837,-0.208431,-0.313561,0.757840
1677108939,631984133,0.345329,0.555500,0.396633,0.533214,-0.208693,-0.313078,0.757702
1677108939,641506563,0.345416,0.555533,0.395627,0.533116,-0.207862,-0.313662,0.757758
1677108939,652261263,0.345690,0.555642,0.394546,0.534025,-0.207868,-0.313601,0.757141
1677108939,661499702,0.345960,0.555758,0.393432,0.534937,-0.207377,-0.313390,0.756719
1677108939,671952618,0.346194,0.555723,0.392346,0.534886,-0.206846,-0.313192,0.756983
1677108939,681609669,0.346496,0.555866,0.391204,0.535460,-0.206608,-0.313285,0.756603
1677108939,691834448,0.347036,0.555987,0.389986,0.536088,-0.207065,-0.312668,0.756288
1677108939,701400767,0.347322,0.556087,0.388737,0.535923,-0.206673,-0.313303,0.756249
1677108939,711167864,0.347701,0.556310,0.387451,0.536055,-0.205860,-0.314075,0.756058
1677108939,721810083,0.348288,0.556454,0.386126,0.536179,-0.205745,-0.314299,0.755908
1677108939,731795377,0.348792,0.556567,0.384862,0.536042,-0.205426,-0.314844,0.755865
1677108939,741457083,0.349356,0.556710,0.383571,0.536213,-0.205363,-0.315368,0.755543
1677108939,750951567,0.349775,0.556767,0.382337,0.535932,-0.204837,-0.316283,0.755502
1677108939,761287671,0.350263,0.556736,0.381157,0.535408,-0.204733,-0.316760,0.755702
1677108939,771295838,0.350764,0.556902,0.379900,0.535633,-0.204450,-0.317595,0.755269
1677108939,781611299,0.351262,0.556938,0.378686,0.535217,-0.203824,-0.317891,0.755609
1677108939,791775112,0.351686,0.557062,0.377522,0.534707,-0.203247,-0.318883,0.755706
1677108939,801686037,0.352214,0.557228,0.376368,0.534598,-0.203280,-0.319627,0.755460
1677108939,811287824,0.352632,0.557310,0.375305,0.534027,-0.203117,-0.320463,0.755554
1677108939,821635493,0.353066,0.557323,0.374320,0.533579,-0.203462,-0.320722,0.755668
1677108939,831450150,0.353435,0.557365,0.373391,0.533598,-0.203618,-0.320675,0.755633
1677108939,841247003,0.353647,0.557307,0.372570,0.533182,-0.203736,-0.321032,0.755742
1677108939,851900071,0.353826,0.557429,0.371763,0.533571,-0.203964,-0.321780,0.755088
1677108939,861489648,0.353945,0.557497,0.371029,0.533880,-0.203793,-0.322035,0.754807
1677108939,871326570,0.354147,0.557496,0.370371,0.534241,-0.204339,-0.321681,0.754555
1677108939,880758105,0.354244,0.557483,0.369736,0.534491,-0.204663,-0.321386,0.754416
1677108939,891488851,0.354310,0.557582,0.369146,0.535123,-0.204791,-0.321166,0.754027
1677108939,901047757,0.354286,0.557744,0.368580,0.535448,-0.205340,-0.321721,0.753410
1677108939,910859123,0.354458,0.557726,0.367978,0.535566,-0.206177,-0.320805,0.753488
1677108939,921471900,0.354474,0.557825,0.367361,0.535446,-0.206535,-0.320616,0.753556
1677108939,932218834,0.354568,0.558017,0.366655,0.535570,-0.206733,-0.320283,0.753555
1677108939,941227785,0.354570,0.558113,0.366063,0.534812,-0.206943,-0.320453,0.753963
1677108939,951368023,0.354699,0.558326,0.365375,0.534934,-0.207081,-0.320144,0.753970
1677108939,961214249,0.354785,0.558418,0.364762,0.534652,-0.207388,-0.320048,0.754127
1677108939,971473119,0.354802,0.558595,0.364186,0.534740,-0.207590,-0.320100,0.753987
1677108939,981648942,0.354823,0.558686,0.363601,0.534738,-0.208101,-0.320229,0.753792
1677108939,992127209,0.354905,0.558634,0.363032,0.534650,-0.208644,-0.319428,0.754045
1677108940,1458045,0.354971,0.558889,0.362350,0.535516,-0.209097,-0.319599,0.753231
1677108940,12255179,0.354957,0.558802,0.361750,0.534774,-0.209391,-0.319497,0.753720
1677108940,21751151,0.355012,0.558931,0.361039,0.534800,-0.209320,-0.319405,0.753761
1677108940,31987450,0.355078,0.559089,0.360284,0.535000,-0.209201,-0.319579,0.753577
1677108940,41668985,0.355093,0.558984,0.359609,0.534253,-0.208915,-0.319339,0.754288
1677108940,51879469,0.355182,0.558993,0.358883,0.534165,-0.208864,-0.319233,0.754410
1677108940,61521489,0.355393,0.559178,0.358096,0.535063,-0.208981,-0.319425,0.753660
1677108940,71509667,0.355457,0.559201,0.357360,0.534885,-0.208457,-0.319641,0.753839
1677108940,81469740,0.355697,0.559376,0.356562,0.535771,-0.208439,-0.319659,0.753207
1677108940,91469052,0.355814,0.559402,0.355816,0.535811,-0.207968,-0.319692,0.753295
1677108940,102175268,0.355947,0.559426,0.355029,0.535870,-0.207354,-0.319465,0.753518
1677108940,112338715,0.356039,0.559473,0.354279,0.535700,-0.207093,-0.320042,0.753465
1677108940,121686813,0.356115,0.559602,0.353493,0.535665,-0.206566,-0.320759,0.753331
1677108940,131482668,0.356139,0.559655,0.352723,0.535474,-0.205371,-0.321059,0.753665
1677108940,141148470,0.356433,0.559838,0.351911,0.536144,-0.205566,-0.320950,0.753182
1677108940,151993289,0.356561,0.560000,0.351107,0.536445,-0.204663,-0.320927,0.753224
1677108940,161364623,0.356615,0.560332,0.350331,0.537511,-0.203334,-0.321142,0.752731
1677108940,172372520,0.356781,0.560451,0.349577,0.537657,-0.203223,-0.320917,0.752753
1677108940,181581520,0.356827,0.560551,0.348844,0.537901,-0.202394,-0.320438,0.753006
1677108940,191779667,0.357145,0.560761,0.348065,0.538846,-0.202879,-0.319325,0.752673
1677108940,201663576,0.357284,0.560635,0.347271,0.536184,-0.205627,-0.321135,0.753058
1677108940,211684560,0.357431,0.560835,0.346491,0.536142,-0.205549,-0.320968,0.753180
1677108940,221312372,0.357517,0.561233,0.345623,0.536727,-0.205044,-0.321221,0.752793
1677108940,231788238,0.357791,0.561315,0.344765,0.536123,-0.205492,-0.320483,0.753416
1677108940,241839227,0.358027,0.561615,0.343878,0.535881,-0.205348,-0.320481,0.753629
1677108940,251598736,0.358006,0.561983,0.342988,0.535819,-0.203922,-0.321338,0.753695
1677108940,261536339,0.358242,0.562231,0.342094,0.535689,-0.203333,-0.321109,0.754044
1677108940,271392639,0.358435,0.562580,0.341205,0.535994,-0.202825,-0.321208,0.753921
1677108940,281716227,0.358713,0.562774,0.340303,0.536272,-0.202580,-0.320865,0.753936
1677108940,291697039,0.358746,0.562966,0.339461,0.536000,-0.202145,-0.321635,0.753918
1677108940,301627797,0.358831,0.563136,0.338665,0.536313,-0.201436,-0.321910,0.753767
1677108940,311630157,0.359027,0.563288,0.337839,0.537179,-0.201344,-0.321693,0.753268
1677108940,321325211,0.359202,0.563374,0.337017,0.537964,-0.201515,-0.321269,0.752843
1677108940,331572766,0.359163,0.563463,0.336242,0.538326,-0.200603,-0.321800,0.752601
1677108940,341345072,0.359220,0.563676,0.335413,0.538961,-0.200208,-0.322362,0.752011
1677108940,351346365,0.359394,0.563868,0.334554,0.539741,-0.199972,-0.322128,0.751615
1677108940,361891839,0.359691,0.564015,0.333639,0.540477,-0.199784,-0.321197,0.751534
1677108940,371845547,0.359700,0.564236,0.332793,0.540401,-0.198976,-0.321870,0.751515
1677108940,380981860,0.359758,0.564372,0.331946,0.540337,-0.198231,-0.322091,0.751663
1677108940,390617415,0.359917,0.564498,0.331012,0.540512,-0.197946,-0.321614,0.751817
1677108940,401133873,0.359915,0.564734,0.330156,0.540703,-0.196904,-0.322317,0.751652
1677108940,411121913,0.360024,0.564956,0.329321,0.541148,-0.196464,-0.322626,0.751314
1677108940,420853755,0.360237,0.565003,0.328437,0.541390,-0.196079,-0.321988,0.751514
1677108940,431473458,0.360367,0.565291,0.327570,0.542501,-0.195707,-0.322440,0.750615
1677108940,441309374,0.360426,0.565349,0.326775,0.542509,-0.195055,-0.322505,0.750752
1677108940,451412272,0.360619,0.565342,0.325964,0.542410,-0.195631,-0.322747,0.750569
1677108940,461755060,0.360740,0.565641,0.325160,0.543474,-0.195242,-0.323041,0.749774
1677108940,471642958,0.360746,0.565664,0.324384,0.543093,-0.194557,-0.323256,0.750135
1677108940,481342588,0.360859,0.565828,0.323559,0.543364,-0.194159,-0.323336,0.750008
1677108940,491561466,0.361028,0.566137,0.322665,0.543975,-0.194173,-0.323645,0.749428
1677108940,501714363,0.361076,0.566101,0.321843,0.543262,-0.193439,-0.323695,0.750113
1677108940,511595528,0.361130,0.566208,0.320983,0.542963,-0.192599,-0.323784,0.750507
1677108940,522303179,0.361374,0.566420,0.320135,0.543582,-0.192261,-0.323872,0.750107
1677108940,531721704,0.361449,0.566568,0.319291,0.543044,-0.190419,-0.324289,0.750787
1677108940,541295238,0.361662,0.566632,0.318451,0.543121,-0.190433,-0.324215,0.750759
1677108940,551509917,0.361768,0.566812,0.317645,0.543437,-0.189857,-0.324704,0.750465
1677108940,561493834,0.361831,0.566864,0.316916,0.543443,-0.188790,-0.324873,0.750656
1677108940,571388349,0.362080,0.567036,0.316086,0.544262,-0.188721,-0.324828,0.750100
1677108940,581711822,0.362102,0.567078,0.315397,0.543934,-0.187637,-0.325389,0.750367
1677108940,591819902,0.362219,0.567133,0.314649,0.543664,-0.187735,-0.325993,0.750276
1677108940,601272708,0.362356,0.567028,0.313993,0.543360,-0.187356,-0.325843,0.750655
1677108940,611505105,0.362325,0.567075,0.313359,0.543544,-0.186597,-0.326775,0.750306
1677108940,621605701,0.362448,0.566906,0.312785,0.543550,-0.186624,-0.326860,0.750258
1677108940,631383503,0.362404,0.566931,0.312275,0.544203,-0.185949,-0.327780,0.749551
1677108940,641704386,0.362522,0.566706,0.311762,0.544262,-0.186955,-0.328242,0.749056
1677108940,652297540,0.362538,0.566627,0.311271,0.545123,-0.186515,-0.328637,0.748366
1677108940,661708507,0.362689,0.566568,0.310755,0.546216,-0.186723,-0.328381,0.747628
1677108940,672110735,0.362681,0.566540,0.310234,0.546680,-0.185737,-0.328527,0.747471
1677108940,681920070,0.362750,0.566607,0.309678,0.547065,-0.185743,-0.329074,0.746947
1677108940,691306369,0.362756,0.566674,0.309088,0.546861,-0.184828,-0.329400,0.747179
1677108940,701289951,0.362974,0.566818,0.308443,0.547062,-0.184729,-0.329225,0.747134
1677108940,710964446,0.363025,0.566985,0.307825,0.546885,-0.184028,-0.329867,0.747153
1677108940,721052197,0.363220,0.567047,0.307187,0.546493,-0.184236,-0.329820,0.747410
1677108940,731130743,0.363183,0.567151,0.306651,0.546110,-0.183104,-0.330320,0.747747
1677108940,740712581,0.363471,0.567198,0.306054,0.546077,-0.183576,-0.329835,0.747869
1677108940,751612381,0.363509,0.567396,0.305491,0.546161,-0.183106,-0.330426,0.747662
1677108940,761210364,0.363628,0.567654,0.304890,0.546675,-0.182152,-0.330156,0.747639
1677108940,772195762,0.363821,0.567891,0.304235,0.546770,-0.181935,-0.330355,0.747535
1677108940,781812222,0.364081,0.568088,0.303616,0.546597,-0.181525,-0.329891,0.747965
1677108940,792325031,0.364215,0.568318,0.302952,0.546361,-0.180535,-0.330222,0.748232
1677108940,801446572,0.364600,0.568547,0.302313,0.546681,-0.180833,-0.330001,0.748023
1677108940,812204442,0.364669,0.568760,0.301737,0.546331,-0.180093,-0.330922,0.748050
1677108940,821332166,0.365016,0.568888,0.301160,0.546624,-0.180036,-0.330682,0.747956
1677108940,831395155,0.365149,0.569075,0.300677,0.546836,-0.179477,-0.331354,0.747638
1677108940,841488867,0.365441,0.569120,0.300116,0.546920,-0.179780,-0.331286,0.747534
1677108940,851704269,0.365518,0.569285,0.299607,0.547169,-0.178838,-0.331832,0.747336
1677108940,861824278,0.365806,0.569495,0.299076,0.547746,-0.178686,-0.331878,0.746929
1677108940,871517345,0.365925,0.569652,0.298557,0.547635,-0.177501,-0.332238,0.747133
1677108940,881471083,0.366139,0.570027,0.297983,0.548203,-0.176902,-0.332387,0.746791
1677108940,891580671,0.366475,0.570329,0.297409,0.548646,-0.176678,-0.331908,0.746733
1677108940,900924282,0.366646,0.570643,0.296814,0.548585,-0.176271,-0.332103,0.746787
1677108940,911184826,0.366795,0.570985,0.296221,0.548624,-0.175251,-0.332059,0.747017
1677108940,921499554,0.366957,0.571405,0.295666,0.549118,-0.174164,-0.332189,0.746851
1677108940,930852264,0.367174,0.571642,0.295075,0.548674,-0.174317,-0.332198,0.747138
1677108940,941223508,0.367427,0.571992,0.294414,0.548792,-0.173709,-0.331861,0.747342
1677108940,951662779,0.367674,0.572365,0.293754,0.548410,-0.173359,-0.332071,0.747611
1677108940,961265040,0.367921,0.572735,0.293044,0.547770,-0.172295,-0.332185,0.748275
1677108940,972038773,0.368319,0.573234,0.292275,0.548193,-0.171891,-0.332348,0.747986
1677108940,981485882,0.368630,0.573463,0.291528,0.547256,-0.170983,-0.331969,0.749048
1677108940,991341347,0.368967,0.573911,0.290740,0.547147,-0.170786,-0.333010,0.748710
1677108941,1811418,0.369143,0.574079,0.290017,0.546195,-0.169264,-0.333196,0.749667
1677108941,12032162,0.369501,0.574391,0.289246,0.545899,-0.168570,-0.333826,0.749759
1677108941,22084643,0.369897,0.574599,0.288501,0.545509,-0.168149,-0.334101,0.750015
1677108941,31740852,0.370241,0.574876,0.287771,0.545611,-0.167993,-0.335049,0.749553
1677108941,42158568,0.370477,0.575124,0.287092,0.546214,-0.166397,-0.335220,0.749393
1677108941,51721554,0.370739,0.575204,0.286464,0.545867,-0.165830,-0.335392,0.749694
1677108941,61771846,0.371042,0.575448,0.285747,0.545066,-0.167419,-0.337888,0.748803
1677108941,72484283,0.371279,0.575629,0.285143,0.545552,-0.166086,-0.337321,0.749001
1677108941,81763021,0.371656,0.576016,0.284473,0.547051,-0.165222,-0.336769,0.748347
1677108941,91327127,0.371759,0.576291,0.283898,0.547252,-0.163865,-0.336742,0.748511
1677108941,101920459,0.371936,0.576548,0.283296,0.547453,-0.162670,-0.336627,0.748676
1677108941,111710974,0.372147,0.576759,0.282714,0.547641,-0.162100,-0.336350,0.748786
1677108941,121647378,0.372384,0.576937,0.282142,0.547806,-0.162502,-0.336291,0.748606
1677108941,131664316,0.372487,0.577066,0.281577,0.547740,-0.161857,-0.336301,0.748789
1677108941,141309315,0.372565,0.577163,0.281119,0.547508,-0.161991,-0.336777,0.748715
1677108941,151693520,0.372612,0.577306,0.280649,0.547817,-0.160806,-0.336952,0.748666
1677108941,160918389,0.372863,0.577398,0.280172,0.548071,-0.161014,-0.336684,0.748556
1677108941,172271733,0.372950,0.577580,0.279703,0.548249,-0.160367,-0.337125,0.748367
1677108941,181795464,0.373117,0.577656,0.279237,0.547979,-0.159474,-0.336996,0.748813
1677108941,192268436,0.373277,0.577811,0.278808,0.547946,-0.159102,-0.337213,0.748818
1677108941,202129186,0.373417,0.577929,0.278331,0.547705,-0.158461,-0.337343,0.749072
1677108941,211177199,0.373567,0.578025,0.277883,0.547392,-0.157880,-0.337365,0.749414
1677108941,221518204,0.373627,0.578092,0.277474,0.546689,-0.157716,-0.337936,0.749704
1677108941,231849998,0.373079,0.578394,0.277066,0.546233,-0.153481,-0.339548,0.750187
1677108941,241595102,0.373490,0.578402,0.276619,0.546488,-0.154257,-0.338394,0.750363
1677108941,251823082,0.373859,0.578856,0.276068,0.547662,-0.156258,-0.339054,0.748794
1677108941,261775933,0.373746,0.578481,0.275858,0.546430,-0.153528,-0.338126,0.750676
1677108941,271292499,0.373918,0.578537,0.275429,0.546478,-0.153202,-0.337735,0.750883
1677108941,281190645,0.374100,0.578793,0.274988,0.547445,-0.152232,-0.337682,0.750400
1677108941,291093763,0.374651,0.579266,0.274408,0.548082,-0.156526,-0.338789,0.748550
1677108941,301673041,0.374886,0.579423,0.273961,0.548183,-0.156658,-0.338738,0.748472
1677108941,311578648,0.375167,0.579695,0.273489,0.548944,-0.157044,-0.338466,0.747956
1677108941,321951211,0.375296,0.579770,0.273073,0.548564,-0.157363,-0.338476,0.748163
1677108941,331807929,0.375283,0.579863,0.272670,0.548297,-0.156539,-0.338680,0.748440
1677108941,341617126,0.375332,0.579903,0.272250,0.547568,-0.157267,-0.338881,0.748730
1677108941,352102630,0.375554,0.580072,0.271783,0.548154,-0.157537,-0.338546,0.748395
1677108941,361874790,0.375649,0.580201,0.271329,0.547972,-0.157973,-0.338855,0.748297
1677108941,371496631,0.375754,0.580303,0.270882,0.547927,-0.158099,-0.338976,0.748248
1677108941,381650141,0.375878,0.580461,0.270412,0.548153,-0.157607,-0.338986,0.748182
1677108941,391639553,0.375909,0.580610,0.269930,0.548084,-0.156758,-0.339622,0.748123
1677108941,401185382,0.376176,0.580817,0.269374,0.548823,-0.156848,-0.339424,0.747652
1677108941,410863811,0.376351,0.580880,0.268813,0.548301,-0.156212,-0.339698,0.748044
1677108941,421137965,0.376576,0.581117,0.268164,0.548397,-0.155945,-0.340003,0.747890
1677108941,431560344,0.376879,0.581284,0.267488,0.548251,-0.155077,-0.339751,0.748292
1677108941,441236000,0.377250,0.581391,0.266856,0.547585,-0.156257,-0.340302,0.748284
1677108941,451485312,0.377292,0.581588,0.266197,0.546892,-0.153877,-0.340627,0.749135
1677108941,461703817,0.377656,0.581925,0.265521,0.547547,-0.154054,-0.340936,0.748480
1677108941,471740806,0.377797,0.581983,0.264935,0.546949,-0.153174,-0.341234,0.748962
1677108941,481460550,0.377996,0.582236,0.264300,0.547337,-0.152590,-0.341642,0.748612
1677108941,491576735,0.378256,0.582251,0.263698,0.546839,-0.153315,-0.342185,0.748580
1677108941,501674272,0.378607,0.582483,0.263049,0.547333,-0.154423,-0.342584,0.747808
1677108941,511582011,0.378336,0.582823,0.262454,0.547172,-0.150126,-0.342831,0.748687
1677108941,521831201,0.378764,0.583065,0.261701,0.547542,-0.150429,-0.342987,0.748284
1677108941,531290469,0.379037,0.583310,0.261028,0.547339,-0.149417,-0.342746,0.748745
1677108941,541038951,0.379116,0.583526,0.260399,0.546649,-0.148176,-0.343168,0.749303
1677108941,551893586,0.379455,0.583882,0.259730,0.547321,-0.148182,-0.343086,0.748849
1677108941,561287146,0.379499,0.584033,0.259174,0.546744,-0.147416,-0.343530,0.749217
1677108941,571728220,0.379622,0.584235,0.258631,0.547222,-0.146417,-0.343596,0.749034
1677108941,581418080,0.379894,0.584343,0.258087,0.547360,-0.147278,-0.343491,0.748812
1677108941,592095182,0.379895,0.584538,0.257596,0.547296,-0.146287,-0.344230,0.748715
1677108941,601547636,0.380089,0.584720,0.257065,0.547681,-0.145709,-0.343979,0.748661
1677108941,611044474,0.380217,0.584894,0.256556,0.547380,-0.145782,-0.344324,0.748708
1677108941,621756531,0.380364,0.584959,0.256082,0.547069,-0.145458,-0.344111,0.749096
1677108941,631765717,0.380850,0.585721,0.255314,0.549162,-0.147774,-0.344995,0.746701
1677108941,641410680,0.380817,0.585729,0.254913,0.548374,-0.146972,-0.345162,0.747361
1677108941,651943930,0.380859,0.585790,0.254516,0.547793,-0.146875,-0.345266,0.747758
1677108941,661353638,0.380918,0.585895,0.254077,0.547428,-0.146395,-0.345129,0.748182
1677108941,670903853,0.380859,0.585946,0.253673,0.546731,-0.145464,-0.345025,0.748921
1677108941,681846567,0.380969,0.586135,0.253213,0.546595,-0.144989,-0.344784,0.749223
1677108941,691481119,0.381027,0.586330,0.252742,0.546360,-0.144909,-0.344790,0.749407
1677108941,701246397,0.381104,0.586441,0.252312,0.545966,-0.145062,-0.344369,0.749859
1677108941,711787162,0.381220,0.586591,0.251794,0.545780,-0.145602,-0.343886,0.750111
1677108941,721346739,0.381035,0.586694,0.251383,0.545108,-0.145432,-0.344116,0.750527
1677108941,731346338,0.381126,0.586895,0.250890,0.544860,-0.146549,-0.343963,0.750560
1677108941,740958967,0.381181,0.586847,0.250464,0.543961,-0.147860,-0.343325,0.751247
1677108941,751860030,0.381159,0.587013,0.250053,0.543626,-0.148742,-0.343231,0.751358
1677108941,760820257,0.381051,0.587246,0.249656,0.543461,-0.149248,-0.343587,0.751215
1677108941,771367453,0.381109,0.587384,0.249245,0.543651,-0.149614,-0.342863,0.751335
1677108941,781557018,0.381179,0.587566,0.248835,0.543733,-0.150259,-0.342329,0.751390
1677108941,791668686,0.381075,0.587719,0.248472,0.543343,-0.150608,-0.342764,0.751404
1677108941,801901122,0.381107,0.587897,0.248042,0.543273,-0.151285,-0.342750,0.751326
1677108941,811519630,0.381091,0.588183,0.247516,0.543328,-0.150901,-0.342738,0.751368
1677108941,821815401,0.381258,0.588300,0.246975,0.542721,-0.151946,-0.342249,0.751819
1677108941,831975672,0.381457,0.588629,0.246342,0.542578,-0.152073,-0.341885,0.752063
1677108941,842231349,0.381415,0.588806,0.245766,0.541364,-0.151106,-0.342422,0.752887
1677108941,851525186,0.381796,0.588865,0.245022,0.538875,-0.153938,-0.342927,0.753869
1677108941,860933533,0.381854,0.589161,0.244412,0.539043,-0.152131,-0.342186,0.754452
1677108941,870886325,0.381954,0.589450,0.243787,0.538818,-0.152011,-0.342742,0.754384
1677108941,881777411,0.382065,0.589702,0.243162,0.538546,-0.151736,-0.342907,0.754559
1677108941,891333254,0.382118,0.590088,0.242516,0.538958,-0.151144,-0.343790,0.753982
1677108941,900877109,0.382258,0.590223,0.241907,0.538418,-0.150830,-0.343388,0.754614
1677108941,911101494,0.382458,0.590569,0.241190,0.538938,-0.150718,-0.343530,0.754199
1677108941,920560274,0.382623,0.590740,0.240547,0.538754,-0.149989,-0.342853,0.754784
1677108941,930775722,0.382838,0.591076,0.239841,0.539245,-0.149548,-0.342532,0.754667
1677108941,941243286,0.382967,0.591192,0.239189,0.538750,-0.149109,-0.342358,0.755186
1677108941,951735576,0.383036,0.591508,0.238519,0.538827,-0.148602,-0.342722,0.755066
1677108941,961605923,0.383218,0.591674,0.237823,0.537710,-0.149785,-0.343279,0.755375
1677108941,972007752,0.383257,0.591876,0.237172,0.537261,-0.149370,-0.343789,0.755545
1677108941,981635826,0.383537,0.592089,0.236429,0.537225,-0.149430,-0.343648,0.755623
1677108941,991187768,0.383774,0.592309,0.235721,0.537130,-0.149701,-0.344153,0.755407
1677108942,1457095,0.384002,0.592524,0.234997,0.537065,-0.149656,-0.344774,0.755179
1677108942,11136007,0.384334,0.592525,0.234303,0.536885,-0.149701,-0.344495,0.755425
1677108942,20916028,0.384391,0.592645,0.233687,0.536686,-0.148303,-0.345528,0.755371
1677108942,31317437,0.384713,0.592738,0.233023,0.537006,-0.147829,-0.345685,0.755164
1677108942,41662060,0.384896,0.592850,0.232369,0.537225,-0.146649,-0.346270,0.754970
1677108942,51838918,0.385207,0.593024,0.231669,0.537355,-0.146066,-0.346882,0.754710
1677108942,61370529,0.385427,0.593337,0.230977,0.537757,-0.144572,-0.347814,0.754282
1677108942,71276846,0.385676,0.593602,0.230264,0.537800,-0.143602,-0.348413,0.754160
1677108942,81153276,0.386048,0.593764,0.229546,0.537442,-0.143555,-0.348712,0.754286
1677108942,91728193,0.386168,0.594014,0.228905,0.537168,-0.142334,-0.349363,0.754412
1677108942,101720283,0.386449,0.594408,0.228183,0.537786,-0.141747,-0.349422,0.754055
1677108942,111335407,0.386688,0.594652,0.227521,0.537698,-0.141464,-0.349719,0.754033
1677108942,120904175,0.386825,0.594791,0.226882,0.536798,-0.140995,-0.350081,0.754594
1677108942,131550597,0.387033,0.595157,0.226269,0.537417,-0.140672,-0.350653,0.753948
1677108942,141476087,0.387177,0.595221,0.225777,0.536952,-0.140034,-0.350189,0.754613
1677108942,151475417,0.387227,0.595651,0.225285,0.537696,-0.139049,-0.351123,0.753831
1677108942,161325562,0.387425,0.595828,0.224794,0.537855,-0.139206,-0.351009,0.753742
1677108942,171356641,0.387419,0.595987,0.224385,0.537628,-0.138296,-0.351250,0.753959
1677108942,181390645,0.387622,0.596145,0.223882,0.537553,-0.138555,-0.351095,0.754037
1677108942,191809310,0.387741,0.596460,0.223393,0.538001,-0.138256,-0.351165,0.753740
1677108942,201066156,0.388058,0.596805,0.222775,0.538601,-0.137636,-0.350198,0.753875
1677108942,211389946,0.388165,0.597099,0.222324,0.538436,-0.137899,-0.350770,0.753679
1677108942,221913885,0.388217,0.597312,0.221918,0.538234,-0.137374,-0.350731,0.753936
1677108942,231666792,0.388287,0.597562,0.221527,0.538351,-0.137176,-0.351105,0.753715
1677108942,241146389,0.388259,0.597638,0.221209,0.537705,-0.137123,-0.351529,0.753988
1677108942,251945085,0.388317,0.597804,0.220874,0.538000,-0.136955,-0.351666,0.753744
1677108942,261410444,0.388355,0.597934,0.220538,0.538177,-0.136855,-0.351889,0.753532
1677108942,271417483,0.388278,0.598130,0.220219,0.538213,-0.136322,-0.352638,0.753253
1677108942,280970464,0.388480,0.598343,0.219815,0.538954,-0.136596,-0.352316,0.752824
1677108942,291921272,0.388608,0.598436,0.219394,0.538806,-0.137047,-0.352192,0.752905
1677108942,301833069,0.388569,0.598431,0.219073,0.537930,-0.136739,-0.352448,0.753469
1677108942,311044160,0.388668,0.598584,0.218657,0.538109,-0.136851,-0.352276,0.753400
1677108942,321962408,0.388681,0.598737,0.218225,0.537986,-0.137039,-0.352924,0.753151
1677108942,331264166,0.388682,0.598766,0.217908,0.537638,-0.137094,-0.353059,0.753326
1677108942,340650208,0.388719,0.598785,0.217529,0.536831,-0.137528,-0.353535,0.753599
1677108942,351252678,0.388679,0.599000,0.217114,0.536337,-0.137620,-0.354809,0.753335
1677108942,361169806,0.388733,0.599220,0.216660,0.535706,-0.137291,-0.355049,0.753731
1677108942,370824883,0.389205,0.598975,0.216002,0.534206,-0.138402,-0.352184,0.755934
1677108942,381199748,0.389237,0.599395,0.215525,0.533069,-0.138000,-0.353164,0.756353
1677108942,391896861,0.389201,0.599766,0.215083,0.531489,-0.138199,-0.354206,0.756940
1677108942,401950476,0.389292,0.600401,0.214538,0.531221,-0.138444,-0.354981,0.756720
1677108942,411240609,0.389293,0.600827,0.214083,0.530009,-0.139471,-0.355638,0.757073
1677108942,421599123,0.389338,0.601321,0.213567,0.528959,-0.140319,-0.356303,0.757339
1677108942,431271489,0.389287,0.601911,0.213036,0.528298,-0.140294,-0.356758,0.757589
1677108942,441849829,0.389495,0.602494,0.212391,0.527695,-0.141082,-0.356536,0.757968
1677108942,451709173,0.389637,0.602936,0.211780,0.526274,-0.140994,-0.355980,0.759233
1677108942,461555128,0.389657,0.603440,0.211223,0.524796,-0.140648,-0.356195,0.760219
1677108942,471644349,0.389813,0.603879,0.210598,0.523589,-0.141446,-0.356375,0.760818
1677108942,481904716,0.389770,0.604243,0.210119,0.522308,-0.141124,-0.356745,0.761585
1677108942,491777436,0.389990,0.604641,0.209516,0.522319,-0.142091,-0.356443,0.761539
1677108942,501789504,0.390109,0.604892,0.209036,0.521559,-0.142915,-0.356918,0.761683
1677108942,511984353,0.390126,0.605195,0.208559,0.521152,-0.142469,-0.357306,0.761863
1677108942,521682284,0.390220,0.605472,0.208045,0.520653,-0.141921,-0.357660,0.762140
1677108942,531406694,0.390503,0.605761,0.207477,0.520165,-0.142296,-0.357560,0.762451
1677108942,542174958,0.390695,0.606145,0.206894,0.520212,-0.141334,-0.357776,0.762496
1677108942,551750272,0.390945,0.606561,0.206358,0.520290,-0.140768,-0.358120,0.762387
1677108942,561645999,0.391074,0.606847,0.205835,0.519549,-0.139917,-0.358823,0.762717
1677108942,572170789,0.391431,0.607250,0.205261,0.520300,-0.139645,-0.358607,0.762357
1677108942,581767108,0.391609,0.607546,0.204799,0.519844,-0.139298,-0.358820,0.762631
1677108942,591365487,0.391776,0.607779,0.204371,0.519317,-0.139248,-0.359207,0.762817
1677108942,600741465,0.391835,0.608232,0.203972,0.519481,-0.138228,-0.359859,0.762584
1677108942,611494053,0.392033,0.608493,0.203563,0.518761,-0.138934,-0.359991,0.762883
1677108942,621826917,0.392258,0.608890,0.203155,0.519002,-0.138453,-0.359393,0.763089
1677108942,631267147,0.392399,0.609413,0.202750,0.518909,-0.138191,-0.359721,0.763045
1677108942,641534678,0.392415,0.609859,0.202455,0.518331,-0.137323,-0.360137,0.763398
1677108942,651122096,0.392592,0.610348,0.202118,0.518002,-0.137168,-0.359906,0.763758
1677108942,660741340,0.392883,0.610868,0.201723,0.518117,-0.137950,-0.359308,0.763821
1677108942,671080029,0.392960,0.611489,0.201441,0.518256,-0.137466,-0.359361,0.763789
1677108942,681381117,0.392965,0.611972,0.201229,0.517368,-0.137221,-0.359359,0.764436
1677108942,691645967,0.392988,0.612345,0.201033,0.516305,-0.137984,-0.359217,0.765083
1677108942,702126426,0.393083,0.612933,0.200746,0.516445,-0.138613,-0.358861,0.765042
1677108942,711643029,0.393160,0.613272,0.200516,0.515501,-0.139730,-0.358118,0.765824
1677108942,721508108,0.393091,0.613686,0.200330,0.514376,-0.140585,-0.358430,0.766277
1677108942,731035477,0.393059,0.614092,0.200118,0.513673,-0.140683,-0.357778,0.767035
1677108942,741509484,0.393202,0.614696,0.199765,0.513851,-0.141815,-0.357699,0.766744
1677108942,751772547,0.393253,0.615113,0.199509,0.513183,-0.141602,-0.357206,0.767460
1677108942,761109749,0.393197,0.615497,0.199243,0.511992,-0.141374,-0.357361,0.768226
1677108942,771793456,0.393246,0.615921,0.198935,0.511296,-0.141250,-0.357283,0.768748
1677108942,781312748,0.393421,0.616379,0.198542,0.511063,-0.141844,-0.356991,0.768930
1677108942,792012059,0.393360,0.616687,0.198236,0.509982,-0.141721,-0.357535,0.769417
1677108942,801549098,0.393371,0.616976,0.197937,0.509369,-0.141476,-0.357365,0.769947
1677108942,811573384,0.393628,0.617318,0.197494,0.509525,-0.142746,-0.357165,0.769702
1677108942,821751691,0.393628,0.617506,0.197213,0.508947,-0.142412,-0.357226,0.770118
1677108942,831645659,0.393540,0.617786,0.196910,0.508612,-0.141882,-0.358053,0.770053
1677108942,841407729,0.393621,0.617913,0.196614,0.508487,-0.141755,-0.357961,0.770202
1677108942,851602220,0.393856,0.618201,0.196221,0.509235,-0.142259,-0.357744,0.769715
1677108942,861870517,0.393991,0.618386,0.195855,0.509442,-0.142343,-0.357861,0.769509
1677108942,871747286,0.393963,0.618560,0.195546,0.509188,-0.141163,-0.358124,0.769772
1677108942,881432367,0.394018,0.618666,0.195187,0.508404,-0.141094,-0.358477,0.770138
1677108942,890990574,0.394074,0.618810,0.194855,0.507995,-0.141080,-0.358774,0.770272
1677108942,901326914,0.394171,0.619096,0.194445,0.508348,-0.141290,-0.359264,0.769772
1677108942,910972646,0.394161,0.619233,0.194115,0.508032,-0.141196,-0.359835,0.769731
1677108942,920984169,0.394256,0.619245,0.193789,0.507342,-0.141994,-0.360106,0.769913
1677108942,931869293,0.394343,0.619435,0.193414,0.507458,-0.142361,-0.360654,0.769512
1677108942,941736973,0.394462,0.619581,0.193052,0.507537,-0.142624,-0.360710,0.769385
1677108942,951911223,0.394511,0.619711,0.192738,0.506649,-0.142473,-0.361252,0.769743
1677108942,961793786,0.394459,0.619911,0.192438,0.506046,-0.141905,-0.362041,0.769875
1677108942,971515577,0.394567,0.620125,0.192056,0.505537,-0.142243,-0.362354,0.769999
1677108942,981941439,0.394744,0.620366,0.191643,0.505440,-0.142747,-0.362335,0.769979
1677108942,992272422,0.394736,0.620572,0.191346,0.504816,-0.142943,-0.362519,0.770265
1677108943,1368191,0.394931,0.620940,0.190921,0.505299,-0.143914,-0.362087,0.769971
1677108943,11929224,0.394925,0.621138,0.190570,0.504678,-0.144774,-0.362116,0.770203
1677108943,22130692,0.394891,0.621391,0.190274,0.503831,-0.144800,-0.361839,0.770883
1677108943,31889203,0.394920,0.621664,0.189837,0.503326,-0.145175,-0.361202,0.771440
1677108943,41306629,0.394968,0.621965,0.189444,0.502577,-0.145919,-0.360992,0.771887
1677108943,52006191,0.394913,0.622301,0.189070,0.502010,-0.145450,-0.360747,0.772458
1677108943,61565897,0.394995,0.622525,0.188714,0.501564,-0.146566,-0.360478,0.772663
1677108943,71533425,0.394941,0.622802,0.188426,0.501253,-0.146616,-0.360342,0.772919
1677108943,81737795,0.394973,0.623017,0.188113,0.501169,-0.147216,-0.360348,0.772856
1677108943,91268154,0.395114,0.623314,0.187723,0.501521,-0.148444,-0.360506,0.772319
1677108943,101788503,0.395222,0.623427,0.187404,0.501262,-0.148385,-0.359938,0.772763
1677108943,111809613,0.395228,0.623524,0.187115,0.500454,-0.148209,-0.359914,0.773332
1677108943,121604806,0.395223,0.623780,0.186827,0.499810,-0.147985,-0.360612,0.773466
1677108943,131655889,0.395372,0.623993,0.186483,0.499915,-0.148525,-0.360844,0.773186
1677108943,141050289,0.395451,0.624102,0.186222,0.499517,-0.148439,-0.360871,0.773448
1677108943,151901558,0.395518,0.624268,0.185965,0.499097,-0.148519,-0.361375,0.773468
1677108943,161247449,0.395571,0.624427,0.185668,0.499056,-0.148417,-0.361503,0.773454
1677108943,172658263,0.395764,0.624611,0.185322,0.498804,-0.148903,-0.361342,0.773599
1677108943,181519401,0.395870,0.624938,0.184965,0.499059,-0.149017,-0.361725,0.773233
1677108943,191437842,0.395990,0.625054,0.184717,0.498063,-0.149289,-0.361782,0.773795
1677108943,201475627,0.396001,0.625129,0.184475,0.497244,-0.148960,-0.361701,0.774424
1677108943,211681765,0.395951,0.625292,0.184287,0.496556,-0.148779,-0.362252,0.774642
1677108943,221586114,0.396034,0.625569,0.184014,0.496591,-0.149087,-0.362661,0.774369
1677108943,231465812,0.396197,0.625740,0.183732,0.496599,-0.149563,-0.362367,0.774410
1677108943,241134765,0.396312,0.625822,0.183460,0.495797,-0.150118,-0.362327,0.774834
1677108943,251635878,0.396454,0.626085,0.183159,0.496048,-0.149722,-0.362319,0.774754
1677108943,261610782,0.396405,0.626168,0.182921,0.495002,-0.149127,-0.362759,0.775332
1677108943,271333881,0.396504,0.626309,0.182647,0.494616,-0.149617,-0.363222,0.775268
1677108943,281349695,0.396608,0.626359,0.182407,0.494655,-0.149804,-0.363135,0.775247
1677108943,291147239,0.396705,0.626371,0.182198,0.494585,-0.150097,-0.363182,0.775213
1677108943,300972230,0.396789,0.626404,0.181997,0.494916,-0.150680,-0.363534,0.774724
1677108943,311857606,0.396808,0.626385,0.181815,0.495157,-0.150589,-0.363639,0.774538
1677108943,321614995,0.396751,0.626393,0.181661,0.495004,-0.150030,-0.364302,0.774433
1677108943,331103089,0.396850,0.626429,0.181440,0.495083,-0.150152,-0.364485,0.774272
1677108943,341577610,0.396954,0.626465,0.181184,0.494813,-0.149849,-0.364457,0.774517
1677108943,351324110,0.397180,0.626587,0.180880,0.495201,-0.150276,-0.364384,0.774220
1677108943,361391131,0.397133,0.626742,0.180676,0.494750,-0.149670,-0.365192,0.774246
1677108943,371682972,0.397269,0.626752,0.180411,0.494408,-0.149885,-0.365121,0.774456
1677108943,381370045,0.397280,0.626844,0.180201,0.494513,-0.150039,-0.365299,0.774275
1677108943,391872031,0.397340,0.626865,0.180030,0.494505,-0.150619,-0.365302,0.774166
1677108943,401779867,0.397380,0.626716,0.179942,0.494227,-0.151157,-0.364682,0.774531
1677108943,411758243,0.397252,0.626638,0.179915,0.493963,-0.151165,-0.364757,0.774663
1677108943,421737863,0.397251,0.626623,0.179848,0.494406,-0.151753,-0.364645,0.774317
1677108943,431862016,0.397106,0.626603,0.179856,0.494567,-0.152133,-0.365124,0.773914
1677108943,441758917,0.396972,0.626534,0.179881,0.494779,-0.152391,-0.365210,0.773688
1677108943,451552210,0.396935,0.626521,0.179853,0.495538,-0.152887,-0.365035,0.773187
1677108943,461537787,0.396920,0.626543,0.179785,0.495937,-0.153526,-0.365026,0.772808
1677108943,471776095,0.396846,0.626615,0.179722,0.496152,-0.153862,-0.365408,0.772422
1677108943,481741541,0.396895,0.626536,0.179622,0.495775,-0.154876,-0.365118,0.772599
1677108943,491705715,0.396771,0.626565,0.179556,0.495326,-0.154884,-0.365321,0.772789
1677108943,501465492,0.396788,0.626701,0.179417,0.495542,-0.155062,-0.365110,0.772715
1677108943,511397696,0.396724,0.626704,0.179319,0.495021,-0.155119,-0.364795,0.773186
1677108943,521770365,0.396699,0.626818,0.179181,0.495139,-0.155285,-0.364557,0.773189
1677108943,531199003,0.396646,0.627041,0.179014,0.495582,-0.155602,-0.364773,0.772740
1677108943,541003382,0.396622,0.627240,0.178848,0.496119,-0.155482,-0.364738,0.772436
1677108943,550841094,0.396560,0.627318,0.178708,0.495714,-0.155527,-0.364714,0.772698
1677108943,560832364,0.396544,0.627245,0.178564,0.494877,-0.155541,-0.363935,0.773599
1677108943,570884571,0.396436,0.627291,0.178449,0.494115,-0.155272,-0.364062,0.774080
1677108943,580838890,0.396373,0.627456,0.178297,0.493816,-0.155917,-0.364471,0.773949
1677108943,590902005,0.396312,0.627541,0.178190,0.493542,-0.156143,-0.364554,0.774039
1677108943,601303779,0.396239,0.627572,0.178114,0.493321,-0.156452,-0.364317,0.774229
1677108943,611123195,0.396279,0.627548,0.178027,0.493339,-0.157509,-0.363820,0.774237
1677108943,620834433,0.396259,0.627667,0.177956,0.493898,-0.157801,-0.363631,0.773909
1677108943,631404559,0.396255,0.627597,0.177934,0.493827,-0.157943,-0.362879,0.774279
1677108943,641195975,0.396155,0.627684,0.177915,0.493866,-0.157555,-0.363298,0.774137
1677108943,651728763,0.396201,0.627688,0.177884,0.493727,-0.157703,-0.363100,0.774288
1677108943,661656957,0.396229,0.627719,0.177855,0.493727,-0.157922,-0.363299,0.774150
1677108943,672076881,0.396236,0.627719,0.177859,0.493669,-0.158006,-0.363376,0.774134
1677108943,681764079,0.396265,0.627732,0.177876,0.493728,-0.158708,-0.363550,0.773870
1677108943,691515755,0.396233,0.627804,0.177875,0.494079,-0.159187,-0.363820,0.773421
1677108943,701659907,0.396250,0.627867,0.177895,0.494165,-0.160020,-0.363906,0.773154
1677108943,711803700,0.396155,0.627934,0.177930,0.493871,-0.160187,-0.364110,0.773211
1677108943,721864317,0.396246,0.628032,0.177872,0.493885,-0.160599,-0.363468,0.773419
1677108943,732061634,0.396183,0.628172,0.177853,0.493523,-0.160369,-0.363459,0.773701
1677108943,741770066,0.396161,0.628433,0.177803,0.493605,-0.160369,-0.363659,0.773555
1677108943,751421001,0.396169,0.628649,0.177726,0.493397,-0.160179,-0.363492,0.773806
1677108943,761983217,0.396027,0.628748,0.177707,0.492668,-0.159698,-0.363449,0.774390
1677108943,771904588,0.396053,0.628927,0.177606,0.492588,-0.159709,-0.363063,0.774619
1677108943,781098575,0.395976,0.628975,0.177518,0.491819,-0.159786,-0.362734,0.775246
1677108943,791612307,0.395973,0.629083,0.177403,0.491425,-0.160703,-0.362607,0.775366
1677108943,801803766,0.395944,0.629239,0.177285,0.491321,-0.160883,-0.362640,0.775379
1677108943,811418078,0.395915,0.629254,0.177225,0.491135,-0.161237,-0.362437,0.775518
1677108943,822013366,0.395906,0.629326,0.177173,0.491049,-0.161967,-0.362662,0.775315
1677108943,831901762,0.395861,0.629342,0.177098,0.491304,-0.161902,-0.362741,0.775130
1677108943,841495667,0.395778,0.629304,0.177080,0.491223,-0.161546,-0.362840,0.775210
1677108943,852276090,0.395794,0.629399,0.176966,0.491509,-0.161551,-0.362949,0.774976
1677108943,861341045,0.395840,0.629286,0.176864,0.490994,-0.161538,-0.362623,0.775458
1677108943,871555355,0.395886,0.629376,0.176701,0.490835,-0.161540,-0.362786,0.775482
1677108943,881815053,0.395827,0.629431,0.176571,0.490585,-0.161429,-0.363311,0.775417
1677108943,891600237,0.395949,0.629535,0.176407,0.490960,-0.161834,-0.363188,0.775153
1677108943,901959716,0.395967,0.629575,0.176290,0.490906,-0.162016,-0.363293,0.775100
1677108943,911205379,0.395945,0.629453,0.176243,0.490341,-0.162197,-0.363121,0.775500
1677108943,921761921,0.395965,0.629588,0.176109,0.490732,-0.162434,-0.363211,0.775161
1677108943,931614325,0.396032,0.629670,0.175976,0.491125,-0.163387,-0.363197,0.774719
1677108943,941319101,0.395916,0.629702,0.175936,0.490605,-0.163004,-0.363456,0.775007
1677108943,951292920,0.395973,0.629754,0.175832,0.490427,-0.163663,-0.363527,0.774948
1677108943,961176904,0.395962,0.629824,0.175789,0.490352,-0.163551,-0.363711,0.774932
1677108943,971678993,0.395829,0.629880,0.175797,0.489748,-0.163233,-0.364275,0.775116
1677108943,981618346,0.395853,0.629916,0.175782,0.489831,-0.163535,-0.363876,0.775188
1677108943,991867900,0.395947,0.630118,0.175706,0.490265,-0.164474,-0.363948,0.774681
1677108944,1482613,0.395898,0.630175,0.175700,0.489928,-0.164455,-0.363635,0.775045
1677108944,11735107,0.395857,0.630282,0.175650,0.489039,-0.165338,-0.363940,0.775275
1677108944,21851615,0.395874,0.630579,0.175517,0.488726,-0.165349,-0.363890,0.775494
1677108944,31706611,0.395835,0.630790,0.175419,0.487637,-0.165288,-0.363801,0.776233
1677108944,41926421,0.395923,0.631049,0.175258,0.486154,-0.165870,-0.363720,0.777077
1677108944,51442841,0.396093,0.631331,0.175021,0.485285,-0.167045,-0.363316,0.777558
1677108944,61512355,0.396062,0.631593,0.174920,0.484068,-0.167217,-0.363386,0.778246
1677108944,71608753,0.396122,0.631699,0.174801,0.482364,-0.168691,-0.363446,0.778958
1677108944,81676139,0.396134,0.631882,0.174674,0.481458,-0.169205,-0.363264,0.779492
1677108944,91212191,0.396237,0.632081,0.174505,0.480652,-0.169822,-0.363231,0.779870
1677108944,101779567,0.396284,0.632301,0.174368,0.479555,-0.170337,-0.363739,0.780196
1677108944,111912820,0.396336,0.632442,0.174266,0.479299,-0.170458,-0.363281,0.780540
1677108944,121317251,0.396182,0.632645,0.174327,0.479393,-0.170512,-0.363388,0.780421
1677108944,131158327,0.396015,0.632740,0.174304,0.479775,-0.171680,-0.363133,0.780049
1677108944,141282799,0.395857,0.632897,0.174293,0.479886,-0.172370,-0.362700,0.780030
1677108944,151323899,0.395547,0.632958,0.174286,0.479143,-0.172116,-0.362164,0.780791
1677108944,161206520,0.395469,0.633101,0.174215,0.478901,-0.172989,-0.361336,0.781130
1677108944,171531735,0.395455,0.633206,0.174130,0.479324,-0.174388,-0.359726,0.781303
1677108944,181375035,0.395157,0.633360,0.174146,0.479593,-0.174974,-0.359067,0.781310
1677108944,191451866,0.394981,0.633506,0.174129,0.479576,-0.176163,-0.358157,0.781471
1677108944,201186117,0.394775,0.633725,0.174053,0.480010,-0.176703,-0.357312,0.781469
1677108944,211652494,0.394659,0.633823,0.174028,0.479909,-0.177825,-0.356469,0.781662
1677108944,221598209,0.394542,0.633899,0.174021,0.480027,-0.178692,-0.355584,0.781795
1677108944,231649525,0.394299,0.634036,0.174028,0.480363,-0.179040,-0.355633,0.781487
1677108944,241684975,0.394181,0.634119,0.173964,0.480191,-0.179598,-0.355448,0.781548
1677108944,251791645,0.394161,0.634282,0.173815,0.480716,-0.180300,-0.355057,0.781241
1677108944,261439693,0.394034,0.634262,0.173816,0.480306,-0.181333,-0.354946,0.781305
1677108944,271578784,0.393849,0.634358,0.173804,0.480759,-0.181727,-0.354604,0.781090
1677108944,281487600,0.393762,0.634459,0.173735,0.481772,-0.182844,-0.353904,0.780522
1677108944,291517830,0.393593,0.634533,0.173668,0.481852,-0.183456,-0.353323,0.780593
1677108944,301683456,0.393305,0.634527,0.173589,0.481796,-0.183645,-0.352851,0.780796
1677108944,311766935,0.392991,0.634592,0.173532,0.481795,-0.184210,-0.352743,0.780713
1677108944,321544481,0.393038,0.634735,0.173377,0.483457,-0.186417,-0.350925,0.779981
1677108944,331551406,0.392520,0.634751,0.173345,0.483862,-0.186376,-0.349923,0.780189
1677108944,341559403,0.392213,0.634851,0.173181,0.484422,-0.187649,-0.348741,0.780066
1677108944,351804559,0.391761,0.634888,0.173002,0.485069,-0.188201,-0.346930,0.780338
1677108944,361332967,0.391394,0.634834,0.172858,0.485600,-0.189381,-0.344702,0.780710
1677108944,371622605,0.390938,0.634929,0.172691,0.486582,-0.190790,-0.343020,0.780497
1677108944,381695882,0.390332,0.635014,0.172577,0.487894,-0.191126,-0.341139,0.780419
1677108944,391863004,0.389992,0.634919,0.172479,0.488346,-0.193162,-0.338481,0.780792
1677108944,401925265,0.389634,0.634951,0.172334,0.489740,-0.195265,-0.336419,0.780288
1677108944,411392608,0.389293,0.635013,0.172205,0.490953,-0.196642,-0.334314,0.780084
1677108944,421410245,0.388982,0.634984,0.172062,0.491674,-0.198326,-0.332442,0.780004
1677108944,431762076,0.388494,0.634921,0.171943,0.492388,-0.199107,-0.330992,0.779971
1677108944,441550506,0.388390,0.635005,0.171701,0.494130,-0.201782,-0.329277,0.778907
1677108944,450916907,0.387789,0.634909,0.171610,0.494904,-0.202025,-0.328211,0.778802
1677108944,461159993,0.387630,0.634901,0.171364,0.496805,-0.203824,-0.325948,0.778073
1677108944,471935837,0.387156,0.634875,0.171166,0.498138,-0.205132,-0.325271,0.777161
1677108944,481629312,0.386824,0.634650,0.171035,0.499671,-0.206841,-0.323248,0.776567
1677108944,491879080,0.386396,0.634431,0.170877,0.500942,-0.207707,-0.321535,0.776228
1677108944,501770633,0.385988,0.634217,0.170684,0.502157,-0.209156,-0.320577,0.775450
1677108944,511894024,0.385558,0.634005,0.170561,0.503074,-0.209853,-0.319867,0.774960
1677108944,521540160,0.385329,0.633981,0.170329,0.505295,-0.211056,-0.318972,0.773556
1677108944,531771140,0.385094,0.633672,0.170222,0.506241,-0.212251,-0.317947,0.773033
1677108944,541588783,0.384847,0.633605,0.170089,0.507964,-0.212859,-0.317260,0.772017
1677108944,551605147,0.384627,0.633235,0.169986,0.508867,-0.213544,-0.316121,0.771700
1677108944,561340991,0.384266,0.633033,0.169868,0.510116,-0.213570,-0.315844,0.770981
1677108944,571178729,0.384204,0.632712,0.169656,0.511775,-0.215053,-0.314809,0.769892
1677108944,581543280,0.383869,0.632412,0.169556,0.513330,-0.214886,-0.314610,0.768985
1677108944,591566067,0.383652,0.632028,0.169440,0.514739,-0.215216,-0.313992,0.768202
1677108944,601432690,0.383322,0.631536,0.169299,0.516036,-0.215623,-0.314013,0.767209
1677108944,611535809,0.383086,0.631083,0.169115,0.517665,-0.215803,-0.314013,0.766060
1677108944,621924771,0.382951,0.630626,0.168900,0.519827,-0.216796,-0.314120,0.764270
1677108944,631606642,0.382894,0.630031,0.168714,0.521729,-0.217661,-0.314057,0.762752
1677108944,641155745,0.382828,0.629644,0.168491,0.524144,-0.217889,-0.314417,0.760881
1677108944,651098073,0.382617,0.629097,0.168242,0.525582,-0.217639,-0.315315,0.759587
1677108944,661465988,0.382729,0.628679,0.167900,0.527989,-0.218728,-0.315479,0.757535
1677108944,672106751,0.382568,0.628113,0.167674,0.530059,-0.218670,-0.315479,0.756105
1677108944,682010060,0.382475,0.627620,0.167469,0.532512,-0.219228,-0.315723,0.754115
1677108944,691755765,0.382421,0.627093,0.167247,0.534465,-0.219649,-0.315522,0.752694
1677108944,701974715,0.382290,0.626534,0.167067,0.536001,-0.219732,-0.315610,0.751539
1677108944,711563827,0.382307,0.626170,0.166836,0.538039,-0.220298,-0.315892,0.749797
1677108944,721960923,0.382171,0.625722,0.166651,0.539494,-0.220019,-0.316311,0.748656
1677108944,731390773,0.382244,0.625363,0.166401,0.541537,-0.220349,-0.316071,0.747183
1677108944,741930910,0.382243,0.625032,0.166157,0.543004,-0.220425,-0.316121,0.746075
1677108944,751487008,0.382225,0.624624,0.165954,0.544345,-0.220693,-0.315825,0.745143
1677108944,761187051,0.382022,0.624335,0.165790,0.545497,-0.220486,-0.316407,0.744114
1677108944,771706262,0.382131,0.623976,0.165616,0.547024,-0.221628,-0.315736,0.742937
1677108944,781392111,0.381970,0.623724,0.165498,0.548182,-0.220817,-0.315572,0.742395
1677108944,791662849,0.381882,0.623509,0.165331,0.548858,-0.220935,-0.316031,0.741665
1677108944,801759727,0.381670,0.623254,0.165225,0.549875,-0.219764,-0.315548,0.741465
1677108944,811883987,0.381699,0.622976,0.165102,0.550663,-0.220717,-0.315518,0.740610
1677108944,822117648,0.381720,0.622691,0.164995,0.551631,-0.221077,-0.314702,0.740129
1677108944,831380084,0.381747,0.622500,0.164892,0.552795,-0.220887,-0.314341,0.739470
1677108944,842064043,0.381745,0.622345,0.164768,0.553433,-0.220683,-0.314668,0.738915
1677108944,852443867,0.381870,0.622055,0.164658,0.554347,-0.220637,-0.313973,0.738539
1677108944,861644134,0.381856,0.621824,0.164591,0.554809,-0.220380,-0.314437,0.738071
1677108944,871858628,0.381929,0.621622,0.164501,0.556008,-0.219868,-0.314161,0.737439
1677108944,881526940,0.382095,0.621381,0.164461,0.556809,-0.220042,-0.314452,0.736658
1677108944,891310055,0.382192,0.621074,0.164419,0.557035,-0.219271,-0.314568,0.736668
1677108944,901670347,0.382409,0.620893,0.164353,0.557965,-0.219041,-0.315163,0.735777
1677108944,911498669,0.382646,0.620640,0.164320,0.558261,-0.218530,-0.315551,0.735538
1677108944,921528304,0.382970,0.620444,0.164262,0.558894,-0.218143,-0.315781,0.735074
1677108944,931646111,0.383286,0.620379,0.164231,0.559919,-0.217540,-0.316218,0.734285
1677108944,941843148,0.383605,0.620134,0.164224,0.559679,-0.217521,-0.316494,0.734354
1677108944,951772097,0.383897,0.620006,0.164180,0.560098,-0.216903,-0.316681,0.734137
1677108944,961255426,0.384315,0.619980,0.164151,0.560745,-0.216452,-0.316342,0.733922
1677108944,972205536,0.384742,0.619923,0.164087,0.560948,-0.216869,-0.316192,0.733708
1677108944,981663294,0.385054,0.619907,0.164056,0.560902,-0.216576,-0.316327,0.733772
1677108944,991178583,0.385478,0.619913,0.164056,0.561350,-0.215967,-0.315209,0.734090
1677108945,1555005,0.385740,0.619977,0.164105,0.561445,-0.215346,-0.315247,0.734183
1677108945,11226030,0.386224,0.620095,0.164061,0.561693,-0.215298,-0.314721,0.734234
1677108945,21220729,0.386713,0.620237,0.164050,0.562179,-0.215078,-0.314204,0.734147
1677108945,31010334,0.387240,0.620207,0.164088,0.561788,-0.214405,-0.313303,0.735028
1677108945,41009963,0.387955,0.620457,0.164066,0.562615,-0.214244,-0.312763,0.734672
1677108945,50996027,0.388614,0.620445,0.164097,0.562664,-0.213000,-0.311526,0.735522
1677108945,60855099,0.389425,0.620618,0.164135,0.563155,-0.212421,-0.310953,0.735555
1677108945,70770266,0.390319,0.620700,0.164170,0.563414,-0.211914,-0.310151,0.735842
1677108945,81372180,0.391220,0.620866,0.164202,0.563932,-0.210694,-0.309466,0.736084
1677108945,91619177,0.392122,0.621096,0.164258,0.564582,-0.208670,-0.308811,0.736437
1677108945,101941138,0.393165,0.621256,0.164295,0.564718,-0.207556,-0.307982,0.736994
1677108945,111799841,0.394360,0.621692,0.164191,0.565856,-0.205743,-0.306424,0.737279
1677108945,121262658,0.395401,0.622229,0.164068,0.566825,-0.203177,-0.305004,0.737836
1677108945,131696404,0.396502,0.622726,0.163983,0.567392,-0.201319,-0.302797,0.738817
1677108945,141858454,0.397435,0.623294,0.163923,0.568263,-0.199147,-0.299655,0.740017
1677108945,151731425,0.398196,0.623972,0.163911,0.569618,-0.196889,-0.295529,0.741237
1677108945,161707980,0.399069,0.624870,0.163862,0.571356,-0.194991,-0.289886,0.742629
1677108945,171632009,0.399554,0.625869,0.163875,0.571974,-0.192262,-0.284886,0.744796
1677108945,181538269,0.400249,0.626817,0.163866,0.571654,-0.191299,-0.278086,0.747853
1677108945,191887216,0.400746,0.627959,0.163881,0.571765,-0.190382,-0.271699,0.750346
1677108945,201693287,0.401141,0.629003,0.163955,0.572024,-0.189592,-0.264754,0.752827
1677108945,211371893,0.401718,0.629971,0.164000,0.572298,-0.190024,-0.257812,0.754916
1677108945,221870046,0.402250,0.630846,0.164012,0.572140,-0.189279,-0.251566,0.757327
1677108945,232305525,0.402856,0.631780,0.163959,0.571975,-0.187297,-0.245947,0.759786
1677108945,241366131,0.403691,0.632623,0.163916,0.571977,-0.185473,-0.241021,0.761807
1677108945,252111420,0.404790,0.633549,0.163826,0.573229,-0.182949,-0.235325,0.763257
1677108945,261296470,0.405953,0.634483,0.163707,0.574503,-0.180088,-0.230531,0.764441
1677108945,271467226,0.406803,0.635503,0.163584,0.576392,-0.174747,-0.226510,0.765460
1677108945,281404387,0.407997,0.636375,0.163465,0.578569,-0.170414,-0.221240,0.766335
1677108945,290910554,0.408960,0.637136,0.163417,0.580944,-0.165529,-0.217037,0.766811
1677108945,301376413,0.409905,0.637679,0.163392,0.582985,-0.160759,-0.212566,0.767529
1677108945,311523028,0.410926,0.638176,0.163389,0.585085,-0.156738,-0.208847,0.767784
1677108945,321420442,0.411951,0.638570,0.163410,0.586821,-0.152344,-0.205553,0.768232
1677108945,331627089,0.413377,0.638980,0.163387,0.588345,-0.149387,-0.202373,0.768491
1677108945,341272014,0.414690,0.639211,0.163429,0.588895,-0.145189,-0.200107,0.769467
1677108945,351766266,0.416108,0.639539,0.163446,0.589733,-0.141052,-0.198836,0.769925
1677108945,361457417,0.417830,0.640023,0.163433,0.591120,-0.136714,-0.197106,0.770088
1677108945,371506130,0.419459,0.640728,0.163414,0.592625,-0.131644,-0.197062,0.769826
1677108945,381614401,0.421337,0.641364,0.163347,0.593380,-0.126920,-0.196006,0.770307
1677108945,392018132,0.423036,0.642322,0.163266,0.595240,-0.121259,-0.195650,0.769874
1677108945,401781772,0.424852,0.643189,0.163255,0.596961,-0.115712,-0.193445,0.769952
1677108945,411731438,0.426308,0.644273,0.163225,0.599198,-0.109739,-0.191933,0.769468
1677108945,422183562,0.427703,0.645217,0.163188,0.601280,-0.103413,-0.188560,0.769554
1677108945,432092497,0.428878,0.646297,0.163071,0.603511,-0.097515,-0.185539,0.769312
1677108945,441993653,0.430095,0.647266,0.162928,0.604941,-0.091844,-0.180462,0.770094
1677108945,452357474,0.431085,0.648628,0.162792,0.606822,-0.086363,-0.176394,0.770190
1677108945,461843945,0.432070,0.649961,0.162717,0.607813,-0.082290,-0.171447,0.770972
1677108945,472036489,0.432936,0.651438,0.162686,0.609347,-0.078467,-0.165570,0.771444
1677108945,481790053,0.433559,0.652667,0.162684,0.609921,-0.074601,-0.159470,0.772658
1677108945,491934735,0.433874,0.654098,0.162635,0.610879,-0.069746,-0.153579,0.773548
1677108945,502015247,0.434623,0.655671,0.162493,0.612433,-0.065902,-0.145521,0.774214
1677108945,512112078,0.435026,0.657346,0.162334,0.613734,-0.061012,-0.138433,0.774883
1677108945,521799806,0.434872,0.658263,0.162349,0.611057,-0.053024,-0.131751,0.778742
1677108945,531690538,0.435168,0.660069,0.162210,0.612187,-0.047557,-0.123890,0.779498
1677108945,541382415,0.435778,0.662717,0.161867,0.617400,-0.044554,-0.115201,0.776892
1677108945,551049470,0.435205,0.663334,0.161968,0.613964,-0.036819,-0.107635,0.781094
1677108945,561183550,0.435485,0.665661,0.161655,0.619999,-0.035083,-0.098978,0.777543
1677108945,571843556,0.435327,0.666928,0.161566,0.621178,-0.031982,-0.091007,0.777710
1677108945,581650057,0.434883,0.668022,0.161428,0.620978,-0.028345,-0.084729,0.778719
1677108945,591922265,0.435035,0.669289,0.161315,0.621493,-0.027881,-0.076900,0.779138
1677108945,601399012,0.434765,0.670142,0.161243,0.621016,-0.025606,-0.070654,0.780187
1677108945,611848956,0.434692,0.671201,0.161236,0.621782,-0.024832,-0.064679,0.780120
1677108945,621737452,0.434602,0.671902,0.161252,0.620621,-0.023004,-0.058861,0.781560
1677108945,631850518,0.434610,0.673089,0.161215,0.620548,-0.021537,-0.053889,0.782018
1677108945,640884164,0.434548,0.674463,0.161182,0.620554,-0.019842,-0.049466,0.782351
1677108945,651794621,0.434410,0.675664,0.161197,0.620053,-0.017559,-0.044341,0.783109
1677108945,661700390,0.434129,0.676829,0.161260,0.620086,-0.014550,-0.039301,0.783414
1677108945,671148951,0.433865,0.678249,0.161221,0.621600,-0.011160,-0.033473,0.782540
1677108945,681468110,0.433468,0.679360,0.161158,0.622054,-0.007877,-0.028034,0.782432
1677108945,691272650,0.433118,0.680757,0.161012,0.624241,-0.005686,-0.022955,0.780873
1677108945,701646121,0.432557,0.681696,0.160907,0.624928,-0.002408,-0.018107,0.780469
1677108945,711737772,0.432173,0.682577,0.160769,0.625708,0.000290,-0.012841,0.779951
1677108945,721307729,0.431776,0.683408,0.160584,0.626270,0.002827,-0.008306,0.779557
1677108945,731965152,0.431475,0.684127,0.160400,0.626468,0.004955,-0.003912,0.779422
1677108945,741204256,0.430895,0.685142,0.160188,0.627917,0.007895,-0.001157,0.778240
1677108945,751388056,0.430571,0.685978,0.159998,0.628863,0.009727,0.002583,0.777451
1677108945,761373695,0.430093,0.686812,0.159871,0.629842,0.012416,0.006078,0.776600
1677108945,771390032,0.429666,0.687800,0.159815,0.631324,0.014870,0.009905,0.775314
1677108945,781660601,0.429092,0.688704,0.159731,0.632117,0.018451,0.013451,0.774537
1677108945,792112424,0.428378,0.689879,0.159521,0.633594,0.022989,0.017093,0.773135
1677108945,801812110,0.427659,0.691028,0.159224,0.634616,0.027503,0.021104,0.772049
1677108945,811552997,0.426908,0.692169,0.158919,0.635862,0.030865,0.024846,0.770785
1677108945,821908721,0.426031,0.693207,0.158626,0.637028,0.034087,0.028870,0.769545
1677108945,831531251,0.425062,0.693984,0.158400,0.637642,0.036072,0.033154,0.768773
1677108945,842061265,0.424176,0.694829,0.158165,0.639009,0.035584,0.037560,0.767457
1677108945,851261930,0.423084,0.695177,0.157979,0.638909,0.035084,0.041894,0.767339
1677108945,860914779,0.422049,0.695797,0.157862,0.640024,0.032967,0.046471,0.766240
1677108945,871096693,0.420921,0.696363,0.157788,0.640680,0.031558,0.051848,0.765406
1677108945,881380683,0.419598,0.696842,0.157763,0.640725,0.031386,0.057255,0.764989
1677108945,891416053,0.418180,0.697414,0.157692,0.640821,0.031425,0.062966,0.764458
1677108945,901845360,0.416741,0.698154,0.157641,0.641961,0.032108,0.070032,0.762857
1677108945,911911081,0.415165,0.698621,0.157617,0.642207,0.033812,0.077286,0.761875
1677108945,922111742,0.413542,0.698973,0.157626,0.641859,0.034852,0.084702,0.761333
1677108945,931297645,0.411902,0.699323,0.157647,0.641610,0.034218,0.091338,0.760804
1677108945,941439319,0.410298,0.699584,0.157720,0.641255,0.032230,0.098067,0.760352
1677108945,951607999,0.408760,0.699585,0.157773,0.641091,0.029522,0.104905,0.759688
1677108945,961609916,0.407202,0.699480,0.157751,0.641116,0.026145,0.110581,0.758985
1677108945,972018475,0.405765,0.699260,0.157643,0.640994,0.022696,0.116241,0.758353
1677108945,981363212,0.404388,0.699002,0.157435,0.641248,0.019647,0.121413,0.757412
1677108945,991845816,0.403148,0.698729,0.157208,0.642274,0.016650,0.126130,0.755842
1677108946,1726999,0.401889,0.698419,0.156960,0.644207,0.014280,0.130242,0.753546
1677108946,11345457,0.400880,0.697859,0.156700,0.644665,0.012630,0.134762,0.752387
1677108946,21271337,0.400049,0.697615,0.156430,0.646320,0.010263,0.138699,0.750286
1677108946,31478582,0.399184,0.697216,0.156136,0.647208,0.008812,0.141520,0.749010
1677108946,41189908,0.398517,0.696741,0.155921,0.647827,0.007229,0.144305,0.747960
1677108946,51193895,0.397971,0.696243,0.155679,0.648844,0.005917,0.146477,0.746666
1677108946,61381166,0.397459,0.695984,0.155399,0.651031,0.004975,0.147784,0.744509
1677108946,71683903,0.397117,0.695429,0.155109,0.651924,0.004398,0.149044,0.743479
1677108946,81636135,0.396806,0.694909,0.154845,0.653098,0.003878,0.149261,0.742407
1677108946,91523019,0.396719,0.694624,0.154637,0.654831,0.003025,0.149936,0.740747
1677108946,101626365,0.396497,0.694240,0.154447,0.656242,0.003529,0.149633,0.739557
1677108946,111176822,0.396455,0.693757,0.154317,0.656938,0.004106,0.149292,0.739005
1677108946,121744562,0.396513,0.693525,0.154255,0.658757,0.004236,0.148349,0.737573
1677108946,131962896,0.396702,0.693327,0.154292,0.660622,0.004710,0.147190,0.736133
1677108946,141575019,0.396888,0.693015,0.154368,0.661633,0.005969,0.145532,0.735546
1677108946,151232362,0.397229,0.692916,0.154526,0.663507,0.007266,0.144215,0.734104
1677108946,161225621,0.397609,0.692682,0.154702,0.664882,0.009320,0.142483,0.733174
1677108946,171200099,0.398143,0.692461,0.154901,0.667059,0.011282,0.140819,0.731488
1677108946,181305464,0.398610,0.692032,0.155048,0.668691,0.014071,0.137780,0.730528
1677108946,191775831,0.399328,0.691832,0.155207,0.670736,0.016414,0.135492,0.729030
1677108946,201242618,0.400007,0.691642,0.155316,0.672295,0.018919,0.132434,0.728095
1677108946,211667927,0.400637,0.691725,0.155401,0.673836,0.021734,0.128914,0.727223
1677108946,221202300,0.401331,0.691667,0.155488,0.674635,0.024390,0.125647,0.726971
1677108946,231470402,0.401996,0.691523,0.155609,0.675490,0.026827,0.122511,0.726625
1677108946,241198178,0.402655,0.691307,0.155731,0.676604,0.029250,0.119372,0.726018
1677108946,251918959,0.403414,0.690903,0.155886,0.678212,0.031139,0.116560,0.724895
1677108946,261521401,0.404070,0.690597,0.156037,0.680327,0.033773,0.113711,0.723246
1677108946,271662158,0.404726,0.690257,0.156222,0.682703,0.036219,0.110992,0.721309
1677108946,281822030,0.405352,0.689800,0.156304,0.684347,0.039359,0.108317,0.719991
1677108946,291673324,0.405992,0.689512,0.156305,0.686579,0.041733,0.105236,0.718187
1677108946,301917414,0.406643,0.689171,0.156231,0.688126,0.044029,0.101975,0.717039
1677108946,311863965,0.407383,0.688977,0.156132,0.689281,0.045456,0.099094,0.716244
1677108946,321594265,0.407867,0.688866,0.156048,0.690450,0.047323,0.095634,0.715467
1677108946,331704258,0.408408,0.688700,0.155922,0.690934,0.048926,0.093111,0.715225
1677108946,341465249,0.408865,0.688477,0.155834,0.691026,0.050397,0.091066,0.715297
1677108946,351663669,0.409284,0.688494,0.155827,0.692370,0.051049,0.088955,0.714216
1677108946,360947615,0.409497,0.688259,0.155763,0.692748,0.052378,0.086933,0.714002
1677108946,371565885,0.409740,0.688094,0.155748,0.693905,0.052811,0.085339,0.713039
1677108946,381880360,0.409843,0.687720,0.155715,0.694845,0.053470,0.083934,0.712241
1677108946,392326183,0.409993,0.687283,0.155708,0.696374,0.053792,0.083489,0.710773
1677108946,401432357,0.410080,0.686805,0.155727,0.698966,0.052989,0.082442,0.708408
1677108946,411663835,0.410105,0.686126,0.155713,0.700832,0.052740,0.081858,0.706649
1677108946,421581078,0.409978,0.685521,0.155664,0.703078,0.052275,0.080486,0.704606
1677108946,431183262,0.409864,0.684984,0.155595,0.704627,0.052055,0.080168,0.703110
1677108946,441913482,0.409846,0.684652,0.155542,0.706171,0.051316,0.079917,0.701642
1677108946,451713439,0.409755,0.684325,0.155377,0.706994,0.050733,0.079364,0.700919
1677108946,461720616,0.409649,0.684171,0.155269,0.708003,0.050180,0.078672,0.700017
1677108946,471886728,0.409472,0.683824,0.155095,0.707627,0.050195,0.077883,0.700485
1677108946,481434508,0.409409,0.683795,0.154976,0.708263,0.049153,0.077445,0.699964
1677108946,491077392,0.409217,0.683728,0.154852,0.708835,0.048786,0.076996,0.699460
1677108946,501431151,0.409159,0.683519,0.154750,0.709277,0.047906,0.077260,0.699043
1677108946,511693127,0.409038,0.683420,0.154646,0.710284,0.046734,0.076857,0.698144
1677108946,521470830,0.408766,0.683165,0.154566,0.710741,0.046816,0.076360,0.697728
1677108946,531815455,0.408616,0.682866,0.154461,0.711231,0.046452,0.075887,0.697304
1677108946,541339401,0.408640,0.682616,0.154406,0.712461,0.045285,0.075774,0.696137
1677108946,551507744,0.408543,0.682261,0.154329,0.713945,0.044388,0.074726,0.694787
1677108946,561697389,0.408422,0.681978,0.154274,0.715815,0.044079,0.073795,0.692979
1677108946,572096118,0.408348,0.681320,0.154162,0.716487,0.043658,0.072953,0.692400
1677108946,581616797,0.408345,0.680779,0.154159,0.717945,0.042288,0.071521,0.691123
1677108946,591540993,0.408314,0.680383,0.154150,0.719792,0.041725,0.070991,0.689289
1677108946,601771465,0.408337,0.679932,0.154193,0.721533,0.040842,0.070038,0.687617
1677108946,612118862,0.408397,0.679468,0.154260,0.723175,0.039656,0.068832,0.686081
1677108946,621222325,0.408411,0.678963,0.154408,0.725133,0.038466,0.067490,0.684213
1677108946,630993007,0.408476,0.678339,0.154621,0.727331,0.037635,0.066374,0.682033
1677108946,641521722,0.408340,0.677805,0.154833,0.729900,0.038111,0.065057,0.679383
1677108946,650908353,0.408444,0.677166,0.155095,0.731723,0.037537,0.064507,0.677504
1677108946,661392150,0.408439,0.676744,0.155364,0.733557,0.037442,0.063506,0.675618
1677108946,671352555,0.408481,0.676434,0.155669,0.735119,0.036795,0.062655,0.674033
1677108946,681990158,0.408419,0.676013,0.155994,0.736199,0.036598,0.061433,0.672977
1677108946,691419756,0.408522,0.675659,0.156394,0.737502,0.035251,0.061158,0.671646
1677108946,701728008,0.408433,0.675285,0.156823,0.739304,0.034507,0.060223,0.669785
1677108946,711797955,0.408354,0.674670,0.157245,0.740645,0.034049,0.060050,0.668341
1677108946,721135132,0.408337,0.674140,0.157732,0.742992,0.032651,0.059479,0.665852
1677108946,731447912,0.408201,0.673510,0.158245,0.744981,0.032280,0.058895,0.663696
1677108946,741320105,0.408160,0.673032,0.158796,0.747394,0.031624,0.058613,0.661034
1677108946,751293626,0.408037,0.672512,0.159352,0.749636,0.030764,0.057630,0.658618
1677108946,761848053,0.407965,0.671945,0.159958,0.751430,0.030040,0.057221,0.656640
1677108946,771930683,0.407874,0.671281,0.160624,0.752981,0.029379,0.056793,0.654928
1677108946,781574537,0.407813,0.670724,0.161387,0.755380,0.028447,0.055823,0.652285
1677108946,791638636,0.407872,0.670186,0.162263,0.757901,0.027365,0.055348,0.649442
1677108946,801674368,0.407836,0.669479,0.163184,0.760147,0.026883,0.054029,0.646943
1677108946,811743484,0.407931,0.668776,0.164217,0.762387,0.026530,0.053176,0.644386
1677108946,821503707,0.408069,0.668086,0.165380,0.764687,0.026354,0.052408,0.641726
1677108946,832017222,0.408232,0.667344,0.166620,0.767050,0.025510,0.050269,0.639106
1677108946,841586640,0.408666,0.666404,0.167990,0.769225,0.024175,0.048914,0.636645
1677108946,851831350,0.408938,0.665469,0.169490,0.772055,0.024068,0.047396,0.633329
1677108946,861631432,0.409172,0.664341,0.171058,0.774554,0.024535,0.045387,0.630400
1677108946,871739309,0.409577,0.663237,0.172759,0.777426,0.024598,0.043783,0.626966
1677108946,881438743,0.410026,0.662307,0.174585,0.780691,0.024733,0.042221,0.622998
1677108946,892145207,0.410516,0.661218,0.176373,0.783031,0.024907,0.040180,0.620184
1677108946,901765453,0.410983,0.660122,0.178224,0.785009,0.025406,0.038063,0.617791
1677108946,912060063,0.411423,0.659268,0.180138,0.787092,0.026480,0.036117,0.615208
1677108946,921931230,0.411943,0.658530,0.182151,0.789261,0.026882,0.034245,0.612512
1677108946,932098252,0.412474,0.657805,0.184178,0.791104,0.027517,0.032703,0.610187
1677108946,941325910,0.412870,0.657088,0.186218,0.792481,0.029116,0.031151,0.608404
1677108946,951946453,0.413403,0.656441,0.188365,0.793951,0.029401,0.030187,0.606520
1677108946,960995461,0.413878,0.655891,0.190577,0.795315,0.029465,0.028736,0.604798
1677108946,971234697,0.414221,0.655228,0.192809,0.796152,0.029783,0.027561,0.603735
1677108946,980898997,0.414583,0.654591,0.195163,0.797259,0.029372,0.026576,0.602336
1677108946,990861070,0.414845,0.653938,0.197613,0.798790,0.028976,0.025766,0.600360
1677108947,1154671,0.415030,0.653078,0.200016,0.800235,0.028703,0.025461,0.598458
1677108947,11577407,0.415297,0.652421,0.202537,0.802239,0.027492,0.025723,0.595815
1677108947,21647563,0.415416,0.651651,0.205031,0.803763,0.026839,0.026492,0.593753
1677108947,31512248,0.415129,0.650585,0.207344,0.803692,0.027458,0.026197,0.593834
1677108947,41301114,0.415692,0.650544,0.210133,0.806393,0.023677,0.027967,0.590243
1677108947,51615212,0.415608,0.649945,0.212688,0.806838,0.022691,0.028742,0.589637
1677108947,61782637,0.415550,0.649386,0.215215,0.806882,0.020862,0.029685,0.589598
1677108947,71686947,0.415561,0.649084,0.217818,0.807772,0.018259,0.030917,0.588401
1677108947,81174122,0.415341,0.648685,0.220347,0.808149,0.016844,0.032007,0.587867
1677108947,91384932,0.415352,0.648236,0.222886,0.808505,0.013712,0.032603,0.587425
1677108947,101417266,0.415278,0.648021,0.225464,0.808998,0.012272,0.034673,0.586660
1677108947,112084796,0.415107,0.647926,0.228046,0.809745,0.011453,0.035802,0.585577
1677108947,121635578,0.414899,0.647724,0.230607,0.810164,0.010997,0.037488,0.584900
1677108947,132162771,0.414862,0.647364,0.233001,0.809990,0.010037,0.039404,0.585032
1677108947,141119855,0.414041,0.647253,0.235601,0.811409,0.013191,0.040059,0.582955
1677108947,150926946,0.413631,0.646656,0.237905,0.810996,0.013170,0.040503,0.583500
1677108947,160842047,0.413722,0.646621,0.240460,0.812071,0.010895,0.041634,0.581969
1677108947,170851071,0.413791,0.646706,0.243134,0.813758,0.008426,0.043734,0.579495
1677108947,181738320,0.413553,0.646490,0.245487,0.813955,0.007681,0.044461,0.579173
1677108947,191689141,0.413487,0.645990,0.247771,0.812780,0.005602,0.045067,0.580799
1677108947,201743930,0.413315,0.645733,0.250139,0.812380,0.004263,0.045783,0.581312
1677108947,211517732,0.413183,0.645588,0.252495,0.812306,0.003286,0.046311,0.581381
1677108947,221400489,0.413416,0.645343,0.255009,0.813065,-0.000468,0.046676,0.580298
1677108947,231507559,0.413237,0.644915,0.257275,0.812999,-0.000983,0.047056,0.580359
1677108947,240923917,0.413027,0.644751,0.259597,0.813955,-0.000648,0.048094,0.578934
1677108947,251550083,0.412935,0.644235,0.261846,0.813945,-0.001212,0.048583,0.578906
1677108947,261780036,0.412855,0.644005,0.264168,0.814466,-0.001280,0.049064,0.578131
1677108947,271805529,0.412815,0.643730,0.266462,0.814775,-0.001688,0.049578,0.577652
1677108947,281361458,0.412803,0.643426,0.268623,0.814333,-0.002122,0.049307,0.578295
1677108947,291381790,0.412566,0.643493,0.270896,0.814685,-0.001878,0.048011,0.577910
1677108947,301747977,0.412928,0.643384,0.272947,0.813819,-0.002868,0.048619,0.579074
1677108947,311546612,0.413595,0.643357,0.274932,0.812872,-0.004899,0.049028,0.580355
1677108947,321629925,0.413962,0.643299,0.276821,0.812085,-0.004722,0.048955,0.581462
1677108947,331709836,0.413762,0.644304,0.279195,0.815407,-0.000943,0.047680,0.576921
1677108947,341329003,0.414026,0.645132,0.281318,0.817803,0.000508,0.046861,0.573586
1677108947,351732549,0.414609,0.643746,0.282765,0.812882,0.001835,0.047382,0.580494
1677108947,361324348,0.415041,0.643730,0.284510,0.812283,0.002786,0.045538,0.581476
1677108947,371741943,0.415392,0.643701,0.286250,0.811600,0.004344,0.044178,0.582524
1677108947,381821247,0.415917,0.644407,0.288095,0.812127,0.006139,0.044359,0.581760
1677108947,391982860,0.416701,0.644441,0.289661,0.810689,0.005181,0.044227,0.583781
1677108947,401675329,0.417397,0.644622,0.291262,0.809664,0.004595,0.044465,0.585189
1677108947,411940850,0.416695,0.645414,0.293199,0.811704,0.010868,0.041779,0.582472
1677108947,421886143,0.416573,0.645667,0.294722,0.811512,0.013596,0.040928,0.582742
1677108947,432277055,0.416746,0.646179,0.296357,0.812385,0.014238,0.041673,0.581457
1677108947,441505660,0.416743,0.646383,0.297823,0.812547,0.014945,0.042158,0.581176
1677108947,451451685,0.416594,0.646574,0.299214,0.812698,0.015404,0.042147,0.580954
1677108947,461492629,0.416382,0.646871,0.300603,0.813126,0.015904,0.043338,0.580255
1677108947,471867677,0.416270,0.646978,0.301841,0.812826,0.014725,0.044183,0.580642
1677108947,481705141,0.415877,0.647511,0.303138,0.813876,0.014575,0.044516,0.579147
1677108947,491405843,0.415699,0.647674,0.304282,0.813521,0.013169,0.045727,0.579585
1677108947,501540567,0.415329,0.647995,0.305358,0.813482,0.012689,0.046841,0.579561
1677108947,511637396,0.415003,0.648461,0.306426,0.814036,0.011632,0.047784,0.578728
1677108947,521049739,0.414549,0.648635,0.307240,0.813547,0.011849,0.049020,0.579308
1677108947,531477316,0.414060,0.648932,0.308016,0.813507,0.012336,0.050064,0.579264
1677108947,542207998,0.413665,0.649164,0.308729,0.813150,0.012627,0.051460,0.579637
1677108947,551710056,0.413156,0.649562,0.309446,0.813450,0.013426,0.052505,0.579105
1677108947,561246987,0.412688,0.649530,0.309954,0.812471,0.013784,0.053281,0.580398
1677108947,571610321,0.412257,0.649790,0.310581,0.812880,0.014178,0.054146,0.579736
1677108947,581204418,0.411897,0.649825,0.311140,0.812799,0.014670,0.054799,0.579776
1677108947,591422024,0.412795,0.650321,0.312319,0.815394,0.007376,0.056672,0.576079
1677108947,601422671,0.412629,0.650537,0.312912,0.815945,0.007680,0.057378,0.575224
1677108947,611060469,0.412497,0.650714,0.313443,0.816178,0.008249,0.057566,0.574866
1677108947,621311490,0.412612,0.651011,0.314021,0.816754,0.007777,0.058196,0.573991
1677108947,631510486,0.412530,0.651088,0.314461,0.816647,0.008560,0.057553,0.574197
1677108947,641769068,0.412641,0.651277,0.314879,0.816724,0.008766,0.057303,0.574109
1677108947,651825492,0.412745,0.651510,0.315360,0.817072,0.008861,0.057134,0.573629
1677108947,661200022,0.412841,0.651515,0.315685,0.816529,0.008911,0.056947,0.574420
1677108947,671919522,0.412698,0.651438,0.315928,0.815961,0.010542,0.056336,0.575258
1677108947,682223653,0.412797,0.651600,0.316328,0.816605,0.010432,0.056127,0.574367
1677108947,691989993,0.412868,0.651645,0.316640,0.816990,0.010034,0.055613,0.573876
1677108947,701613555,0.412941,0.651579,0.316973,0.817230,0.009803,0.055350,0.573563
1677108947,711766426,0.412976,0.651590,0.317259,0.817750,0.009781,0.055483,0.572810
1677108947,721683152,0.412838,0.651444,0.317445,0.817567,0.010476,0.055088,0.573096
1677108947,731271581,0.412854,0.651402,0.317703,0.817684,0.010159,0.054992,0.572945
1677108947,741377991,0.412781,0.651544,0.318090,0.818252,0.010021,0.055150,0.572120
