secs,nsecs,tx,ty,tz,rx,ry,rz,rw
1677108732,711516370,0.293578,0.541518,0.422704,0.573564,-0.254485,-0.334442,0.703143
1677108732,722052383,0.293710,0.541769,0.422805,0.573778,-0.253859,-0.334309,0.703258
1677108732,731737730,0.293839,0.542050,0.422859,0.573211,-0.253777,-0.334634,0.703595
1677108732,741002598,0.293937,0.542445,0.422834,0.573227,-0.252933,-0.334542,0.703930
1677108732,751427413,0.294168,0.542870,0.422753,0.573085,-0.253502,-0.334390,0.703913
1677108732,762000604,0.294339,0.543191,0.422619,0.572652,-0.253616,-0.333797,0.704505
1677108732,771914552,0.294477,0.543677,0.422421,0.572626,-0.253216,-0.333545,0.704790
1677108732,782154567,0.294842,0.544070,0.422112,0.572403,-0.254011,-0.332800,0.705037
1677108732,791739932,0.294985,0.544593,0.421702,0.572060,-0.252834,-0.332670,0.705800
1677108732,801725406,0.295361,0.545081,0.421156,0.571746,-0.252386,-0.332243,0.706416
1677108732,812364534,0.296024,0.545764,0.420521,0.572208,-0.252945,-0.332022,0.705945
1677108732,822177857,0.296162,0.546395,0.419845,0.571363,-0.250417,-0.332433,0.707336
1677108732,832305083,0.296749,0.546929,0.419010,0.570951,-0.249412,-0.332322,0.708075
1677108732,841410299,0.297291,0.547608,0.418054,0.570927,-0.247736,-0.332878,0.708422
1677108732,852120134,0.297970,0.548227,0.417037,0.570609,-0.246469,-0.333187,0.708975
1677108732,862362278,0.298707,0.548841,0.415947,0.570072,-0.245142,-0.333568,0.709687
1677108732,872226196,0.299349,0.549552,0.414782,0.568955,-0.243059,-0.334552,0.710836
1677108732,882287437,0.300099,0.550135,0.413613,0.568274,-0.241141,-0.334488,0.712063
1677108732,891514200,0.300809,0.550857,0.412454,0.568113,-0.240099,-0.335343,0.712142
1677108732,901541155,0.301399,0.551387,0.411322,0.567797,-0.238623,-0.335608,0.712764
1677108732,911489017,0.301917,0.551904,0.410251,0.567771,-0.237568,-0.335733,0.713078
1677108732,921800245,0.302291,0.552524,0.409166,0.568405,-0.235993,-0.336115,0.712917
1677108732,931905053,0.302896,0.553092,0.408101,0.569076,-0.235954,-0.335640,0.712618
1677108732,941481968,0.303254,0.553643,0.407061,0.569123,-0.234468,-0.335476,0.713148
1677108732,952275914,0.303736,0.554342,0.406011,0.569567,-0.233139,-0.335183,0.713366
1677108732,962136105,0.304164,0.555000,0.404976,0.569669,-0.232389,-0.335338,0.713457
1677108732,971517084,0.304714,0.555576,0.403948,0.569793,-0.231713,-0.334774,0.713842
1677108732,981843501,0.305000,0.556197,0.403000,0.569868,-0.230397,-0.335015,0.714095
1677108732,991836241,0.305292,0.556797,0.402085,0.570035,-0.229395,-0.335124,0.714234
1677108733,1925519,0.305713,0.557269,0.401177,0.570309,-0.228807,-0.334211,0.714631
1677108733,11751214,0.306099,0.557864,0.400275,0.570664,-0.228451,-0.333900,0.714608
1677108733,21937903,0.306302,0.558389,0.399372,0.570486,-0.227357,-0.334100,0.715005
1677108733,32091168,0.306554,0.558984,0.398514,0.571156,-0.225929,-0.333898,0.715017
1677108733,41963588,0.306912,0.559354,0.397676,0.571268,-0.225714,-0.333230,0.715307
1677108733,51462772,0.307248,0.559782,0.396844,0.571986,-0.225424,-0.332742,0.715052
1677108733,61564440,0.307438,0.560134,0.396063,0.572181,-0.225153,-0.332667,0.715015
1677108733,71860569,0.307842,0.560373,0.395221,0.572730,-0.225519,-0.331554,0.714978
1677108733,82291671,0.307917,0.560819,0.394358,0.573625,-0.223930,-0.331518,0.714776
1677108733,91947793,0.308143,0.561101,0.393486,0.573698,-0.223445,-0.331262,0.714988
1677108733,102610219,0.308545,0.561309,0.392628,0.573921,-0.223373,-0.330832,0.715031
1677108733,111654997,0.308894,0.561639,0.391710,0.574778,-0.222698,-0.330819,0.714560
1677108733,120992047,0.309198,0.561681,0.390850,0.575007,-0.221440,-0.330791,0.714778
1677108733,131991599,0.309582,0.561775,0.389955,0.575764,-0.220424,-0.330906,0.714430
1677108733,141617549,0.310046,0.561877,0.389047,0.576785,-0.219705,-0.331289,0.713650
1677108733,151674467,0.310367,0.561990,0.388154,0.577373,-0.218481,-0.332274,0.713092
1677108733,162204530,0.310747,0.562077,0.387174,0.577886,-0.216508,-0.332499,0.713173
1677108733,171919131,0.311283,0.562142,0.386210,0.578023,-0.215999,-0.332710,0.713119
1677108733,181528769,0.311756,0.562384,0.385207,0.578599,-0.214530,-0.332793,0.713056
1677108733,190984241,0.312208,0.562599,0.384262,0.579110,-0.213773,-0.333129,0.712712
1677108733,201318248,0.312494,0.562624,0.383402,0.578439,-0.213232,-0.334049,0.712988
1677108733,211772032,0.312752,0.562771,0.382536,0.578876,-0.212455,-0.334185,0.712801
1677108733,221545693,0.312956,0.562905,0.381663,0.579531,-0.211610,-0.334121,0.712551
1677108733,232051831,0.313175,0.563020,0.380802,0.580119,-0.211302,-0.334171,0.712140
1677108733,241581531,0.313394,0.563062,0.379923,0.580422,-0.210652,-0.333688,0.712312
1677108733,251400250,0.313452,0.563154,0.379102,0.580344,-0.209773,-0.334335,0.712332
1677108733,262230180,0.313857,0.563362,0.378228,0.581380,-0.209850,-0.333908,0.711664
1677108733,271678178,0.313938,0.563464,0.377384,0.581544,-0.208749,-0.334369,0.711638
1677108733,281499027,0.314121,0.563495,0.376559,0.581953,-0.208253,-0.334432,0.711419
1677108733,292043676,0.314352,0.563391,0.375727,0.582152,-0.208378,-0.334489,0.711192
1677108733,301762908,0.314359,0.563386,0.374952,0.582309,-0.207283,-0.335179,0.711059
1677108733,311822387,0.314610,0.563384,0.374135,0.583067,-0.206967,-0.335246,0.710499
1677108733,322502501,0.314859,0.563322,0.373294,0.583487,-0.207059,-0.335411,0.710049
1677108733,332390201,0.314909,0.563298,0.372484,0.583920,-0.205952,-0.335940,0.709764
1677108733,341776543,0.315234,0.563161,0.371671,0.584261,-0.206642,-0.335782,0.709358
1677108733,351770681,0.315190,0.563127,0.370895,0.584541,-0.205432,-0.336557,0.709112
1677108733,362029469,0.315429,0.563024,0.370058,0.585089,-0.205755,-0.336260,0.708706
1677108733,371529352,0.315626,0.563028,0.369192,0.585684,-0.205477,-0.336036,0.708402
1677108733,381539992,0.315737,0.563082,0.368278,0.586057,-0.204541,-0.336142,0.708314
1677108733,391692260,0.316028,0.563129,0.367337,0.586021,-0.204303,-0.336355,0.708311
1677108733,401460297,0.316312,0.563201,0.366364,0.585826,-0.203248,-0.336429,0.708741
1677108733,411835272,0.316806,0.563291,0.365367,0.585697,-0.203282,-0.336816,0.708654
1677108733,422436608,0.317050,0.563275,0.364406,0.584862,-0.202498,-0.337899,0.709053
1677108733,432244513,0.317416,0.563289,0.363462,0.584974,-0.201868,-0.338206,0.708994
1677108733,441386319,0.317742,0.563162,0.362480,0.584713,-0.202007,-0.338974,0.708802
1677108733,451779739,0.317867,0.562892,0.361644,0.584337,-0.201992,-0.339061,0.709074
1677108733,461913358,0.317891,0.562714,0.360818,0.584104,-0.202262,-0.339320,0.709066
1677108733,472151236,0.317937,0.562796,0.359908,0.585059,-0.201857,-0.338727,0.708678
1677108733,481695780,0.317822,0.562654,0.359082,0.584377,-0.202158,-0.338410,0.709306
1677108733,491678122,0.317669,0.562909,0.358242,0.584847,-0.201472,-0.336990,0.709789
1677108733,501809675,0.317530,0.562996,0.357365,0.584173,-0.202498,-0.335734,0.710647
1677108733,511215641,0.317156,0.563137,0.356544,0.583032,-0.203070,-0.334886,0.711820
1677108733,521199264,0.316854,0.563224,0.355698,0.582158,-0.204227,-0.333286,0.712954
1677108733,531223027,0.316532,0.563374,0.354847,0.582115,-0.205583,-0.331928,0.713233
1677108733,541026886,0.316261,0.563381,0.354005,0.582508,-0.207212,-0.330559,0.713077
1677108733,551265605,0.315847,0.563274,0.353182,0.583134,-0.207097,-0.329275,0.713193
1677108733,561290114,0.315507,0.562974,0.352355,0.583595,-0.207469,-0.328770,0.712940
1677108733,571617025,0.315405,0.562839,0.351433,0.585088,-0.207345,-0.328207,0.712011
1677108733,581388082,0.315293,0.562532,0.350514,0.585615,-0.206936,-0.328516,0.711555
1677108733,591730364,0.315286,0.562374,0.349498,0.586111,-0.206474,-0.329665,0.710749
1677108733,601190520,0.315447,0.562146,0.348434,0.586234,-0.205930,-0.330160,0.710575
1677108733,612338123,0.315630,0.561930,0.347320,0.585998,-0.206056,-0.331181,0.710258
1677108733,621873705,0.315841,0.561916,0.346197,0.586668,-0.204952,-0.331288,0.709974
1677108733,631628850,0.316017,0.561853,0.345019,0.586391,-0.205350,-0.332261,0.709634
1677108733,642082211,0.316152,0.561802,0.343823,0.586342,-0.205154,-0.332150,0.709783
1677108733,651847055,0.316229,0.561888,0.342663,0.586301,-0.204637,-0.331774,0.710141
1677108733,661591540,0.316211,0.562062,0.341466,0.585912,-0.203981,-0.331327,0.710860
1677108733,671344306,0.316330,0.562357,0.340269,0.585575,-0.204208,-0.330762,0.711335
1677108733,682180303,0.316423,0.562690,0.339041,0.585157,-0.204473,-0.329801,0.712049
1677108733,691777789,0.316470,0.562985,0.337834,0.584347,-0.204376,-0.329091,0.713070
1677108733,701293169,0.316640,0.563264,0.336637,0.583910,-0.204758,-0.327901,0.713865
1677108733,711104174,0.316678,0.563622,0.335471,0.583762,-0.204163,-0.327769,0.714218
1677108733,721440317,0.316830,0.563864,0.334363,0.583680,-0.203938,-0.327297,0.714565
1677108733,731890558,0.316930,0.563949,0.333270,0.583243,-0.203961,-0.327523,0.714812
1677108733,741263281,0.317134,0.564067,0.332194,0.583618,-0.204256,-0.327640,0.714368
1677108733,751583178,0.317281,0.564144,0.331133,0.584265,-0.203496,-0.327388,0.714171
1677108733,761454895,0.317397,0.564176,0.330103,0.584654,-0.203094,-0.328058,0.713660
1677108733,771555800,0.317540,0.564132,0.329102,0.585147,-0.202121,-0.328123,0.713502
1677108733,781504568,0.317754,0.564152,0.328106,0.586007,-0.201549,-0.328477,0.712795
1677108733,790908688,0.317954,0.564169,0.327147,0.586739,-0.201003,-0.328597,0.712291
1677108733,801174832,0.318117,0.564269,0.326210,0.587554,-0.200285,-0.328963,0.711652
1677108733,811558942,0.318248,0.564109,0.325282,0.587233,-0.200041,-0.328662,0.712125
1677108733,821425112,0.318259,0.564182,0.324405,0.587257,-0.200161,-0.329267,0.711793
1677108733,831380237,0.318417,0.564384,0.323511,0.588063,-0.200465,-0.328784,0.711264
1677108733,841509582,0.318704,0.564461,0.322581,0.588395,-0.202300,-0.327918,0.710869
1677108733,851396856,0.318885,0.564586,0.321712,0.588500,-0.203380,-0.326971,0.710911
1677108733,861238780,0.319089,0.564674,0.320839,0.588087,-0.204879,-0.325998,0.711269
1677108733,871325848,0.318502,0.565367,0.319884,0.588751,-0.200481,-0.326474,0.711754
1677108733,881603747,0.318531,0.565582,0.318979,0.588255,-0.200366,-0.325843,0.712486
1677108733,891535471,0.318674,0.565893,0.318032,0.588254,-0.200664,-0.324928,0.712820
1677108733,901837605,0.318875,0.566288,0.317022,0.588645,-0.200900,-0.324604,0.712579
1677108733,911785452,0.318882,0.566401,0.316032,0.587771,-0.200215,-0.324122,0.713711
1677108733,921773567,0.319090,0.566659,0.314903,0.587906,-0.199537,-0.324167,0.713770
1677108733,932247888,0.319510,0.566798,0.313746,0.588070,-0.199136,-0.324319,0.713678
1677108733,941897076,0.319941,0.566957,0.312565,0.588546,-0.198081,-0.325471,0.713054
1677108733,951474566,0.320485,0.566987,0.311360,0.589110,-0.196877,-0.326546,0.712430
1677108733,961532182,0.320824,0.566949,0.310210,0.588926,-0.194604,-0.328662,0.712234
1677108733,971388740,0.321523,0.566961,0.308957,0.589611,-0.192939,-0.330002,0.711500
1677108733,981722549,0.322041,0.566900,0.307828,0.589948,-0.191577,-0.331285,0.710992
1677108733,991986588,0.322550,0.566949,0.306703,0.591102,-0.189713,-0.332107,0.710149
1677108734,1872401,0.323046,0.566971,0.305549,0.591882,-0.188166,-0.333000,0.709493
1677108734,11562430,0.323440,0.566922,0.304443,0.592238,-0.186055,-0.333359,0.709584
1677108734,21393389,0.324100,0.566981,0.303214,0.591274,-0.188279,-0.336432,0.708350
1677108734,32116917,0.324320,0.567198,0.302154,0.591545,-0.186282,-0.337486,0.708150
1677108734,41574794,0.324622,0.567352,0.301070,0.591329,-0.185435,-0.337896,0.708357
1677108734,51455411,0.324951,0.567532,0.300003,0.590664,-0.185441,-0.338316,0.708710
1677108734,61720435,0.325281,0.567932,0.298968,0.590795,-0.184789,-0.337766,0.709033
1677108734,71810373,0.325651,0.568362,0.297941,0.590642,-0.184919,-0.337030,0.709477
1677108734,81820022,0.325809,0.568956,0.296957,0.590196,-0.183837,-0.336478,0.710391
1677108734,92114031,0.326039,0.569529,0.295907,0.589593,-0.183597,-0.335380,0.711471
1677108734,102163660,0.326177,0.570187,0.294887,0.588400,-0.183293,-0.335180,0.712631
1677108734,112464093,0.326607,0.570826,0.293839,0.587747,-0.184455,-0.334252,0.713306
1677108734,121854102,0.327234,0.571274,0.292795,0.587180,-0.185496,-0.332619,0.714266
1677108734,131711461,0.327330,0.571613,0.291922,0.586500,-0.184670,-0.332883,0.714915
1677108734,141534500,0.327555,0.571932,0.291065,0.586663,-0.184673,-0.333336,0.714569
1677108734,151869481,0.327850,0.571938,0.290224,0.586725,-0.182439,-0.332527,0.715469
1677108734,161700604,0.328090,0.572165,0.289391,0.587237,-0.182157,-0.333853,0.714502
1677108734,171437845,0.328384,0.572217,0.288610,0.587517,-0.181496,-0.334374,0.714197
1677108734,181364875,0.328564,0.572359,0.287800,0.587780,-0.180656,-0.335216,0.713798
1677108734,191518688,0.328886,0.572337,0.286983,0.587609,-0.180537,-0.335093,0.714028
1677108734,201318959,0.328972,0.572547,0.286163,0.587195,-0.180283,-0.336533,0.713754
1677108734,211229020,0.329390,0.573039,0.285136,0.588492,-0.178477,-0.335253,0.713743
1677108734,221418442,0.329586,0.573188,0.284276,0.587905,-0.178329,-0.335526,0.714135
1677108734,231827033,0.329729,0.573455,0.283369,0.587759,-0.177930,-0.335618,0.714311
1677108734,242282324,0.329861,0.573639,0.282476,0.587415,-0.177290,-0.335218,0.714941
1677108734,251700215,0.330045,0.573957,0.281631,0.587624,-0.178034,-0.335488,0.714458
1677108734,261804400,0.330146,0.574182,0.280790,0.587666,-0.178729,-0.335290,0.714343
1677108734,271910832,0.330207,0.574302,0.279958,0.587438,-0.179454,-0.334700,0.714625
1677108734,282124147,0.330236,0.574666,0.279112,0.587875,-0.180059,-0.335031,0.713958
1677108734,292193227,0.330387,0.574866,0.278071,0.587537,-0.179559,-0.334348,0.714682
1677108734,301630799,0.330600,0.575181,0.277122,0.587436,-0.179837,-0.333615,0.715037
1677108734,311445773,0.330763,0.575496,0.276138,0.586860,-0.180158,-0.333616,0.715429
1677108734,321679350,0.331000,0.575930,0.275116,0.586604,-0.180246,-0.333590,0.715629
1677108734,331181308,0.331392,0.576434,0.274069,0.587152,-0.180564,-0.333247,0.715259
1677108734,341462624,0.331451,0.576454,0.273101,0.585269,-0.179776,-0.333349,0.716952
1677108734,351708139,0.331730,0.576712,0.272146,0.584995,-0.179730,-0.333303,0.717208
1677108734,361705460,0.331976,0.577000,0.271202,0.585028,-0.179754,-0.333310,0.717172
1677108734,371189000,0.332024,0.577167,0.270366,0.584391,-0.179485,-0.333934,0.717467
1677108734,381545245,0.332223,0.577322,0.269523,0.584424,-0.179687,-0.333465,0.717609
1677108734,391741740,0.332453,0.577489,0.268670,0.584438,-0.180224,-0.333115,0.717625
1677108734,401168011,0.332736,0.578070,0.267768,0.586979,-0.177553,-0.331771,0.716840
1677108734,410964623,0.332783,0.578055,0.267033,0.586360,-0.177767,-0.331802,0.717278
1677108734,421976168,0.332966,0.578147,0.266343,0.586758,-0.178107,-0.332019,0.716768
1677108734,432244342,0.333106,0.578178,0.265687,0.587503,-0.177613,-0.332026,0.716277
1677108734,441331663,0.333321,0.578080,0.265039,0.588005,-0.177938,-0.332813,0.715418
1677108734,451582822,0.333431,0.577970,0.264454,0.588681,-0.178000,-0.334680,0.713975
1677108734,462179354,0.333799,0.577572,0.263843,0.589249,-0.178626,-0.335489,0.712970
1677108734,471800758,0.334110,0.577470,0.263215,0.590758,-0.178383,-0.337175,0.710984
1677108734,481507300,0.334474,0.577349,0.262583,0.591898,-0.177841,-0.338589,0.709498
1677108734,491676111,0.334843,0.577185,0.261941,0.592256,-0.177343,-0.339926,0.708684
1677108734,501662415,0.335220,0.577309,0.261214,0.593001,-0.176424,-0.341192,0.707681
1677108734,511874591,0.335593,0.577475,0.260463,0.593031,-0.175771,-0.342233,0.707316
1677108734,521545418,0.335884,0.577848,0.259667,0.592878,-0.174715,-0.343188,0.707243
1677108734,532110823,0.336263,0.578035,0.258891,0.591696,-0.175129,-0.343488,0.707984
1677108734,541643221,0.336605,0.578552,0.258096,0.591313,-0.174832,-0.343868,0.708193
1677108734,551640405,0.336754,0.578945,0.257357,0.590241,-0.174044,-0.343564,0.709427
1677108734,561977820,0.336729,0.579603,0.256556,0.589240,-0.171335,-0.343020,0.711180
1677108734,571387620,0.336873,0.580053,0.255838,0.587952,-0.171332,-0.342040,0.712718
1677108734,581912767,0.336944,0.580599,0.255129,0.586662,-0.170538,-0.341203,0.714370
1677108734,591074146,0.336960,0.581009,0.254409,0.584964,-0.169551,-0.340093,0.716523
1677108734,601900686,0.337632,0.582020,0.253412,0.584357,-0.175138,-0.341039,0.715224
1677108734,611417495,0.337813,0.582451,0.252560,0.582759,-0.174734,-0.340585,0.716842
1677108734,621799725,0.338262,0.583133,0.251670,0.582631,-0.175299,-0.340802,0.716704
1677108734,632250696,0.338589,0.583444,0.250791,0.581516,-0.174732,-0.341237,0.717541
1677108734,642091596,0.338949,0.583919,0.249928,0.581125,-0.173766,-0.342610,0.717438
1677108734,652146137,0.339499,0.584230,0.249050,0.580605,-0.173581,-0.343613,0.717424
1677108734,661500184,0.340131,0.584034,0.248103,0.577795,-0.174111,-0.342851,0.719925
1677108734,672007653,0.340602,0.584352,0.247315,0.577136,-0.173518,-0.343992,0.720052
1677108734,681595739,0.340799,0.584893,0.246591,0.576643,-0.171950,-0.346223,0.719754
1677108734,691719151,0.341120,0.585248,0.245879,0.575975,-0.171157,-0.346751,0.720224
1677108734,701806854,0.341401,0.585815,0.245160,0.575670,-0.171047,-0.347435,0.720164
1677108734,711958284,0.341690,0.586395,0.244454,0.575182,-0.171110,-0.346984,0.720756
1677108734,721640425,0.341920,0.586550,0.243714,0.571525,-0.173738,-0.346815,0.723114
1677108734,731977098,0.341890,0.587313,0.243057,0.570461,-0.173492,-0.346785,0.724027
1677108734,741708975,0.342141,0.588244,0.242302,0.570253,-0.174784,-0.346039,0.724236
1677108734,751259768,0.342188,0.588832,0.241652,0.568542,-0.175156,-0.344631,0.726161
1677108734,761906422,0.342348,0.589488,0.240942,0.567276,-0.176363,-0.344088,0.727115
1677108734,771795398,0.342494,0.590000,0.240269,0.565769,-0.176942,-0.343708,0.728328
1677108734,781375836,0.342725,0.590678,0.239551,0.564119,-0.178145,-0.346007,0.728226
1677108734,791269472,0.343047,0.591301,0.238809,0.563640,-0.178598,-0.347191,0.727923
1677108734,801239082,0.343327,0.591643,0.238116,0.562444,-0.178047,-0.347983,0.728604
1677108734,811562370,0.343667,0.591978,0.237402,0.561609,-0.177183,-0.348689,0.729121
1677108734,821653363,0.344117,0.592283,0.236658,0.560739,-0.177271,-0.349358,0.729449
1677108734,831831523,0.344555,0.592871,0.235909,0.560844,-0.176659,-0.350399,0.729018
1677108734,842236481,0.344804,0.593159,0.235180,0.559364,-0.175991,-0.351250,0.729906
1677108734,851948267,0.345517,0.593378,0.234331,0.558325,-0.177546,-0.349765,0.731037
1677108734,862372608,0.345704,0.594014,0.233640,0.557839,-0.176418,-0.350780,0.731195
1677108734,871771177,0.345895,0.594618,0.233004,0.557274,-0.175147,-0.351068,0.731792
1677108734,881839979,0.346026,0.595239,0.232299,0.556537,-0.174387,-0.351832,0.732168
1677108734,891207089,0.346339,0.595639,0.231664,0.555714,-0.174203,-0.351317,0.733084
1677108734,901816870,0.346639,0.596242,0.230974,0.556000,-0.174285,-0.351750,0.732640
1677108734,911997858,0.346917,0.596639,0.230295,0.555674,-0.174424,-0.352117,0.732678
1677108734,921618358,0.347168,0.597071,0.229660,0.555794,-0.173623,-0.352111,0.732779
1677108734,932423901,0.347560,0.597619,0.228923,0.556150,-0.173382,-0.352336,0.732458
1677108734,941361320,0.347811,0.598118,0.228236,0.555733,-0.172137,-0.352701,0.732893
1677108734,951956972,0.348266,0.598676,0.227492,0.555613,-0.171949,-0.353143,0.732815
1677108734,962139598,0.348631,0.599254,0.226743,0.555096,-0.171412,-0.353798,0.733016
1677108734,971496999,0.349059,0.599684,0.226013,0.554180,-0.171223,-0.353987,0.733662
1677108734,981686666,0.349339,0.600181,0.225312,0.553367,-0.170425,-0.354693,0.734120
1677108734,991878081,0.349810,0.600817,0.224585,0.553317,-0.171056,-0.355454,0.733643
1677108735,1844253,0.350034,0.601152,0.223940,0.551957,-0.170201,-0.355726,0.734734
1677108735,11336679,0.350065,0.601509,0.223331,0.550517,-0.166944,-0.356057,0.736399
1677108735,21340037,0.350480,0.601989,0.222651,0.550109,-0.167453,-0.356069,0.736583
1677108735,31958733,0.350831,0.602544,0.221964,0.549729,-0.167533,-0.356448,0.736666
1677108735,42182206,0.351243,0.603147,0.221292,0.549603,-0.167878,-0.356437,0.736686
1677108735,52060010,0.351439,0.603802,0.220653,0.548806,-0.167994,-0.357233,0.736868
1677108735,61535804,0.351689,0.604373,0.220015,0.548033,-0.167932,-0.357236,0.737456
1677108735,71528914,0.352100,0.604972,0.219309,0.547247,-0.168908,-0.356776,0.738039
1677108735,81625833,0.352312,0.605658,0.218607,0.546522,-0.168598,-0.356723,0.738673
1677108735,91909249,0.352642,0.606301,0.217925,0.545659,-0.168828,-0.356088,0.739564
1677108735,101689010,0.352796,0.606949,0.217228,0.544380,-0.168453,-0.356457,0.740414
1677108735,111809184,0.353020,0.607506,0.216552,0.543100,-0.168468,-0.356532,0.741313
1677108735,121862640,0.353180,0.607965,0.215860,0.541307,-0.168631,-0.357172,0.742279
1677108735,132033860,0.353548,0.608467,0.215152,0.540531,-0.168667,-0.356898,0.742968
1677108735,142060692,0.353836,0.608962,0.214454,0.539122,-0.169125,-0.357733,0.743486
1677108735,152137252,0.354320,0.609524,0.213682,0.538442,-0.169218,-0.357768,0.743940
1677108735,161746022,0.354749,0.609978,0.212953,0.536472,-0.169590,-0.358279,0.745032
1677108735,171695402,0.355101,0.610883,0.212073,0.536209,-0.167205,-0.358545,0.745633
1677108735,181851957,0.355772,0.611787,0.211139,0.534772,-0.170293,-0.360222,0.745157
1677108735,191859064,0.356146,0.612134,0.210407,0.531732,-0.170584,-0.361059,0.746859
1677108735,201529063,0.356778,0.612879,0.209571,0.531136,-0.170857,-0.361705,0.746908
1677108735,211785137,0.357255,0.613319,0.208821,0.529622,-0.170098,-0.362421,0.747809
1677108735,221740362,0.357722,0.613732,0.208144,0.527947,-0.169409,-0.363411,0.748669
1677108735,231237109,0.358261,0.614219,0.207407,0.526475,-0.169081,-0.364608,0.749198
1677108735,241215920,0.358907,0.614763,0.206623,0.525385,-0.169259,-0.365373,0.749550
1677108735,251305996,0.359392,0.615237,0.205840,0.523063,-0.169434,-0.366731,0.750470
1677108735,261166803,0.359911,0.615805,0.205054,0.521378,-0.169093,-0.367504,0.751341
1677108735,271556235,0.360408,0.616286,0.204311,0.519243,-0.168994,-0.368159,0.752520
1677108735,281731009,0.360904,0.616814,0.203546,0.516995,-0.169605,-0.369705,0.753173
1677108735,291777287,0.361412,0.617313,0.202816,0.515429,-0.169952,-0.370686,0.753685
1677108735,301265295,0.362003,0.617635,0.202092,0.513980,-0.170156,-0.371084,0.754433
1677108735,311780661,0.362490,0.617983,0.201417,0.512977,-0.169596,-0.371875,0.754851
1677108735,321810698,0.362895,0.618512,0.200780,0.512397,-0.169070,-0.373852,0.754387
1677108735,331930003,0.363504,0.618830,0.200071,0.511642,-0.169136,-0.373992,0.754815
1677108735,341851847,0.364105,0.619165,0.199417,0.510787,-0.169153,-0.374541,0.755118
1677108735,351925667,0.364575,0.619610,0.198756,0.510121,-0.168855,-0.375662,0.755078
1677108735,361734234,0.365127,0.619910,0.198127,0.509200,-0.169235,-0.376484,0.755205
1677108735,371653876,0.365518,0.620223,0.197574,0.508237,-0.168738,-0.377822,0.755297
1677108735,381353692,0.366110,0.620481,0.196966,0.507811,-0.168815,-0.378293,0.755330
1677108735,391657135,0.366567,0.620840,0.196405,0.507381,-0.168414,-0.379487,0.755110
1677108735,401867966,0.366962,0.621023,0.195907,0.505605,-0.168226,-0.380688,0.755739
1677108735,411495441,0.367506,0.621500,0.195292,0.505251,-0.168117,-0.381708,0.755485
1677108735,421887215,0.367965,0.621749,0.194772,0.503782,-0.167481,-0.382075,0.756420
1677108735,431805187,0.368427,0.622287,0.194206,0.503462,-0.166896,-0.382573,0.756512
1677108735,441918568,0.368888,0.622690,0.193689,0.502747,-0.166570,-0.382600,0.757045
1677108735,451390120,0.369412,0.623183,0.193173,0.502663,-0.166872,-0.382415,0.757128
1677108735,461722659,0.369758,0.623589,0.192713,0.502156,-0.166925,-0.382279,0.757521
1677108735,472090843,0.370112,0.624074,0.192316,0.502047,-0.167518,-0.381926,0.757640
1677108735,481789206,0.370322,0.624549,0.191913,0.501652,-0.167396,-0.381233,0.758278
1677108735,491828189,0.370457,0.624996,0.191515,0.500557,-0.167614,-0.380743,0.759199
1677108735,501633388,0.370733,0.625477,0.191087,0.499806,-0.168441,-0.379397,0.760184
1677108735,511753449,0.370976,0.626009,0.190588,0.498933,-0.168859,-0.378036,0.761342
1677108735,521842408,0.371083,0.626621,0.190128,0.497569,-0.169414,-0.377566,0.762344
1677108735,532931311,0.371321,0.627136,0.189669,0.496450,-0.169795,-0.376170,0.763677
1677108735,542077986,0.371651,0.627767,0.189150,0.496181,-0.170050,-0.374269,0.764729
1677108735,551550507,0.371893,0.628332,0.188679,0.495325,-0.170773,-0.372798,0.765840
1677108735,562165178,0.372100,0.628822,0.188251,0.494328,-0.171568,-0.371215,0.767075
1677108735,571698953,0.372223,0.629376,0.187790,0.493367,-0.172677,-0.370566,0.767758
1677108735,581538580,0.372363,0.629843,0.187386,0.492310,-0.173615,-0.369892,0.768549
1677108735,591431018,0.372532,0.630130,0.186993,0.490859,-0.174841,-0.368708,0.769768
1677108735,601523673,0.372847,0.630547,0.186496,0.490278,-0.176498,-0.368044,0.770077
1677108735,611966594,0.373018,0.630748,0.186138,0.489110,-0.177071,-0.367560,0.770919
1677108735,621592715,0.373221,0.631064,0.185659,0.488501,-0.177298,-0.367584,0.771242
1677108735,631610643,0.373538,0.631319,0.185184,0.488317,-0.177614,-0.367352,0.771397
1677108735,641829830,0.373855,0.631501,0.184753,0.487715,-0.177797,-0.367211,0.771802
1677108735,651412307,0.374235,0.631712,0.184287,0.487600,-0.178036,-0.367046,0.771898
1677108735,661644514,0.374524,0.631843,0.183862,0.487198,-0.177781,-0.367032,0.772217
1677108735,671440002,0.374845,0.631989,0.183436,0.487056,-0.178053,-0.367252,0.772140
1677108735,681182295,0.375119,0.632075,0.183071,0.487122,-0.177740,-0.367095,0.772245
1677108735,691638180,0.375330,0.632125,0.182702,0.486659,-0.177937,-0.367702,0.772203
1677108735,701231713,0.375559,0.632216,0.182391,0.486908,-0.177946,-0.367736,0.772027
1677108735,711922636,0.375775,0.632254,0.182097,0.486797,-0.178585,-0.368216,0.771721
1677108735,721773398,0.376031,0.632382,0.181787,0.487561,-0.178911,-0.367843,0.771341
1677108735,732041882,0.376178,0.632529,0.181498,0.487765,-0.179264,-0.368114,0.771000
1677108735,741700462,0.376387,0.632607,0.181182,0.487408,-0.179594,-0.367851,0.771275
1677108735,751508786,0.376680,0.632818,0.180786,0.487615,-0.179981,-0.367406,0.771266
1677108735,761509903,0.376820,0.633033,0.180423,0.487077,-0.179525,-0.367395,0.771717
1677108735,771383968,0.377033,0.633341,0.179988,0.486320,-0.179926,-0.368007,0.771810
1677108735,781442440,0.377261,0.633596,0.179590,0.485657,-0.179976,-0.368184,0.772131
1677108735,791687293,0.377666,0.633890,0.179126,0.485661,-0.180295,-0.367782,0.772246
1677108735,801550614,0.378044,0.634218,0.178653,0.485541,-0.180372,-0.367684,0.772350
1677108735,811232421,0.378290,0.634442,0.178248,0.484754,-0.180224,-0.367846,0.772802
1677108735,822196633,0.378606,0.634814,0.177792,0.484582,-0.180794,-0.368360,0.772531
1677108735,832372204,0.378763,0.635063,0.177446,0.483883,-0.180412,-0.368777,0.772860
1677108735,842284374,0.379058,0.635313,0.177060,0.483851,-0.180202,-0.368387,0.773115
1677108735,851051933,0.379411,0.635672,0.176608,0.484220,-0.180076,-0.368062,0.773068
1677108735,862000147,0.379732,0.636082,0.176157,0.484424,-0.179684,-0.367884,0.773116
1677108735,871210646,0.379983,0.636466,0.175757,0.483882,-0.179241,-0.368196,0.773410
1677108735,881305330,0.380243,0.636873,0.175362,0.483496,-0.178771,-0.368399,0.773663
1677108735,891741207,0.380729,0.637156,0.174962,0.483315,-0.179411,-0.367627,0.773995
1677108735,901608482,0.380856,0.637492,0.174684,0.482590,-0.179374,-0.368429,0.774075
1677108735,911376638,0.381052,0.637738,0.174462,0.482005,-0.179543,-0.368323,0.774451
1677108735,921816949,0.381204,0.638122,0.174220,0.482272,-0.179619,-0.368256,0.774298
1677108735,931531592,0.381338,0.638362,0.174053,0.481860,-0.179907,-0.367828,0.774691
1677108735,941073122,0.381394,0.638786,0.173957,0.482364,-0.180703,-0.367660,0.774273
1677108735,951519887,0.381285,0.638928,0.174007,0.481936,-0.181625,-0.367010,0.774631
1677108735,961407261,0.381230,0.639323,0.173992,0.482904,-0.182382,-0.366191,0.774238
1677108735,971080898,0.381278,0.639692,0.173881,0.483183,-0.183551,-0.365202,0.774255
1677108735,981302284,0.381239,0.640133,0.173760,0.483249,-0.183736,-0.364657,0.774426
1677108735,991709807,0.381229,0.640457,0.173691,0.483010,-0.184904,-0.363845,0.774680
1677108736,1789491,0.381019,0.640722,0.173717,0.483056,-0.184989,-0.363167,0.774949
1677108736,12140999,0.380784,0.640901,0.173728,0.482683,-0.185630,-0.362544,0.775319
1677108736,21755453,0.380780,0.641240,0.173607,0.483224,-0.186959,-0.361493,0.775154
1677108736,31807810,0.380867,0.641464,0.173443,0.483531,-0.188476,-0.360391,0.775108
1677108736,41916867,0.380708,0.641680,0.173357,0.483659,-0.188890,-0.359610,0.775291
1677108736,51668842,0.380638,0.641816,0.173271,0.484108,-0.190137,-0.358313,0.775306
1677108736,62008361,0.380374,0.642196,0.173125,0.485346,-0.191031,-0.358098,0.774411
1677108736,71725102,0.380261,0.642253,0.172968,0.485333,-0.192519,-0.356519,0.774779
1677108736,81851983,0.380194,0.642541,0.172727,0.486262,-0.194152,-0.355053,0.774462
1677108736,91812396,0.379738,0.642680,0.172649,0.485816,-0.194467,-0.354014,0.775138
1677108736,102257992,0.379572,0.642995,0.172421,0.487560,-0.196181,-0.351438,0.774784
1677108736,111467803,0.379084,0.643040,0.172346,0.487930,-0.197597,-0.348952,0.775314
1677108736,121534448,0.378552,0.643329,0.172171,0.489229,-0.199101,-0.346957,0.775006
1677108736,131358071,0.377974,0.643387,0.172026,0.489685,-0.200186,-0.343852,0.775822
1677108736,141153818,0.377455,0.643626,0.171818,0.491310,-0.201551,-0.340801,0.775788
1677108736,151688976,0.376634,0.643567,0.171737,0.491711,-0.202166,-0.338235,0.776496
1677108736,162160777,0.376074,0.643621,0.171538,0.493585,-0.203822,-0.335317,0.776140
1677108736,172221776,0.375527,0.643402,0.171383,0.494946,-0.204964,-0.331947,0.776421
1677108736,182279826,0.375081,0.643230,0.171191,0.496969,-0.205812,-0.329249,0.776053
1677108736,191960591,0.374457,0.642870,0.171067,0.498199,-0.206218,-0.327980,0.775694
1677108736,200904139,0.373971,0.642411,0.170921,0.499470,-0.206451,-0.326875,0.775281
1677108736,211230119,0.373864,0.642039,0.170681,0.501988,-0.208122,-0.325883,0.773623
1677108736,221783590,0.373555,0.641469,0.170572,0.503469,-0.207924,-0.325947,0.772687
1677108736,232113747,0.373644,0.641020,0.170347,0.505802,-0.209028,-0.326318,0.770706
1677108736,241746594,0.373638,0.640470,0.170164,0.507490,-0.209204,-0.327513,0.769040
1677108736,251517299,0.373677,0.639874,0.169971,0.509372,-0.209077,-0.328493,0.767411
1677108736,261151774,0.373902,0.639336,0.169710,0.511888,-0.210182,-0.329381,0.765051
1677108736,272178006,0.373922,0.638934,0.169470,0.514330,-0.210123,-0.331167,0.762654
1677108736,282239696,0.374158,0.638484,0.169288,0.516924,-0.210592,-0.331534,0.760609
1677108736,291250906,0.374283,0.638005,0.169090,0.518929,-0.210690,-0.332158,0.758943
1677108736,302000994,0.374404,0.637668,0.168889,0.521383,-0.210472,-0.332322,0.757247
1677108736,311739972,0.374519,0.637179,0.168725,0.522481,-0.210577,-0.332341,0.756452
1677108736,322698096,0.374619,0.636953,0.168555,0.524356,-0.209502,-0.331875,0.755658
1677108736,332043696,0.374952,0.636778,0.168365,0.526222,-0.209727,-0.330963,0.754698
1677108736,341863148,0.375328,0.636726,0.168215,0.527833,-0.209363,-0.329484,0.754321
1677108736,351729581,0.375781,0.636796,0.168061,0.529272,-0.209496,-0.327899,0.753966
1677108736,361947384,0.376051,0.636867,0.167976,0.530223,-0.208592,-0.326304,0.754240
1677108736,371784076,0.376410,0.637021,0.167861,0.531792,-0.208300,-0.324194,0.754126
1677108736,381663127,0.376761,0.637081,0.167767,0.532979,-0.208039,-0.321591,0.754475
1677108736,391670852,0.377209,0.637219,0.167635,0.534434,-0.207261,-0.318802,0.754843
1677108736,401365706,0.377620,0.637357,0.167505,0.535807,-0.206360,-0.316545,0.755067
1677108736,411817522,0.378433,0.637437,0.167364,0.537836,-0.206240,-0.313218,0.755045
1677108736,421515100,0.378973,0.637311,0.167314,0.538740,-0.205428,-0.311245,0.755437
1677108736,432334104,0.379763,0.637211,0.167210,0.540685,-0.204933,-0.308911,0.755140
1677108736,440964892,0.380469,0.637035,0.167130,0.541947,-0.203601,-0.308120,0.754919
1677108736,451539062,0.381389,0.636766,0.167025,0.543259,-0.202564,-0.306969,0.754724
1677108736,461767155,0.382440,0.636452,0.166894,0.544500,-0.201865,-0.306702,0.754124
1677108736,471532364,0.383611,0.636130,0.166713,0.546345,-0.200585,-0.306088,0.753381
1677108736,481990463,0.384905,0.635833,0.166497,0.548481,-0.200005,-0.305771,0.752111
1677108736,492125927,0.386002,0.635362,0.166300,0.549868,-0.198253,-0.305487,0.751677
1677108736,501827088,0.387097,0.634995,0.166092,0.551847,-0.196160,-0.304879,0.751023
1677108736,511692258,0.388247,0.634700,0.165836,0.554605,-0.195227,-0.304002,0.749589
1677108736,522676261,0.389316,0.634172,0.165591,0.556982,-0.193839,-0.302135,0.748941
1677108736,532365689,0.390502,0.633697,0.165372,0.559824,-0.193331,-0.299836,0.747876
1677108736,541968052,0.391450,0.633390,0.165078,0.562959,-0.191444,-0.298514,0.746536
1677108736,552532011,0.392657,0.632982,0.164829,0.565759,-0.190809,-0.296586,0.745349
1677108736,561540984,0.393810,0.632526,0.164585,0.567902,-0.189345,-0.294937,0.744747
1677108736,572139021,0.395003,0.632114,0.164345,0.569839,-0.188223,-0.293975,0.743931
1677108736,581839719,0.396292,0.631952,0.164120,0.572208,-0.186753,-0.293312,0.742744
1677108736,591833283,0.397643,0.631687,0.163952,0.573285,-0.184863,-0.292422,0.742738
1677108736,601238753,0.399124,0.631717,0.163757,0.574712,-0.183142,-0.291208,0.742538
1677108736,611231700,0.400545,0.631988,0.163598,0.576027,-0.180999,-0.289792,0.742599
1677108736,622114021,0.401802,0.632427,0.163390,0.577506,-0.178105,-0.287104,0.743194
1677108736,632252007,0.403066,0.632846,0.163132,0.578637,-0.176578,-0.282890,0.744293
1677108736,641619098,0.403998,0.633564,0.162884,0.580415,-0.174940,-0.278516,0.744945
1677108736,652113870,0.404984,0.634275,0.162624,0.582525,-0.174572,-0.272496,0.745611
1677108736,661491798,0.405589,0.634696,0.162511,0.583160,-0.173994,-0.266257,0.747501
1677108736,671579318,0.406183,0.635340,0.162483,0.585108,-0.174087,-0.260330,0.748045
1677108736,681602537,0.406860,0.635852,0.162538,0.585990,-0.174765,-0.255202,0.748963
1677108736,691413140,0.407713,0.636486,0.162597,0.586050,-0.174303,-0.250888,0.750479
1677108736,701482360,0.408881,0.637358,0.162656,0.585414,-0.173049,-0.247579,0.752362
1677108736,711353726,0.410236,0.638342,0.162811,0.584668,-0.171173,-0.244619,0.754337
1677108736,722379085,0.411804,0.639313,0.163088,0.583749,-0.169645,-0.241427,0.756419
1677108736,732005036,0.413352,0.640307,0.163383,0.582081,-0.167578,-0.238582,0.759064
1677108736,741565967,0.414737,0.641527,0.163608,0.580737,-0.164705,-0.236273,0.761440
1677108736,752452313,0.416316,0.642779,0.163750,0.579957,-0.162992,-0.232723,0.763494
1677108736,761694537,0.417654,0.644042,0.163927,0.579924,-0.160385,-0.228427,0.765367
1677108736,771394568,0.418829,0.645234,0.164096,0.579438,-0.157754,-0.224386,0.767474
1677108736,781979841,0.419914,0.646484,0.164225,0.579196,-0.154760,-0.219733,0.769610
1677108736,792207099,0.421104,0.647800,0.164263,0.579444,-0.152834,-0.214979,0.771149
1677108736,801511462,0.422230,0.649073,0.164320,0.580108,-0.150258,-0.209466,0.772672
1677108736,812042428,0.423289,0.650397,0.164412,0.580658,-0.147868,-0.204818,0.773965
1677108736,821888437,0.424319,0.651754,0.164467,0.581373,-0.144283,-0.199953,0.775375
1677108736,832314465,0.425355,0.652881,0.164596,0.580963,-0.141703,-0.195849,0.777204
1677108736,842138896,0.426583,0.654245,0.164651,0.581810,-0.138577,-0.191074,0.778321
1677108736,852089165,0.427766,0.655548,0.164706,0.581709,-0.134998,-0.186914,0.780034
1677108736,862275213,0.429185,0.656986,0.164663,0.582342,-0.132926,-0.182612,0.780936
1677108736,872236742,0.430168,0.658330,0.164618,0.582679,-0.128543,-0.178828,0.782293
1677108736,882326523,0.431298,0.659722,0.164466,0.584128,-0.125462,-0.173974,0.782807
1677108736,892175009,0.432174,0.661087,0.164295,0.585771,-0.121310,-0.168755,0.783376
1677108736,901546326,0.432998,0.662441,0.164129,0.587398,-0.117862,-0.163284,0.783844
1677108736,911619914,0.433562,0.663688,0.163965,0.589311,-0.114209,-0.157865,0.784058
1677108736,921468494,0.434009,0.664832,0.163881,0.591357,-0.111337,-0.152245,0.784042
1677108736,931639702,0.434398,0.665814,0.163887,0.592927,-0.109098,-0.146723,0.784224
1677108736,942207711,0.434766,0.666713,0.163879,0.593694,-0.106819,-0.141422,0.784931
1677108736,952244466,0.435085,0.667747,0.163826,0.594305,-0.104265,-0.137231,0.785556
1677108736,961771134,0.435567,0.668812,0.163799,0.594831,-0.101373,-0.132216,0.786396
1677108736,972262830,0.436145,0.669999,0.163768,0.595685,-0.099578,-0.127715,0.786723
1677108736,981814589,0.436676,0.671122,0.163762,0.596513,-0.097404,-0.122701,0.787165
1677108736,991822911,0.436928,0.672282,0.163665,0.597793,-0.094672,-0.118318,0.787199
1677108737,986383,0.437084,0.673475,0.163534,0.599537,-0.091265,-0.113230,0.787023
1677108737,11316049,0.437356,0.674791,0.163287,0.602269,-0.088186,-0.106510,0.786225
1677108737,21170210,0.437267,0.675660,0.163035,0.603536,-0.084349,-0.100360,0.786484
1677108737,31522057,0.437037,0.676727,0.162734,0.606560,-0.081066,-0.094089,0.785277
1677108737,41518378,0.436808,0.677466,0.162510,0.608786,-0.078341,-0.087094,0.784638
1677108737,51417583,0.436558,0.678177,0.162274,0.611345,-0.076180,-0.080342,0.783581
1677108737,61615219,0.435976,0.678659,0.162075,0.612830,-0.072763,-0.074657,0.783308
1677108737,71755992,0.435682,0.679284,0.161870,0.615346,-0.070295,-0.068009,0.782165
1677108737,81579844,0.435450,0.679673,0.161717,0.616375,-0.068411,-0.061763,0.782041
1677108737,92057118,0.434998,0.680011,0.161590,0.616592,-0.065684,-0.057431,0.782433
1677108737,101874763,0.434789,0.680574,0.161484,0.618207,-0.063053,-0.052615,0.781714
1677108737,111900936,0.434705,0.681156,0.161389,0.620602,-0.060400,-0.047907,0.780327
1677108737,122190516,0.434462,0.681537,0.161311,0.622587,-0.056725,-0.044179,0.779240
1677108737,132496002,0.434396,0.681927,0.161197,0.624675,-0.053516,-0.040280,0.778007
1677108737,142095644,0.434330,0.682485,0.160982,0.627172,-0.049950,-0.036870,0.776403
1677108737,151950949,0.434208,0.682871,0.160779,0.628975,-0.046191,-0.034078,0.775303
1677108737,162314536,0.434083,0.683235,0.160616,0.630460,-0.043173,-0.031783,0.774369
1677108737,171476184,0.433889,0.683682,0.160461,0.632518,-0.040011,-0.029524,0.772948
1677108737,181206897,0.433812,0.684059,0.160276,0.633826,-0.037236,-0.026527,0.772124
1677108737,191581347,0.433510,0.684504,0.160090,0.634426,-0.034498,-0.024763,0.771816
1677108737,201739254,0.433399,0.685037,0.159927,0.635150,-0.032617,-0.021662,0.771396
1677108737,211956695,0.432989,0.685485,0.159782,0.636374,-0.029268,-0.018537,0.770602
1677108737,221154001,0.432543,0.685968,0.159641,0.638267,-0.026027,-0.015189,0.769225
1677108737,231389284,0.432128,0.686553,0.159502,0.640019,-0.022640,-0.011040,0.767946
1677108737,242294593,0.431469,0.687251,0.159204,0.641921,-0.018892,-0.007262,0.766504
1677108737,251766355,0.430538,0.687747,0.158861,0.643276,-0.014274,-0.002997,0.765496
1677108737,262140445,0.429673,0.688275,0.158503,0.645511,-0.011638,0.002814,0.763658
1677108737,272597771,0.428605,0.688879,0.158120,0.647738,-0.009825,0.008737,0.761750
1677108737,281722297,0.427387,0.689355,0.157796,0.648621,-0.009102,0.015110,0.760907
1677108737,291405182,0.425931,0.689658,0.157515,0.648198,-0.008417,0.022410,0.761096
1677108737,301799339,0.424453,0.690105,0.157258,0.648955,-0.009569,0.030213,0.760166
1677108737,311639985,0.422647,0.690364,0.157067,0.649360,-0.010272,0.037946,0.759464
1677108737,320844864,0.420987,0.690702,0.156897,0.649787,-0.012681,0.046488,0.758587
1677108737,331268921,0.419196,0.690844,0.156718,0.649008,-0.014809,0.054760,0.758664
1677108737,341791068,0.417294,0.691193,0.156493,0.649296,-0.017121,0.062409,0.757777
1677108737,352001348,0.415527,0.691400,0.156257,0.649279,-0.019454,0.070327,0.757042
1677108737,361952507,0.413646,0.691575,0.155933,0.648656,-0.020571,0.078117,0.756782
1677108737,371692815,0.411875,0.691848,0.155568,0.647828,-0.022167,0.085024,0.756702
1677108737,382072183,0.410151,0.692173,0.155316,0.647969,-0.024419,0.091276,0.755783
1677108737,392065437,0.408675,0.692174,0.155165,0.648081,-0.027394,0.097053,0.754865
1677108737,401496577,0.407355,0.692148,0.155041,0.648096,-0.030439,0.102518,0.754012
1677108737,411250445,0.406088,0.692197,0.154867,0.648022,-0.033304,0.106443,0.753411
1677108737,421216767,0.404945,0.692214,0.154669,0.647881,-0.035054,0.109658,0.752991
1677108737,431756487,0.403869,0.692268,0.154502,0.648513,-0.036246,0.111420,0.752132
1677108737,442090983,0.402929,0.692327,0.154322,0.649023,-0.036350,0.113180,0.751424
1677108737,451544669,0.402317,0.692335,0.154203,0.649297,-0.036764,0.114611,0.750950
1677108737,462101562,0.401826,0.692418,0.154008,0.650310,-0.036262,0.115327,0.749988
1677108737,471846506,0.401436,0.692258,0.153814,0.650874,-0.034544,0.115219,0.749596
1677108737,481311313,0.401327,0.692260,0.153679,0.652428,-0.033153,0.114546,0.748410
1677108737,491993433,0.401418,0.692321,0.153603,0.654237,-0.031340,0.112922,0.747155
1677108737,501474760,0.401664,0.692269,0.153561,0.655205,-0.029047,0.110321,0.746788
1677108737,512302946,0.401937,0.692211,0.153552,0.655792,-0.026193,0.106481,0.746936
1677108737,522236035,0.402445,0.692193,0.153639,0.656439,-0.023675,0.103191,0.746913
1677108737,531745071,0.402922,0.692219,0.153730,0.657931,-0.021135,0.099561,0.746169
1677108737,542320067,0.403410,0.692237,0.153773,0.659425,-0.018131,0.096701,0.745305
1677108737,552615918,0.403775,0.692130,0.153797,0.660369,-0.014919,0.093798,0.744911
1677108737,561888761,0.404127,0.692218,0.153760,0.662161,-0.013269,0.090845,0.743717
1677108737,571849902,0.404275,0.691941,0.153693,0.662199,-0.010664,0.088890,0.743960
1677108737,581923260,0.404407,0.691934,0.153635,0.663537,-0.009212,0.087216,0.742985
1677108737,591725682,0.404400,0.691797,0.153558,0.663934,-0.007885,0.086204,0.742764
1677108737,601499947,0.404252,0.691819,0.153434,0.664575,-0.006415,0.085425,0.742294
1677108737,611197258,0.404037,0.691720,0.153310,0.664651,-0.005436,0.085150,0.742266
1677108737,621483897,0.403724,0.691779,0.153220,0.665312,-0.004709,0.085266,0.741665
1677108737,632031526,0.403261,0.691811,0.153160,0.665776,-0.004122,0.085590,0.741215
1677108737,641522861,0.402914,0.691810,0.153128,0.666079,-0.004287,0.087041,0.740773
1677108737,652448141,0.402213,0.691650,0.153020,0.666290,-0.003472,0.087471,0.740536
1677108737,661956885,0.401623,0.691537,0.152889,0.667325,-0.002757,0.088987,0.739426
1677108737,672034139,0.401055,0.691416,0.152749,0.668619,-0.001076,0.091183,0.737993
1677108737,681974306,0.400488,0.691358,0.152652,0.670180,0.000321,0.092795,0.736375
1677108737,692565454,0.400029,0.691160,0.152561,0.671300,0.001492,0.093851,0.735219
1677108737,701074158,0.399543,0.690886,0.152487,0.672725,0.002592,0.094039,0.733888
1677108737,711163700,0.399379,0.690720,0.152485,0.674867,0.002769,0.095040,0.731788
1677108737,721590663,0.399088,0.690354,0.152468,0.676494,0.004203,0.094720,0.730319
1677108737,731141327,0.398994,0.690031,0.152456,0.677899,0.006086,0.094940,0.728974
1677108737,741423941,0.398837,0.690045,0.152424,0.679961,0.008885,0.094306,0.727104
1677108737,751359789,0.398870,0.689900,0.152370,0.681207,0.011500,0.093495,0.726005
1677108737,761602669,0.398988,0.689571,0.152299,0.682030,0.014308,0.092266,0.725339
1677108737,772191660,0.399127,0.689327,0.152265,0.683276,0.017813,0.091006,0.724247
1677108737,781913375,0.399428,0.689196,0.152242,0.684719,0.021044,0.089448,0.722991
1677108737,792008553,0.399765,0.689048,0.152212,0.685650,0.025146,0.087867,0.722171
1677108737,801130286,0.400103,0.688940,0.152194,0.686359,0.028382,0.084844,0.721739
1677108737,811421993,0.400571,0.688836,0.152210,0.687129,0.031200,0.081968,0.721222
1677108737,821619236,0.401045,0.688699,0.152286,0.688435,0.034306,0.079101,0.720155
1677108737,831367977,0.401624,0.688455,0.152352,0.689779,0.037592,0.077069,0.718925
1677108737,841954007,0.402250,0.688359,0.152387,0.691332,0.040797,0.075471,0.717426
1677108737,851415841,0.402566,0.688333,0.152474,0.692745,0.044239,0.072418,0.716173
1677108737,861702971,0.403005,0.688216,0.152511,0.693443,0.046681,0.070204,0.715562
1677108737,872250987,0.403346,0.687995,0.152558,0.694087,0.048821,0.068017,0.715005
1677108737,881676361,0.403674,0.687729,0.152593,0.694518,0.051018,0.067034,0.714527
1677108737,891565724,0.403855,0.687598,0.152606,0.695574,0.052596,0.065903,0.713490
1677108737,901299211,0.404100,0.687462,0.152626,0.696568,0.052893,0.065194,0.712562
1677108737,911880209,0.404196,0.687203,0.152597,0.696766,0.053609,0.064693,0.712361
1677108737,920980435,0.404281,0.687090,0.152595,0.697770,0.053775,0.064344,0.711396
1677108737,931167706,0.404377,0.686951,0.152593,0.698433,0.054005,0.064576,0.710707
1677108737,941923588,0.404247,0.686670,0.152587,0.698587,0.055115,0.064076,0.710516
1677108737,951425903,0.404359,0.686603,0.152605,0.699371,0.055084,0.064105,0.709744
1677108737,961991144,0.404461,0.686533,0.152639,0.700065,0.055519,0.064030,0.709032
1677108737,971530487,0.404707,0.686434,0.152677,0.700916,0.055258,0.064182,0.708198
1677108737,981883725,0.404763,0.686281,0.152751,0.701665,0.056196,0.063560,0.707438
1677108737,991581748,0.404916,0.686062,0.152841,0.702259,0.056507,0.062702,0.706900
1677108738,1896113,0.405011,0.685789,0.153002,0.703208,0.057370,0.061705,0.705975
1677108738,11354641,0.405356,0.685406,0.153185,0.704350,0.057196,0.061769,0.704843
1677108738,21818217,0.405491,0.684989,0.153346,0.705982,0.057675,0.061055,0.703232
1677108738,32054711,0.405591,0.684664,0.153526,0.708000,0.057968,0.059835,0.701281
1677108738,41682444,0.405665,0.684215,0.153662,0.709315,0.058824,0.059283,0.699926
1677108738,51698524,0.405975,0.683996,0.153714,0.711008,0.058552,0.058936,0.698259
1677108738,62006698,0.406224,0.683649,0.153673,0.711047,0.058946,0.058473,0.698225
1677108738,71549463,0.406405,0.683714,0.153608,0.711646,0.059554,0.057666,0.697630
1677108738,81432467,0.406469,0.683647,0.153478,0.711615,0.060425,0.055850,0.697735
1677108738,91798924,0.406692,0.683533,0.153395,0.711947,0.060657,0.055260,0.697423
1677108738,101769494,0.406910,0.683374,0.153326,0.712962,0.060869,0.054587,0.696420
1677108738,111690154,0.407121,0.683153,0.153321,0.713533,0.061311,0.053865,0.695852
1677108738,121397492,0.407283,0.683025,0.153345,0.714376,0.061487,0.052437,0.695080
1677108738,132222194,0.407528,0.682692,0.153362,0.714966,0.061225,0.051588,0.694560
1677108738,141709959,0.407610,0.682277,0.153426,0.715931,0.061419,0.050333,0.693641
1677108738,151087441,0.407887,0.681924,0.153494,0.717415,0.060951,0.050075,0.692166
1677108738,161270959,0.407981,0.681731,0.153576,0.719280,0.060632,0.048988,0.690333
1677108738,171870488,0.408072,0.681545,0.153601,0.720727,0.060246,0.047399,0.688967
1677108738,181405649,0.408310,0.681278,0.153659,0.721266,0.060072,0.047302,0.688425
1677108738,191647252,0.408400,0.680909,0.153712,0.721262,0.059907,0.045838,0.688543
1677108738,201446883,0.408580,0.680751,0.153856,0.722445,0.059474,0.044855,0.687404
1677108738,211290648,0.408901,0.680501,0.154086,0.723552,0.058172,0.044270,0.686388
1677108738,221111354,0.408955,0.680090,0.154336,0.724447,0.058209,0.043164,0.685510
1677108738,231543268,0.409138,0.679747,0.154643,0.726195,0.057474,0.042119,0.683786
1677108738,241697877,0.409190,0.679345,0.154989,0.728273,0.057754,0.041104,0.681610
1677108738,251462478,0.409402,0.678930,0.155346,0.730327,0.057701,0.041022,0.679419
1677108738,261806482,0.409568,0.678470,0.155726,0.731918,0.057729,0.040489,0.677735
1677108738,271758234,0.409761,0.678303,0.156182,0.734126,0.057516,0.039596,0.675413
1677108738,281571815,0.409899,0.678122,0.156600,0.735770,0.057974,0.038736,0.673633
1677108738,291703097,0.410180,0.677993,0.157041,0.737321,0.057687,0.037909,0.672006
1677108738,301258937,0.410442,0.677803,0.157508,0.738338,0.057533,0.036941,0.670956
1677108738,311262982,0.410705,0.677739,0.158041,0.739746,0.057173,0.035773,0.669498
1677108738,322104042,0.410954,0.677423,0.158577,0.740241,0.056942,0.034530,0.669036
1677108738,332191507,0.411242,0.677205,0.159215,0.741820,0.056337,0.033629,0.667381
1677108738,341991817,0.411466,0.676783,0.159875,0.743202,0.056531,0.033248,0.665845
1677108738,352364421,0.411669,0.676498,0.160627,0.745804,0.056160,0.032109,0.663017
1677108738,361731250,0.411855,0.675927,0.161435,0.747634,0.056480,0.031961,0.660933
1677108738,371369524,0.412147,0.675409,0.162304,0.749978,0.055831,0.031517,0.658349
1677108738,381669306,0.412426,0.674925,0.163237,0.752444,0.055559,0.031241,0.655565
1677108738,392046476,0.412678,0.674479,0.164213,0.755068,0.055674,0.030709,0.652556
1677108738,401640387,0.412839,0.673883,0.165185,0.757047,0.056073,0.029239,0.650293
1677108738,411927181,0.413299,0.673387,0.166185,0.759033,0.055146,0.028455,0.648088
1677108738,421729182,0.413612,0.672925,0.167207,0.761018,0.055122,0.027229,0.645811
1677108738,432342099,0.413907,0.672722,0.168329,0.763823,0.055455,0.025886,0.642518
1677108738,442218943,0.414326,0.672031,0.169359,0.764555,0.054823,0.023983,0.641775
1677108738,452059250,0.414806,0.671649,0.170582,0.766512,0.054638,0.022953,0.639490
1677108738,461846503,0.415155,0.671103,0.171843,0.768111,0.054933,0.021254,0.637602
1677108738,471630068,0.415593,0.670544,0.173200,0.770296,0.054963,0.019886,0.635002
1677108738,480875132,0.416002,0.669798,0.174646,0.772484,0.055234,0.018474,0.632358
1677108738,491149116,0.416410,0.669240,0.176169,0.775756,0.055749,0.017440,0.628323
1677108738,501510310,0.416818,0.668412,0.177746,0.778098,0.056402,0.016679,0.625383
1677108738,511836543,0.417195,0.667717,0.179410,0.780377,0.056643,0.015624,0.622543
1677108738,521891611,0.417591,0.667090,0.181166,0.782515,0.056468,0.014592,0.619894
1677108738,531914073,0.417887,0.666379,0.182946,0.783845,0.056543,0.013760,0.618224
1677108738,541956721,0.418249,0.665965,0.184857,0.785984,0.055556,0.013159,0.615605
1677108738,551761243,0.418400,0.665390,0.186773,0.787266,0.055197,0.012616,0.614009
1677108738,561366938,0.418605,0.664826,0.188748,0.788581,0.054239,0.012873,0.612399
1677108738,572381425,0.418631,0.664288,0.190784,0.789878,0.053456,0.012818,0.610796
1677108738,581790974,0.418690,0.663766,0.192841,0.791327,0.052168,0.013239,0.609019
1677108738,591799300,0.418750,0.663319,0.195026,0.793084,0.050477,0.013919,0.606858
1677108738,601545495,0.418757,0.662773,0.197224,0.794666,0.048870,0.014689,0.604898
1677108738,611733046,0.418560,0.662116,0.199381,0.795909,0.048323,0.015349,0.603290
1677108738,621306415,0.418220,0.661258,0.201469,0.796551,0.048458,0.015477,0.602428
1677108738,632847745,0.418682,0.661238,0.203995,0.800077,0.044770,0.017590,0.597965
1677108738,641558561,0.418626,0.660558,0.206221,0.801125,0.043834,0.018210,0.596612
1677108738,651374858,0.418714,0.660045,0.208606,0.802830,0.042026,0.019053,0.594420
1677108738,661158484,0.418799,0.659504,0.210918,0.803771,0.040755,0.019716,0.593214
1677108738,671577481,0.418800,0.658936,0.213266,0.804446,0.039470,0.019238,0.592401
1677108738,681500494,0.418936,0.658525,0.215670,0.805412,0.038069,0.019257,0.591178
1677108738,691460783,0.419004,0.658006,0.218128,0.806387,0.037224,0.019257,0.589901
1677108738,701625921,0.419090,0.657424,0.220580,0.807567,0.036954,0.019868,0.588281
1677108738,711792237,0.419181,0.657001,0.223109,0.809482,0.036545,0.020495,0.585647
1677108738,721815882,0.419318,0.656361,0.225520,0.810471,0.036238,0.021213,0.584272
1677108738,731789736,0.419340,0.655750,0.227954,0.811388,0.035924,0.021036,0.583023
1677108738,741137791,0.419485,0.655294,0.230395,0.812432,0.035447,0.021968,0.581562
1677108738,751166617,0.419733,0.654880,0.232816,0.813213,0.034454,0.023161,0.580483
1677108738,761208791,0.419267,0.654745,0.235400,0.814919,0.037127,0.022532,0.577945
1677108738,771952126,0.419296,0.654385,0.237682,0.814836,0.036660,0.023301,0.578061
1677108738,782031085,0.419203,0.654258,0.240016,0.814930,0.036094,0.022900,0.577981
1677108738,792160333,0.419131,0.654131,0.242297,0.814505,0.035765,0.023825,0.578563
1677108738,801858114,0.418970,0.654123,0.244622,0.814485,0.034862,0.023682,0.578652
1677108738,811896526,0.418753,0.654133,0.246960,0.814481,0.034235,0.024124,0.578677
1677108738,821215326,0.418518,0.654186,0.249229,0.814520,0.033535,0.025266,0.578615
1677108738,831809987,0.418163,0.654111,0.251428,0.814596,0.032884,0.025844,0.578519
1677108738,841309694,0.417557,0.653564,0.253188,0.812419,0.033986,0.026395,0.581484
1677108738,851197699,0.417439,0.654346,0.255801,0.815356,0.031519,0.029501,0.577348
1677108738,861482070,0.417014,0.654708,0.257982,0.816396,0.031377,0.031678,0.575769
1677108738,871613909,0.416503,0.654293,0.260006,0.814890,0.029103,0.031460,0.578029
1677108738,881427940,0.416040,0.654247,0.262001,0.814167,0.027923,0.032578,0.579043
1677108738,891911305,0.415556,0.654351,0.264049,0.813792,0.027132,0.033717,0.579542
1677108738,901891223,0.415116,0.654458,0.266040,0.813328,0.026041,0.034312,0.580209
1677108738,911402038,0.414764,0.654677,0.268028,0.813262,0.024917,0.035172,0.580299
1677108738,922503441,0.414506,0.654789,0.269935,0.813184,0.023652,0.035981,0.580411
1677108738,932086868,0.414069,0.654743,0.271828,0.813006,0.023703,0.036117,0.580650
1677108738,942074954,0.413833,0.654628,0.273688,0.812904,0.023287,0.036606,0.580779
1677108738,952686325,0.413791,0.654664,0.275647,0.813664,0.022396,0.037490,0.579692
1677108738,962241385,0.413745,0.654541,0.277535,0.813943,0.021712,0.038244,0.579278
1677108738,971651884,0.413167,0.654633,0.279583,0.815305,0.024771,0.037963,0.577255
1677108738,981709594,0.413631,0.654321,0.281295,0.814464,0.022205,0.038861,0.578485
1677108738,991854703,0.413454,0.654285,0.283215,0.814470,0.021752,0.037480,0.578585
1677108739,1686041,0.413274,0.654292,0.285118,0.814624,0.022167,0.037082,0.578378
1677108739,12430348,0.413235,0.654519,0.286988,0.815259,0.021615,0.037137,0.577500
1677108739,21607035,0.413079,0.655273,0.289016,0.817877,0.021131,0.036450,0.573848
1677108739,32085789,0.413023,0.654215,0.290426,0.814583,0.020625,0.037208,0.578484
1677108739,42077416,0.412691,0.654124,0.292009,0.814503,0.020752,0.037068,0.578602
1677108739,52399025,0.412505,0.654049,0.293577,0.814467,0.019916,0.037776,0.578636
1677108739,61655605,0.412320,0.654006,0.295060,0.814564,0.018464,0.038378,0.578509
1677108739,71382597,0.412432,0.653728,0.296371,0.813888,0.015227,0.039537,0.579475
1677108739,81809755,0.412484,0.653650,0.297731,0.813987,0.012293,0.041159,0.579293
1677108739,91338233,0.411023,0.653918,0.299337,0.815752,0.016987,0.040407,0.576738
1677108739,101194869,0.410710,0.653796,0.300602,0.815299,0.015730,0.041362,0.577347
1677108739,111616800,0.410391,0.654077,0.301956,0.815804,0.014653,0.042404,0.576585
1677108739,121674037,0.409989,0.654121,0.303188,0.815443,0.014028,0.042704,0.577090
1677108739,132132259,0.409670,0.654362,0.304417,0.815536,0.013410,0.043913,0.576883
1677108739,141705811,0.409387,0.654445,0.305544,0.815141,0.012462,0.044660,0.577404
1677108739,151980727,0.409065,0.654560,0.306674,0.815136,0.012066,0.045601,0.577346
1677108739,161812737,0.408794,0.654575,0.307734,0.814946,0.011614,0.046405,0.577560
1677108739,171089380,0.408568,0.654563,0.308769,0.814957,0.011247,0.047337,0.577475
1677108739,181383892,0.408286,0.654552,0.309714,0.815242,0.011217,0.047447,0.577064
1677108739,192017027,0.407947,0.654246,0.310447,0.814617,0.011986,0.047454,0.577930
1677108739,201533302,0.407625,0.653995,0.311202,0.814419,0.012758,0.047211,0.578212
1677108739,211786294,0.407172,0.653555,0.311834,0.813910,0.015069,0.047049,0.578887
1677108739,221443151,0.406842,0.653083,0.312408,0.813388,0.016921,0.046259,0.579633
1677108739,232203117,0.407974,0.653438,0.313914,0.817051,0.009378,0.047326,0.574543
1677108739,241890201,0.408080,0.653186,0.314658,0.817214,0.009257,0.046587,0.574373
1677108739,252344873,0.408135,0.653106,0.315380,0.817569,0.009674,0.045806,0.573924
1677108739,262186091,0.408237,0.652851,0.315992,0.817400,0.010427,0.045615,0.574167
1677108739,272379462,0.408355,0.652711,0.316600,0.817952,0.010942,0.044693,0.573443
1677108739,282075652,0.408634,0.652458,0.317181,0.818348,0.010766,0.044564,0.572892
1677108739,292166807,0.408622,0.652151,0.317669,0.818499,0.012149,0.043548,0.572726
1677108739,301130213,0.409046,0.651983,0.318244,0.819188,0.011339,0.043025,0.571797
1677108739,311551545,0.409209,0.651690,0.318695,0.819118,0.012227,0.042312,0.571932
1677108739,321812249,0.409582,0.651654,0.319144,0.819647,0.011936,0.041120,0.571267
1677108739,332204546,0.409781,0.651581,0.319557,0.820112,0.012882,0.039862,0.570667
1677108739,341686907,0.410008,0.651257,0.319818,0.819852,0.013955,0.038722,0.571095
1677108739,351441560,0.410438,0.651031,0.320248,0.820476,0.014173,0.038050,0.570237
1677108739,361883347,0.410659,0.650720,0.320596,0.821074,0.015327,0.036464,0.569450
1677108739,372374841,0.410884,0.650427,0.320954,0.821613,0.016932,0.036102,0.568650
1677108739,382099095,0.411106,0.650130,0.321279,0.821906,0.017914,0.034920,0.568270
1677108739,392103778,0.411403,0.650058,0.321705,0.822693,0.018396,0.034353,0.567149
1677108739,402098530,0.411487,0.649807,0.321981,0.822470,0.019850,0.033766,0.567458
1677108739,411971529,0.411693,0.649776,0.322359,0.822861,0.019755,0.033452,0.566914
1677108739,421563720,0.412022,0.649047,0.322573,0.821124,0.019298,0.034012,0.569409
1677108739,432424389,0.411955,0.648991,0.322973,0.821226,0.018893,0.032775,0.569348
1677108739,441616019,0.412078,0.648786,0.323348,0.821053,0.017644,0.032904,0.569630
1677108739,452258396,0.411884,0.648814,0.323785,0.821666,0.018504,0.033356,0.568692
1677108739,461809377,0.411771,0.648740,0.324202,0.822081,0.018034,0.033097,0.568122
1677108739,471660620,0.411666,0.648648,0.324636,0.822419,0.017805,0.033328,0.567626
1677108739,481689768,0.411545,0.648550,0.325039,0.822731,0.017587,0.033622,0.567163
1677108739,491669327,0.412266,0.648840,0.325844,0.825155,0.011620,0.033851,0.563771
