secs,nsecs,tx,ty,tz,rx,ry,rz,rw
1677108358,242700055,0.231942,0.597643,0.576386,0.399383,-0.248532,-0.227558,0.852609
1677108358,252977206,0.231867,0.597708,0.576449,0.399653,-0.247944,-0.227482,0.852674
1677108358,263190738,0.231971,0.597788,0.576420,0.400195,-0.247846,-0.227328,0.852489
1677108358,272827063,0.232025,0.597782,0.576435,0.400169,-0.247420,-0.227917,0.852468
1677108358,282275035,0.232152,0.597724,0.576457,0.400135,-0.246235,-0.228200,0.852751
1677108358,292459790,0.232339,0.597663,0.576421,0.400620,-0.246064,-0.229327,0.852271
1677108358,302968250,0.232542,0.597473,0.576441,0.400706,-0.245661,-0.230247,0.852098
1677108358,313225951,0.232780,0.597228,0.576471,0.401162,-0.245088,-0.231513,0.851706
1677108358,322940735,0.233046,0.597054,0.576449,0.402336,-0.244303,-0.232885,0.851003
1677108358,332711988,0.233332,0.596716,0.576566,0.402678,-0.243489,-0.234000,0.850769
1677108358,342785785,0.233517,0.596430,0.576637,0.403080,-0.242712,-0.235459,0.850398
1677108358,353153340,0.233642,0.596180,0.576674,0.403383,-0.241801,-0.236656,0.850181
1677108358,363123136,0.233851,0.596056,0.576654,0.403918,-0.241958,-0.237111,0.849756
1677108358,372906626,0.234009,0.595942,0.576626,0.403921,-0.242316,-0.237101,0.849655
1677108358,382881437,0.234043,0.595957,0.576561,0.403840,-0.242823,-0.237355,0.849478
1677108358,393001754,0.234059,0.595924,0.576489,0.403818,-0.243224,-0.236694,0.849558
1677108358,403175566,0.234015,0.595961,0.576392,0.404014,-0.243962,-0.236326,0.849355
1677108358,413621771,0.234020,0.596022,0.576281,0.404436,-0.243942,-0.235223,0.849467
1677108358,423398959,0.233974,0.596038,0.576180,0.404301,-0.243711,-0.233939,0.849952
1677108358,432771484,0.233997,0.596274,0.575930,0.404850,-0.243306,-0.232699,0.850147
1677108358,443201903,0.234140,0.596509,0.575584,0.405127,-0.243380,-0.231093,0.850432
1677108358,453240211,0.234179,0.596808,0.575150,0.404998,-0.243265,-0.230210,0.850766
1677108358,463254848,0.234144,0.597029,0.574697,0.404092,-0.242880,-0.229795,0.851418
1677108358,472777836,0.234339,0.597235,0.574175,0.403772,-0.242942,-0.228327,0.851947
1677108358,483025606,0.234552,0.597387,0.573669,0.402986,-0.243099,-0.227320,0.852544
1677108358,493020709,0.234736,0.597588,0.573071,0.402843,-0.242761,-0.226762,0.852856
1677108358,503459414,0.234969,0.597730,0.572462,0.402765,-0.242354,-0.225980,0.853216
1677108358,512834028,0.235174,0.597908,0.571837,0.403120,-0.241782,-0.225783,0.853263
1677108358,522731868,0.235489,0.597943,0.571226,0.403586,-0.241728,-0.225190,0.853215
1677108358,532958363,0.235742,0.597992,0.570617,0.404785,-0.241152,-0.224852,0.852899
1677108358,542844020,0.235947,0.597808,0.570085,0.405525,-0.240840,-0.224476,0.852735
1677108358,552783090,0.236196,0.597649,0.569501,0.406825,-0.240732,-0.224415,0.852162
1677108358,562879533,0.236367,0.597378,0.568948,0.407452,-0.241259,-0.225158,0.851517
1677108358,573382967,0.236708,0.597135,0.568271,0.408835,-0.241678,-0.224838,0.850819
1677108358,583014112,0.236985,0.596874,0.567511,0.409817,-0.242177,-0.225043,0.850150
1677108358,593021322,0.237331,0.596612,0.566614,0.410442,-0.242900,-0.225072,0.849635
1677108358,603441373,0.237655,0.596424,0.565552,0.410989,-0.243508,-0.225152,0.849175
1677108358,613410049,0.238213,0.596320,0.564305,0.412048,-0.244295,-0.224443,0.848623
1677108358,622934612,0.238526,0.596191,0.562933,0.412624,-0.244457,-0.224806,0.848201
1677108358,632657144,0.239180,0.596038,0.561415,0.413877,-0.244612,-0.223570,0.847872
1677108358,642987879,0.239641,0.595905,0.559806,0.414663,-0.244491,-0.224238,0.847346
1677108358,652948419,0.240360,0.595674,0.558154,0.415462,-0.244490,-0.224232,0.846957
1677108358,663063156,0.241044,0.595387,0.556520,0.415784,-0.244625,-0.225455,0.846435
1677108358,673178226,0.241823,0.595007,0.554925,0.416716,-0.244850,-0.226547,0.845620
1677108358,683368848,0.242596,0.594500,0.553413,0.417513,-0.245075,-0.227775,0.844831
1677108358,693236247,0.243269,0.593981,0.551912,0.418827,-0.244747,-0.228915,0.843967
1677108358,703201698,0.243777,0.593470,0.550408,0.420271,-0.243958,-0.230152,0.843141
1677108358,712920268,0.244381,0.592928,0.548905,0.422066,-0.244317,-0.230408,0.842070
1677108358,722934156,0.244731,0.592409,0.547418,0.423622,-0.244517,-0.230908,0.841093
1677108358,733295345,0.245004,0.591893,0.545916,0.424902,-0.244147,-0.230824,0.840578
1677108358,742682189,0.245393,0.591414,0.544387,0.426346,-0.244732,-0.229832,0.839948
1677108358,752878478,0.245942,0.590988,0.542797,0.427664,-0.246107,-0.228615,0.839208
1677108358,763177346,0.246278,0.590657,0.541089,0.428869,-0.246273,-0.228435,0.838593
1677108358,772971839,0.246841,0.590213,0.539413,0.429737,-0.246568,-0.227799,0.838235
1677108358,782420506,0.247544,0.589851,0.537666,0.431169,-0.246675,-0.227497,0.837550
1677108358,792943418,0.248448,0.589426,0.535950,0.432855,-0.246651,-0.226759,0.836887
1677108358,803221929,0.249000,0.588817,0.534207,0.432963,-0.244644,-0.229041,0.836799
1677108358,813202865,0.249934,0.588355,0.532401,0.434319,-0.243675,-0.229886,0.836147
1677108358,822922438,0.250868,0.587827,0.530594,0.435211,-0.242048,-0.230716,0.835927
1677108358,833485840,0.251964,0.587381,0.528690,0.436139,-0.240979,-0.231263,0.835601
1677108358,843321982,0.252965,0.587021,0.526718,0.437018,-0.239162,-0.232080,0.835437
1677108358,852674786,0.253986,0.586678,0.524720,0.437548,-0.237456,-0.232963,0.835401
1677108358,863270764,0.254922,0.586292,0.522775,0.437613,-0.235850,-0.233822,0.835582
1677108358,873256371,0.255867,0.586049,0.520752,0.438760,-0.233506,-0.234663,0.835403
1677108358,883242663,0.256855,0.585966,0.518732,0.440546,-0.231763,-0.235679,0.834662
1677108358,893453998,0.257805,0.585128,0.516998,0.437527,-0.233544,-0.237896,0.835125
1677108358,903022571,0.258849,0.584791,0.515067,0.438254,-0.231610,-0.238342,0.835155
1677108358,913123896,0.259997,0.584592,0.513048,0.439196,-0.230846,-0.238584,0.834802
1677108358,923120263,0.260882,0.584397,0.511096,0.439424,-0.229089,-0.239500,0.834904
1677108358,933699528,0.261619,0.584098,0.509270,0.438530,-0.227131,-0.240451,0.835635
1677108358,943503464,0.262263,0.583690,0.507594,0.436722,-0.225872,-0.241743,0.836550
1677108358,953322240,0.263674,0.584034,0.505267,0.440661,-0.224882,-0.240772,0.835030
1677108358,963227039,0.264556,0.583976,0.503409,0.441348,-0.223809,-0.241110,0.834858
1677108358,973247175,0.265282,0.583792,0.501652,0.441371,-0.222752,-0.242171,0.834821
1677108358,983281043,0.266050,0.583589,0.499927,0.441881,-0.221957,-0.242426,0.834689
1677108358,992879122,0.266787,0.583430,0.498234,0.443127,-0.220977,-0.242501,0.834267
1677108359,3123019,0.267363,0.583238,0.496635,0.443497,-0.220341,-0.243298,0.834006
1677108359,13502305,0.268038,0.583038,0.495008,0.444321,-0.220078,-0.243063,0.833706
1677108359,22936666,0.268583,0.582999,0.493351,0.445292,-0.219359,-0.243026,0.833388
1677108359,32952673,0.269287,0.583073,0.491633,0.446375,-0.219188,-0.242704,0.832947
1677108359,42829881,0.269693,0.583156,0.489971,0.446542,-0.218012,-0.242979,0.833086
1677108359,53042541,0.270328,0.583292,0.488189,0.447148,-0.217001,-0.242339,0.833211
1677108359,63101656,0.270855,0.583440,0.486496,0.447015,-0.216125,-0.242078,0.833586
1677108359,73124979,0.271518,0.583680,0.484708,0.447564,-0.215633,-0.241263,0.833655
1677108359,82742785,0.271998,0.583892,0.482954,0.447660,-0.214727,-0.240909,0.833940
1677108359,92834568,0.272320,0.584009,0.481270,0.446924,-0.213773,-0.241595,0.834381
1677108359,102999027,0.272926,0.584130,0.479587,0.446729,-0.213975,-0.241056,0.834590
1677108359,113448003,0.273300,0.584390,0.477927,0.446795,-0.213360,-0.241341,0.834629
1677108359,123558809,0.273630,0.584485,0.476365,0.446285,-0.213116,-0.241475,0.834926
1677108359,132990430,0.274181,0.584765,0.474680,0.447388,-0.213455,-0.240412,0.834555
1677108359,142682345,0.274380,0.584899,0.473156,0.446940,-0.213022,-0.240142,0.834984
1677108359,153326890,0.274535,0.585120,0.471590,0.446997,-0.212261,-0.239421,0.835355
1677108359,163149197,0.274851,0.585310,0.469990,0.447004,-0.212412,-0.238546,0.835562
1677108359,172979139,0.275135,0.585546,0.468378,0.447500,-0.212226,-0.237885,0.835532
1677108359,183260141,0.275495,0.585600,0.466865,0.447839,-0.212160,-0.237318,0.835529
1677108359,192981559,0.275924,0.585528,0.465413,0.448689,-0.212073,-0.237170,0.835137
1677108359,202745556,0.276248,0.585392,0.464077,0.449569,-0.211322,-0.237798,0.834675
1677108359,213490879,0.276597,0.585125,0.462777,0.450436,-0.211191,-0.238934,0.833916
1677108359,223441520,0.277114,0.584944,0.461420,0.452251,-0.210829,-0.239376,0.832898
1677108359,232428918,0.277414,0.584609,0.460148,0.452654,-0.210098,-0.240388,0.832573
1677108359,242987456,0.277799,0.584476,0.458746,0.453957,-0.209015,-0.241176,0.831907
1677108359,253028365,0.278341,0.584263,0.457392,0.454720,-0.209384,-0.240965,0.831459
1677108359,263081847,0.278810,0.584196,0.455990,0.455871,-0.209613,-0.241178,0.830709
1677108359,272659335,0.279103,0.584113,0.454621,0.456732,-0.208684,-0.241418,0.830400
1677108359,283888414,0.279383,0.583906,0.453283,0.457127,-0.207878,-0.241354,0.830403
1677108359,293479035,0.279750,0.583762,0.451917,0.458307,-0.207605,-0.240879,0.829959
1677108359,303680619,0.280070,0.583726,0.450483,0.459778,-0.207259,-0.241218,0.829133
1677108359,313563924,0.280390,0.583423,0.449201,0.460034,-0.206605,-0.240990,0.829221
1677108359,322929973,0.280901,0.583360,0.447788,0.461698,-0.207043,-0.241186,0.828129
1677108359,333026074,0.281103,0.583200,0.446474,0.462504,-0.205809,-0.242047,0.827735
1677108359,343443986,0.281631,0.582983,0.445104,0.463505,-0.206034,-0.242100,0.827104
1677108359,353186676,0.281927,0.582866,0.443742,0.464411,-0.204981,-0.242719,0.826676
1677108359,363099984,0.282403,0.582808,0.442364,0.465647,-0.204699,-0.242656,0.826068
1677108359,372610756,0.282706,0.582699,0.441000,0.465919,-0.203154,-0.242728,0.826276
1677108359,382781499,0.283194,0.582772,0.439537,0.466776,-0.202464,-0.242298,0.826087
1677108359,393386885,0.283622,0.582918,0.438051,0.467793,-0.201763,-0.241983,0.825776
1677108359,403323840,0.283900,0.582966,0.436574,0.468109,-0.200267,-0.241991,0.825958
1677108359,413235879,0.284226,0.582929,0.435151,0.468116,-0.199732,-0.242348,0.825979
1677108359,423283174,0.284770,0.582958,0.433680,0.469458,-0.199443,-0.242009,0.825387
1677108359,433102147,0.285425,0.582804,0.432234,0.470322,-0.198785,-0.241221,0.825284
1677108359,442996289,0.285585,0.582473,0.431061,0.470051,-0.197451,-0.242352,0.825428
1677108359,452953272,0.286027,0.582243,0.429776,0.470931,-0.196710,-0.242860,0.824953
1677108359,463095546,0.286514,0.582081,0.428392,0.472451,-0.196005,-0.243442,0.824080
1677108359,472735389,0.286979,0.581878,0.427037,0.473528,-0.195188,-0.243899,0.823521
1677108359,482347355,0.287358,0.581688,0.425681,0.474169,-0.193822,-0.244460,0.823308
1677108359,492884544,0.287941,0.581524,0.424243,0.475261,-0.193194,-0.244011,0.822959
1677108359,503277284,0.288389,0.581406,0.422790,0.476063,-0.191912,-0.243952,0.822813
1677108359,512970322,0.288732,0.581244,0.421372,0.476456,-0.190749,-0.244724,0.822627
1677108359,522883035,0.289334,0.581068,0.419950,0.477649,-0.190281,-0.244345,0.822156
1677108359,533087891,0.289775,0.580843,0.418606,0.478127,-0.189559,-0.245159,0.821803
1677108359,542649393,0.290291,0.580524,0.417260,0.479142,-0.188802,-0.245114,0.821399
1677108359,553750425,0.290791,0.580215,0.416026,0.479667,-0.188947,-0.245729,0.820875
1677108359,562865812,0.291062,0.579915,0.414798,0.480441,-0.188239,-0.246914,0.820229
1677108359,573109672,0.291440,0.579697,0.413576,0.481612,-0.188410,-0.247590,0.819299
1677108359,582547031,0.291782,0.579382,0.412408,0.482359,-0.188336,-0.247632,0.818864
1677108359,592714319,0.291939,0.579052,0.411255,0.482548,-0.188393,-0.248076,0.818605
1677108359,603341533,0.292283,0.579020,0.409951,0.484085,-0.188675,-0.247480,0.817813
1677108359,612703693,0.292482,0.578890,0.408721,0.484368,-0.189036,-0.247344,0.817602
1677108359,622989751,0.292715,0.578683,0.407554,0.483893,-0.189259,-0.246753,0.818011
1677108359,633191475,0.293016,0.578733,0.406278,0.484749,-0.190012,-0.246821,0.817309
1677108359,643253246,0.293213,0.578531,0.405176,0.484608,-0.190147,-0.246505,0.817456
1677108359,653046267,0.293363,0.578416,0.404076,0.485244,-0.190417,-0.246817,0.816922
1677108359,663450649,0.293549,0.578247,0.403020,0.485920,-0.191430,-0.247105,0.816196
1677108359,673506775,0.293657,0.578022,0.402030,0.486751,-0.191591,-0.246912,0.815721
1677108359,682656307,0.293722,0.577905,0.401025,0.488183,-0.191466,-0.247076,0.814844
1677108359,693198779,0.293894,0.577894,0.399969,0.490503,-0.191321,-0.246395,0.813691
1677108359,702969205,0.293979,0.577781,0.398916,0.491746,-0.191142,-0.245980,0.813108
1677108359,712718305,0.294093,0.577714,0.397824,0.493047,-0.190938,-0.245018,0.812659
1677108359,722906612,0.294194,0.577731,0.396682,0.494180,-0.190775,-0.244526,0.812156
1677108359,733330915,0.294071,0.577729,0.395582,0.494725,-0.189697,-0.245053,0.811918
1677108359,743082466,0.294300,0.577592,0.394494,0.495551,-0.190144,-0.244042,0.811614
1677108359,753104478,0.294323,0.577621,0.393344,0.497055,-0.189255,-0.244123,0.810877
1677108359,763135121,0.294380,0.577483,0.392248,0.498211,-0.189215,-0.243678,0.810311
1677108359,772690651,0.294393,0.577449,0.391064,0.499939,-0.188424,-0.243152,0.809589
1677108359,782380654,0.294346,0.577258,0.389915,0.500654,-0.188606,-0.243186,0.809094
1677108359,792997956,0.294488,0.577115,0.388693,0.502199,-0.188894,-0.242064,0.808406
1677108359,802996379,0.294486,0.577089,0.387382,0.503572,-0.188870,-0.242283,0.807491
1677108359,812634354,0.294537,0.577024,0.386080,0.504654,-0.188507,-0.242055,0.806969
1677108359,822841908,0.294728,0.576903,0.384688,0.505267,-0.188383,-0.241551,0.806765
1677108359,833108461,0.294862,0.576947,0.383224,0.506182,-0.187257,-0.241789,0.806382
1677108359,842784232,0.295144,0.576919,0.381759,0.506840,-0.186734,-0.241885,0.806062
1677108359,853284219,0.295360,0.576820,0.380346,0.507085,-0.185933,-0.242866,0.805797
1677108359,863205872,0.295675,0.576692,0.378924,0.507993,-0.185734,-0.243683,0.805024
1677108359,872762088,0.295762,0.576455,0.377628,0.508164,-0.184814,-0.244845,0.804776
1677108359,883240082,0.295898,0.576386,0.376213,0.509544,-0.184454,-0.246118,0.803597
1677108359,893444457,0.296012,0.576067,0.374947,0.509749,-0.184238,-0.246222,0.803484
1677108359,903166432,0.296148,0.575962,0.373568,0.510523,-0.184375,-0.246581,0.802851
1677108359,913065564,0.296110,0.575844,0.372211,0.510330,-0.184324,-0.247451,0.802718
1677108359,922739894,0.296277,0.575800,0.370815,0.510468,-0.184136,-0.247055,0.802795
1677108359,933034023,0.296373,0.575833,0.369350,0.510175,-0.184006,-0.247668,0.802822
1677108359,943131120,0.296427,0.575916,0.367928,0.509938,-0.183225,-0.248435,0.802914
1677108359,953100425,0.296708,0.575824,0.366516,0.509009,-0.183602,-0.248891,0.803277
1677108359,962865144,0.296822,0.575884,0.365119,0.509350,-0.182541,-0.249834,0.803010
1677108359,973010506,0.296964,0.575771,0.363854,0.509249,-0.182455,-0.251004,0.802729
1677108359,983443644,0.297162,0.575469,0.362637,0.509991,-0.181951,-0.251555,0.802199
1677108359,993084703,0.297197,0.575215,0.361449,0.510668,-0.181749,-0.252425,0.801540
1677108360,2686784,0.297161,0.574942,0.360285,0.511444,-0.181375,-0.253203,0.800885
1677108360,13131090,0.297257,0.574681,0.359144,0.512645,-0.181487,-0.253156,0.800106
1677108360,23236204,0.297137,0.574400,0.357987,0.513230,-0.180950,-0.254033,0.799574
1677108360,32739135,0.297173,0.574252,0.356797,0.514375,-0.180094,-0.254195,0.798980
1677108360,43301672,0.297299,0.574125,0.355623,0.515255,-0.179951,-0.254392,0.798382
1677108360,53025896,0.297391,0.573912,0.354485,0.515456,-0.179277,-0.254671,0.798315
1677108360,63673085,0.297383,0.573673,0.353449,0.515469,-0.178374,-0.255508,0.798242
1677108360,73699600,0.297557,0.573485,0.352421,0.516227,-0.179102,-0.256269,0.797344
1677108360,83551861,0.297568,0.573313,0.351431,0.517406,-0.178643,-0.257004,0.796447
1677108360,93275639,0.297601,0.573037,0.350550,0.518400,-0.179300,-0.257264,0.795568
1677108360,102866073,0.297418,0.572731,0.349694,0.518911,-0.179505,-0.258372,0.794829
1677108360,113174822,0.297217,0.572373,0.348886,0.519261,-0.179231,-0.258468,0.794631
1677108360,123339816,0.297212,0.572209,0.347980,0.520615,-0.179787,-0.258104,0.793738
1677108360,133125628,0.297122,0.572006,0.347076,0.521193,-0.179929,-0.258137,0.793315
1677108360,142660545,0.297019,0.571859,0.346144,0.521801,-0.180294,-0.258194,0.792814
1677108360,153087170,0.297008,0.571785,0.345201,0.522565,-0.179962,-0.258009,0.792447
1677108360,163317325,0.297061,0.571673,0.344244,0.523195,-0.179915,-0.257704,0.792141
1677108360,173438643,0.297078,0.571634,0.343309,0.523504,-0.179306,-0.258122,0.791938
1677108360,183607027,0.297164,0.571713,0.342287,0.524222,-0.178813,-0.258719,0.791380
1677108360,193224799,0.297437,0.571848,0.341201,0.525142,-0.178555,-0.258474,0.790908
1677108360,203596769,0.297557,0.571879,0.340208,0.524867,-0.178280,-0.259282,0.790888
1677108360,213216274,0.297706,0.571967,0.339198,0.525269,-0.177202,-0.259654,0.790741
1677108360,223578684,0.297923,0.572015,0.338221,0.525553,-0.176672,-0.260253,0.790474
1677108360,233672866,0.298136,0.572016,0.337284,0.525653,-0.176318,-0.260680,0.790346
1677108360,243432768,0.298379,0.572022,0.336345,0.525935,-0.175806,-0.260843,0.790219
1677108360,253344297,0.298490,0.572136,0.335424,0.526165,-0.175102,-0.261742,0.789925
1677108360,263538857,0.298551,0.572333,0.334472,0.526633,-0.174084,-0.262985,0.789424
1677108360,273447998,0.298854,0.572359,0.333586,0.526605,-0.173453,-0.262713,0.789673
1677108360,282687088,0.299105,0.572552,0.332681,0.527153,-0.172905,-0.263283,0.789237
1677108360,293292346,0.299411,0.572670,0.331875,0.527364,-0.172983,-0.263877,0.788881
1677108360,303412690,0.300058,0.573011,0.330945,0.529118,-0.171872,-0.262619,0.788369
1677108360,312566036,0.300364,0.573104,0.330176,0.529293,-0.171583,-0.262861,0.788234
1677108360,322861867,0.300521,0.573327,0.329427,0.529599,-0.170392,-0.263739,0.787994
1677108360,332807312,0.300802,0.573370,0.328801,0.529472,-0.170272,-0.263776,0.788092
1677108360,342545120,0.300995,0.573648,0.328133,0.530443,-0.169522,-0.264157,0.787473
1677108360,352904164,0.301057,0.573816,0.327619,0.530659,-0.168740,-0.264788,0.787283
1677108360,363377625,0.301201,0.573913,0.327116,0.531493,-0.168406,-0.264328,0.786947
1677108360,372900954,0.301230,0.573993,0.326669,0.531843,-0.168318,-0.264402,0.786704
1677108360,383111047,0.301323,0.574089,0.326241,0.532510,-0.168890,-0.263892,0.786301
1677108360,392955899,0.301186,0.574268,0.325834,0.533200,-0.168276,-0.264206,0.785860
1677108360,402703543,0.301194,0.574393,0.325430,0.533783,-0.168809,-0.263784,0.785492
1677108360,412554128,0.301219,0.574313,0.325051,0.533863,-0.169359,-0.262942,0.785601
1677108360,422659613,0.301083,0.574527,0.324619,0.534856,-0.168598,-0.263013,0.785066
1677108360,433159642,0.301001,0.574592,0.324270,0.535217,-0.168982,-0.263303,0.784640
1677108360,443184635,0.301015,0.574626,0.323860,0.535666,-0.169475,-0.263217,0.784256
1677108360,452979348,0.301002,0.574498,0.323532,0.535381,-0.170625,-0.263602,0.784072
1677108360,462781404,0.301102,0.574549,0.323133,0.536169,-0.171581,-0.263568,0.783335
1677108360,473291752,0.301031,0.574505,0.322710,0.536105,-0.171864,-0.264451,0.783020
1677108360,483091627,0.301073,0.574581,0.322289,0.536591,-0.172492,-0.264902,0.782396
1677108360,492470207,0.301206,0.574500,0.321828,0.536602,-0.173132,-0.264732,0.782305
1677108360,503260900,0.301204,0.574519,0.321345,0.536590,-0.172906,-0.264987,0.782277
1677108360,513115152,0.301371,0.574654,0.320781,0.536929,-0.173385,-0.264800,0.782001
1677108360,523571977,0.301457,0.574883,0.320157,0.537234,-0.173279,-0.265180,0.781686
1677108360,533760129,0.301670,0.575017,0.319547,0.537192,-0.173530,-0.264658,0.781836
1677108360,543248868,0.301784,0.575249,0.318865,0.537394,-0.172764,-0.264895,0.781787
1677108360,552774960,0.301965,0.575346,0.318221,0.536726,-0.172984,-0.265213,0.782089
1677108360,563070387,0.302125,0.575576,0.317514,0.536910,-0.172103,-0.265590,0.782030
1677108360,572982353,0.302402,0.575843,0.316814,0.537242,-0.171851,-0.265999,0.781718
1677108360,583425275,0.302568,0.576000,0.316156,0.536988,-0.170583,-0.266329,0.782058
1677108360,593298399,0.302981,0.576413,0.315393,0.538089,-0.170628,-0.266433,0.781256
1677108360,602676255,0.303062,0.576542,0.314766,0.537493,-0.169450,-0.267007,0.781726
1677108360,613066822,0.303197,0.576855,0.314102,0.537477,-0.168779,-0.267396,0.781749
1677108360,622286052,0.303446,0.577338,0.313416,0.538267,-0.168531,-0.267055,0.781375
1677108360,632353636,0.303513,0.577496,0.312851,0.537323,-0.167903,-0.266361,0.782397
1677108360,642652014,0.303496,0.577896,0.312202,0.537009,-0.167495,-0.266254,0.782736
1677108360,652385944,0.303674,0.578425,0.311505,0.537453,-0.168313,-0.265645,0.782463
1677108360,662955109,0.303627,0.578766,0.310865,0.536489,-0.168449,-0.265802,0.783041
1677108360,673115191,0.303720,0.579126,0.310211,0.535680,-0.168938,-0.266046,0.783407
1677108360,682822849,0.303909,0.579470,0.309574,0.535316,-0.169245,-0.265874,0.783648
1677108360,693113616,0.304088,0.579722,0.308983,0.534322,-0.169745,-0.266147,0.784125
1677108360,702522226,0.304205,0.580004,0.308420,0.533399,-0.169951,-0.266989,0.784423
1677108360,712791508,0.304487,0.580361,0.307790,0.533336,-0.170457,-0.267055,0.784333
1677108360,722699482,0.304620,0.580674,0.307246,0.532908,-0.170644,-0.267661,0.784377
1677108360,732647242,0.304644,0.580929,0.306700,0.532611,-0.170739,-0.268150,0.784391
1677108360,742568068,0.304606,0.581253,0.306173,0.533059,-0.169861,-0.268195,0.784262
1677108360,753319696,0.304694,0.581504,0.305641,0.533828,-0.170321,-0.267690,0.783811
1677108360,763422188,0.304735,0.581595,0.305186,0.533845,-0.171154,-0.267192,0.783788
1677108360,773046743,0.304607,0.581770,0.304633,0.534206,-0.170715,-0.267316,0.783596
1677108360,783119222,0.304599,0.582043,0.304049,0.535077,-0.170265,-0.267316,0.783099
1677108360,793417399,0.304755,0.582176,0.303479,0.535445,-0.170908,-0.266936,0.782837
1677108360,802915816,0.304786,0.582374,0.302870,0.535709,-0.170119,-0.267052,0.782789
1677108360,813420824,0.304907,0.582547,0.302316,0.536036,-0.170175,-0.267350,0.782451
1677108360,822942905,0.305017,0.582753,0.301666,0.536250,-0.169400,-0.267636,0.782375
1677108360,832815563,0.305175,0.582992,0.301059,0.536624,-0.168966,-0.267764,0.782168
1677108360,842502974,0.305445,0.583275,0.300354,0.537160,-0.168630,-0.267149,0.782083
1677108360,853180177,0.305441,0.583661,0.299651,0.536965,-0.167850,-0.268178,0.782033
1677108360,863340095,0.305599,0.583992,0.298917,0.536527,-0.167888,-0.268500,0.782215
1677108360,872858817,0.305746,0.584262,0.298187,0.535843,-0.167060,-0.268537,0.782848
1677108360,883312241,0.306051,0.584660,0.297434,0.536084,-0.167245,-0.268705,0.782586
1677108360,893219084,0.306228,0.584913,0.296741,0.536053,-0.166849,-0.268865,0.782637
1677108360,903225567,0.306519,0.585181,0.296028,0.536527,-0.166328,-0.268778,0.782453
1677108360,913341330,0.306696,0.585451,0.295413,0.537065,-0.166268,-0.269118,0.781979
1677108360,922978072,0.306817,0.585624,0.294804,0.537228,-0.165417,-0.269215,0.782014
1677108360,932427517,0.306921,0.585974,0.294145,0.538262,-0.165430,-0.269748,0.781116
1677108360,942917973,0.306911,0.585988,0.293608,0.538048,-0.164437,-0.269235,0.781650
1677108360,953252884,0.307000,0.586347,0.292939,0.539491,-0.164094,-0.269278,0.780713
1677108360,963270609,0.306979,0.586552,0.292334,0.540205,-0.163402,-0.269041,0.780446
1677108360,973390730,0.307027,0.586808,0.291685,0.540940,-0.163288,-0.269212,0.779901
1677108360,983095247,0.307071,0.586968,0.291073,0.541061,-0.162768,-0.269040,0.779986
1677108360,993111181,0.307150,0.587193,0.290426,0.541002,-0.163047,-0.269498,0.779810
1677108361,2403104,0.307151,0.587316,0.289769,0.540188,-0.162863,-0.270213,0.780165
1677108361,13408769,0.307382,0.587712,0.289047,0.540924,-0.163157,-0.270570,0.779470
1677108361,22699064,0.307495,0.587912,0.288349,0.540567,-0.163630,-0.271337,0.779352
1677108361,33162468,0.307562,0.588002,0.287752,0.539992,-0.163979,-0.272033,0.779434
1677108361,43138912,0.307575,0.588203,0.287137,0.539887,-0.163915,-0.272662,0.779300
1677108361,53030913,0.307543,0.588437,0.286548,0.539672,-0.163626,-0.273271,0.779297
1677108361,63188173,0.307710,0.588732,0.285883,0.540081,-0.164251,-0.272567,0.779129
1677108361,72890914,0.307710,0.589131,0.285212,0.540388,-0.164100,-0.272083,0.779117
1677108361,82888345,0.307535,0.589489,0.284566,0.540512,-0.163568,-0.272096,0.779138
1677108361,92933724,0.307433,0.589676,0.283965,0.540296,-0.163497,-0.270905,0.779718
1677108361,102982585,0.307351,0.590040,0.283312,0.541055,-0.163783,-0.270579,0.779244
1677108361,112599265,0.307163,0.590170,0.282696,0.540906,-0.163898,-0.270359,0.779400
1677108361,122639474,0.307149,0.590463,0.282004,0.541631,-0.164250,-0.270418,0.778802
1677108361,133020872,0.307185,0.590615,0.281293,0.541715,-0.164575,-0.270410,0.778677
1677108361,143134002,0.307165,0.590903,0.280520,0.542173,-0.163508,-0.270600,0.778517
1677108361,153066606,0.307152,0.591237,0.279752,0.542195,-0.162534,-0.271438,0.778415
1677108361,162204136,0.307368,0.591410,0.278967,0.541960,-0.163002,-0.271688,0.778393
1677108361,173445295,0.307425,0.591646,0.278243,0.541839,-0.162385,-0.272284,0.778398
1677108361,183906581,0.307381,0.591800,0.277553,0.541699,-0.161679,-0.272815,0.778456
1677108361,193162365,0.306807,0.592128,0.276886,0.541751,-0.158331,-0.274109,0.778653
1677108361,202765086,0.306757,0.592284,0.276233,0.541938,-0.158771,-0.274425,0.778323
1677108361,213307931,0.306710,0.592237,0.275649,0.541275,-0.160440,-0.274325,0.778477
1677108361,222869702,0.306916,0.592544,0.274923,0.542392,-0.162138,-0.273378,0.777680
1677108361,233519879,0.306905,0.592914,0.274167,0.542828,-0.162854,-0.273189,0.777293
1677108361,243530329,0.306687,0.593188,0.273428,0.541997,-0.162250,-0.273459,0.777904
1677108361,252890380,0.306978,0.593442,0.272545,0.540963,-0.163753,-0.272695,0.778577
1677108361,263176019,0.307057,0.593907,0.271689,0.540990,-0.162924,-0.272905,0.778658
1677108361,273207537,0.307087,0.594270,0.270835,0.540718,-0.160988,-0.273364,0.779089
1677108361,282488273,0.307199,0.594576,0.270033,0.540404,-0.160025,-0.274361,0.779154
1677108361,293005207,0.307329,0.594851,0.269228,0.540546,-0.159257,-0.275419,0.778839
1677108361,303021544,0.307476,0.595076,0.268436,0.540820,-0.158042,-0.275940,0.778713
1677108361,312638379,0.307626,0.595297,0.267679,0.541237,-0.158140,-0.277093,0.777994
1677108361,323470371,0.307868,0.595568,0.266928,0.541919,-0.158183,-0.277290,0.777439
1677108361,333091371,0.308095,0.595847,0.266109,0.542426,-0.158075,-0.276799,0.777283
1677108361,343202507,0.308096,0.596246,0.265356,0.542442,-0.156956,-0.276814,0.777493
1677108361,352772124,0.308077,0.596733,0.264554,0.542338,-0.156078,-0.277096,0.777642
1677108361,363364589,0.308250,0.597260,0.263737,0.542484,-0.155921,-0.276853,0.777658
1677108361,372927566,0.308153,0.597681,0.262991,0.541409,-0.154517,-0.277368,0.778503
1677108361,383072090,0.308345,0.598130,0.262182,0.541539,-0.154343,-0.277042,0.778563
1677108361,393154892,0.308238,0.598832,0.261370,0.542438,-0.151544,-0.277263,0.778409
1677108361,402915177,0.308342,0.598984,0.260667,0.541811,-0.151593,-0.277362,0.778801
1677108361,413325352,0.308485,0.599278,0.260006,0.542269,-0.152000,-0.277779,0.778254
1677108361,423329349,0.308580,0.599422,0.259318,0.542338,-0.151644,-0.277657,0.778319
1677108361,433412288,0.308674,0.599743,0.258582,0.542767,-0.151718,-0.278041,0.777868
1677108361,444079892,0.308724,0.600011,0.257825,0.542380,-0.151974,-0.278819,0.777809
1677108361,452995973,0.308803,0.600419,0.256975,0.542607,-0.150985,-0.278839,0.777837
1677108361,463398378,0.308961,0.600684,0.256118,0.541836,-0.150683,-0.278804,0.778445
1677108361,473019288,0.309189,0.601268,0.255157,0.541943,-0.150489,-0.279410,0.778191
1677108361,483559374,0.309435,0.601570,0.254244,0.541296,-0.150115,-0.279515,0.778676
1677108361,493120979,0.309667,0.602093,0.253252,0.541310,-0.149692,-0.280667,0.778333
1677108361,503362244,0.309881,0.602357,0.252313,0.540356,-0.148324,-0.281408,0.778990
1677108361,512252942,0.310243,0.602830,0.251312,0.540720,-0.147474,-0.282216,0.778606
1677108361,522769237,0.310634,0.603269,0.250289,0.540543,-0.146170,-0.283044,0.778674
1677108361,533511458,0.310934,0.603703,0.249309,0.540442,-0.144597,-0.283783,0.778770
1677108361,542862259,0.311279,0.604179,0.248324,0.540515,-0.143437,-0.284621,0.778627
1677108361,552454876,0.311581,0.604613,0.247374,0.540418,-0.141604,-0.284734,0.778988
1677108361,562619809,0.311985,0.605048,0.246401,0.540845,-0.140974,-0.284685,0.778824
1677108361,572564580,0.312291,0.605502,0.245453,0.541162,-0.140123,-0.284918,0.778672
1677108361,582975156,0.312547,0.605949,0.244514,0.541490,-0.139150,-0.285307,0.778476
1677108361,593233138,0.312880,0.606254,0.243647,0.541516,-0.138430,-0.284714,0.778804
1677108361,602688169,0.313078,0.606810,0.242733,0.542194,-0.137384,-0.285450,0.778248
1677108361,613165684,0.313289,0.607006,0.241941,0.541581,-0.136502,-0.285547,0.778794
1677108361,622829726,0.313680,0.607421,0.241070,0.541977,-0.136198,-0.285537,0.778575
1677108361,632579214,0.314066,0.608114,0.240094,0.543370,-0.135362,-0.286176,0.777515
1677108361,642397363,0.314391,0.608297,0.239327,0.542967,-0.134282,-0.285960,0.778063
1677108361,652896570,0.314591,0.608682,0.238523,0.543031,-0.132392,-0.286733,0.778058
1677108361,662458398,0.315071,0.608953,0.237727,0.543202,-0.131868,-0.286359,0.778165
1677108361,672315855,0.315431,0.609424,0.236932,0.543951,-0.131185,-0.286732,0.777619
1677108361,682563339,0.315517,0.609645,0.236309,0.543306,-0.129760,-0.287678,0.777960
1677108361,692655137,0.315972,0.609944,0.235564,0.543581,-0.130229,-0.287668,0.777694
1677108361,702806067,0.316261,0.610335,0.234898,0.544160,-0.129697,-0.287839,0.777314
1677108361,713235329,0.316358,0.610518,0.234330,0.543815,-0.128668,-0.288204,0.777591
1677108361,722981663,0.316718,0.610848,0.233667,0.544377,-0.128815,-0.287917,0.777280
1677108361,732838240,0.316819,0.611169,0.233106,0.544323,-0.127807,-0.288301,0.777342
1677108361,742995985,0.316971,0.611508,0.232523,0.544535,-0.126785,-0.288213,0.777393
1677108361,752849167,0.317141,0.611797,0.231986,0.544617,-0.126438,-0.288366,0.777336
1677108361,762501836,0.317248,0.612034,0.231515,0.544402,-0.125431,-0.288331,0.777663
1677108361,772881457,0.317484,0.612470,0.230940,0.545079,-0.125297,-0.288335,0.777208
1677108361,783304586,0.317676,0.612932,0.230378,0.545973,-0.124897,-0.288394,0.776623
1677108361,793264681,0.317780,0.613166,0.229881,0.545441,-0.124171,-0.288088,0.777227
1677108361,803201948,0.317896,0.613562,0.229340,0.545393,-0.124090,-0.288502,0.777119
1677108361,813165949,0.317996,0.613726,0.228838,0.544510,-0.123862,-0.288434,0.777800
1677108361,823623480,0.318011,0.614096,0.228332,0.544145,-0.123033,-0.289069,0.777951
1677108361,832790698,0.318291,0.614436,0.227712,0.544453,-0.123165,-0.288676,0.777861
1677108361,843086175,0.318310,0.614807,0.227151,0.544059,-0.122268,-0.289271,0.778056
1677108361,852802252,0.318503,0.615144,0.226598,0.543601,-0.122758,-0.289724,0.778131
1677108361,862787461,0.318707,0.615601,0.225922,0.543922,-0.122081,-0.289350,0.778153
1677108361,872925072,0.318750,0.615809,0.225389,0.542791,-0.120632,-0.289373,0.779159
1677108361,882887078,0.319056,0.616367,0.224711,0.543655,-0.120140,-0.288937,0.778795
1677108361,892923724,0.319237,0.616678,0.224084,0.543156,-0.119472,-0.289205,0.779146
1677108361,903354154,0.319485,0.616986,0.223441,0.542971,-0.118862,-0.288909,0.779478
1677108361,913062999,0.319741,0.617381,0.222806,0.543171,-0.118483,-0.289168,0.779300
1677108361,922557894,0.319837,0.617721,0.222229,0.542957,-0.117317,-0.289792,0.779394
1677108361,932928168,0.320232,0.618078,0.221583,0.543471,-0.117185,-0.289352,0.779219
1677108361,943101157,0.320387,0.618511,0.220993,0.543387,-0.116219,-0.290140,0.779129
1677108361,953382176,0.320687,0.618836,0.220411,0.543166,-0.115237,-0.289732,0.779581
1677108361,963361966,0.320772,0.619210,0.219868,0.542364,-0.114557,-0.290661,0.779894
1677108361,972888974,0.321008,0.619556,0.219295,0.541837,-0.113346,-0.290073,0.780655
1677108361,983043807,0.321220,0.620262,0.218737,0.542510,-0.113297,-0.290668,0.779974
1677108361,992701552,0.321329,0.620685,0.218274,0.541793,-0.112795,-0.290744,0.780516
1677108362,2882492,0.321456,0.621126,0.217800,0.541350,-0.112251,-0.290233,0.781092
1677108362,13069443,0.321520,0.621581,0.217343,0.540719,-0.112271,-0.290484,0.781433
1677108362,22578516,0.321656,0.622106,0.216899,0.540292,-0.112182,-0.290194,0.781848
1677108362,33363480,0.321798,0.622597,0.216423,0.539892,-0.112439,-0.289941,0.782182
1677108362,43111932,0.321920,0.623023,0.216017,0.539093,-0.112225,-0.289614,0.782885
1677108362,52801251,0.322116,0.623320,0.215613,0.538078,-0.112582,-0.289308,0.783644
1677108362,63031868,0.322225,0.623832,0.215171,0.538048,-0.112418,-0.289620,0.783573
1677108362,72575850,0.322467,0.624124,0.214776,0.537653,-0.112636,-0.289199,0.783969
1677108362,82499225,0.322558,0.624396,0.214395,0.537071,-0.112384,-0.289863,0.784158
1677108362,92787641,0.322721,0.624613,0.214029,0.536308,-0.111612,-0.289957,0.784756
1677108362,102598360,0.323043,0.625011,0.213606,0.536795,-0.111542,-0.290035,0.784403
1677108362,112361511,0.323172,0.625220,0.213259,0.536250,-0.111162,-0.291058,0.784452
1677108362,122492656,0.323451,0.625356,0.212927,0.536072,-0.110418,-0.290680,0.784818
1677108362,133078454,0.323590,0.625571,0.212627,0.536086,-0.110044,-0.291602,0.784519
1677108362,142940191,0.323756,0.625681,0.212432,0.535936,-0.109314,-0.291540,0.784746
1677108362,153393375,0.323941,0.625826,0.212183,0.536055,-0.108987,-0.291310,0.784796
1677108362,163742006,0.324133,0.625975,0.211967,0.536021,-0.109105,-0.291061,0.784895
1677108362,172923614,0.324196,0.626157,0.211754,0.535407,-0.109060,-0.291152,0.785287
1677108362,183369531,0.324299,0.626452,0.211489,0.535378,-0.109364,-0.291294,0.785212
1677108362,193069904,0.324384,0.626649,0.211274,0.534491,-0.109690,-0.291451,0.785712
1677108362,202799991,0.324523,0.626839,0.211032,0.533725,-0.110279,-0.291565,0.786108
1677108362,213306203,0.324651,0.627070,0.210796,0.533281,-0.110229,-0.291464,0.786454
1677108362,222945609,0.324859,0.627178,0.210567,0.532317,-0.111108,-0.291471,0.786980
1677108362,233125699,0.324932,0.627434,0.210365,0.531851,-0.110797,-0.292059,0.787121
1677108362,242630352,0.325094,0.627681,0.210163,0.531462,-0.110453,-0.291943,0.787475
1677108362,252508768,0.325165,0.627871,0.209956,0.530815,-0.110154,-0.292211,0.787854
1677108362,263000643,0.325378,0.628094,0.209716,0.530338,-0.110666,-0.292024,0.788173
1677108362,273049900,0.325393,0.628417,0.209501,0.529931,-0.110069,-0.292202,0.788464
1677108362,282479161,0.325508,0.628669,0.209224,0.529324,-0.110269,-0.292209,0.788841
1677108362,293109770,0.325755,0.628975,0.208911,0.528909,-0.110892,-0.291778,0.789192
1677108362,302438731,0.325825,0.629248,0.208647,0.527933,-0.110977,-0.292208,0.789674
1677108362,313087154,0.326002,0.629569,0.208356,0.527515,-0.110672,-0.292083,0.790043
1677108362,323413664,0.326177,0.629825,0.208094,0.526575,-0.110289,-0.291954,0.790770
1677108362,333075166,0.326485,0.630160,0.207762,0.526313,-0.110385,-0.291827,0.790978
1677108362,342924163,0.326759,0.630500,0.207414,0.525752,-0.110108,-0.291861,0.791377
1677108362,352824285,0.326968,0.630820,0.207104,0.524808,-0.109386,-0.292259,0.791957
1677108362,362943241,0.327339,0.631267,0.206716,0.524622,-0.109530,-0.292288,0.792050
1677108362,372350900,0.327447,0.631638,0.206424,0.523617,-0.108275,-0.292807,0.792696
1677108362,382276653,0.327913,0.632070,0.206049,0.523504,-0.108549,-0.292167,0.792968
1677108362,392434737,0.328182,0.632462,0.205736,0.522805,-0.108311,-0.292347,0.793396
1677108362,402252455,0.328499,0.632859,0.205411,0.522215,-0.108366,-0.292260,0.793809
1677108362,412417828,0.328710,0.633387,0.205117,0.521825,-0.107755,-0.292413,0.794092
1677108362,422608666,0.328914,0.633780,0.204833,0.520613,-0.107211,-0.292305,0.795000
1677108362,433356352,0.329237,0.634303,0.204509,0.519775,-0.107426,-0.292106,0.795593
1677108362,443322537,0.329460,0.634927,0.204204,0.519255,-0.106960,-0.292199,0.795961
1677108362,453163678,0.329751,0.635503,0.203904,0.518775,-0.107170,-0.292159,0.796260
1677108362,463376071,0.329963,0.635907,0.203677,0.517457,-0.107271,-0.291875,0.797208
1677108362,473016937,0.330137,0.636369,0.203465,0.516356,-0.107322,-0.291775,0.797951
1677108362,483175972,0.330481,0.636915,0.203160,0.516053,-0.107963,-0.291268,0.798245
1677108362,493391225,0.330683,0.637516,0.202903,0.515240,-0.108111,-0.291333,0.798727
1677108362,502925569,0.330948,0.638108,0.202623,0.514625,-0.108390,-0.290915,0.799238
1677108362,512810635,0.331123,0.638508,0.202434,0.512795,-0.108912,-0.290878,0.800356
1677108362,523145471,0.331280,0.639108,0.202204,0.512087,-0.108304,-0.290678,0.800964
1677108362,533426673,0.331461,0.639651,0.201981,0.511287,-0.108462,-0.290700,0.801446
1677108362,542856982,0.331749,0.640204,0.201733,0.511033,-0.108519,-0.290230,0.801770
1677108362,553027093,0.332026,0.640700,0.201469,0.510787,-0.108998,-0.289838,0.802004
1677108362,562754467,0.332194,0.641170,0.201305,0.510358,-0.108688,-0.289788,0.802337
1677108362,573369583,0.332434,0.641534,0.201076,0.509663,-0.109173,-0.289636,0.802768
1677108362,583272212,0.332553,0.641813,0.200915,0.508659,-0.108622,-0.289385,0.803570
1677108362,593329924,0.332667,0.642301,0.200691,0.508253,-0.108147,-0.289638,0.803799
1677108362,603218127,0.332912,0.642706,0.200432,0.507862,-0.108232,-0.289466,0.804096
1677108362,612970299,0.333229,0.643120,0.200163,0.507593,-0.108761,-0.289172,0.804301
1677108362,623360598,0.333339,0.643401,0.199978,0.506834,-0.108083,-0.289233,0.804848
1677108362,633196869,0.333581,0.643745,0.199728,0.506609,-0.108784,-0.289275,0.804881
1677108362,643484372,0.333793,0.644107,0.199464,0.506862,-0.108576,-0.289142,0.804797
1677108362,653529500,0.333973,0.644360,0.199242,0.506719,-0.108472,-0.288998,0.804954
1677108362,663474140,0.334226,0.644633,0.198951,0.506710,-0.108290,-0.288617,0.805120
1677108362,673296950,0.334493,0.645016,0.198633,0.507237,-0.108225,-0.288560,0.804818
1677108362,682865068,0.334514,0.645260,0.198368,0.506467,-0.106999,-0.289276,0.805210
1677108362,692792487,0.334871,0.645581,0.198039,0.506275,-0.106985,-0.289056,0.805411
1677108362,703048149,0.335186,0.645846,0.197705,0.506187,-0.106676,-0.289037,0.805514
1677108362,713217015,0.335374,0.646071,0.197475,0.505627,-0.106036,-0.289416,0.805814
1677108362,722732555,0.335653,0.646448,0.197162,0.506088,-0.105631,-0.289553,0.805529
1677108362,732459166,0.335748,0.646626,0.196948,0.505622,-0.104591,-0.289711,0.805900
1677108362,742717995,0.335878,0.646865,0.196750,0.505078,-0.104299,-0.289937,0.806198
1677108362,752926809,0.336010,0.647173,0.196518,0.505062,-0.104117,-0.290061,0.806186
1677108362,763310893,0.336259,0.647568,0.196193,0.505423,-0.104125,-0.289376,0.806205
1677108362,772834785,0.336394,0.647899,0.195910,0.504983,-0.103963,-0.289026,0.806627
1677108362,783628218,0.336551,0.648231,0.195627,0.504479,-0.103569,-0.288698,0.807111
1677108362,793061670,0.336720,0.648575,0.195338,0.504184,-0.103264,-0.288281,0.807484
1677108362,803452720,0.336777,0.648881,0.195077,0.503556,-0.102470,-0.288540,0.807884
1677108362,813338607,0.337096,0.649305,0.194759,0.504033,-0.103039,-0.288368,0.807575
1677108362,823007910,0.337238,0.649571,0.194517,0.503709,-0.102703,-0.288594,0.807740
1677108362,833472263,0.337409,0.649786,0.194262,0.503565,-0.102187,-0.288296,0.808001
1677108362,843063087,0.337619,0.650074,0.193947,0.503392,-0.102731,-0.288585,0.807936
1677108362,853277593,0.337799,0.650393,0.193614,0.503631,-0.102370,-0.288451,0.807881
1677108362,863573263,0.337959,0.650637,0.193331,0.503409,-0.102075,-0.288413,0.808071
1677108362,873029882,0.338096,0.650893,0.193033,0.503276,-0.101536,-0.288259,0.808276
1677108362,882966475,0.338395,0.651054,0.192704,0.503002,-0.102435,-0.288279,0.808327
1677108362,893299242,0.338446,0.651228,0.192446,0.502631,-0.101147,-0.288351,0.808694
1677108362,903240369,0.338455,0.651363,0.192214,0.502312,-0.100214,-0.288980,0.808783
1677108362,913626860,0.338725,0.651604,0.191904,0.502831,-0.100380,-0.288820,0.808498
1677108362,923138626,0.338936,0.651750,0.191657,0.502707,-0.100608,-0.288929,0.808507
1677108362,933246192,0.339062,0.651901,0.191412,0.502501,-0.100426,-0.289162,0.808574
1677108362,943216148,0.339236,0.652198,0.191133,0.502943,-0.100242,-0.289247,0.808292
1677108362,952747142,0.339278,0.652269,0.190934,0.502279,-0.099713,-0.289226,0.808778
1677108362,963468472,0.339498,0.652512,0.190631,0.502509,-0.100008,-0.289004,0.808678
1677108362,972777155,0.339630,0.652660,0.190413,0.502173,-0.100174,-0.288963,0.808880
1677108362,982284768,0.339674,0.652819,0.190208,0.501548,-0.100246,-0.289503,0.809066
1677108362,992718324,0.339711,0.653077,0.189959,0.501453,-0.099453,-0.289756,0.809133
1677108363,2532749,0.339875,0.653223,0.189688,0.501230,-0.099668,-0.289744,0.809248
1677108363,12192147,0.340040,0.653288,0.189494,0.500578,-0.099647,-0.289641,0.809691
1677108363,22584107,0.340100,0.653364,0.189336,0.500276,-0.099425,-0.290064,0.809754
1677108363,33423883,0.340202,0.653546,0.189165,0.500691,-0.099733,-0.290708,0.809228
1677108363,43315422,0.340410,0.653567,0.189023,0.500763,-0.099904,-0.290363,0.809287
1677108363,53410178,0.340522,0.653566,0.188922,0.500833,-0.100021,-0.290072,0.809334
1677108363,63160302,0.340520,0.653685,0.188792,0.500994,-0.099565,-0.290318,0.809202
1677108363,73091360,0.340639,0.653800,0.188620,0.501147,-0.099947,-0.290162,0.809116
1677108363,83102278,0.340742,0.653890,0.188481,0.501135,-0.099792,-0.289715,0.809302
1677108363,93356303,0.340830,0.653918,0.188355,0.500326,-0.100099,-0.289722,0.809763
1677108363,102960760,0.340865,0.654036,0.188177,0.500199,-0.099791,-0.290005,0.809778
1677108363,112276851,0.340924,0.654107,0.188050,0.499685,-0.099522,-0.290326,0.810013
1677108363,122745403,0.340937,0.654099,0.187930,0.499049,-0.099397,-0.290851,0.810232
1677108363,132787501,0.340910,0.654139,0.187874,0.498437,-0.098605,-0.291354,0.810525
1677108363,143243192,0.341011,0.654222,0.187770,0.498479,-0.098327,-0.291335,0.810540
1677108363,152967404,0.341170,0.654213,0.187671,0.498330,-0.098681,-0.291012,0.810704
1677108363,162797245,0.341277,0.654313,0.187569,0.498267,-0.099240,-0.291319,0.810565
1677108363,172265782,0.341360,0.654387,0.187485,0.498266,-0.099279,-0.291216,0.810597
1677108363,182354692,0.341505,0.654467,0.187414,0.498274,-0.099353,-0.291020,0.810653
1677108363,192326862,0.341534,0.654592,0.187365,0.497966,-0.099253,-0.291492,0.810686
1677108363,202437397,0.341654,0.654705,0.187269,0.497946,-0.099024,-0.291333,0.810783
1677108363,212496974,0.341743,0.654805,0.187196,0.497474,-0.098911,-0.291648,0.810973
1677108363,222226701,0.341938,0.654826,0.187129,0.496975,-0.098862,-0.291142,0.811467
1677108363,232336375,0.342193,0.655019,0.187024,0.496849,-0.099141,-0.291165,0.811502
1677108363,242340412,0.342259,0.655268,0.186946,0.496396,-0.098926,-0.292016,0.811499
1677108363,252311417,0.342357,0.655384,0.186922,0.495335,-0.098710,-0.292239,0.812094
1677108363,262319903,0.342549,0.655713,0.186771,0.495251,-0.098373,-0.292044,0.812256
1677108363,272566316,0.342812,0.655958,0.186667,0.494727,-0.098766,-0.291692,0.812654
1677108363,282543252,0.343065,0.656155,0.186567,0.493942,-0.099169,-0.291101,0.813294
1677108363,292447200,0.343087,0.656465,0.186505,0.492949,-0.098448,-0.291472,0.813851
1677108363,303006911,0.343259,0.656741,0.186414,0.492259,-0.098997,-0.291530,0.814181
1677108363,312974981,0.343464,0.656993,0.186341,0.491300,-0.099522,-0.291219,0.814807
1677108363,322744138,0.343515,0.657197,0.186328,0.489962,-0.099194,-0.291463,0.815565
1677108363,332802722,0.343761,0.657594,0.186186,0.489899,-0.099411,-0.291161,0.815684
1677108363,343281409,0.343954,0.657970,0.186076,0.489505,-0.099618,-0.291313,0.815842
1677108363,353398232,0.344146,0.658233,0.186018,0.488904,-0.099444,-0.290841,0.816392
1677108363,362993740,0.344438,0.658572,0.185903,0.488753,-0.099532,-0.289951,0.816788
1677108363,373321965,0.344411,0.658771,0.185913,0.487654,-0.099317,-0.290535,0.817263
1677108363,383130979,0.344635,0.658988,0.185863,0.487238,-0.099918,-0.290016,0.817622
1677108363,393519065,0.344767,0.659218,0.185776,0.486732,-0.100126,-0.289918,0.817933
1677108363,403524302,0.344911,0.659441,0.185716,0.486296,-0.100425,-0.289885,0.818167
1677108363,413004719,0.345172,0.659717,0.185568,0.486094,-0.101237,-0.289592,0.818291
1677108363,422932834,0.345294,0.659947,0.185473,0.485504,-0.100962,-0.289381,0.818750
1677108363,433278692,0.345552,0.660216,0.185299,0.484619,-0.101478,-0.289473,0.819178
1677108363,442813494,0.345666,0.660569,0.185178,0.483832,-0.100809,-0.289753,0.819626
1677108363,452879821,0.345862,0.660906,0.184992,0.483030,-0.100645,-0.289697,0.820139
1677108363,462310108,0.346070,0.661142,0.184880,0.481724,-0.100888,-0.289481,0.820953
1677108363,472799935,0.346196,0.661632,0.184677,0.481688,-0.100974,-0.289568,0.820933
1677108363,482705950,0.346424,0.661880,0.184588,0.480644,-0.101382,-0.288652,0.821817
1677108363,492628808,0.346544,0.662335,0.184430,0.480455,-0.101550,-0.288170,0.822076
1677108363,503230789,0.346574,0.662720,0.184329,0.479371,-0.101532,-0.288001,0.822770
1677108363,513019178,0.346710,0.663256,0.184153,0.479331,-0.101838,-0.287414,0.822961
1677108363,522640998,0.346820,0.663582,0.184077,0.478131,-0.101984,-0.286329,0.824018
1677108363,533226343,0.346968,0.663944,0.183991,0.477212,-0.102633,-0.285273,0.824836
1677108363,543110357,0.347052,0.664385,0.183897,0.476475,-0.102944,-0.284358,0.825539
1677108363,553073000,0.347023,0.664782,0.183822,0.475483,-0.103013,-0.283795,0.826295
1677108363,562791089,0.347207,0.665328,0.183642,0.475358,-0.103969,-0.282187,0.826799
1677108363,572758099,0.347029,0.665641,0.183673,0.473419,-0.103317,-0.281175,0.828336
1677108363,582711953,0.347168,0.666122,0.183553,0.472853,-0.104667,-0.279312,0.829120
1677108363,592237723,0.346809,0.667241,0.183413,0.473968,-0.104109,-0.280137,0.828274
1677108363,602540442,0.346755,0.667697,0.183317,0.473059,-0.104813,-0.278769,0.829167
1677108363,612471140,0.346618,0.668285,0.183218,0.472612,-0.104722,-0.277831,0.829748
1677108363,622312059,0.346543,0.668867,0.183076,0.472508,-0.104840,-0.276910,0.830100
1677108363,632660255,0.346448,0.669265,0.183016,0.471381,-0.104423,-0.275978,0.831103
1677108363,642763658,0.346517,0.669778,0.182804,0.471104,-0.104540,-0.274834,0.831624
1677108363,652817330,0.346568,0.670324,0.182612,0.470862,-0.104133,-0.273957,0.832101
1677108363,662895473,0.346581,0.670980,0.182350,0.470935,-0.103846,-0.273699,0.832181
1677108363,672851792,0.346733,0.671285,0.182169,0.469883,-0.104380,-0.272857,0.832985
1677108363,682960752,0.346753,0.671727,0.181965,0.469636,-0.103738,-0.272412,0.833350
1677108363,692940440,0.346728,0.672147,0.181807,0.469225,-0.104143,-0.272734,0.833426
1677108363,703337910,0.346718,0.672418,0.181664,0.468469,-0.104181,-0.272819,0.833818
1677108363,713190672,0.346799,0.672861,0.181422,0.468595,-0.104561,-0.272676,0.833747
1677108363,723566223,0.346795,0.673136,0.181263,0.467714,-0.104265,-0.272575,0.834311
1677108363,733343024,0.346904,0.673624,0.181012,0.467867,-0.104234,-0.272098,0.834385
1677108363,743440042,0.347025,0.673993,0.180795,0.467252,-0.104963,-0.271703,0.834767
1677108363,752966449,0.346953,0.674366,0.180628,0.466286,-0.105096,-0.272028,0.835184
1677108363,763249495,0.347055,0.674826,0.180364,0.466052,-0.105608,-0.271374,0.835463
1677108363,772653019,0.347009,0.675030,0.180293,0.464204,-0.106080,-0.271273,0.836464
1677108363,782300994,0.347111,0.675393,0.180071,0.463424,-0.107271,-0.270805,0.836896
1677108363,792790979,0.347128,0.675793,0.179903,0.462605,-0.108502,-0.271018,0.837122
1677108363,802879567,0.347127,0.676040,0.179794,0.461102,-0.109602,-0.271159,0.837762
1677108363,812642600,0.347295,0.676355,0.179609,0.460825,-0.110993,-0.270764,0.837859
1677108363,823082052,0.347385,0.676341,0.179576,0.458577,-0.112645,-0.270939,0.838815
1677108363,832882768,0.347163,0.676830,0.179571,0.458756,-0.111117,-0.271551,0.838723
1677108363,843598881,0.347371,0.677024,0.179379,0.457925,-0.112346,-0.271118,0.839153
1677108363,852903802,0.347375,0.677581,0.179224,0.458574,-0.111393,-0.270755,0.839043
1677108363,862871428,0.347413,0.677777,0.179083,0.456751,-0.111242,-0.270264,0.840215
1677108363,872956817,0.347511,0.678215,0.178880,0.456388,-0.111057,-0.269511,0.840678
1677108363,883463440,0.347651,0.678705,0.178653,0.456083,-0.111252,-0.268787,0.841049
1677108363,893231709,0.347756,0.679081,0.178461,0.455567,-0.112001,-0.268322,0.841378
1677108363,903182185,0.347803,0.679329,0.178383,0.454762,-0.112973,-0.268165,0.841734
1677108363,912870448,0.347687,0.679432,0.178396,0.453368,-0.113292,-0.268438,0.842356
1677108363,923014267,0.347787,0.679657,0.178359,0.453481,-0.114034,-0.268053,0.842317
1677108363,932855006,0.347681,0.679743,0.178451,0.452516,-0.113552,-0.267990,0.842921
1677108363,943022097,0.347596,0.679917,0.178440,0.452022,-0.113529,-0.268094,0.843156
1677108363,953212942,0.347682,0.680248,0.178297,0.452507,-0.114125,-0.267516,0.843000
1677108363,962878623,0.347690,0.680482,0.178221,0.451877,-0.114469,-0.267255,0.843374
1677108363,972929594,0.347534,0.680650,0.178168,0.450859,-0.113576,-0.267037,0.844108
1677108363,983122187,0.347549,0.680918,0.178090,0.450324,-0.113955,-0.266685,0.844453
1677108363,993082653,0.347625,0.681206,0.177914,0.450286,-0.114541,-0.266165,0.844558
1677108364,2770011,0.347600,0.681454,0.177792,0.450406,-0.114767,-0.265718,0.844604
1677108364,13023834,0.347475,0.681469,0.177814,0.449157,-0.115219,-0.265738,0.845201
1677108364,23233063,0.347314,0.681509,0.177849,0.448440,-0.115404,-0.265559,0.845613
1677108364,32714754,0.347375,0.681694,0.177767,0.448821,-0.116562,-0.264819,0.845485
1677108364,43092705,0.347271,0.681878,0.177692,0.448969,-0.117409,-0.264623,0.845350
1677108364,53320773,0.347160,0.682030,0.177627,0.449272,-0.117878,-0.264259,0.845238
1677108364,62844459,0.347032,0.682067,0.177593,0.448918,-0.117679,-0.263462,0.845702
1677108364,72553248,0.346846,0.682106,0.177555,0.448320,-0.117017,-0.263158,0.846206
1677108364,82615755,0.346689,0.682271,0.177490,0.447976,-0.116820,-0.263264,0.846382
1677108364,92732237,0.346647,0.682550,0.177282,0.448380,-0.116848,-0.263135,0.846205
1677108364,102750993,0.346621,0.682773,0.177114,0.448549,-0.116652,-0.262735,0.846266
1677108364,112797021,0.346536,0.682867,0.177019,0.448055,-0.116622,-0.262668,0.846553
1677108364,122631015,0.346535,0.683040,0.176864,0.448401,-0.117472,-0.262899,0.846180
1677108364,133116916,0.346553,0.683137,0.176787,0.448364,-0.118434,-0.262885,0.846070
1677108364,143254782,0.346471,0.683123,0.176743,0.448053,-0.118938,-0.262761,0.846203
1677108364,152837622,0.346532,0.683253,0.176547,0.448876,-0.119487,-0.261825,0.845979
1677108364,162825558,0.346458,0.683330,0.176379,0.448839,-0.119556,-0.261383,0.846126
1677108364,173005779,0.346298,0.683520,0.176146,0.448828,-0.119516,-0.261787,0.846012
1677108364,182852897,0.346331,0.683732,0.175843,0.449042,-0.119608,-0.261373,0.846014
1677108364,193084375,0.346253,0.683908,0.175672,0.448823,-0.119303,-0.261626,0.846095
1677108364,202578283,0.346261,0.683968,0.175634,0.449554,-0.120174,-0.261260,0.845697
1677108364,213082312,0.346200,0.683968,0.175683,0.451119,-0.121455,-0.260404,0.844944
1677108364,222396565,0.346039,0.683878,0.175706,0.451543,-0.122288,-0.259617,0.844839
1677108364,232529151,0.345733,0.684043,0.175660,0.451698,-0.121619,-0.259613,0.844854
1677108364,242711509,0.345571,0.684094,0.175600,0.451282,-0.122232,-0.259669,0.844971
1677108364,252990949,0.345453,0.684174,0.175590,0.451562,-0.122841,-0.259523,0.844778
1677108364,263093698,0.345351,0.684114,0.175642,0.451811,-0.123307,-0.259181,0.844682
1677108364,273329577,0.345114,0.683972,0.175721,0.451126,-0.123343,-0.259315,0.845002
1677108364,282876741,0.345236,0.684013,0.175613,0.451662,-0.124121,-0.258412,0.844878
1677108364,292948591,0.345212,0.683978,0.175534,0.451753,-0.124633,-0.257993,0.844882
1677108364,303246084,0.345183,0.683936,0.175504,0.452086,-0.125671,-0.257452,0.844715
1677108364,313080865,0.345010,0.684061,0.175416,0.453132,-0.126228,-0.257102,0.844178
1677108364,323038316,0.344540,0.684239,0.175380,0.454350,-0.124556,-0.256642,0.843912
1677108364,332695895,0.344447,0.683935,0.175327,0.452953,-0.126846,-0.255854,0.844560
1677108364,342948135,0.344202,0.684110,0.175134,0.454659,-0.127903,-0.254950,0.843757
1677108364,352799924,0.343663,0.684128,0.175133,0.456625,-0.126550,-0.253402,0.843366
1677108364,363457516,0.343364,0.684050,0.174981,0.458354,-0.127829,-0.251997,0.842656
1677108364,373364784,0.342848,0.683667,0.174993,0.458309,-0.128415,-0.250639,0.842996
1677108364,382859487,0.342490,0.683533,0.174836,0.459979,-0.128715,-0.248824,0.842578
1677108364,392795552,0.342151,0.683344,0.174759,0.461528,-0.130081,-0.247610,0.841879
1677108364,402759096,0.341752,0.683172,0.174785,0.463701,-0.131417,-0.247724,0.840443
1677108364,413353051,0.341555,0.683069,0.174863,0.467104,-0.132507,-0.248605,0.838124
1677108364,422788658,0.341557,0.682770,0.174837,0.468664,-0.132826,-0.249969,0.836796
1677108364,432828750,0.341737,0.682466,0.174619,0.468786,-0.132291,-0.251406,0.836381
1677108364,443089367,0.341985,0.681960,0.174439,0.468949,-0.132396,-0.252925,0.835815
1677108364,452886577,0.342061,0.681441,0.174519,0.471452,-0.132689,-0.254776,0.833796
1677108364,463208905,0.342025,0.680716,0.174661,0.474406,-0.132732,-0.256171,0.831683
1677108364,473183576,0.341909,0.679856,0.174590,0.476383,-0.132363,-0.257746,0.830124
1677108364,483130887,0.342060,0.679252,0.174265,0.478536,-0.132747,-0.259023,0.828425
1677108364,493191268,0.342196,0.678600,0.174051,0.481306,-0.133181,-0.259613,0.826564
1677108364,503305889,0.342071,0.677513,0.174132,0.483377,-0.132913,-0.259644,0.825388
1677108364,513024657,0.341615,0.676768,0.174103,0.485987,-0.132291,-0.261850,0.823256
1677108364,522564561,0.341877,0.675361,0.173974,0.486441,-0.133203,-0.259226,0.823671
1677108364,532999128,0.341442,0.674790,0.173783,0.488118,-0.132139,-0.260964,0.822300
1677108364,543022786,0.341201,0.674282,0.173627,0.491391,-0.132414,-0.261127,0.820252
1677108364,552197199,0.340847,0.673652,0.173534,0.494419,-0.132940,-0.260639,0.818501
1677108364,562632663,0.340368,0.672906,0.173470,0.496169,-0.133227,-0.259717,0.817688
1677108364,572755576,0.340129,0.672659,0.173127,0.499326,-0.134729,-0.258334,0.815957
1677108364,582627243,0.339754,0.672286,0.172949,0.500974,-0.135845,-0.256173,0.815442
1677108364,593411787,0.339254,0.671923,0.172818,0.503116,-0.137110,-0.253582,0.814721
1677108364,602756525,0.338755,0.671790,0.172627,0.506444,-0.138298,-0.250530,0.813402
1677108364,613442280,0.338248,0.671500,0.172490,0.508309,-0.139531,-0.246779,0.813175
1677108364,623231232,0.337707,0.671165,0.172359,0.509289,-0.140243,-0.242961,0.813589
1677108364,633381340,0.337320,0.671176,0.172136,0.511741,-0.141453,-0.239641,0.812825
1677108364,643711902,0.337024,0.671042,0.172025,0.513562,-0.142655,-0.235992,0.812534
1677108364,652408072,0.336989,0.671081,0.171833,0.515872,-0.143829,-0.232667,0.811822
1677108364,663072806,0.337005,0.670971,0.171705,0.517036,-0.144216,-0.229841,0.811818
1677108364,672204279,0.337211,0.670950,0.171556,0.518500,-0.145210,-0.228410,0.811111
1677108364,682459875,0.337580,0.671020,0.171350,0.520961,-0.144770,-0.227140,0.809969
1677108364,692838082,0.337981,0.670690,0.171299,0.521013,-0.144569,-0.227487,0.809873
1677108364,703016147,0.338870,0.670901,0.171051,0.523688,-0.144202,-0.227453,0.808221
1677108364,713143363,0.339641,0.670849,0.170940,0.524505,-0.143011,-0.228893,0.807496
1677108364,722986250,0.340576,0.670884,0.170902,0.525489,-0.141205,-0.229898,0.806888
1677108364,733541557,0.341683,0.671138,0.170815,0.527192,-0.139820,-0.230954,0.805717
1677108364,742923791,0.342714,0.671274,0.170783,0.527805,-0.137641,-0.231395,0.805564
1677108364,753313540,0.343748,0.671755,0.170726,0.529051,-0.135465,-0.232028,0.804933
1677108364,763603403,0.344888,0.672075,0.170730,0.529581,-0.133705,-0.231022,0.805168
1677108364,773489830,0.345946,0.672425,0.170786,0.529965,-0.131924,-0.229709,0.805585
1677108364,783349324,0.346868,0.672860,0.170791,0.530511,-0.129583,-0.228418,0.805972
1677108364,793242592,0.347881,0.673348,0.170760,0.531623,-0.127951,-0.226759,0.805969
1677108364,802849186,0.348904,0.673783,0.170761,0.532364,-0.125984,-0.224434,0.806441
1677108364,813155358,0.350026,0.674292,0.170720,0.533362,-0.123957,-0.221834,0.806815
1677108364,823061634,0.351122,0.674966,0.170582,0.534738,-0.122218,-0.219710,0.806750
1677108364,833641857,0.352340,0.675611,0.170420,0.536182,-0.120006,-0.216576,0.806971
1677108364,843298866,0.353544,0.676385,0.170263,0.538813,-0.118371,-0.213309,0.806330
1677108364,853307484,0.354642,0.677162,0.170146,0.541350,-0.116151,-0.209726,0.805893
1677108364,863420702,0.355800,0.678153,0.169901,0.544840,-0.113658,-0.204832,0.805155
1677108364,872986153,0.356875,0.679208,0.169663,0.547886,-0.110989,-0.198908,0.804946
1677108364,883259687,0.357791,0.680402,0.169427,0.550748,-0.108039,-0.193315,0.804757
1677108364,892974068,0.358585,0.681539,0.169189,0.553665,-0.104667,-0.186372,0.804839
1677108364,902996998,0.359564,0.682765,0.168961,0.556881,-0.103039,-0.178921,0.804521
1677108364,912717012,0.360322,0.683717,0.168779,0.558580,-0.101324,-0.171892,0.805093
1677108364,922666334,0.360984,0.684610,0.168612,0.559857,-0.099195,-0.165298,0.805851
1677108364,932331170,0.361814,0.685526,0.168485,0.561814,-0.097604,-0.157951,0.806158
1677108364,942377089,0.362541,0.686425,0.168362,0.563429,-0.095931,-0.151445,0.806480
1677108364,952424384,0.363259,0.687584,0.168139,0.564911,-0.093282,-0.145240,0.806895
1677108364,963155847,0.363386,0.689098,0.167989,0.566523,-0.088836,-0.142531,0.806749
1677108364,973812616,0.364154,0.690348,0.167789,0.567896,-0.086619,-0.137232,0.806944
1677108364,983130418,0.364801,0.691276,0.167766,0.568792,-0.083407,-0.131705,0.807572
1677108364,992763562,0.365610,0.692292,0.167734,0.570753,-0.080541,-0.126342,0.807336
1677108365,3202975,0.366159,0.692763,0.167808,0.570152,-0.074470,-0.121769,0.809045
1677108365,13398031,0.367218,0.693554,0.167726,0.571475,-0.071659,-0.118197,0.808895
1677108365,23115534,0.368397,0.694193,0.167636,0.572936,-0.068666,-0.115544,0.808504
1677108365,32954082,0.369437,0.694726,0.167581,0.574438,-0.064143,-0.114857,0.807907
1677108365,43545196,0.370973,0.695253,0.167432,0.576483,-0.061020,-0.113652,0.806862
1677108365,52979387,0.372797,0.695583,0.167226,0.577038,-0.058274,-0.112799,0.806788
1677108365,63418836,0.374331,0.696356,0.166975,0.579454,-0.053723,-0.113153,0.805322
1677108365,73512917,0.375877,0.696993,0.166830,0.581325,-0.049207,-0.113546,0.804206
1677108365,83088742,0.377322,0.697472,0.166759,0.582369,-0.044590,-0.113826,0.803680
1677108365,92994545,0.378779,0.698118,0.166730,0.584228,-0.040636,-0.113578,0.802575
1677108365,103366115,0.380247,0.698617,0.166721,0.584932,-0.037465,-0.113009,0.802296
1677108365,113249099,0.381472,0.699290,0.166672,0.585974,-0.033662,-0.113131,0.801687
1677108365,122924305,0.381942,0.699465,0.166726,0.584054,-0.026333,-0.114416,0.803179
1677108365,133024693,0.383283,0.700077,0.166683,0.584984,-0.023913,-0.114040,0.802632
1677108365,143110851,0.384571,0.700692,0.166606,0.586417,-0.020488,-0.112668,0.801874
1677108365,152680614,0.385865,0.701276,0.166484,0.587635,-0.017865,-0.111877,0.801155
1677108365,162536302,0.387035,0.701915,0.166288,0.589061,-0.014376,-0.111421,0.800241
1677108365,172902173,0.388297,0.702589,0.166030,0.590711,-0.010129,-0.110049,0.799279
1677108365,183094659,0.389535,0.703284,0.165753,0.591613,-0.005678,-0.108485,0.798870
1677108365,192884765,0.391098,0.704434,0.165400,0.594641,-0.002180,-0.103760,0.797265
1677108365,203154535,0.391916,0.705197,0.165146,0.596063,0.002347,-0.101648,0.796474
1677108365,212964676,0.392540,0.705772,0.164955,0.597507,0.007095,-0.098030,0.795817
1677108365,222619364,0.392861,0.706431,0.164801,0.599290,0.011584,-0.094641,0.794834
1677108365,233424732,0.393152,0.706969,0.164706,0.600711,0.015036,-0.090175,0.794222
1677108365,243103130,0.393478,0.707397,0.164577,0.601506,0.017008,-0.085267,0.794123
1677108365,252699132,0.393770,0.708002,0.164351,0.603300,0.019623,-0.079706,0.793279
1677108365,263399603,0.394002,0.708356,0.164204,0.604103,0.021712,-0.074413,0.793127
1677108365,272877169,0.394211,0.708505,0.164120,0.604121,0.023024,-0.070210,0.793460
1677108365,283052795,0.394581,0.708759,0.164031,0.605229,0.023969,-0.065696,0.792974
1677108365,293213285,0.395057,0.708993,0.163925,0.606858,0.024390,-0.061620,0.792042
1677108365,303103708,0.395560,0.709007,0.163801,0.608113,0.024424,-0.057992,0.791353
1677108365,312587249,0.396038,0.708863,0.163681,0.609368,0.024510,-0.055429,0.790568
1677108365,322513302,0.396483,0.708833,0.163525,0.610636,0.023415,-0.054219,0.789706
1677108365,333073197,0.397021,0.708823,0.163304,0.611956,0.022657,-0.052701,0.788809
1677108365,343061943,0.397380,0.708818,0.163075,0.613301,0.023406,-0.051735,0.787805
1677108365,353203975,0.397836,0.708713,0.162868,0.613986,0.024172,-0.050216,0.787347
1677108365,362966929,0.398393,0.708623,0.162669,0.615295,0.024387,-0.048381,0.786433
1677108365,373115897,0.398632,0.708583,0.162503,0.616700,0.025732,-0.047830,0.785323
1677108365,383126216,0.399163,0.708367,0.162401,0.617443,0.025821,-0.046200,0.784833
1677108365,393242663,0.399585,0.708339,0.162261,0.619210,0.026271,-0.044804,0.783506
1677108365,402789862,0.400004,0.708234,0.162137,0.620617,0.025877,-0.044086,0.782446
1677108365,413177981,0.400266,0.708145,0.161938,0.622369,0.026257,-0.043431,0.781077
1677108365,423389628,0.400615,0.708029,0.161709,0.624315,0.026146,-0.042202,0.779594
1677108365,433263036,0.400806,0.707839,0.161464,0.626153,0.026502,-0.041673,0.778134
1677108365,443079655,0.400988,0.707705,0.161233,0.628106,0.026882,-0.040789,0.776593
1677108365,452485956,0.401311,0.707490,0.161004,0.629395,0.027257,-0.038435,0.775656
1677108365,463036408,0.401568,0.707134,0.160839,0.630783,0.027732,-0.036367,0.774610
1677108365,472879555,0.401700,0.706805,0.160719,0.632174,0.028723,-0.034770,0.773513
1677108365,483279391,0.401993,0.706632,0.160619,0.633430,0.029048,-0.032990,0.772551
1677108365,493554451,0.402361,0.706492,0.160503,0.634204,0.029355,-0.031023,0.771985
1677108365,502702209,0.402556,0.706303,0.160413,0.634366,0.030586,-0.029968,0.771846
1677108365,512952698,0.402853,0.706084,0.160386,0.634617,0.031448,-0.028243,0.771670
1677108365,522791770,0.403099,0.706043,0.160360,0.635497,0.032267,-0.027080,0.770954
1677108365,533060632,0.403235,0.705996,0.160339,0.635915,0.033909,-0.025904,0.770578
1677108365,543589897,0.403508,0.705903,0.160312,0.635574,0.034555,-0.024266,0.770884
1677108365,552677434,0.403654,0.705915,0.160293,0.635725,0.035941,-0.022836,0.770740
1677108365,562866373,0.403777,0.705926,0.160313,0.636310,0.036793,-0.021608,0.770253
1677108365,572937655,0.403986,0.705883,0.160340,0.636570,0.037566,-0.019725,0.770051
1677108365,583116564,0.404152,0.705920,0.160370,0.636730,0.038228,-0.017567,0.769938
1677108365,593094632,0.404201,0.705839,0.160388,0.636500,0.039048,-0.015602,0.770130
1677108365,602899407,0.404203,0.705802,0.160430,0.637019,0.039259,-0.014177,0.769717
1677108365,613183686,0.404339,0.705648,0.160488,0.637216,0.039382,-0.012120,0.769583
1677108365,622920316,0.404475,0.705725,0.160502,0.638091,0.038422,-0.011168,0.768920
1677108365,632649563,0.404628,0.705755,0.160542,0.638746,0.037214,-0.010668,0.768443
1677108365,642923733,0.404774,0.705598,0.160573,0.638799,0.037704,-0.009739,0.768387
1677108365,653114994,0.405051,0.705625,0.160571,0.639861,0.037726,-0.008999,0.767512
1677108365,663165929,0.405355,0.705504,0.160613,0.641136,0.038174,-0.008435,0.766431
1677108365,672782082,0.405610,0.705138,0.160672,0.641852,0.038647,-0.009508,0.765795
1677108365,683024854,0.406163,0.704989,0.160665,0.643614,0.038667,-0.009636,0.764312
1677108365,693114749,0.406435,0.704539,0.160745,0.643910,0.040030,-0.011656,0.763965
1677108365,703029745,0.406840,0.704558,0.160700,0.645909,0.040875,-0.013183,0.762205
1677108365,713025310,0.407405,0.704312,0.160686,0.646448,0.041733,-0.013845,0.761690
1677108365,722912047,0.407783,0.704203,0.160617,0.647063,0.043278,-0.015431,0.761051
1677108365,732867981,0.408323,0.703949,0.160571,0.647141,0.043978,-0.016140,0.760930
1677108365,742921498,0.408727,0.703869,0.160515,0.648068,0.045533,-0.017031,0.760029
1677108365,753085213,0.409176,0.703706,0.160470,0.648592,0.046230,-0.018113,0.759515
1677108365,763186817,0.409581,0.703397,0.160411,0.648963,0.046987,-0.019262,0.759123
1677108365,773875411,0.409961,0.703193,0.160377,0.650110,0.047596,-0.020575,0.758068
1677108365,783788345,0.410392,0.702849,0.160308,0.651487,0.047760,-0.021753,0.756842
1677108365,792634848,0.410721,0.702479,0.160229,0.652782,0.048185,-0.023349,0.755651
1677108365,802935148,0.411108,0.702131,0.160103,0.653773,0.049055,-0.024516,0.754701
1677108365,813123975,0.411512,0.701813,0.159974,0.654445,0.049393,-0.025810,0.754053
1677108365,823142947,0.411876,0.701585,0.159797,0.654781,0.050058,-0.027060,0.753673
1677108365,832366648,0.412258,0.701419,0.159632,0.654979,0.050683,-0.027973,0.753427
1677108365,842696115,0.412522,0.701368,0.159461,0.655763,0.051684,-0.029129,0.752632
1677108365,852797751,0.412765,0.701091,0.159346,0.656118,0.052125,-0.030279,0.752247
1677108365,862752389,0.413023,0.700805,0.159289,0.656927,0.052520,-0.031160,0.751477
1677108365,873159118,0.413185,0.700532,0.159279,0.657822,0.052746,-0.032789,0.750608
1677108365,883106155,0.413520,0.700336,0.159260,0.659058,0.052463,-0.033250,0.749523
1677108365,892504884,0.413699,0.700020,0.159274,0.659599,0.052526,-0.034694,0.748977
1677108365,903227806,0.413818,0.699753,0.159262,0.660038,0.052906,-0.036085,0.748498
1677108365,913002328,0.413964,0.699691,0.159212,0.660965,0.053304,-0.036891,0.747612
1677108365,922571425,0.414144,0.699631,0.159140,0.660731,0.053601,-0.037493,0.747767
1677108365,932878758,0.414313,0.699774,0.159072,0.660572,0.053470,-0.038245,0.747879
1677108365,943046665,0.414383,0.699910,0.159070,0.660007,0.053643,-0.038679,0.748343
1677108365,952884820,0.414432,0.699951,0.159087,0.659932,0.053078,-0.038978,0.748434
1677108365,963810595,0.414338,0.699793,0.159157,0.660330,0.052765,-0.039218,0.748092
1677108365,973485429,0.414280,0.699612,0.159257,0.661313,0.052214,-0.039017,0.747273
1677108365,983525459,0.414162,0.699347,0.159414,0.662608,0.051276,-0.039434,0.746168
1677108365,993450815,0.414128,0.699025,0.159570,0.663872,0.050606,-0.039014,0.745111
1677108366,2933996,0.413971,0.698676,0.159645,0.665039,0.050287,-0.039383,0.744072
1677108366,13446756,0.413857,0.698403,0.159654,0.666120,0.050455,-0.039423,0.743091
1677108366,23020727,0.413915,0.698340,0.159622,0.667248,0.049593,-0.039508,0.742132
1677108366,33698850,0.413922,0.698375,0.159572,0.667933,0.049501,-0.039515,0.741521
1677108366,43538717,0.414020,0.698337,0.159484,0.667670,0.049026,-0.039454,0.741793
1677108366,52795581,0.414024,0.698332,0.159418,0.667776,0.049161,-0.039308,0.741696
1677108366,62852079,0.414032,0.698233,0.159370,0.668348,0.049187,-0.038934,0.741199
1677108366,73150188,0.413940,0.697925,0.159339,0.668427,0.049223,-0.039412,0.741100
1677108366,83205033,0.413825,0.697661,0.159357,0.669046,0.049213,-0.039897,0.740516
1677108366,93148617,0.413891,0.697372,0.159369,0.669621,0.048332,-0.040137,0.740041
1677108366,103374008,0.413834,0.697227,0.159424,0.670994,0.047690,-0.040708,0.738807
1677108366,112970230,0.413826,0.696774,0.159408,0.671329,0.047734,-0.040480,0.738512
1677108366,123089885,0.413832,0.696597,0.159400,0.672467,0.047098,-0.040728,0.737503
1677108366,132972963,0.413761,0.696390,0.159375,0.673159,0.046949,-0.041279,0.736851
1677108366,142802820,0.413709,0.696281,0.159248,0.673575,0.046994,-0.041271,0.736468
1677108366,153336391,0.413664,0.696126,0.159124,0.673502,0.046510,-0.041148,0.736572
1677108366,163150638,0.413635,0.696085,0.159044,0.674164,0.045834,-0.040497,0.736045
1677108366,172880411,0.413360,0.695878,0.158986,0.674491,0.045860,-0.040475,0.735745
1677108366,182861458,0.413096,0.695599,0.158970,0.674866,0.045134,-0.040324,0.735454
1677108366,193657644,0.412914,0.695580,0.158937,0.676094,0.044557,-0.039434,0.734409
1677108366,202888959,0.412671,0.695358,0.158933,0.676339,0.043254,-0.039153,0.734276
1677108366,213110264,0.412403,0.695149,0.158919,0.677049,0.042314,-0.038212,0.733726
1677108366,223251722,0.412141,0.694961,0.158852,0.677962,0.041546,-0.037321,0.732972
1677108366,233398431,0.411804,0.694647,0.158805,0.678448,0.040994,-0.036637,0.732588
1677108366,243528488,0.411658,0.694524,0.158726,0.679316,0.039667,-0.035735,0.731901
1677108366,253256281,0.411438,0.694302,0.158660,0.679568,0.038903,-0.034982,0.731744
1677108366,263466794,0.411185,0.694201,0.158544,0.679783,0.038305,-0.034599,0.731595
1677108366,272659652,0.411031,0.694238,0.158482,0.680371,0.037179,-0.034695,0.731102
1677108366,283772315,0.410951,0.694021,0.158409,0.680554,0.036347,-0.033970,0.731007
1677108366,293079872,0.411010,0.693813,0.158366,0.681433,0.035155,-0.033385,0.730273
1677108366,302957261,0.410914,0.693564,0.158316,0.682587,0.035256,-0.033549,0.729182
1677108366,312455714,0.410808,0.693214,0.158292,0.683390,0.035674,-0.034100,0.728384
1677108366,323269154,0.410947,0.693023,0.158207,0.684756,0.035017,-0.034539,0.727111
1677108366,332638321,0.411034,0.692656,0.158122,0.685564,0.035198,-0.035062,0.726315
1677108366,342227999,0.411203,0.692344,0.158043,0.686395,0.035057,-0.035968,0.725493
1677108366,352455733,0.411433,0.692101,0.157945,0.687759,0.034730,-0.036737,0.724177
1677108366,362761691,0.411628,0.691679,0.157865,0.688524,0.034720,-0.037630,0.723403
1677108366,372378293,0.411768,0.691334,0.157786,0.689541,0.034954,-0.038694,0.722367
1677108366,382940307,0.411979,0.691008,0.157689,0.690589,0.034579,-0.039876,0.721319
1677108366,393007597,0.412100,0.690686,0.157547,0.691407,0.035155,-0.041150,0.720435
1677108366,402577556,0.412243,0.690352,0.157401,0.691943,0.035789,-0.042343,0.719820
1677108366,413468729,0.412579,0.690137,0.157251,0.692995,0.035950,-0.042968,0.718762
1677108366,423462422,0.412748,0.689794,0.157142,0.693516,0.036566,-0.044374,0.718143
1677108366,433024900,0.413133,0.689559,0.157009,0.694583,0.036170,-0.045299,0.717073
1677108366,443128803,0.413163,0.689194,0.156898,0.695027,0.037283,-0.047240,0.716461
1677108366,453156198,0.413392,0.688908,0.156803,0.695727,0.037138,-0.048233,0.715722
1677108366,463360726,0.413608,0.688718,0.156686,0.696527,0.036913,-0.049210,0.714889
1677108366,472944967,0.413793,0.688469,0.156574,0.697085,0.036788,-0.050035,0.714294
1677108366,483064985,0.413959,0.688262,0.156516,0.697964,0.036092,-0.050990,0.713403
1677108366,493142575,0.413997,0.687962,0.156485,0.698785,0.036334,-0.051865,0.712523
1677108366,503124460,0.414066,0.687581,0.156466,0.699950,0.036357,-0.052293,0.711346
1677108366,513166652,0.414158,0.687067,0.156444,0.701134,0.035963,-0.053231,0.710130
1677108366,522767342,0.414254,0.686655,0.156438,0.702973,0.036180,-0.053490,0.708279
1677108366,533213178,0.414354,0.686103,0.156458,0.704460,0.036154,-0.054220,0.706745
1677108366,542952001,0.414519,0.685672,0.156526,0.705789,0.036110,-0.054541,0.705396
1677108366,553171384,0.414600,0.685357,0.156561,0.706941,0.036944,-0.054575,0.704195
1677108366,562557515,0.414742,0.685100,0.156601,0.707610,0.036658,-0.055495,0.703467
1677108366,573473312,0.414791,0.684953,0.156659,0.708336,0.036886,-0.056541,0.702639
1677108366,583001278,0.414991,0.684687,0.156706,0.709073,0.036266,-0.057230,0.701872
1677108366,592873485,0.415155,0.684418,0.156777,0.710546,0.035818,-0.057901,0.700349
1677108366,602294593,0.415250,0.683897,0.156949,0.712018,0.035607,-0.058508,0.698813
1677108366,613146390,0.415322,0.683292,0.157185,0.713765,0.035204,-0.059130,0.696996
1677108366,623417962,0.415397,0.682737,0.157445,0.715907,0.034941,-0.058951,0.694825
1677108366,633076806,0.415396,0.682200,0.157731,0.717866,0.034504,-0.059380,0.692785
1677108366,643139315,0.415347,0.681714,0.158013,0.719393,0.034571,-0.059529,0.691183
1677108366,652750479,0.415509,0.681328,0.158300,0.720865,0.033662,-0.058639,0.689770
1677108366,663060456,0.415286,0.680899,0.158604,0.721802,0.034094,-0.059272,0.688714
1677108366,673054965,0.415339,0.680654,0.158924,0.723550,0.033143,-0.058948,0.686952
1677108366,682832288,0.415182,0.680246,0.159242,0.724543,0.032632,-0.059448,0.685885
1677108366,692592452,0.415201,0.679907,0.159573,0.725906,0.031504,-0.058781,0.684553
1677108366,703377486,0.414925,0.679382,0.159881,0.726515,0.031299,-0.058925,0.683904
1677108366,712920225,0.414903,0.679095,0.160242,0.728214,0.029787,-0.058454,0.682203
1677108366,722831979,0.414835,0.678630,0.160628,0.729668,0.028368,-0.058188,0.680730
1677108366,733148695,0.414731,0.678095,0.161098,0.731234,0.027791,-0.057421,0.679137
1677108366,743134107,0.414674,0.677619,0.161671,0.733489,0.026672,-0.057220,0.676763
1677108366,752875282,0.414467,0.676835,0.162237,0.734870,0.026264,-0.057156,0.675285
1677108366,763147099,0.414440,0.676160,0.162862,0.736996,0.025259,-0.056937,0.673021
1677108366,772795030,0.414583,0.675562,0.163513,0.739541,0.023532,-0.056614,0.670314
1677108366,783323036,0.414519,0.674872,0.164246,0.741445,0.023642,-0.056563,0.668208
1677108366,793043970,0.414581,0.674324,0.165051,0.743392,0.023059,-0.056825,0.666038
1677108366,803490239,0.414663,0.673645,0.165854,0.744572,0.022539,-0.057413,0.664687
1677108366,813326050,0.414741,0.673078,0.166712,0.745773,0.022336,-0.057671,0.663323
1677108366,822864068,0.414766,0.672591,0.167645,0.747128,0.022359,-0.058594,0.661714
1677108366,833111272,0.414855,0.672022,0.168634,0.748505,0.021712,-0.059256,0.660120
1677108366,843183511,0.414964,0.671434,0.169724,0.750558,0.021471,-0.059578,0.657763
1677108366,852286737,0.415074,0.670705,0.170890,0.753097,0.021259,-0.059820,0.654840
1677108366,862631916,0.415161,0.669839,0.172129,0.755936,0.021142,-0.060421,0.651508
1677108366,873019861,0.415262,0.668954,0.173477,0.759492,0.020970,-0.060939,0.647317
1677108366,882516879,0.415347,0.667892,0.174894,0.762624,0.021558,-0.060960,0.643603
1677108366,893153079,0.415455,0.667015,0.176364,0.765552,0.022011,-0.061547,0.640045
1677108366,903175462,0.415636,0.666261,0.177922,0.768011,0.022272,-0.062115,0.637027
1677108366,913304211,0.415942,0.665583,0.179506,0.769244,0.021875,-0.062736,0.635491
1677108366,923243534,0.416250,0.665193,0.181233,0.770378,0.021801,-0.063346,0.634059
1677108366,933132920,0.416441,0.664687,0.183019,0.770763,0.021870,-0.064884,0.633431
1677108366,942528236,0.416683,0.664340,0.184960,0.772153,0.021878,-0.065571,0.631665
1677108366,953316260,0.417054,0.663844,0.186970,0.774051,0.021171,-0.065892,0.629329
1677108366,963411699,0.417155,0.663120,0.189016,0.775920,0.021804,-0.066627,0.626924
1677108366,973003823,0.417360,0.662598,0.191192,0.779065,0.021970,-0.067005,0.622965
1677108366,982572509,0.417586,0.661917,0.193409,0.781625,0.021850,-0.067296,0.619723
1677108366,992948489,0.417753,0.661310,0.195678,0.783799,0.022342,-0.067283,0.616954
1677108367,2747804,0.417658,0.660622,0.197952,0.784791,0.023748,-0.067493,0.615616
1677108367,12798833,0.416976,0.659659,0.200160,0.783595,0.027185,-0.070152,0.616700
1677108367,23086264,0.418164,0.660188,0.203049,0.787880,0.021524,-0.068100,0.611673
1677108367,33334955,0.418391,0.659970,0.205674,0.788848,0.019624,-0.068277,0.610469
1677108367,42761872,0.418349,0.659573,0.208266,0.789007,0.018836,-0.068258,0.610290
1677108367,53366035,0.418424,0.659374,0.210979,0.790181,0.017636,-0.067185,0.608924
1677108367,63245154,0.418468,0.658963,0.213623,0.790910,0.016444,-0.065445,0.608201
1677108367,72538358,0.418986,0.658119,0.216101,0.790840,0.013194,-0.061366,0.608796
1677108367,83123108,0.418118,0.658020,0.219262,0.793770,0.015769,-0.065042,0.604525
1677108367,92991713,0.418018,0.657458,0.222094,0.795754,0.015903,-0.064238,0.601994
1677108367,103082041,0.417980,0.656994,0.225045,0.798300,0.015897,-0.064366,0.598600
1677108367,112306930,0.418101,0.656246,0.227938,0.799364,0.015740,-0.064261,0.597194
1677108367,123022743,0.418393,0.655748,0.230915,0.800584,0.015111,-0.064498,0.595547
1677108367,132402949,0.418498,0.655298,0.233918,0.801077,0.015629,-0.065509,0.594761
1677108367,142408548,0.418733,0.654890,0.236908,0.801085,0.015349,-0.067000,0.594591
1677108367,153010449,0.419196,0.654400,0.239867,0.800964,0.013892,-0.068047,0.594670
1677108367,162845564,0.419553,0.653899,0.242769,0.801138,0.013362,-0.068798,0.594362
1677108367,172266652,0.420040,0.653234,0.245625,0.801555,0.011772,-0.069666,0.593733
1677108367,182467385,0.419706,0.652750,0.248746,0.804285,0.015801,-0.071276,0.589743
1677108367,193015953,0.419922,0.651966,0.251640,0.806346,0.016745,-0.072010,0.586806
1677108367,202990586,0.420271,0.651094,0.254504,0.808676,0.017492,-0.071665,0.583611
1677108367,213191223,0.420375,0.650184,0.257335,0.810456,0.019385,-0.073146,0.580892
1677108367,223075300,0.420010,0.649604,0.260419,0.813360,0.024223,-0.074550,0.576456
1677108367,233262774,0.420747,0.648271,0.262679,0.811935,0.022254,-0.075736,0.578386
1677108367,243221054,0.420672,0.647641,0.265443,0.813176,0.025445,-0.077863,0.576225
1677108367,252816939,0.421583,0.647123,0.268074,0.814487,0.023480,-0.078710,0.574339
1677108367,263417259,0.422225,0.646359,0.270682,0.815638,0.021366,-0.080804,0.572494
1677108367,272806221,0.422170,0.645611,0.273258,0.816652,0.023250,-0.082612,0.570713
1677108367,283421517,0.422319,0.644728,0.275715,0.817652,0.024462,-0.082696,0.569218
1677108367,293362058,0.422331,0.644079,0.278267,0.819313,0.025705,-0.083712,0.566619
1677108367,302793371,0.422740,0.643607,0.280655,0.821427,0.024116,-0.083855,0.563600
1677108367,312232185,0.423585,0.642086,0.282378,0.819588,0.021540,-0.079993,0.566933
1677108367,322198173,0.422455,0.642146,0.285303,0.822836,0.027769,-0.082588,0.561560
1677108367,332298010,0.422250,0.641878,0.287665,0.823818,0.028781,-0.081857,0.560174
1677108367,342703188,0.422109,0.641424,0.289759,0.823032,0.028264,-0.082175,0.561309
1677108367,353150309,0.421856,0.641391,0.292238,0.823687,0.027451,-0.080908,0.560571
1677108367,362751029,0.421551,0.641256,0.294504,0.823665,0.025846,-0.079915,0.560822
1677108367,373045038,0.421085,0.641063,0.296725,0.823740,0.024548,-0.078546,0.560964
1677108367,382728541,0.420685,0.640854,0.298866,0.824233,0.022210,-0.076540,0.560614
1677108367,392895778,0.420306,0.640683,0.300980,0.825077,0.019272,-0.074883,0.559704
1677108367,403379020,0.419595,0.640388,0.303039,0.825688,0.018397,-0.073061,0.559073
1677108367,413182529,0.419014,0.640240,0.305005,0.826683,0.017040,-0.071094,0.557899
1677108367,422589871,0.418453,0.639935,0.306792,0.826918,0.016312,-0.068724,0.557869
1677108367,433234851,0.418107,0.639888,0.308590,0.827464,0.014475,-0.066685,0.557357
1677108367,443130745,0.417652,0.639899,0.310268,0.827660,0.013615,-0.065323,0.557250
1677108367,452826575,0.417218,0.640000,0.311897,0.827690,0.013313,-0.064154,0.557348
1677108367,463306201,0.416765,0.640163,0.313426,0.827600,0.013096,-0.063783,0.557529
1677108367,473353089,0.416520,0.640254,0.314804,0.827315,0.012063,-0.062734,0.558094
1677108367,482799011,0.416340,0.640290,0.316083,0.827265,0.011036,-0.061790,0.558295
1677108367,493370901,0.416009,0.640402,0.317265,0.827599,0.011455,-0.060925,0.557886
1677108367,502884570,0.415731,0.640478,0.318358,0.828171,0.011793,-0.060166,0.557112
1677108367,513237334,0.415362,0.640404,0.319218,0.828318,0.012806,-0.059573,0.556935
1677108367,522612148,0.415231,0.640580,0.320128,0.829506,0.012989,-0.058450,0.555279
1677108367,533169066,0.414998,0.640662,0.320832,0.830035,0.013663,-0.057732,0.554548
1677108367,543226407,0.414821,0.640836,0.321493,0.830492,0.013768,-0.057888,0.553843
1677108367,552843282,0.414708,0.640965,0.321957,0.830350,0.013446,-0.057985,0.554054
1677108367,562398789,0.414386,0.641252,0.322450,0.830447,0.014738,-0.058088,0.553865
1677108367,572866718,0.414240,0.641402,0.322797,0.829861,0.014907,-0.058264,0.554720
1677108367,583009387,0.414241,0.641818,0.323186,0.830004,0.014232,-0.058232,0.554527
1677108367,593042453,0.414026,0.642049,0.323351,0.829260,0.015219,-0.057637,0.555674
1677108367,602920461,0.413973,0.642443,0.323594,0.829380,0.014535,-0.057578,0.555519
1677108367,612885644,0.413766,0.642824,0.323740,0.829397,0.015146,-0.057137,0.555523
1677108367,622644666,0.413574,0.642975,0.323733,0.828710,0.015474,-0.056634,0.556591
1677108367,632978985,0.413595,0.643388,0.323835,0.829230,0.014672,-0.056356,0.555866
1677108367,643428788,0.413449,0.643605,0.323874,0.829339,0.015133,-0.056119,0.555715
1677108367,652946984,0.413207,0.643769,0.323883,0.829225,0.016220,-0.056361,0.555830
1677108367,663237597,0.413165,0.643967,0.323891,0.829123,0.016443,-0.056610,0.555949
1677108367,673022044,0.413241,0.644117,0.323922,0.829038,0.016175,-0.056820,0.556062
1677108367,682750639,0.413269,0.644216,0.323913,0.828709,0.016408,-0.056995,0.556529
1677108367,693230485,0.413394,0.644410,0.323958,0.828873,0.016146,-0.057077,0.556283
1677108367,703329839,0.413147,0.644494,0.323979,0.828802,0.018142,-0.057436,0.556291
1677108367,713167444,0.413238,0.644648,0.324038,0.829260,0.018001,-0.057032,0.555654
1677108367,722883117,0.413131,0.644625,0.323969,0.829033,0.018456,-0.056997,0.555981
1677108367,732664415,0.413116,0.644690,0.323997,0.829246,0.018219,-0.057129,0.555657
1677108367,742730633,0.412968,0.644779,0.324023,0.829577,0.018646,-0.056987,0.555164
1677108367,752853189,0.412873,0.644913,0.324060,0.829977,0.018585,-0.057096,0.554557
1677108367,762711606,0.412801,0.645000,0.324045,0.830011,0.018597,-0.056639,0.554552
1677108367,773004007,0.412684,0.645254,0.324128,0.830537,0.018571,-0.057028,0.553724
1677108367,782307074,0.412543,0.645372,0.324141,0.830167,0.019102,-0.056807,0.554284
1677108367,792559136,0.412424,0.645552,0.324149,0.830006,0.019921,-0.056395,0.554539
1677108367,802509536,0.412388,0.645641,0.324173,0.829839,0.020308,-0.056047,0.554810
1677108367,813383775,0.412448,0.645794,0.324287,0.830302,0.019943,-0.056197,0.554114
1677108367,823222932,0.412547,0.645768,0.324378,0.830514,0.019663,-0.055931,0.553834
1677108367,832995044,0.412549,0.645755,0.324556,0.831081,0.019697,-0.056085,0.552965
1677108367,843294048,0.412682,0.645769,0.324700,0.831791,0.019240,-0.056142,0.551907
1677108367,853229509,0.412598,0.645776,0.324842,0.832007,0.019932,-0.056480,0.551523
1677108367,863362680,0.412577,0.645848,0.324986,0.832202,0.020275,-0.056492,0.551215
1677108367,873304448,0.412632,0.645919,0.325037,0.832137,0.020378,-0.056231,0.551336
1677108367,883251989,0.412593,0.646065,0.325186,0.832248,0.020791,-0.056266,0.551149
1677108367,893225831,0.412601,0.646226,0.325347,0.832622,0.021117,-0.055927,0.550605
1677108367,902918470,0.412500,0.646153,0.325421,0.832433,0.021694,-0.055761,0.550886
1677108367,913161696,0.412452,0.646159,0.325512,0.832658,0.022065,-0.055322,0.550575
1677108367,922679590,0.412463,0.646332,0.325656,0.833485,0.022067,-0.054993,0.549356
