secs,nsecs,tx,ty,tz,rx,ry,rz,rw
1677110194,288494052,0.450990,0.558584,0.464827,0.617990,0.054312,0.093334,0.778735
1677110194,298161065,0.451121,0.558396,0.464515,0.618568,0.053819,0.093321,0.778311
1677110194,308358486,0.451182,0.558159,0.464089,0.618645,0.053887,0.093119,0.778270
1677110194,318957120,0.451381,0.557992,0.463615,0.618664,0.053409,0.093642,0.778224
1677110194,328950725,0.451393,0.557903,0.463054,0.618686,0.053799,0.093315,0.778219
1677110194,339000302,0.451486,0.557874,0.462438,0.618654,0.053950,0.093292,0.778237
1677110194,349073888,0.451376,0.557905,0.461722,0.618689,0.054872,0.092450,0.778245
1677110194,358749528,0.451610,0.557950,0.460981,0.618397,0.055086,0.092992,0.778397
1677110194,368000097,0.451797,0.558158,0.460194,0.618772,0.055240,0.093176,0.778067
1677110194,378642215,0.451904,0.558225,0.459377,0.618598,0.055861,0.092847,0.778200
1677110194,389160610,0.452086,0.558111,0.458580,0.617864,0.056253,0.092560,0.778789
1677110194,398958042,0.452310,0.558149,0.457733,0.618142,0.056364,0.091882,0.778641
1677110194,408467267,0.452494,0.558141,0.456869,0.618734,0.056656,0.091130,0.778237
1677110194,418569113,0.452647,0.558111,0.456042,0.619403,0.057345,0.090189,0.777764
1677110194,428279701,0.452946,0.557802,0.455203,0.619185,0.057112,0.089658,0.778017
1677110194,437978423,0.453153,0.557609,0.454323,0.619858,0.057540,0.089225,0.777499
1677110194,448400793,0.453266,0.557494,0.453414,0.621123,0.058297,0.088559,0.776509
1677110194,458279064,0.453366,0.557214,0.452455,0.621852,0.058366,0.087513,0.776038
1677110194,468152519,0.453550,0.556891,0.451514,0.622147,0.058450,0.087721,0.775771
1677110194,478938598,0.453596,0.556713,0.450506,0.622973,0.058491,0.086799,0.775209
1677110194,488578707,0.453803,0.556548,0.449517,0.623421,0.057865,0.087034,0.774870
1677110194,498356887,0.453973,0.556482,0.448488,0.624096,0.057012,0.086753,0.774421
1677110194,508066337,0.454031,0.556204,0.447485,0.623859,0.056990,0.086302,0.774664
1677110194,518545049,0.454128,0.556081,0.446474,0.624294,0.056323,0.085613,0.774438
1677110194,528069320,0.454269,0.555897,0.445502,0.624604,0.056158,0.085630,0.774199
1677110194,537881061,0.454442,0.555668,0.444541,0.625364,0.055010,0.085132,0.773722
1677110194,548022181,0.454517,0.555225,0.443605,0.625714,0.054109,0.084026,0.773624
1677110194,558176305,0.454682,0.554923,0.442675,0.626994,0.053214,0.083876,0.772666
1677110194,568861034,0.454768,0.554530,0.441744,0.628223,0.052329,0.083122,0.771809
1677110194,578913525,0.454780,0.553989,0.440818,0.629119,0.052274,0.082335,0.771166
1677110194,588481184,0.454992,0.553484,0.439938,0.630318,0.050880,0.082034,0.770312
1677110194,598330424,0.455165,0.553023,0.438991,0.631684,0.050186,0.082205,0.769220
1677110194,608789833,0.455084,0.552514,0.438040,0.632878,0.050150,0.081262,0.768341
1677110194,618876251,0.455249,0.552102,0.437074,0.634144,0.049083,0.081462,0.767344
1677110194,629282222,0.455330,0.551840,0.436112,0.635727,0.048472,0.081452,0.766073
1677110194,638009155,0.455278,0.551573,0.435095,0.636816,0.048499,0.081062,0.765207
1677110194,648982607,0.455388,0.551251,0.434065,0.636951,0.048469,0.081849,0.765013
1677110194,657948793,0.455325,0.551176,0.433007,0.637992,0.048567,0.081616,0.764164
1677110194,668091139,0.455396,0.551142,0.431906,0.638672,0.048763,0.082293,0.763510
1677110194,678429784,0.455389,0.551055,0.430807,0.638834,0.049308,0.082130,0.763357
1677110194,687985246,0.455542,0.550972,0.429727,0.638668,0.049551,0.082323,0.763459
1677110194,698103206,0.455714,0.551046,0.428654,0.639050,0.050014,0.082460,0.763095
1677110194,708760206,0.455798,0.551065,0.427624,0.639283,0.050668,0.081485,0.762961
1677110194,718039540,0.456118,0.551035,0.426605,0.639311,0.051055,0.081145,0.762949
1677110194,728046081,0.456403,0.550916,0.425652,0.638985,0.051942,0.080639,0.763215
1677110194,737999193,0.456623,0.550825,0.424720,0.639060,0.053429,0.079713,0.763147
1677110194,747938992,0.457020,0.550873,0.423841,0.639698,0.053833,0.079043,0.762653
1677110194,758829260,0.457301,0.550941,0.423004,0.640539,0.054638,0.077931,0.762005
1677110194,768715890,0.457573,0.550825,0.422160,0.640489,0.055389,0.076759,0.762112
1677110194,778558191,0.457821,0.550737,0.421377,0.640405,0.055947,0.076092,0.762208
1677110194,788629242,0.457892,0.550813,0.420566,0.640739,0.057127,0.075079,0.761941
1677110194,798714185,0.458222,0.550868,0.419759,0.640735,0.057120,0.075313,0.761921
1677110194,808693954,0.458269,0.551068,0.418955,0.641109,0.058265,0.075527,0.761499
1677110194,818443578,0.458413,0.551073,0.418169,0.640383,0.058754,0.075998,0.762025
1677110194,828675723,0.458524,0.551339,0.417456,0.640821,0.058496,0.076085,0.761668
1677110194,838431517,0.458584,0.551357,0.416729,0.640301,0.058814,0.076332,0.762056
1677110194,848346772,0.458601,0.551409,0.416040,0.640450,0.059552,0.076311,0.761875
1677110194,858426421,0.458654,0.551353,0.415349,0.640528,0.059733,0.076377,0.761789
1677110194,868678093,0.458852,0.551313,0.414693,0.641007,0.059219,0.076795,0.761384
1677110194,878677126,0.458963,0.551321,0.414041,0.642048,0.059111,0.076900,0.760504
1677110194,888433027,0.459047,0.551182,0.413340,0.642489,0.059593,0.076925,0.760092
1677110194,898967346,0.459138,0.551150,0.412616,0.643294,0.059725,0.076754,0.759417
1677110194,908539692,0.459291,0.551077,0.411872,0.643593,0.060371,0.077327,0.759055
1677110194,918418046,0.459430,0.551207,0.411123,0.644326,0.060750,0.077431,0.758392
1677110194,928701313,0.459646,0.551274,0.410359,0.644380,0.060735,0.077390,0.758351
1677110194,938713084,0.459918,0.551480,0.409567,0.644720,0.060753,0.077541,0.758046
1677110194,949472178,0.460081,0.551731,0.408771,0.644676,0.061901,0.077630,0.757980
1677110194,957788082,0.460218,0.551859,0.407911,0.644194,0.062794,0.076793,0.758402
1677110194,967849198,0.460531,0.552091,0.407104,0.643735,0.063348,0.076474,0.758778
1677110194,978127109,0.460891,0.552326,0.406316,0.643254,0.064085,0.076627,0.759108
1677110194,988168315,0.461183,0.552635,0.405529,0.643333,0.065293,0.076234,0.758978
1677110194,999009322,0.461524,0.552757,0.404763,0.642826,0.065791,0.075577,0.759430
1677110195,8477720,0.461667,0.552845,0.403997,0.642397,0.067411,0.074477,0.759760
1677110195,18356346,0.462062,0.553038,0.403218,0.642448,0.067710,0.074323,0.759706
1677110195,28769021,0.462256,0.553259,0.402488,0.642566,0.068694,0.073725,0.759575
1677110195,38731055,0.462548,0.553569,0.401738,0.642971,0.069015,0.073608,0.759215
1677110195,49483872,0.462692,0.553707,0.401018,0.642617,0.070011,0.073380,0.759445
1677110195,59002941,0.462928,0.553876,0.400319,0.642044,0.070418,0.073580,0.759873
1677110195,68650312,0.463041,0.554010,0.399620,0.641322,0.071393,0.073739,0.760376
1677110195,79167071,0.463029,0.554398,0.398919,0.641664,0.072065,0.073260,0.760070
1677110195,88755409,0.463119,0.554695,0.398259,0.641657,0.072255,0.073529,0.760032
1677110195,98886910,0.463273,0.554782,0.397643,0.640752,0.072312,0.074556,0.760690
1677110195,108678057,0.463260,0.555057,0.396981,0.640983,0.072109,0.074181,0.760551
1677110195,118225562,0.463260,0.555313,0.396370,0.641162,0.072511,0.074946,0.760287
1677110195,128331079,0.463207,0.555392,0.395804,0.640801,0.072904,0.075036,0.760545
1677110195,137885707,0.463207,0.555567,0.395270,0.641123,0.073044,0.075430,0.760222
1677110195,147990480,0.463219,0.555591,0.394776,0.641050,0.073612,0.076042,0.760167
1677110195,158874337,0.463249,0.555685,0.394233,0.641338,0.073508,0.076604,0.759878
1677110195,168544508,0.463195,0.555853,0.393688,0.642058,0.073424,0.076598,0.759278
1677110195,178569849,0.463134,0.555896,0.393105,0.642281,0.073936,0.076965,0.759002
1677110195,188632463,0.463247,0.555976,0.392509,0.642425,0.073303,0.077537,0.758884
1677110195,198312435,0.463324,0.556100,0.391878,0.642817,0.072946,0.078343,0.758503
1677110195,208491635,0.463275,0.556098,0.391209,0.642446,0.073169,0.077983,0.758833
1677110195,218795813,0.463338,0.556200,0.390524,0.642266,0.073574,0.078615,0.758881
1677110195,228427963,0.463177,0.557064,0.389671,0.645573,0.073209,0.077302,0.756241
1677110195,238776804,0.463217,0.557096,0.388976,0.644852,0.073427,0.077301,0.756835
1677110195,249050611,0.463328,0.557034,0.388235,0.643568,0.074159,0.078113,0.757772
1677110195,258759044,0.463471,0.557064,0.387483,0.642899,0.074522,0.078794,0.758234
1677110195,268047235,0.463491,0.557236,0.386688,0.643311,0.074734,0.078857,0.757857
1677110195,278086059,0.463513,0.557205,0.385864,0.642709,0.075636,0.079561,0.758204
1677110195,288553778,0.463530,0.557375,0.384977,0.643459,0.075305,0.079600,0.757597
1677110195,297892102,0.463461,0.557326,0.384104,0.643269,0.075527,0.079544,0.757743
1677110195,308368915,0.463146,0.556761,0.383120,0.641399,0.076608,0.077867,0.759391
1677110195,318059143,0.463276,0.556908,0.382220,0.642169,0.075498,0.078816,0.758753
1677110195,328118755,0.463412,0.557088,0.381298,0.643270,0.074320,0.079947,0.757819
1677110195,338545161,0.463347,0.557157,0.380354,0.644215,0.073871,0.080178,0.757034
1677110195,348826994,0.463337,0.557011,0.379388,0.644438,0.073444,0.080845,0.756815
1677110195,359123010,0.463337,0.557101,0.378405,0.645756,0.072826,0.081540,0.755676
1677110195,368841120,0.463204,0.556834,0.377419,0.645882,0.072657,0.081831,0.755554
1677110195,379077839,0.463077,0.556691,0.376409,0.646528,0.072585,0.082050,0.754984
1677110195,388836369,0.463151,0.556576,0.375422,0.647433,0.071553,0.083265,0.754174
1677110195,398359097,0.463190,0.556388,0.374406,0.648197,0.070506,0.084064,0.753527
1677110195,408750780,0.463127,0.556225,0.373347,0.649302,0.069531,0.084248,0.752645
1677110195,418115795,0.462960,0.555983,0.372296,0.650006,0.069425,0.084386,0.752031
1677110195,429073602,0.462942,0.555977,0.371188,0.651335,0.068825,0.084903,0.750878
1677110195,438407159,0.462909,0.555776,0.370091,0.651516,0.068780,0.085432,0.750665
1677110195,448538580,0.462930,0.555938,0.368961,0.652385,0.068257,0.085773,0.749919
1677110195,458078726,0.462994,0.556029,0.367853,0.652545,0.068390,0.086711,0.749659
1677110195,467794606,0.463088,0.556131,0.366716,0.651996,0.068497,0.087416,0.750045
1677110195,477696117,0.463076,0.556326,0.365570,0.651754,0.068962,0.087131,0.750246
1677110195,487752608,0.463220,0.556570,0.364425,0.651661,0.068962,0.087450,0.750290
1677110195,498251012,0.463282,0.556830,0.363267,0.651484,0.069360,0.087226,0.750432
1677110195,509184041,0.463393,0.557005,0.362132,0.651218,0.069651,0.087152,0.750645
1677110195,518952482,0.463462,0.557153,0.361030,0.651133,0.070259,0.086444,0.750744
1677110195,528648997,0.463767,0.557312,0.359937,0.651223,0.070101,0.086463,0.750679
1677110195,538525501,0.463941,0.557424,0.358914,0.651378,0.071112,0.086537,0.750440
1677110195,548738271,0.464169,0.557789,0.357919,0.652642,0.071418,0.086133,0.749359
1677110195,558494431,0.464321,0.557801,0.356933,0.652473,0.072441,0.085483,0.749482
1677110195,568671662,0.464635,0.558051,0.355946,0.653144,0.072341,0.085438,0.748913
1677110195,578341500,0.464880,0.558362,0.354884,0.653663,0.072669,0.085279,0.748446
1677110195,588657980,0.464969,0.558586,0.353874,0.653869,0.073492,0.084573,0.748266
1677110195,599211696,0.465079,0.558827,0.352834,0.653826,0.074281,0.084057,0.748284
1677110195,608879268,0.465286,0.559138,0.351811,0.654111,0.074845,0.084398,0.747940
1677110195,619017295,0.465471,0.559306,0.350785,0.653925,0.075652,0.084781,0.747978
1677110195,629320987,0.465597,0.559604,0.349786,0.654339,0.075915,0.084511,0.747620
1677110195,638626952,0.465511,0.559913,0.348850,0.655038,0.076919,0.083956,0.746967
1677110195,648591502,0.465641,0.560086,0.347880,0.655053,0.077435,0.084516,0.746838
1677110195,659018405,0.465781,0.560243,0.346998,0.655105,0.077235,0.084829,0.746777
1677110195,668501347,0.465806,0.560535,0.346102,0.655733,0.077883,0.085411,0.746092
1677110195,678570962,0.465783,0.560789,0.345220,0.656361,0.078070,0.085370,0.745524
1677110195,688625092,0.465859,0.561031,0.344408,0.656908,0.077804,0.085752,0.745027
1677110195,698717253,0.465786,0.561198,0.343554,0.657204,0.078715,0.086026,0.744639
1677110195,709014513,0.465841,0.561467,0.342732,0.657572,0.078556,0.086647,0.744259
1677110195,718190355,0.465701,0.561680,0.341875,0.657715,0.079358,0.086575,0.744056
1677110195,728200606,0.465835,0.561967,0.341034,0.657928,0.079198,0.087661,0.743756
1677110195,738208668,0.465722,0.562157,0.340166,0.658003,0.079905,0.087452,0.743639
1677110195,748461127,0.465764,0.562464,0.339293,0.658584,0.080041,0.087660,0.743086
1677110195,758625685,0.465941,0.562724,0.338403,0.659164,0.079154,0.087919,0.742636
1677110195,768913014,0.465919,0.562811,0.337503,0.659069,0.079995,0.087962,0.742625
1677110195,778825199,0.465973,0.562996,0.336567,0.659332,0.079793,0.087878,0.742423
1677110195,788946540,0.465930,0.563161,0.335610,0.659371,0.080061,0.087156,0.742445
1677110195,799017606,0.466132,0.563474,0.334622,0.659782,0.079185,0.087543,0.742128
1677110195,808531559,0.466172,0.563571,0.333623,0.659328,0.078695,0.086754,0.742676
1677110195,818580019,0.466265,0.563865,0.332617,0.659605,0.077976,0.086217,0.742568
1677110195,828798269,0.466489,0.564195,0.331648,0.659894,0.076980,0.086754,0.742353
1677110195,838462774,0.466601,0.564563,0.330687,0.660633,0.076087,0.086835,0.741778
1677110195,848910541,0.466370,0.564385,0.329606,0.658776,0.078304,0.086572,0.743228
1677110195,858679612,0.466376,0.564551,0.328653,0.659156,0.077774,0.086420,0.742965
1677110195,868615712,0.466483,0.564746,0.327694,0.659662,0.076770,0.086808,0.742574
1677110195,878901985,0.466466,0.564758,0.326764,0.659526,0.076197,0.087041,0.742727
1677110195,888619297,0.466350,0.564884,0.325804,0.659989,0.075595,0.086918,0.742391
1677110195,898463150,0.466234,0.565211,0.324836,0.660850,0.075551,0.087620,0.741547
1677110195,908950898,0.466170,0.565254,0.323868,0.660439,0.075120,0.088296,0.741877
1677110195,918799086,0.466162,0.565484,0.322915,0.660399,0.074633,0.089278,0.741844
1677110195,928589897,0.465839,0.565816,0.321950,0.660546,0.075670,0.089778,0.741547
1677110195,938224269,0.465793,0.566004,0.320993,0.659981,0.075040,0.090433,0.742035
1677110195,949123661,0.465746,0.566435,0.319983,0.660197,0.075153,0.091601,0.741688
1677110195,958882873,0.465607,0.566771,0.318978,0.660047,0.075223,0.091883,0.741779
1677110195,968385381,0.465583,0.567228,0.317983,0.660174,0.075621,0.092975,0.741490
1677110195,979270110,0.465595,0.567417,0.316960,0.659351,0.075505,0.093332,0.742189
1677110195,988446791,0.465535,0.567966,0.315924,0.660272,0.075814,0.093627,0.741301
1677110195,998302716,0.465433,0.568184,0.314880,0.659824,0.076605,0.093489,0.741636
1677110196,8640863,0.465584,0.568377,0.313825,0.659355,0.076651,0.094219,0.741955
1677110196,18197040,0.465626,0.568633,0.312758,0.659387,0.077061,0.094286,0.741876
1677110196,28538898,0.465605,0.568713,0.311643,0.658692,0.078140,0.094248,0.742385
1677110196,38499782,0.465705,0.568922,0.310548,0.658859,0.078745,0.094608,0.742127
1677110196,48990542,0.465831,0.569188,0.309457,0.659105,0.079232,0.094786,0.741835
1677110196,59022181,0.465933,0.569332,0.308388,0.659049,0.080009,0.094635,0.741820
1677110196,68640223,0.465962,0.569366,0.307320,0.658600,0.081666,0.094513,0.742054
1677110196,78680557,0.466191,0.569635,0.306277,0.659125,0.081892,0.094435,0.741573
1677110196,88489002,0.466349,0.569911,0.305237,0.659663,0.082796,0.094690,0.740961
1677110196,98500661,0.466444,0.570107,0.304196,0.659736,0.083855,0.094180,0.740842
1677110196,109272521,0.466726,0.570414,0.303184,0.660019,0.084297,0.094632,0.740482
1677110196,118922407,0.466819,0.570394,0.302242,0.658919,0.085365,0.093846,0.741439
1677110196,129269213,0.466948,0.570564,0.301369,0.658704,0.086505,0.093744,0.741510
1677110196,138253377,0.466866,0.571399,0.300334,0.660989,0.087497,0.092612,0.739501
1677110196,149163764,0.467059,0.571614,0.299460,0.660812,0.087986,0.092357,0.739633
1677110196,158818165,0.467135,0.572004,0.298593,0.661469,0.088766,0.092110,0.738983
1677110196,168100841,0.467158,0.572188,0.297760,0.661471,0.089451,0.091392,0.738987
1677110196,178795810,0.467298,0.572306,0.296968,0.661049,0.090280,0.091972,0.739192
1677110196,188814402,0.467395,0.572549,0.296196,0.661394,0.090274,0.091742,0.738913
1677110196,198505846,0.467480,0.572785,0.295401,0.661542,0.090254,0.091992,0.738752
1677110196,208988660,0.467374,0.572904,0.294638,0.661357,0.091463,0.092028,0.738764
1677110196,218846442,0.467274,0.573065,0.293871,0.661341,0.092206,0.091473,0.738755
1677110196,228699638,0.467512,0.573308,0.293126,0.661432,0.091347,0.092647,0.738633
1677110196,238707562,0.467429,0.573505,0.292395,0.661570,0.092032,0.092725,0.738416
1677110196,248716267,0.467462,0.573657,0.291654,0.661149,0.092528,0.093268,0.738662
1677110196,258568374,0.467436,0.573987,0.290936,0.661763,0.092483,0.092905,0.738163
1677110196,268942178,0.467469,0.574080,0.290196,0.660838,0.093196,0.093465,0.738831
1677110196,278859082,0.467482,0.574297,0.289500,0.660607,0.093953,0.093897,0.738888
1677110196,289063823,0.467507,0.574406,0.288812,0.660140,0.093847,0.093493,0.739369
1677110196,298680349,0.467558,0.574652,0.288142,0.660417,0.093848,0.093480,0.739123
1677110196,309149918,0.467589,0.574795,0.287488,0.660720,0.093891,0.093523,0.738841
1677110196,318143851,0.467644,0.574833,0.286804,0.660501,0.094274,0.093588,0.738981
1677110196,327949373,0.467576,0.574840,0.286133,0.660484,0.094944,0.093605,0.738907
1677110196,338759291,0.467749,0.575022,0.285460,0.661002,0.094120,0.094066,0.738491
1677110196,348433627,0.467693,0.575145,0.284825,0.661339,0.094500,0.094102,0.738137
1677110196,358193646,0.467651,0.575303,0.284160,0.661814,0.094317,0.094169,0.737725
1677110196,368714159,0.467738,0.575524,0.283458,0.662206,0.093798,0.095216,0.737306
1677110196,378406853,0.467682,0.575615,0.282773,0.662207,0.093868,0.095832,0.737216
1677110196,389866540,0.467583,0.575664,0.282003,0.661734,0.094082,0.096470,0.737530
1677110196,399262316,0.467493,0.575876,0.281223,0.661799,0.093688,0.096847,0.737472
1677110196,408659118,0.467331,0.576120,0.280405,0.661785,0.093726,0.097550,0.737387
1677110196,418885126,0.467157,0.576436,0.279535,0.661799,0.093857,0.098480,0.737235
1677110196,429274038,0.467080,0.576826,0.278696,0.661973,0.093148,0.099201,0.737071
1677110196,438367752,0.466966,0.577020,0.277822,0.661318,0.093286,0.100347,0.737487
1677110196,448314730,0.466858,0.577253,0.276945,0.660774,0.093480,0.101156,0.737839
1677110196,458861269,0.466717,0.577563,0.276111,0.661019,0.092826,0.100922,0.737734
1677110196,468712212,0.466715,0.577947,0.275261,0.661319,0.092892,0.102292,0.737268
1677110196,478526923,0.466656,0.578173,0.274454,0.661096,0.092885,0.102328,0.737464
1677110196,488662956,0.466787,0.578530,0.273670,0.661337,0.093197,0.103689,0.737018
1677110196,498425245,0.466771,0.578665,0.272932,0.660802,0.093383,0.103527,0.737497
1677110196,508885906,0.466813,0.578987,0.272171,0.661152,0.093426,0.103466,0.737187
1677110196,518757115,0.466864,0.579214,0.271470,0.660888,0.094144,0.103789,0.737287
1677110196,529296762,0.466981,0.579529,0.270736,0.661021,0.094667,0.104036,0.737066
1677110196,538891925,0.467127,0.579699,0.270048,0.660514,0.094996,0.104394,0.737427
1677110196,548195041,0.467235,0.579937,0.269416,0.660303,0.095227,0.104326,0.737596
1677110196,558367576,0.467239,0.580184,0.268749,0.660315,0.095711,0.103767,0.737602
1677110196,568536083,0.467395,0.580647,0.268120,0.660841,0.095497,0.104178,0.737100
1677110196,578028763,0.467480,0.580764,0.267519,0.660352,0.095468,0.104300,0.737525
1677110196,589038703,0.467466,0.581080,0.266881,0.660863,0.095941,0.104356,0.736997
1677110196,598520184,0.467587,0.581368,0.266248,0.661481,0.095421,0.104826,0.736443
1677110196,608732686,0.467527,0.581405,0.265611,0.661493,0.095907,0.104924,0.736356
1677110196,618753779,0.467626,0.581655,0.264931,0.662225,0.095574,0.105877,0.735605
1677110196,629037100,0.467513,0.581892,0.264250,0.662674,0.096254,0.106285,0.735053
1677110196,637944651,0.467342,0.582894,0.263460,0.665829,0.095327,0.105854,0.732379
1677110196,648636143,0.467357,0.583131,0.262711,0.664918,0.095430,0.106198,0.733143
1677110196,658691642,0.467207,0.583463,0.261939,0.663859,0.096992,0.107249,0.733745
1677110196,668244419,0.466973,0.583773,0.261072,0.661999,0.098801,0.108033,0.735068
1677110196,678284190,0.466951,0.584439,0.260231,0.661686,0.098128,0.108617,0.735354
1677110196,688524011,0.466945,0.585267,0.259330,0.661787,0.097717,0.109857,0.735133
1677110196,698256761,0.466747,0.585610,0.258398,0.660231,0.098184,0.109893,0.736463
1677110196,708558369,0.466793,0.585914,0.257484,0.658569,0.097848,0.111198,0.737799
1677110196,718907442,0.467008,0.586683,0.256482,0.658651,0.097842,0.113594,0.737362
1677110196,729019246,0.466748,0.586897,0.255576,0.657851,0.099364,0.113667,0.737861
1677110196,738043201,0.466582,0.587175,0.254741,0.658172,0.099796,0.112935,0.737629
1677110196,748619229,0.466498,0.587267,0.253950,0.657789,0.100822,0.112982,0.737824
1677110196,758950235,0.466570,0.587228,0.253137,0.657396,0.101181,0.112885,0.738139
1677110196,769437751,0.466631,0.587385,0.252366,0.657697,0.101983,0.113277,0.737701
1677110196,779208341,0.466623,0.587490,0.251550,0.658033,0.102503,0.112817,0.737399
1677110196,788776003,0.466749,0.587578,0.250729,0.657720,0.102892,0.113122,0.737578
1677110196,798851398,0.466738,0.587912,0.249906,0.658051,0.103693,0.113334,0.737138
1677110196,809098002,0.466705,0.587904,0.249064,0.656667,0.104762,0.112846,0.738295
1677110196,819029554,0.466688,0.588265,0.248270,0.656542,0.105349,0.112662,0.738350
1677110196,828573384,0.466770,0.588652,0.247438,0.656185,0.105582,0.113017,0.738581
1677110196,837916833,0.466652,0.589063,0.246595,0.655865,0.106789,0.112577,0.738758
1677110196,848064404,0.466575,0.589402,0.245818,0.655255,0.107437,0.112258,0.739254
1677110196,858700505,0.466660,0.589738,0.245095,0.654699,0.107707,0.112992,0.739595
1677110196,868515325,0.466589,0.590129,0.244422,0.654549,0.108195,0.112666,0.739707
1677110196,878877823,0.466433,0.590353,0.243763,0.654043,0.109297,0.112403,0.740032
1677110196,888312509,0.466490,0.590730,0.243188,0.654137,0.108893,0.112632,0.739974
1677110196,898494121,0.466317,0.590900,0.242607,0.653631,0.110124,0.112688,0.740230
1677110196,908850170,0.466345,0.591074,0.242087,0.653102,0.109899,0.113255,0.740644
1677110196,918732264,0.466219,0.591421,0.241548,0.653137,0.110419,0.113346,0.740522
1677110196,928564825,0.466193,0.591666,0.241003,0.652706,0.110486,0.114068,0.740781
1677110196,937847844,0.466203,0.591850,0.240459,0.651761,0.109978,0.114567,0.741611
1677110196,948487682,0.465925,0.592028,0.239914,0.650910,0.110946,0.114207,0.742269
1677110196,957881837,0.465843,0.592388,0.239410,0.650666,0.110677,0.114369,0.742499
1677110196,968181023,0.465815,0.592803,0.238919,0.650348,0.110797,0.114993,0.742663
1677110196,978799187,0.465736,0.593102,0.238488,0.649775,0.110725,0.115002,0.743174
1677110196,988807556,0.465680,0.593325,0.238061,0.648780,0.111082,0.115066,0.743979
1677110196,998656830,0.465643,0.593583,0.237666,0.648364,0.111613,0.115749,0.744156
1677110197,8633117,0.465709,0.593926,0.237244,0.648442,0.111401,0.116654,0.743979
1677110197,18479521,0.465586,0.594149,0.236847,0.648319,0.111768,0.116301,0.744086
1677110197,28649268,0.465460,0.594255,0.236448,0.647639,0.112526,0.116379,0.744552
1677110197,37999268,0.465479,0.594600,0.236037,0.647715,0.112660,0.117046,0.744361
1677110197,48648100,0.465402,0.594749,0.235638,0.646571,0.113326,0.117539,0.745177
1677110197,58363234,0.465382,0.595119,0.235258,0.646109,0.113319,0.118039,0.745499
1677110197,68771992,0.465276,0.595583,0.234824,0.645663,0.113247,0.117852,0.745926
1677110197,78811966,0.465299,0.595930,0.234426,0.644397,0.112826,0.118337,0.747007
1677110197,88650901,0.465210,0.596118,0.234074,0.642154,0.113067,0.118632,0.748853
1677110197,99036326,0.465045,0.596893,0.233603,0.643079,0.113242,0.118725,0.748018
1677110197,108779910,0.465087,0.596694,0.233302,0.639758,0.113286,0.119694,0.750699
1677110197,118760796,0.464838,0.597245,0.232932,0.640404,0.113666,0.119276,0.750158
1677110197,128556532,0.464889,0.597474,0.232616,0.639562,0.113687,0.120740,0.750638
1677110197,138739809,0.464715,0.597715,0.232237,0.639337,0.113847,0.120921,0.750776
1677110197,148071265,0.464707,0.598122,0.231883,0.639473,0.113381,0.121962,0.750563
1677110197,157824028,0.464574,0.598373,0.231498,0.638947,0.113352,0.122745,0.750887
1677110197,168354229,0.464366,0.599297,0.230980,0.640093,0.114271,0.124203,0.749531
1677110197,178929360,0.464200,0.599809,0.230512,0.639826,0.114312,0.124540,0.749697
1677110197,188547841,0.463875,0.600710,0.229904,0.640385,0.115667,0.125406,0.748867
1677110197,198826708,0.463831,0.601077,0.229414,0.638873,0.115408,0.126236,0.750058
1677110197,208817202,0.463758,0.601494,0.228908,0.637868,0.114983,0.126237,0.750978
1677110197,218693099,0.463635,0.601904,0.228403,0.636941,0.115415,0.126345,0.751680
1677110197,229072366,0.463755,0.602266,0.227961,0.635842,0.115591,0.127633,0.752365
1677110197,238617353,0.463682,0.602599,0.227495,0.635404,0.115851,0.127268,0.752757
1677110197,248313245,0.463654,0.602928,0.227076,0.635030,0.117026,0.127427,0.752864
1677110197,258201800,0.463733,0.603310,0.226704,0.634945,0.117182,0.127878,0.752835
1677110197,268719219,0.463799,0.603781,0.226257,0.635154,0.117836,0.128189,0.752503
1677110197,278252341,0.463780,0.604157,0.225881,0.634808,0.118573,0.128378,0.752648
1677110197,288848103,0.463824,0.604571,0.225459,0.634453,0.119069,0.128486,0.752850
1677110197,298723938,0.463871,0.605006,0.225068,0.633951,0.119211,0.128706,0.753213
1677110197,308662002,0.463769,0.605256,0.224645,0.632540,0.119973,0.128406,0.754329
1677110197,318447622,0.463789,0.605774,0.224211,0.632218,0.120198,0.128719,0.754509
1677110197,328409515,0.463758,0.606267,0.223857,0.631948,0.120506,0.129142,0.754614
1677110197,338725829,0.463674,0.606629,0.223505,0.631090,0.121142,0.128814,0.755286
1677110197,348665357,0.463688,0.607073,0.223195,0.630555,0.121434,0.129230,0.755615
1677110197,358769101,0.463732,0.607480,0.222912,0.630255,0.121728,0.129910,0.755701
1677110197,368381322,0.463779,0.607801,0.222655,0.629655,0.122192,0.130524,0.756021
1677110197,378750760,0.463726,0.608099,0.222400,0.629467,0.122721,0.130584,0.756081
1677110197,388376859,0.463703,0.608512,0.222166,0.629887,0.122795,0.130559,0.755724
1677110197,398145830,0.463684,0.608837,0.221938,0.629620,0.123662,0.131316,0.755674
1677110197,408079669,0.463662,0.609143,0.221672,0.629162,0.124027,0.131730,0.755923
1677110197,418212289,0.463650,0.609572,0.221375,0.628633,0.124304,0.132401,0.756201
1677110197,429141809,0.463647,0.609994,0.221077,0.628065,0.124082,0.133058,0.756593
1677110197,438691759,0.463620,0.610526,0.220735,0.627549,0.124373,0.134112,0.756788
1677110197,449043045,0.463586,0.611172,0.220324,0.627211,0.124380,0.134978,0.756913
1677110197,458913500,0.463549,0.611594,0.219937,0.626013,0.124629,0.135706,0.757733
1677110197,468787379,0.463689,0.612091,0.219545,0.624837,0.124457,0.137704,0.758371
1677110197,478773491,0.463761,0.612549,0.219139,0.623736,0.124099,0.138790,0.759138
1677110197,488586982,0.463773,0.613075,0.218751,0.623136,0.123664,0.139220,0.759623
1677110197,498708759,0.463419,0.613672,0.218321,0.623009,0.124582,0.138512,0.759706
1677110197,508834717,0.463402,0.614295,0.217870,0.622438,0.124885,0.139466,0.759950
1677110197,518828511,0.463217,0.614901,0.217417,0.621770,0.126129,0.140196,0.760156
1677110197,528723199,0.462976,0.615579,0.216930,0.621302,0.127466,0.140448,0.760270
1677110197,538294585,0.462849,0.616234,0.216448,0.620105,0.129500,0.141840,0.760646
1677110197,548670897,0.462702,0.617072,0.215870,0.619035,0.128600,0.140236,0.761966
1677110197,558455315,0.462678,0.617846,0.215333,0.617087,0.128838,0.141085,0.763348
1677110197,568595708,0.462590,0.618926,0.214708,0.615581,0.129460,0.141952,0.764297
1677110197,579012700,0.462351,0.619773,0.214151,0.612921,0.130965,0.142894,0.766001
1677110197,588564791,0.462264,0.620715,0.213555,0.610567,0.130942,0.144067,0.767663
1677110197,598534596,0.461975,0.621784,0.212968,0.609366,0.131022,0.144414,0.768538
1677110197,608818778,0.461924,0.622600,0.212447,0.607048,0.130469,0.146027,0.770160
1677110197,618789164,0.461599,0.623389,0.211916,0.604343,0.132349,0.148158,0.771559
1677110197,628497786,0.461414,0.624353,0.211396,0.602728,0.132789,0.150741,0.772245
1677110197,638587424,0.460960,0.625193,0.210893,0.601884,0.133006,0.151179,0.772781
1677110197,649124501,0.460730,0.625780,0.210487,0.599254,0.132886,0.152927,0.774499
1677110197,658988723,0.460332,0.626536,0.210052,0.597848,0.132986,0.154038,0.775348
1677110197,668903302,0.460003,0.627223,0.209657,0.595892,0.133065,0.155395,0.776568
1677110197,679140002,0.459666,0.628000,0.209279,0.594554,0.133027,0.157121,0.777253
1677110197,688823557,0.459304,0.628785,0.208910,0.592791,0.132820,0.158480,0.778358
1677110197,698609347,0.458888,0.629738,0.208507,0.591303,0.132625,0.160319,0.779146
1677110197,709112304,0.458531,0.630642,0.208097,0.589106,0.132195,0.162965,0.780334
1677110197,718914023,0.458107,0.631362,0.207684,0.585855,0.131616,0.165190,0.782409
1677110197,728680959,0.457467,0.632474,0.207160,0.583898,0.130996,0.166986,0.783593
1677110197,738634697,0.456809,0.633508,0.206636,0.581029,0.130841,0.169538,0.785202
1677110197,748810853,0.456243,0.634446,0.206110,0.577513,0.129575,0.171819,0.787507
1677110197,758705204,0.455601,0.635609,0.205586,0.574945,0.128951,0.174783,0.788835
1677110197,767967380,0.454964,0.636476,0.205092,0.571494,0.127995,0.176907,0.791022
1677110197,778521320,0.454379,0.637290,0.204667,0.568524,0.127199,0.179477,0.792710
1677110197,788361635,0.453956,0.638227,0.204255,0.566888,0.125639,0.182057,0.793541
1677110197,798503912,0.453358,0.638883,0.203889,0.564957,0.125069,0.183870,0.794590
1677110197,808738120,0.452901,0.639563,0.203552,0.563155,0.124572,0.185940,0.795465
1677110197,818421186,0.452519,0.640268,0.203230,0.561340,0.124012,0.188075,0.796333
1677110197,828077748,0.452066,0.641070,0.202838,0.559812,0.123996,0.190091,0.796932
1677110197,838215068,0.451762,0.641911,0.202480,0.557689,0.123476,0.192033,0.798035
1677110197,848741712,0.451357,0.642605,0.202076,0.554602,0.123643,0.193396,0.799829
1677110197,859271246,0.451048,0.643687,0.201654,0.552731,0.123276,0.195252,0.800729
1677110197,869368228,0.450680,0.643891,0.201338,0.546604,0.123911,0.195746,0.804707
1677110197,878994696,0.450378,0.644779,0.201000,0.544755,0.122971,0.196839,0.805837
1677110197,889270440,0.450145,0.645764,0.200597,0.544439,0.122067,0.198268,0.805838
1677110197,898995119,0.449933,0.646244,0.200399,0.542730,0.121093,0.198901,0.806981
1677110197,908973348,0.449659,0.646778,0.200181,0.541931,0.121866,0.200373,0.807038
1677110197,918659458,0.449647,0.647416,0.200003,0.541767,0.121190,0.202319,0.806764
1677110197,928898365,0.449450,0.647854,0.199837,0.541036,0.121164,0.203087,0.807065
1677110197,938543582,0.449512,0.648976,0.199589,0.542437,0.120782,0.206209,0.805390
1677110197,948193560,0.449222,0.648851,0.199422,0.539115,0.121912,0.205460,0.807638
1677110197,958037383,0.449232,0.649377,0.199239,0.537940,0.121653,0.206723,0.808138
1677110197,968309724,0.449215,0.650017,0.198986,0.537272,0.121522,0.207417,0.808424
1677110197,978510869,0.449241,0.651081,0.198707,0.538108,0.121724,0.209636,0.807264
1677110197,987941207,0.449235,0.651114,0.198591,0.534850,0.121810,0.209168,0.809535
1677110197,998066740,0.449360,0.651629,0.198407,0.533263,0.121781,0.210242,0.810307
1677110198,8373383,0.449372,0.652804,0.198052,0.534557,0.121858,0.212031,0.808976
1677110198,18669828,0.449407,0.653095,0.197832,0.531786,0.122399,0.212529,0.810588
1677110198,29016804,0.449418,0.653481,0.197564,0.529314,0.122228,0.212530,0.812230
1677110198,38444923,0.449431,0.654313,0.197174,0.528048,0.122516,0.213743,0.812692
1677110198,48345261,0.449318,0.655203,0.196746,0.526408,0.123493,0.214985,0.813281
1677110198,58847414,0.449270,0.655846,0.196390,0.523460,0.124246,0.215998,0.814799
1677110198,68297267,0.449339,0.656633,0.196028,0.521534,0.123440,0.216651,0.815982
1677110198,78515317,0.449334,0.657439,0.195662,0.519850,0.123573,0.218141,0.816639
1677110198,89137108,0.449136,0.658120,0.195292,0.517841,0.125374,0.219131,0.817376
1677110198,99085541,0.449092,0.658884,0.194997,0.516590,0.125462,0.220177,0.817873
1677110198,108458585,0.449029,0.659575,0.194691,0.514883,0.125953,0.220984,0.818656
1677110198,119022549,0.449192,0.660505,0.194400,0.513736,0.125277,0.223103,0.818905
1677110198,128855054,0.449084,0.661232,0.194120,0.512319,0.125175,0.223373,0.819735
1677110198,138668975,0.448986,0.661807,0.193858,0.509656,0.125612,0.224534,0.821010
1677110198,148477405,0.448997,0.662790,0.193500,0.509251,0.125623,0.226178,0.820808
1677110198,158371484,0.448992,0.663427,0.193272,0.507689,0.125562,0.227337,0.821464
1677110198,168392760,0.448955,0.664087,0.193097,0.506871,0.125684,0.228059,0.821751
1677110198,179111171,0.448886,0.664601,0.192986,0.506010,0.126052,0.228603,0.822074
1677110198,188569539,0.448900,0.665173,0.192913,0.505496,0.126281,0.229354,0.822146
1677110198,198661898,0.448881,0.665654,0.192891,0.504724,0.126791,0.230439,0.822238
1677110198,209327145,0.448937,0.666376,0.192799,0.505068,0.126676,0.231582,0.821724
1677110198,218178104,0.448929,0.666983,0.192689,0.504583,0.126926,0.232364,0.821762
1677110198,229111563,0.448869,0.667535,0.192589,0.503268,0.127520,0.233295,0.822212
1677110198,238774641,0.448749,0.668096,0.192390,0.501460,0.127970,0.233638,0.823149
1677110198,249164375,0.448665,0.669115,0.192027,0.501180,0.127640,0.234679,0.823075
1677110198,258629765,0.448522,0.669789,0.191736,0.498977,0.128060,0.235251,0.824184
1677110198,268187379,0.448532,0.670560,0.191413,0.496555,0.128487,0.237229,0.825013
1677110198,278660102,0.448380,0.671339,0.191060,0.495223,0.128224,0.237663,0.825730
1677110198,288862902,0.448255,0.672011,0.190761,0.493326,0.128727,0.238947,0.826416
1677110198,298636390,0.448117,0.672756,0.190415,0.492417,0.128803,0.239951,0.826655
1677110198,308209605,0.447963,0.673229,0.190208,0.490630,0.129287,0.240858,0.827378
1677110198,319050068,0.447758,0.673847,0.189912,0.490072,0.129672,0.241557,0.827445
1677110198,328606235,0.447569,0.674418,0.189629,0.489394,0.129912,0.242785,0.827449
1677110198,337839447,0.447434,0.674964,0.189349,0.488168,0.130069,0.244133,0.827752
1677110198,348656776,0.447243,0.675504,0.189003,0.487046,0.129847,0.245262,0.828114
1677110198,358832150,0.446998,0.676025,0.188626,0.485827,0.130008,0.246519,0.828432
1677110198,368905502,0.446799,0.676606,0.188200,0.485001,0.129973,0.247973,0.828487
1677110198,379022012,0.446588,0.677104,0.187777,0.484044,0.129621,0.249140,0.828752
1677110198,388720421,0.446516,0.677318,0.187520,0.481526,0.129452,0.250618,0.829798
1677110198,398681889,0.446339,0.677881,0.187068,0.481253,0.129550,0.252026,0.829515
1677110198,408769654,0.446211,0.678160,0.186768,0.479851,0.129610,0.253164,0.829971
1677110198,418665320,0.446076,0.678472,0.186437,0.478950,0.129526,0.253890,0.830283
1677110198,428361034,0.445975,0.678726,0.186183,0.477718,0.129471,0.254882,0.830697
1677110198,437726886,0.445877,0.679073,0.185912,0.476900,0.129391,0.256236,0.830763
1677110198,447946949,0.445770,0.679383,0.185662,0.476067,0.129101,0.257295,0.830958
1677110198,458856841,0.445597,0.679830,0.185346,0.475939,0.128911,0.258369,0.830728
1677110198,468540086,0.445530,0.679958,0.185162,0.473794,0.128752,0.259674,0.831571
1677110198,478832795,0.445434,0.680223,0.184987,0.472489,0.127789,0.260925,0.832071
1677110198,488589972,0.445211,0.680579,0.184751,0.471724,0.127643,0.262276,0.832103
1677110198,498367477,0.445079,0.680751,0.184620,0.470094,0.127025,0.263729,0.832660
1677110198,508706456,0.444889,0.681058,0.184472,0.469579,0.126259,0.265230,0.832591
1677110198,518823071,0.444694,0.681285,0.184373,0.468876,0.125593,0.266696,0.832619
1677110198,528955355,0.444552,0.681549,0.184308,0.468355,0.124881,0.268661,0.832388
1677110198,538125623,0.444399,0.681620,0.184357,0.466909,0.124571,0.270516,0.832646
1677110198,548392686,0.444126,0.681780,0.184306,0.466307,0.124827,0.271997,0.832463
1677110198,557738100,0.443967,0.682105,0.184240,0.466333,0.124448,0.273877,0.831888
1677110198,568115216,0.443859,0.682355,0.184213,0.465647,0.124173,0.275776,0.831686
1677110198,579002454,0.443690,0.682387,0.184262,0.464197,0.123916,0.276778,0.832202
1677110198,588688572,0.443565,0.682742,0.184149,0.463824,0.124090,0.278203,0.831909
1677110198,598948613,0.443394,0.683158,0.183984,0.463678,0.124065,0.279053,0.831709
1677110198,608818312,0.443292,0.683471,0.183892,0.462456,0.124569,0.280116,0.831957
1677110198,618759397,0.443291,0.683883,0.183743,0.461232,0.124542,0.280914,0.832371
1677110198,628620106,0.443339,0.684350,0.183622,0.460142,0.124620,0.282215,0.832522
1677110198,638425296,0.443334,0.684642,0.183501,0.458584,0.125471,0.282447,0.833175
1677110198,649131072,0.443404,0.685094,0.183422,0.457837,0.126094,0.283420,0.833161
1677110198,659050778,0.443474,0.685376,0.183404,0.456661,0.126737,0.283768,0.833591
1677110198,668933905,0.443572,0.685724,0.183398,0.455711,0.127415,0.284418,0.833786
1677110198,678941488,0.443668,0.686122,0.183342,0.455277,0.127595,0.285064,0.833775
1677110198,688862635,0.443729,0.686568,0.183218,0.454794,0.128156,0.285373,0.833847
1677110198,699599701,0.443820,0.686894,0.183164,0.453892,0.128302,0.285687,0.834208
1677110198,709152981,0.443829,0.687335,0.183103,0.453532,0.128721,0.285671,0.834345
1677110198,718627460,0.443972,0.687530,0.183218,0.451691,0.129460,0.286458,0.834959
1677110198,728459785,0.444096,0.687922,0.183287,0.451549,0.129334,0.286837,0.834925
1677110198,738607103,0.444267,0.688262,0.183434,0.451269,0.129575,0.287666,0.834755
1677110198,748719250,0.444367,0.688417,0.183622,0.450724,0.129923,0.287718,0.834977
1677110198,758825386,0.444562,0.688800,0.183739,0.451213,0.130145,0.288809,0.834301
1677110198,769104486,0.444663,0.689059,0.183888,0.451430,0.130077,0.288925,0.834154
1677110198,778502948,0.444795,0.689239,0.184008,0.451085,0.130138,0.289160,0.834250
1677110198,788357340,0.444940,0.689506,0.184096,0.450491,0.130481,0.289836,0.834283
1677110198,799160970,0.445089,0.689702,0.184137,0.449286,0.130688,0.290211,0.834770
1677110198,809089393,0.445147,0.690038,0.184049,0.448460,0.131506,0.290503,0.834984
1677110198,818499997,0.445230,0.690416,0.183957,0.447794,0.131487,0.290365,0.835392
1677110198,828809796,0.445387,0.690874,0.183807,0.447176,0.131821,0.290995,0.835451
1677110198,838648625,0.445496,0.691324,0.183691,0.446595,0.132628,0.291350,0.835510
1677110198,848681360,0.445730,0.691635,0.183695,0.445427,0.132916,0.291940,0.835882
1677110198,858509237,0.445832,0.691916,0.183657,0.444779,0.133792,0.291855,0.836117
1677110198,869121045,0.446069,0.692482,0.183504,0.445385,0.134152,0.292562,0.835489
1677110198,878322162,0.446161,0.692759,0.183479,0.444684,0.135034,0.292530,0.835732
1677110198,888355563,0.446269,0.693093,0.183353,0.443988,0.135794,0.292458,0.836004
1677110198,898712650,0.446513,0.693538,0.183243,0.443073,0.136124,0.293251,0.836158
1677110198,908622045,0.446491,0.693943,0.183026,0.442312,0.137085,0.292996,0.836493
1677110198,918941337,0.446734,0.694429,0.182890,0.441169,0.136891,0.293933,0.836800
1677110198,928478621,0.446760,0.695022,0.182586,0.440965,0.137460,0.294346,0.836669
1677110198,939249215,0.446857,0.695431,0.182443,0.439535,0.137634,0.294732,0.837257
1677110198,948217180,0.446858,0.695863,0.182269,0.438367,0.137831,0.295051,0.837724
1677110198,958425431,0.446937,0.696226,0.182159,0.436405,0.137988,0.295635,0.838517
1677110198,968607362,0.446917,0.696665,0.181998,0.435888,0.138284,0.295968,0.838619
1677110198,978587687,0.446955,0.697011,0.181908,0.435237,0.138336,0.296479,0.838768
1677110198,988536500,0.446990,0.697355,0.181833,0.434652,0.138482,0.297139,0.838814
1677110198,998583255,0.446948,0.697842,0.181752,0.434625,0.139075,0.298035,0.838412
1677110199,8705538,0.447009,0.698276,0.181702,0.434396,0.138878,0.298793,0.838293
1677110199,18884638,0.447048,0.698664,0.181646,0.433647,0.139005,0.299432,0.838432
1677110199,29117477,0.446935,0.699177,0.181443,0.433519,0.139462,0.300074,0.838193
1677110199,38960040,0.446999,0.699486,0.181351,0.431582,0.139214,0.300746,0.838993
1677110199,48901939,0.446866,0.699991,0.181049,0.431101,0.139239,0.300953,0.839161
1677110199,58580810,0.446910,0.700363,0.180824,0.429235,0.138966,0.301864,0.839835
1677110199,68748547,0.446902,0.700731,0.180569,0.427447,0.139451,0.302790,0.840333
1677110199,78412826,0.446786,0.701207,0.180207,0.427171,0.139264,0.302910,0.840462
1677110199,88331515,0.446819,0.701442,0.179980,0.424969,0.140136,0.303649,0.841166
1677110199,98582762,0.446731,0.701829,0.179690,0.424578,0.140285,0.303782,0.841291
1677110199,108409463,0.446796,0.702140,0.179464,0.423644,0.140541,0.304153,0.841585
1677110199,118846369,0.446816,0.702441,0.179289,0.423041,0.141183,0.304535,0.841643
1677110199,128765114,0.446843,0.702741,0.179125,0.422845,0.141889,0.304822,0.841518
1677110199,138369480,0.447009,0.703054,0.179030,0.422685,0.142221,0.305505,0.841295
1677110199,148063291,0.447108,0.703205,0.179019,0.422603,0.142213,0.305497,0.841340
1677110199,158588971,0.447164,0.703440,0.178837,0.423150,0.143099,0.305502,0.840913
1677110199,168924862,0.447162,0.703633,0.178708,0.423573,0.144037,0.305233,0.840638
1677110199,178970494,0.447273,0.703769,0.178627,0.423414,0.144584,0.305355,0.840580
1677110199,188493769,0.447373,0.703923,0.178500,0.423027,0.145005,0.305372,0.840696
1677110199,198544262,0.447471,0.704118,0.178293,0.422997,0.145422,0.305464,0.840606
1677110199,208236786,0.447410,0.704442,0.177929,0.423853,0.146367,0.304816,0.840246
1677110199,218410662,0.447576,0.704466,0.177847,0.422826,0.146718,0.304736,0.840731
1677110199,228715446,0.447688,0.704700,0.177619,0.423207,0.146919,0.304681,0.840524
1677110199,238883841,0.447815,0.704756,0.177483,0.422585,0.147509,0.304523,0.840791
1677110199,248958566,0.447882,0.704982,0.177276,0.423237,0.147966,0.304613,0.840349
1677110199,259027052,0.447911,0.705127,0.177075,0.423933,0.148405,0.304203,0.840070
1677110199,269207059,0.448005,0.705208,0.176942,0.424483,0.148847,0.304233,0.839703
1677110199,278892905,0.448180,0.705130,0.176865,0.424507,0.148976,0.304254,0.839660
1677110199,288520252,0.448293,0.705109,0.176719,0.425121,0.149572,0.304190,0.839267
1677110199,298116315,0.448276,0.705096,0.176495,0.426365,0.150234,0.303565,0.838744
1677110199,307906868,0.448440,0.705123,0.176315,0.427319,0.150645,0.303996,0.838028
1677110199,318027803,0.448588,0.705206,0.175999,0.428883,0.150968,0.304028,0.837159
1677110199,328445504,0.448773,0.705014,0.175850,0.429089,0.151115,0.303822,0.837102
1677110199,338365450,0.448982,0.704851,0.175773,0.430089,0.151996,0.303632,0.836498
1677110199,349057980,0.449259,0.704899,0.175742,0.433674,0.152589,0.303694,0.834514
1677110199,358875671,0.449516,0.704671,0.175828,0.436147,0.153171,0.302817,0.833437
1677110199,368782192,0.449709,0.704458,0.175761,0.437870,0.154012,0.301449,0.832874
1677110199,378757548,0.449876,0.704457,0.175552,0.439431,0.154821,0.300549,0.832227
1677110199,388811047,0.450170,0.704461,0.175521,0.440439,0.155468,0.300206,0.831697
1677110199,399232482,0.450401,0.704565,0.175445,0.442687,0.156962,0.299863,0.830345
1677110199,408752953,0.450564,0.704439,0.175460,0.444224,0.158432,0.298466,0.829748
1677110199,418668356,0.450808,0.704631,0.175388,0.446410,0.159377,0.297808,0.828629
1677110199,428511864,0.450810,0.704794,0.175259,0.448492,0.160389,0.296435,0.827802
1677110199,438966130,0.450880,0.705038,0.175155,0.450501,0.161559,0.296056,0.826618
1677110199,448756607,0.450894,0.705287,0.175057,0.453092,0.162701,0.295994,0.824999
1677110199,458542104,0.450880,0.705349,0.175024,0.455036,0.164139,0.295848,0.823696
1677110199,469309555,0.450636,0.705449,0.174879,0.457261,0.165768,0.295325,0.822324
1677110199,479291945,0.450484,0.705703,0.174702,0.459416,0.166838,0.296010,0.820658
1677110199,488802149,0.450227,0.705946,0.174549,0.461295,0.168457,0.296727,0.819013
1677110199,498257626,0.450037,0.705986,0.174497,0.462467,0.169302,0.297265,0.817982
1677110199,508937132,0.449776,0.706092,0.174384,0.464296,0.170504,0.297665,0.816550
1677110199,518965774,0.449525,0.706226,0.174330,0.466246,0.171185,0.297878,0.815217
1677110199,529376454,0.449221,0.706436,0.174130,0.468821,0.172245,0.297828,0.813534
1677110199,539114785,0.448981,0.706634,0.173946,0.471042,0.173202,0.297964,0.811996
1677110199,548836024,0.448817,0.706783,0.173840,0.473192,0.173628,0.297697,0.810752
1677110199,558299436,0.448560,0.707014,0.173686,0.475971,0.174705,0.297372,0.809012
1677110199,569014682,0.448432,0.707210,0.173556,0.478398,0.175336,0.297104,0.807540
1677110199,578889054,0.448162,0.707451,0.173358,0.481357,0.176203,0.296375,0.805860
1677110199,588183251,0.447971,0.707587,0.173147,0.483714,0.177206,0.295491,0.804552
1677110199,598770107,0.447688,0.707826,0.172921,0.486684,0.178357,0.294424,0.802896
1677110199,609188829,0.447481,0.707944,0.172758,0.488394,0.179609,0.293516,0.801910
1677110199,618762936,0.447159,0.708261,0.172531,0.491069,0.180528,0.292238,0.800536
1677110199,628489352,0.446817,0.708519,0.172370,0.493399,0.181313,0.290798,0.799449
1677110199,638269910,0.446450,0.708765,0.172136,0.496037,0.182144,0.289091,0.798247
1677110199,648674204,0.446084,0.709056,0.171941,0.499276,0.182520,0.287654,0.796659
1677110199,658701293,0.445611,0.709314,0.171659,0.503029,0.183360,0.285743,0.794790
1677110199,668869447,0.445234,0.709241,0.171423,0.505458,0.184339,0.283782,0.793725
1677110199,678757206,0.444830,0.709342,0.171115,0.509239,0.184468,0.281765,0.791995
1677110199,688635453,0.444402,0.709502,0.170707,0.513269,0.185058,0.279681,0.789992
1677110199,698995252,0.444001,0.709724,0.170343,0.517473,0.185225,0.277729,0.787896
1677110199,708608508,0.443539,0.709826,0.169949,0.520596,0.186086,0.275456,0.786433
1677110199,718473969,0.443044,0.709998,0.169608,0.523531,0.186541,0.273093,0.785200
1677110199,729205136,0.442470,0.710184,0.169276,0.526673,0.187078,0.270580,0.783839
1677110199,738507582,0.441910,0.710435,0.168870,0.530341,0.187171,0.267822,0.782289
1677110199,748744890,0.441286,0.710561,0.168534,0.534097,0.187300,0.264763,0.780743
1677110199,758803093,0.440756,0.710751,0.168234,0.537775,0.187120,0.262172,0.779134
1677110199,769115046,0.440171,0.710890,0.167994,0.540883,0.186536,0.259286,0.778088
1677110199,778545672,0.439405,0.711176,0.167716,0.544009,0.185907,0.255917,0.777174
1677110199,788564513,0.438712,0.711752,0.167410,0.546838,0.184805,0.253309,0.776305
1677110199,798733938,0.437892,0.712447,0.167128,0.549050,0.183430,0.250100,0.776111
1677110199,808868938,0.437144,0.713429,0.166852,0.551776,0.181286,0.246929,0.775696
1677110199,818718772,0.436265,0.714212,0.166614,0.553968,0.179658,0.242393,0.775943
1677110199,828839374,0.435640,0.715079,0.166394,0.556466,0.177513,0.238434,0.775877
1677110199,838202969,0.434990,0.715868,0.166163,0.559225,0.175985,0.233206,0.775830
1677110199,848890312,0.434452,0.716635,0.165960,0.561683,0.174305,0.227544,0.776114
1677110199,858661614,0.433908,0.717501,0.165657,0.564767,0.172697,0.220794,0.776185
1677110199,868305668,0.433494,0.718343,0.165285,0.568008,0.171063,0.213767,0.776150
1677110199,878831423,0.433043,0.719097,0.164891,0.571470,0.170306,0.206101,0.775848
1677110199,888770444,0.432584,0.719704,0.164456,0.574376,0.171304,0.198252,0.775528
1677110199,898599879,0.432201,0.720368,0.164033,0.577454,0.173782,0.191883,0.774292
1677110199,908792661,0.431606,0.720872,0.163724,0.580055,0.177134,0.185051,0.773250
1677110199,918845090,0.431086,0.721423,0.163559,0.582724,0.181430,0.180299,0.771368
1677110199,928796732,0.430420,0.721734,0.163496,0.584415,0.186021,0.175692,0.770057
1677110199,938335073,0.429590,0.722039,0.163442,0.586005,0.188578,0.171262,0.769224
1677110199,949349676,0.428765,0.722223,0.163526,0.587629,0.188791,0.167911,0.768672
1677110199,958768057,0.427770,0.722011,0.163696,0.588883,0.188134,0.164906,0.768523
1677110199,969065427,0.426747,0.721614,0.163906,0.590338,0.184670,0.162950,0.768665
1677110199,978758088,0.425292,0.721140,0.164115,0.591403,0.180602,0.161172,0.769187
1677110199,989028708,0.423721,0.720705,0.164277,0.592039,0.175049,0.161245,0.769966
1677110199,998358156,0.421836,0.720256,0.164392,0.591971,0.169064,0.162046,0.771187
1677110200,8781699,0.419681,0.719859,0.164487,0.592046,0.162771,0.163914,0.772088
1677110200,18569224,0.417392,0.719421,0.164574,0.592515,0.155896,0.166906,0.772505
1677110200,28794643,0.414947,0.718827,0.164680,0.593002,0.148918,0.170283,0.772772
1677110200,38518168,0.412587,0.718152,0.164815,0.593075,0.141537,0.174871,0.773078
1677110200,48944004,0.410202,0.717883,0.164879,0.594208,0.133580,0.180057,0.772433
1677110200,58433063,0.407733,0.717208,0.164865,0.592987,0.126205,0.183927,0.773699
1677110200,68777318,0.405341,0.716737,0.164715,0.592750,0.119004,0.187509,0.774162
1677110200,79025872,0.403107,0.716390,0.164581,0.593186,0.112054,0.191093,0.773988
1677110200,88911416,0.401083,0.716050,0.164464,0.594311,0.105035,0.193673,0.773468
1677110200,99088116,0.399208,0.715435,0.164315,0.596058,0.098571,0.194470,0.772774
1677110200,109627198,0.397596,0.714619,0.164197,0.597977,0.092962,0.194248,0.772042
1677110200,118375885,0.396415,0.713708,0.164013,0.599607,0.087344,0.193438,0.771637
1677110200,128425022,0.395410,0.713069,0.163781,0.602396,0.082794,0.191408,0.770472
1677110200,138768375,0.394630,0.712298,0.163532,0.605002,0.079259,0.187751,0.769702
1677110200,148906352,0.394131,0.711619,0.163292,0.607994,0.075888,0.183384,0.768736
1677110200,158471007,0.393814,0.711055,0.163061,0.611174,0.073760,0.177974,0.767692
1677110200,168876626,0.393829,0.710462,0.162816,0.613904,0.071411,0.171797,0.767143
1677110200,179420962,0.393934,0.709995,0.162613,0.616726,0.070140,0.164996,0.766489
1677110200,188782661,0.394298,0.709595,0.162486,0.619126,0.069318,0.158251,0.766051
1677110200,198353248,0.394632,0.709274,0.162418,0.621215,0.069490,0.150875,0.765833
1677110200,208873506,0.395230,0.709128,0.162392,0.623248,0.069058,0.143918,0.765559
1677110200,218427080,0.395765,0.708983,0.162378,0.625402,0.069994,0.136501,0.765075
1677110200,228598446,0.396521,0.708662,0.162411,0.627017,0.070279,0.129328,0.764974
1677110200,238028687,0.397220,0.708392,0.162419,0.629053,0.071154,0.121873,0.764445
1677110200,248342092,0.398038,0.708136,0.162402,0.631359,0.072100,0.115329,0.763470
1677110200,257723979,0.398911,0.707654,0.162406,0.632671,0.072901,0.109059,0.763229
1677110200,268025364,0.399650,0.707532,0.162354,0.635352,0.074082,0.102918,0.761740
1677110200,278443262,0.400423,0.707191,0.162290,0.636594,0.074940,0.097395,0.761345
1677110200,288565585,0.401107,0.706913,0.162183,0.637805,0.076393,0.092375,0.760812
1677110200,298985542,0.401684,0.706709,0.162094,0.639431,0.077726,0.087702,0.759865
1677110200,308771306,0.402350,0.706350,0.162044,0.640509,0.078310,0.084006,0.759315
1677110200,318476283,0.402889,0.706043,0.161999,0.642298,0.078713,0.080395,0.758152
1677110200,328675199,0.403313,0.705753,0.161970,0.644546,0.079380,0.077420,0.756482
1677110200,338582865,0.403607,0.705173,0.161909,0.645843,0.079897,0.074246,0.755639
1677110200,348486660,0.403998,0.704664,0.161810,0.648088,0.079251,0.071950,0.754006
1677110200,358080810,0.404315,0.704089,0.161716,0.650633,0.078898,0.070069,0.752026
1677110200,369462219,0.404455,0.703351,0.161663,0.652753,0.078797,0.068174,0.750371
1677110200,378668352,0.404540,0.702670,0.161592,0.654549,0.078458,0.066357,0.749004
1677110200,388641827,0.404685,0.702278,0.161489,0.656652,0.077597,0.065548,0.747322
1677110200,399436310,0.404658,0.701921,0.161308,0.658451,0.076921,0.064008,0.745941
1677110200,408869428,0.404621,0.701614,0.161130,0.659943,0.076324,0.063043,0.744765
1677110200,418238281,0.404647,0.701128,0.160973,0.660459,0.075467,0.062736,0.744421
1677110200,428800455,0.404470,0.700754,0.160846,0.661580,0.074772,0.061670,0.743584
1677110200,438670370,0.404396,0.700449,0.160739,0.663121,0.073747,0.061582,0.742320
1677110200,448732096,0.404294,0.699947,0.160656,0.663844,0.072753,0.060951,0.741825
1677110200,458871054,0.404227,0.699616,0.160528,0.665960,0.071174,0.059928,0.740162
1677110200,468947059,0.404158,0.699007,0.160365,0.667957,0.070267,0.058870,0.738533
1677110200,478862904,0.404132,0.698162,0.160230,0.670038,0.068879,0.057088,0.736917
1677110200,488840035,0.404101,0.697402,0.160093,0.673217,0.067673,0.055034,0.734282
1677110200,498995682,0.404143,0.696638,0.160052,0.676523,0.065982,0.052899,0.731550
1677110200,508864364,0.404183,0.695666,0.160024,0.678872,0.064438,0.050361,0.729688
1677110200,518938229,0.404147,0.694942,0.159998,0.681920,0.063906,0.048738,0.726997
1677110200,528849640,0.404146,0.694185,0.159880,0.683939,0.063131,0.047126,0.725273
1677110200,538390327,0.404111,0.693546,0.159747,0.685428,0.061938,0.045524,0.724071
1677110200,548439191,0.403991,0.693066,0.159444,0.686558,0.060931,0.044311,0.723162
1677110200,558639387,0.403738,0.692864,0.159180,0.688211,0.059662,0.042442,0.721807
1677110200,568646963,0.403432,0.692312,0.158922,0.688415,0.059055,0.041093,0.721740
1677110200,578948368,0.403199,0.692059,0.158740,0.690082,0.057595,0.039982,0.720327
1677110200,588347273,0.402798,0.691543,0.158591,0.690839,0.056920,0.038604,0.719730
1677110200,598633967,0.402589,0.691273,0.158440,0.692347,0.055124,0.037826,0.718461
1677110200,608864177,0.402186,0.690802,0.158311,0.693341,0.054010,0.036645,0.717648
1677110200,618273766,0.401882,0.690192,0.158228,0.694629,0.052579,0.036243,0.716528
1677110200,628689225,0.401426,0.689602,0.158204,0.697322,0.051703,0.035500,0.714009
1677110200,638342759,0.401092,0.688705,0.158237,0.699724,0.051177,0.035762,0.711680
1677110200,648449073,0.400773,0.687758,0.158357,0.702288,0.051088,0.036119,0.709139
1677110200,658566383,0.400429,0.686960,0.158544,0.705123,0.051463,0.036324,0.706281
1677110200,668263055,0.400231,0.686222,0.158787,0.707942,0.051693,0.036871,0.703410
1677110200,678794077,0.400063,0.685435,0.159094,0.710343,0.052241,0.036506,0.700965
1677110200,688938025,0.400041,0.684609,0.159462,0.712566,0.052900,0.036796,0.698640
1677110200,698371867,0.399940,0.683885,0.159958,0.715534,0.053228,0.035528,0.695640
1677110200,708568104,0.399853,0.683092,0.160515,0.718375,0.054047,0.034582,0.692691
1677110200,718727021,0.399979,0.682300,0.161127,0.721709,0.053680,0.034004,0.689273
1677110200,728775323,0.399756,0.681247,0.161690,0.724256,0.055455,0.032544,0.686526
1677110200,738455053,0.399862,0.680458,0.162330,0.727551,0.055686,0.032562,0.683014
1677110200,748260870,0.399940,0.679557,0.163058,0.730124,0.055438,0.031885,0.680315
1677110200,758915534,0.399835,0.678864,0.163805,0.733283,0.055915,0.031143,0.676904
1677110200,768700780,0.399812,0.677918,0.164601,0.735871,0.055369,0.030411,0.674168
1677110200,778799662,0.399746,0.677086,0.165459,0.738974,0.055458,0.030750,0.670743
1677110200,788392889,0.399609,0.676073,0.166341,0.741618,0.055788,0.031346,0.667763
1677110200,798396089,0.399523,0.675236,0.167285,0.744994,0.054976,0.031664,0.664047
1677110200,808893360,0.399330,0.674320,0.168167,0.747771,0.054833,0.031926,0.660918
1677110200,818725400,0.399226,0.673490,0.168994,0.750689,0.054361,0.032962,0.657590
1677110200,828673480,0.399029,0.672808,0.169877,0.753613,0.054315,0.033590,0.654209
1677110200,838698284,0.398821,0.671989,0.170730,0.755592,0.054280,0.034242,0.651892
1677110200,848731230,0.398580,0.671231,0.171627,0.757576,0.054237,0.034784,0.649559
1677110200,858644611,0.398426,0.670747,0.172581,0.760385,0.053807,0.035493,0.646266
1677110200,868426036,0.398080,0.670036,0.173519,0.762224,0.054622,0.036094,0.643994
1677110200,878976233,0.397958,0.669402,0.174520,0.764068,0.054389,0.037151,0.641765
1677110200,888868200,0.397830,0.668956,0.175669,0.766198,0.054457,0.038470,0.639136
1677110200,898845632,0.397604,0.668413,0.176846,0.767673,0.054789,0.039161,0.637293
1677110200,908229914,0.397401,0.667880,0.178043,0.768909,0.054884,0.040224,0.635727
1677110200,919128103,0.397201,0.667427,0.179380,0.770572,0.054668,0.041187,0.633668
1677110200,929369335,0.397080,0.667067,0.180813,0.772724,0.054139,0.042949,0.630969
1677110200,938695183,0.396894,0.666114,0.182209,0.773406,0.053495,0.044129,0.630106
1677110200,948973919,0.396609,0.665523,0.183759,0.775914,0.053211,0.044990,0.626978
1677110200,958744226,0.396563,0.664649,0.185307,0.777787,0.051862,0.046516,0.624655
1677110200,968751992,0.396524,0.663737,0.186893,0.779720,0.050851,0.048095,0.622204
1677110200,978959337,0.396397,0.663106,0.188610,0.782579,0.050700,0.049416,0.618513
1677110200,988443134,0.396379,0.662266,0.190263,0.784046,0.050915,0.051344,0.616476
1677110200,998471185,0.396395,0.661582,0.191948,0.785308,0.051108,0.052568,0.614748
1677110201,9301010,0.396468,0.661046,0.193648,0.786259,0.050926,0.053597,0.613458
1677110201,18210200,0.396488,0.660627,0.195398,0.787050,0.051470,0.054467,0.612321
1677110201,29140002,0.396689,0.660356,0.197187,0.788123,0.050672,0.054573,0.610997
1677110201,38723832,0.396896,0.659928,0.198954,0.788888,0.050582,0.054656,0.610008
1677110201,49081562,0.397163,0.659470,0.200811,0.790363,0.050599,0.054733,0.608087
1677110201,58902836,0.397549,0.658745,0.202625,0.791440,0.050813,0.054993,0.606644
1677110201,68779372,0.397934,0.657962,0.204509,0.793062,0.051146,0.054498,0.604538
1677110201,78946568,0.398327,0.657232,0.206401,0.795047,0.052615,0.054878,0.601765
1677110201,88839195,0.398940,0.656437,0.208291,0.796885,0.053509,0.054878,0.599249
1677110201,98932096,0.399499,0.655663,0.210158,0.798226,0.055169,0.054623,0.597334
1677110201,108785421,0.400195,0.655056,0.212044,0.799218,0.056700,0.054639,0.595861
1677110201,118413785,0.400890,0.654522,0.213935,0.799808,0.057673,0.053882,0.595044
1677110201,128338636,0.401476,0.654026,0.215759,0.799731,0.059711,0.052874,0.595037
1677110201,138396088,0.401725,0.653084,0.217354,0.797842,0.062929,0.050576,0.597437
1677110201,148348962,0.403078,0.653430,0.219634,0.800482,0.060476,0.051046,0.594109
1677110201,158687495,0.403729,0.653034,0.221557,0.800991,0.061213,0.049436,0.593483
1677110201,169040477,0.404481,0.652471,0.223466,0.801738,0.061385,0.048190,0.592559
1677110201,178756639,0.405105,0.651829,0.225436,0.802560,0.062644,0.047462,0.591371
1677110201,188516573,0.405775,0.651342,0.227493,0.804254,0.063376,0.047195,0.589009
1677110201,198777366,0.406400,0.650581,0.229404,0.804454,0.064130,0.047116,0.588661
1677110201,208772720,0.407046,0.650078,0.231346,0.804917,0.063923,0.046821,0.588073
1677110201,218889174,0.407842,0.649755,0.233317,0.805174,0.062299,0.047279,0.587859
1677110201,229443359,0.408315,0.649366,0.235225,0.804708,0.061542,0.046877,0.588609
1677110201,239007857,0.408118,0.649228,0.237374,0.805479,0.064271,0.046537,0.587288
1677110201,248448741,0.408500,0.649084,0.239383,0.805788,0.063193,0.047249,0.586924
1677110201,257828585,0.408733,0.648692,0.241310,0.805306,0.062776,0.047598,0.587601
1677110201,268354630,0.408973,0.648419,0.243362,0.805526,0.061726,0.048625,0.587327
1677110201,277992284,0.409124,0.648332,0.245445,0.806227,0.061164,0.049791,0.586326
1677110201,287933689,0.409295,0.648067,0.247510,0.806411,0.060251,0.050961,0.586066
1677110201,298148759,0.409539,0.647986,0.249642,0.807284,0.059467,0.052655,0.584794
1677110201,309183223,0.409629,0.647899,0.251808,0.807933,0.059952,0.054717,0.583658
1677110201,318606269,0.409816,0.647196,0.253914,0.806554,0.057703,0.054743,0.585785
1677110201,328792778,0.409899,0.646994,0.256011,0.806153,0.057591,0.056273,0.586204
1677110201,338240734,0.410091,0.646988,0.258126,0.806097,0.055970,0.057186,0.586348
1677110201,348508116,0.410271,0.647098,0.260197,0.806146,0.054598,0.058246,0.586306
1677110201,358785797,0.410221,0.647118,0.262215,0.805657,0.054782,0.059727,0.586812
1677110201,368845535,0.410381,0.646940,0.264115,0.804692,0.053524,0.060571,0.588164
1677110201,378541547,0.410380,0.647102,0.266101,0.805101,0.053388,0.061231,0.587548
1677110201,388575828,0.410656,0.647042,0.268004,0.804783,0.052217,0.062807,0.587922
1677110201,398773375,0.410773,0.647029,0.269910,0.804747,0.051928,0.063393,0.587935
1677110201,408716001,0.410960,0.647027,0.271808,0.804891,0.051423,0.064162,0.587699
1677110201,418753884,0.410786,0.647160,0.273836,0.805697,0.052494,0.064080,0.586507
1677110201,428815020,0.411289,0.646931,0.275475,0.804795,0.051129,0.064801,0.587785
1677110201,438356610,0.411795,0.646925,0.277185,0.804847,0.049673,0.065496,0.587762
1677110201,449339743,0.412201,0.646784,0.278765,0.804199,0.049037,0.065823,0.588665
1677110201,458981354,0.412744,0.647040,0.280498,0.804901,0.047560,0.066370,0.587765
1677110201,468237164,0.412211,0.647703,0.282508,0.807520,0.051649,0.065166,0.583950
1677110201,478412802,0.412393,0.648445,0.284361,0.809860,0.052115,0.064793,0.580700
1677110201,489006487,0.413022,0.646861,0.285607,0.804710,0.051716,0.065719,0.587749
1677110201,498307802,0.413479,0.646968,0.287338,0.805208,0.051231,0.065741,0.587106
1677110201,508642309,0.414196,0.646774,0.288849,0.804428,0.049509,0.066387,0.588249
1677110201,518783959,0.415061,0.646563,0.290367,0.803894,0.047097,0.067598,0.589039
1677110201,528866482,0.414289,0.646880,0.292365,0.806633,0.053398,0.064872,0.585050
1677110201,538359071,0.414554,0.646654,0.293924,0.806600,0.054534,0.064834,0.584995
1677110201,547883055,0.414837,0.646583,0.295509,0.807106,0.055197,0.063981,0.584329
1677110201,558159620,0.415102,0.646538,0.297083,0.807442,0.056123,0.063629,0.583814
1677110201,567852930,0.415360,0.646703,0.298752,0.808174,0.056728,0.063318,0.582776
1677110201,577795650,0.415626,0.646458,0.300215,0.807304,0.058447,0.063717,0.583767
1677110201,588639162,0.415554,0.646538,0.301753,0.807183,0.060914,0.063394,0.583717
1677110201,598782690,0.415222,0.646091,0.302978,0.805184,0.063934,0.062252,0.586273
1677110201,608776446,0.414860,0.645909,0.304213,0.803844,0.067281,0.061894,0.587773
1677110201,619100823,0.414533,0.645607,0.305368,0.802348,0.070072,0.061422,0.589538
1677110201,629182858,0.416112,0.646759,0.307389,0.807170,0.060496,0.061892,0.583940
1677110201,639064257,0.416053,0.646663,0.308586,0.806972,0.060482,0.061490,0.584258
1677110201,649518232,0.416069,0.646574,0.309764,0.806757,0.060273,0.061873,0.584536
1677110201,658619629,0.415933,0.646595,0.310908,0.806972,0.060452,0.062038,0.584203
1677110201,668652689,0.415927,0.646482,0.311972,0.806994,0.059586,0.062195,0.584245
1677110201,679104829,0.415965,0.646485,0.313018,0.807552,0.058359,0.062272,0.583590
1677110201,688614537,0.415868,0.646231,0.313940,0.807392,0.058122,0.062516,0.583808
1677110201,699044600,0.415707,0.646049,0.314847,0.807528,0.058431,0.062409,0.583601
1677110201,709072972,0.415623,0.646065,0.315782,0.808446,0.058363,0.062075,0.582371
1677110201,719044813,0.415620,0.645986,0.316703,0.808975,0.058485,0.062227,0.581607
1677110201,728488567,0.415604,0.645820,0.317515,0.808599,0.059097,0.062601,0.582028
1677110201,738292085,0.415701,0.645761,0.318344,0.808575,0.059099,0.062765,0.582044
1677110201,748799018,0.415620,0.645710,0.319147,0.808366,0.060273,0.062355,0.582257
1677110201,758106362,0.415404,0.645752,0.319934,0.808353,0.062163,0.061804,0.582136
1677110201,769091937,0.415427,0.645638,0.320636,0.807848,0.062319,0.060960,0.582908
1677110201,779139246,0.415347,0.645655,0.321254,0.807865,0.063327,0.060962,0.582776
1677110201,788460053,0.415424,0.645708,0.321865,0.808245,0.063280,0.060729,0.582279
1677110201,798709257,0.415326,0.645738,0.322390,0.808576,0.063967,0.060543,0.581763
1677110201,808876130,0.415273,0.645653,0.322736,0.808618,0.064358,0.060328,0.581684
1677110201,818332800,0.415157,0.645545,0.323012,0.808535,0.064801,0.060004,0.581783
1677110201,828563134,0.414933,0.645436,0.323241,0.808501,0.065588,0.059539,0.581789
1677110201,838791786,0.414889,0.645301,0.323369,0.808268,0.065300,0.059425,0.582157
1677110201,849291997,0.414748,0.645269,0.323479,0.808271,0.065298,0.058857,0.582212
