secs,nsecs,tx,ty,tz,rx,ry,rz,rw
1677109805,208707473,0.302690,0.569050,0.473538,0.513935,-0.257137,-0.329881,0.748953
1677109805,218668098,0.302815,0.569102,0.473411,0.513919,-0.256584,-0.330615,0.748830
1677109805,229159606,0.303188,0.569168,0.473232,0.514006,-0.256944,-0.330707,0.748606
1677109805,238816239,0.303631,0.569344,0.472960,0.514481,-0.257677,-0.330983,0.747905
1677109805,249121029,0.304015,0.569494,0.472708,0.514671,-0.257548,-0.330981,0.747820
1677109805,259166421,0.304432,0.569616,0.472398,0.514336,-0.258080,-0.331196,0.747772
1677109805,268816879,0.304775,0.569807,0.472090,0.514152,-0.258037,-0.331382,0.747830
1677109805,278474124,0.304874,0.570006,0.471784,0.513364,-0.257637,-0.332357,0.748077
1677109805,289064794,0.305124,0.570296,0.471408,0.512932,-0.258334,-0.333305,0.747712
1677109805,299089675,0.305470,0.570526,0.471008,0.512818,-0.258983,-0.332832,0.747775
1677109805,309391348,0.305766,0.570720,0.470615,0.512412,-0.260276,-0.332624,0.747697
1677109805,318686248,0.306006,0.570910,0.470205,0.511804,-0.261702,-0.332555,0.747647
1677109805,329214405,0.306161,0.571199,0.469718,0.511206,-0.262597,-0.332700,0.747678
1677109805,339078282,0.306531,0.571406,0.469162,0.510515,-0.264868,-0.332203,0.747570
1677109805,348736426,0.306679,0.571639,0.468548,0.509506,-0.265788,-0.332242,0.747914
1677109805,358650171,0.307001,0.571827,0.467878,0.508748,-0.267462,-0.331636,0.748102
1677109805,369036196,0.307297,0.572070,0.467145,0.508560,-0.268957,-0.331447,0.747778
1677109805,379003985,0.307268,0.572291,0.466462,0.507674,-0.268834,-0.332045,0.748159
1677109805,389155799,0.307575,0.572384,0.465683,0.507099,-0.270004,-0.331619,0.748316
1677109805,399285727,0.308009,0.572512,0.464846,0.507199,-0.270694,-0.330347,0.748562
1677109805,408613102,0.308296,0.572847,0.463883,0.507186,-0.270683,-0.330685,0.748425
1677109805,419179630,0.308732,0.573016,0.462903,0.506882,-0.270961,-0.329852,0.748898
1677109805,428969984,0.309197,0.573372,0.461797,0.506772,-0.271007,-0.329748,0.749002
1677109805,438630397,0.309531,0.573582,0.460712,0.505837,-0.270963,-0.329891,0.749586
1677109805,449409474,0.309985,0.573851,0.459527,0.505376,-0.271204,-0.329661,0.749911
1677109805,458605575,0.310505,0.574018,0.458328,0.504578,-0.272052,-0.329153,0.750364
1677109805,468319830,0.310968,0.574359,0.457083,0.504279,-0.272161,-0.328784,0.750688
1677109805,478666884,0.311355,0.574685,0.455812,0.503865,-0.272322,-0.328757,0.750919
1677109805,488667660,0.311788,0.575110,0.454504,0.503925,-0.272542,-0.328528,0.750899
1677109805,498608045,0.312151,0.575421,0.453201,0.503256,-0.273276,-0.328014,0.751306
1677109805,508887195,0.312534,0.575378,0.451912,0.500082,-0.275987,-0.327881,0.752492
1677109805,519491129,0.312819,0.575953,0.450567,0.500625,-0.275592,-0.326803,0.752744
1677109805,528773936,0.313235,0.576588,0.449106,0.501609,-0.275821,-0.325112,0.752737
1677109805,538618158,0.313599,0.577241,0.447617,0.502238,-0.275533,-0.323473,0.753129
1677109805,549016916,0.313732,0.577598,0.446349,0.501369,-0.276653,-0.322352,0.753778
1677109805,558669738,0.313768,0.577980,0.445105,0.500800,-0.276840,-0.320918,0.754699
1677109805,569293857,0.313824,0.578397,0.443822,0.500851,-0.277111,-0.319469,0.755181
1677109805,579325153,0.313893,0.578810,0.442552,0.501239,-0.277552,-0.318023,0.755372
1677109805,588965654,0.313891,0.579191,0.441302,0.501589,-0.277896,-0.317028,0.755430
1677109805,598533796,0.313991,0.579497,0.440076,0.502056,-0.278663,-0.315762,0.755368
1677109805,608914685,0.314215,0.579644,0.438865,0.502511,-0.279705,-0.313883,0.755464
1677109805,618322857,0.314344,0.579818,0.437632,0.503134,-0.280055,-0.312972,0.755297
1677109805,628771446,0.314466,0.579883,0.436449,0.503639,-0.279822,-0.312316,0.755319
1677109805,638687714,0.314734,0.580020,0.435204,0.504843,-0.280188,-0.312548,0.754282
1677109805,649127228,0.315004,0.579918,0.434054,0.505503,-0.279708,-0.312336,0.754107
1677109805,658799706,0.315391,0.579773,0.432839,0.506458,-0.279304,-0.312522,0.753538
1677109805,668760387,0.315846,0.579647,0.431586,0.507695,-0.278925,-0.313204,0.752562
1677109805,679105538,0.316360,0.579395,0.430379,0.508629,-0.278133,-0.314080,0.751859
1677109805,688865587,0.316849,0.579089,0.429170,0.509527,-0.276917,-0.315146,0.751254
1677109805,699000908,0.317597,0.578808,0.427893,0.511131,-0.276680,-0.315842,0.749958
1677109805,709077434,0.317997,0.578275,0.426725,0.511169,-0.275434,-0.317571,0.749661
1677109805,719370275,0.318546,0.577934,0.425541,0.512192,-0.275177,-0.319737,0.748134
1677109805,729404790,0.319103,0.577411,0.424394,0.512997,-0.274959,-0.321236,0.747020
1677109805,738841114,0.319643,0.576888,0.423325,0.514111,-0.274984,-0.322667,0.745627
1677109805,748784989,0.320154,0.576263,0.422273,0.514868,-0.275108,-0.324151,0.744415
1677109805,759160232,0.320543,0.575654,0.421339,0.515771,-0.274908,-0.325883,0.743106
1677109805,769378521,0.320993,0.574968,0.420372,0.517028,-0.274867,-0.326919,0.741791
1677109805,779255332,0.321176,0.574309,0.419513,0.518129,-0.274562,-0.328803,0.740301
1677109805,789366136,0.321471,0.573643,0.418678,0.519504,-0.274834,-0.330266,0.738583
1677109805,799066847,0.321680,0.573048,0.417859,0.521074,-0.274129,-0.331503,0.737185
1677109805,809212506,0.321917,0.572562,0.416930,0.522758,-0.274070,-0.332764,0.735443
1677109805,818698813,0.322207,0.572105,0.415998,0.524274,-0.273710,-0.333432,0.734195
1677109805,828732109,0.322392,0.571587,0.415034,0.524363,-0.273484,-0.334216,0.733859
1677109805,838835707,0.322767,0.571339,0.413943,0.525351,-0.273672,-0.334918,0.732761
1677109805,848978017,0.322967,0.570993,0.412853,0.525198,-0.273449,-0.335601,0.732642
1677109805,859324794,0.323208,0.570728,0.411774,0.525226,-0.273766,-0.336185,0.732235
1677109805,869203432,0.323470,0.570567,0.410638,0.525568,-0.273912,-0.336441,0.731818
1677109805,878889567,0.323800,0.570376,0.409540,0.526026,-0.274114,-0.335820,0.731699
1677109805,889646975,0.324174,0.570371,0.408374,0.526986,-0.274472,-0.335643,0.730955
1677109805,899875919,0.324357,0.570218,0.407237,0.526837,-0.273805,-0.335299,0.731470
1677109805,909096045,0.324693,0.570210,0.406006,0.527134,-0.273390,-0.334823,0.731629
1677109805,918811195,0.325013,0.570232,0.404809,0.527257,-0.273036,-0.334788,0.731689
1677109805,929068824,0.325349,0.570297,0.403544,0.527276,-0.272403,-0.335177,0.731733
1677109805,938508561,0.325778,0.570312,0.402256,0.527143,-0.271777,-0.335365,0.731975
1677109805,948768289,0.326261,0.570328,0.400981,0.526840,-0.271434,-0.335726,0.732155
1677109805,958811127,0.326772,0.570336,0.399699,0.526730,-0.270654,-0.335973,0.732410
1677109805,969017891,0.327340,0.570387,0.398367,0.527119,-0.269442,-0.336250,0.732450
1677109805,978858061,0.327839,0.570271,0.397148,0.526724,-0.268485,-0.336916,0.732779
1677109805,988596868,0.328405,0.570275,0.395913,0.527294,-0.267244,-0.337406,0.732597
1677109805,999247453,0.328804,0.570269,0.394760,0.527387,-0.266096,-0.338995,0.732215
1677109806,8894963,0.329505,0.570198,0.393632,0.528043,-0.265842,-0.339262,0.731710
1677109806,18551744,0.330086,0.570059,0.392536,0.528390,-0.265214,-0.339526,0.731565
1677109806,28391343,0.330482,0.569960,0.391468,0.528510,-0.263682,-0.340443,0.731607
1677109806,38762667,0.331034,0.570017,0.390377,0.529060,-0.263243,-0.341775,0.730745
1677109806,48263252,0.331582,0.569986,0.389346,0.529584,-0.262538,-0.342108,0.730464
1677109806,58433692,0.331995,0.569995,0.388354,0.529759,-0.261415,-0.343108,0.730270
1677109806,68644998,0.332455,0.569969,0.387343,0.530245,-0.260172,-0.343452,0.730200
1677109806,78447144,0.332890,0.569973,0.386414,0.530796,-0.259520,-0.344016,0.729766
1677109806,88251094,0.333205,0.570008,0.385528,0.531318,-0.258720,-0.344700,0.729347
1677109806,98683374,0.333491,0.569999,0.384660,0.531456,-0.258189,-0.345452,0.729079
1677109806,108674006,0.333977,0.570068,0.383775,0.532206,-0.258462,-0.345266,0.728523
1677109806,118357437,0.334316,0.570111,0.382906,0.532360,-0.258084,-0.345348,0.728506
1677109806,129116064,0.334607,0.570216,0.382030,0.532433,-0.257782,-0.345705,0.728390
1677109806,138950573,0.334967,0.570380,0.381154,0.532860,-0.257599,-0.345671,0.728159
1677109806,149010540,0.335096,0.570694,0.380302,0.533292,-0.256547,-0.346477,0.727830
1677109806,159186773,0.335421,0.570818,0.379465,0.533417,-0.256895,-0.346226,0.727735
1677109806,169360556,0.335548,0.571090,0.378609,0.533746,-0.255767,-0.346481,0.727771
1677109806,178922292,0.335825,0.571181,0.377796,0.533474,-0.256078,-0.345876,0.728148
1677109806,189483402,0.336245,0.571431,0.376906,0.534132,-0.256775,-0.345224,0.727730
1677109806,199158959,0.336297,0.571622,0.376098,0.533810,-0.256433,-0.345529,0.727941
1677109806,208889551,0.336423,0.571705,0.375316,0.533450,-0.256621,-0.345246,0.728274
1677109806,218947162,0.336569,0.571853,0.374496,0.533785,-0.256158,-0.344670,0.728464
1677109806,229132219,0.336734,0.572103,0.373693,0.534945,-0.255775,-0.344070,0.728031
1677109806,238869808,0.336767,0.572225,0.372922,0.534842,-0.255902,-0.344777,0.727728
1677109806,249415526,0.337035,0.572384,0.372130,0.535736,-0.256238,-0.344228,0.727211
1677109806,258836570,0.337278,0.572495,0.371312,0.536434,-0.256096,-0.343875,0.726914
1677109806,268724073,0.337500,0.572561,0.370474,0.536875,-0.256276,-0.344023,0.726454
1677109806,278779223,0.337506,0.572509,0.369648,0.536579,-0.255081,-0.344180,0.727019
1677109806,289138609,0.337679,0.572594,0.368791,0.536944,-0.254726,-0.344970,0.726499
1677109806,298969813,0.337986,0.572692,0.367895,0.537744,-0.254452,-0.345477,0.725763
1677109806,308702827,0.338302,0.572781,0.367026,0.538388,-0.253442,-0.345821,0.725475
1677109806,319431574,0.338590,0.572782,0.366104,0.538382,-0.252434,-0.346475,0.725518
1677109806,329112244,0.339547,0.573007,0.365071,0.540513,-0.252569,-0.345202,0.724493
1677109806,338632055,0.339788,0.573049,0.364207,0.540602,-0.251116,-0.345919,0.724590
1677109806,348285271,0.340024,0.573134,0.363366,0.541108,-0.249963,-0.346634,0.724269
1677109806,358995003,0.340374,0.573128,0.362537,0.541795,-0.249866,-0.347081,0.723574
1677109806,368692767,0.340431,0.573064,0.361792,0.542051,-0.248808,-0.347958,0.723326
1677109806,379193641,0.340777,0.573065,0.361038,0.543064,-0.248978,-0.347885,0.722543
1677109806,388672263,0.340978,0.573149,0.360249,0.544031,-0.248352,-0.348132,0.721911
1677109806,399084510,0.341246,0.573065,0.359432,0.544061,-0.248296,-0.347852,0.722043
1677109806,409226722,0.341543,0.573006,0.358555,0.544019,-0.248393,-0.348180,0.721883
1677109806,418701550,0.341627,0.573120,0.357834,0.544269,-0.247925,-0.348520,0.721691
1677109806,429314634,0.341815,0.573150,0.357083,0.544404,-0.247791,-0.348986,0.721410
1677109806,438677488,0.342436,0.572906,0.356324,0.544266,-0.250223,-0.348752,0.720788
1677109806,449258868,0.342352,0.573316,0.355513,0.544857,-0.247129,-0.349974,0.720816
1677109806,458898820,0.342608,0.573438,0.354738,0.544306,-0.246746,-0.350622,0.721049
1677109806,468942064,0.343035,0.573747,0.353864,0.543990,-0.246739,-0.351376,0.720922
1677109806,478564367,0.343360,0.574057,0.352943,0.542921,-0.246579,-0.352316,0.721325
1677109806,488200754,0.343779,0.574186,0.352098,0.541090,-0.247507,-0.352263,0.722407
1677109806,498683177,0.343977,0.574618,0.351197,0.539891,-0.247497,-0.353172,0.722864
1677109806,509123093,0.344062,0.574923,0.350385,0.538157,-0.248387,-0.353798,0.723545
1677109806,519434740,0.344078,0.575282,0.349619,0.536971,-0.248785,-0.354351,0.724020
1677109806,529279445,0.344336,0.575523,0.348847,0.536135,-0.250407,-0.353440,0.724524
1677109806,538927264,0.344482,0.575883,0.348068,0.535822,-0.251243,-0.353085,0.724640
1677109806,549155152,0.344331,0.576362,0.347313,0.535616,-0.251410,-0.353768,0.724401
1677109806,558935545,0.344448,0.576749,0.346520,0.536037,-0.251873,-0.353168,0.724221
1677109806,568959061,0.344456,0.577156,0.345783,0.536730,-0.251910,-0.353194,0.723682
1677109806,579129128,0.344387,0.576611,0.345016,0.533688,-0.252615,-0.350286,0.727092
1677109806,588787267,0.344463,0.576747,0.344258,0.534195,-0.252589,-0.349332,0.727188
1677109806,599132149,0.344652,0.576853,0.343476,0.534975,-0.252972,-0.348673,0.726797
1677109806,608901175,0.344538,0.576943,0.342702,0.534961,-0.252342,-0.349489,0.726635
1677109806,618670743,0.344830,0.576890,0.341912,0.535751,-0.252170,-0.348405,0.726633
1677109806,628750500,0.344933,0.576926,0.341093,0.536323,-0.251229,-0.349277,0.726118
1677109806,638395829,0.345074,0.576837,0.340263,0.536414,-0.250525,-0.350291,0.725805
1677109806,648739408,0.345318,0.576965,0.339390,0.537779,-0.249492,-0.351551,0.724541
1677109806,658855801,0.345694,0.576667,0.338499,0.538065,-0.248951,-0.351558,0.724512
1677109806,668525579,0.345982,0.576742,0.337548,0.539698,-0.246968,-0.352853,0.723345
1677109806,679036077,0.346238,0.576517,0.336653,0.540209,-0.246012,-0.353180,0.723130
1677109806,688545467,0.346274,0.576472,0.335774,0.540872,-0.243725,-0.354616,0.722706
1677109806,699387969,0.346516,0.576372,0.334869,0.541186,-0.242705,-0.355963,0.722151
1677109806,708956893,0.346941,0.576340,0.333898,0.541973,-0.242224,-0.356258,0.721577
1677109806,718750489,0.347272,0.576380,0.332895,0.542638,-0.241372,-0.357039,0.720976
1677109806,729226842,0.347561,0.576495,0.331890,0.543122,-0.240185,-0.357821,0.720620
1677109806,738074271,0.347896,0.576615,0.330907,0.543581,-0.239362,-0.358170,0.720375
1677109806,748606903,0.348183,0.576784,0.329886,0.543950,-0.238621,-0.358542,0.720157
1677109806,758763340,0.348430,0.576828,0.328910,0.543600,-0.238274,-0.358678,0.720468
1677109806,769506166,0.348677,0.576982,0.327884,0.543790,-0.237959,-0.358578,0.720479
1677109806,779350105,0.348930,0.577238,0.326894,0.544088,-0.237418,-0.358723,0.720360
1677109806,788879790,0.349220,0.577572,0.325926,0.544402,-0.237254,-0.358860,0.720108
1677109806,798630246,0.349581,0.577826,0.324955,0.544398,-0.237417,-0.358225,0.720374
1677109806,808771747,0.349745,0.578205,0.323980,0.544320,-0.236263,-0.357857,0.720995
1677109806,818390211,0.350249,0.578037,0.322942,0.541606,-0.238403,-0.355567,0.723463
1677109806,828823023,0.350406,0.578836,0.321949,0.542607,-0.237068,-0.356180,0.722850
1677109806,838754315,0.350616,0.579661,0.320985,0.543795,-0.235454,-0.355982,0.722582
1677109806,849147768,0.350740,0.580341,0.320076,0.543711,-0.234902,-0.356378,0.722630
1677109806,858981595,0.350984,0.580898,0.319158,0.543424,-0.234697,-0.355187,0.723498
1677109806,869548883,0.351070,0.581507,0.318244,0.542907,-0.234203,-0.354663,0.724303
1677109806,878591740,0.351164,0.582135,0.317360,0.542750,-0.233541,-0.353451,0.725226
1677109806,889200621,0.351086,0.582645,0.316590,0.542015,-0.231293,-0.351979,0.727210
1677109806,899254416,0.351184,0.583217,0.315773,0.541812,-0.229903,-0.350143,0.728687
1677109806,909179772,0.351313,0.583451,0.314924,0.538245,-0.231855,-0.350386,0.730592
1677109806,918496837,0.351987,0.584651,0.313794,0.539937,-0.236139,-0.350255,0.728030
1677109806,928855527,0.352117,0.585343,0.312975,0.540347,-0.235814,-0.349055,0.728408
1677109806,938645650,0.352321,0.586014,0.312118,0.541100,-0.235854,-0.347757,0.728456
1677109806,948108735,0.352463,0.586694,0.311291,0.541403,-0.235456,-0.347487,0.728489
1677109806,958456391,0.352704,0.587234,0.310472,0.541191,-0.235674,-0.346843,0.728883
1677109806,968952762,0.353027,0.587721,0.309566,0.540980,-0.235797,-0.345815,0.729488
1677109806,979072790,0.353207,0.588430,0.308687,0.541235,-0.234931,-0.345801,0.729585
1677109806,989034131,0.353662,0.588826,0.307794,0.542853,-0.233500,-0.345469,0.728999
1677109806,998916733,0.353952,0.589282,0.306948,0.543274,-0.231464,-0.346655,0.728772
1677109807,8719887,0.354955,0.589433,0.305956,0.541107,-0.236115,-0.346017,0.729195
1677109807,18964849,0.355474,0.589812,0.305049,0.539549,-0.237290,-0.346610,0.729686
1677109807,29087072,0.355482,0.591014,0.303934,0.540463,-0.232181,-0.346715,0.730603
1677109807,38812305,0.355772,0.591680,0.302945,0.539739,-0.231816,-0.346185,0.731505
1677109807,49187305,0.355957,0.592509,0.302077,0.539526,-0.231165,-0.345655,0.732118
1677109807,58720120,0.356487,0.593637,0.300981,0.540405,-0.232879,-0.344674,0.731389
1677109807,68905706,0.356435,0.594158,0.300258,0.539764,-0.231078,-0.342455,0.733473
1677109807,79645263,0.356179,0.594708,0.299586,0.538228,-0.229966,-0.341837,0.735237
1677109807,88879886,0.356359,0.595562,0.298799,0.538723,-0.230654,-0.340189,0.735424
1677109807,99123498,0.356505,0.596377,0.297996,0.538928,-0.231431,-0.338821,0.735661
1677109807,108404240,0.356400,0.597018,0.297273,0.538397,-0.231825,-0.338204,0.736209
1677109807,118668325,0.356558,0.597647,0.296507,0.538882,-0.232445,-0.336697,0.736350
1677109807,128967912,0.356694,0.598333,0.295779,0.539825,-0.233377,-0.336734,0.735346
1677109807,138551419,0.356638,0.598886,0.295089,0.540424,-0.232950,-0.337667,0.734614
1677109807,149181911,0.356837,0.598641,0.294373,0.537827,-0.234522,-0.337454,0.736116
1677109807,158893930,0.356243,0.599092,0.293691,0.537302,-0.230153,-0.340981,0.736253
1677109807,169183301,0.356685,0.599429,0.292972,0.540001,-0.228651,-0.341112,0.734684
1677109807,178845208,0.357503,0.599567,0.291991,0.541354,-0.227971,-0.340349,0.734253
1677109807,189058140,0.358038,0.599627,0.291216,0.542667,-0.226510,-0.341344,0.733273
1677109807,199194444,0.358611,0.599486,0.290402,0.543466,-0.224598,-0.341338,0.733273
1677109807,208293715,0.359284,0.599622,0.289562,0.544623,-0.223349,-0.342760,0.732132
1677109807,218740767,0.359853,0.599786,0.288710,0.545448,-0.221843,-0.344489,0.731163
1677109807,228374674,0.360422,0.599845,0.287818,0.545654,-0.220644,-0.345534,0.730879
1677109807,239070911,0.360924,0.600177,0.286911,0.546448,-0.219259,-0.346901,0.730055
1677109807,249179453,0.361325,0.600342,0.286055,0.546507,-0.217316,-0.347295,0.730404
1677109807,259026686,0.361731,0.600681,0.285131,0.546686,-0.216502,-0.348037,0.730158
1677109807,269487583,0.362100,0.600872,0.284222,0.546369,-0.216116,-0.348272,0.730398
1677109807,279354655,0.362428,0.601104,0.283354,0.546005,-0.215644,-0.348505,0.730699
1677109807,288943844,0.362680,0.601486,0.282497,0.546230,-0.214844,-0.349067,0.730498
1677109807,298986434,0.363171,0.601639,0.281681,0.546281,-0.215663,-0.348309,0.730580
1677109807,308852199,0.363475,0.601964,0.280858,0.546838,-0.215089,-0.348607,0.730190
1677109807,318881470,0.363658,0.602257,0.280088,0.547049,-0.214300,-0.349445,0.729864
1677109807,328929560,0.364036,0.602456,0.279330,0.547290,-0.214354,-0.349449,0.729666
1677109807,338894749,0.364451,0.602641,0.278570,0.547742,-0.214310,-0.349426,0.729350
1677109807,349143405,0.364670,0.602875,0.277847,0.547820,-0.213120,-0.350009,0.729361
1677109807,358824214,0.365070,0.603113,0.277014,0.548330,-0.212564,-0.350243,0.729028
1677109807,368230040,0.365333,0.603244,0.276281,0.547962,-0.211450,-0.350869,0.729327
1677109807,378953280,0.365757,0.603460,0.275492,0.548211,-0.210726,-0.351166,0.729206
1677109807,388805997,0.366069,0.603692,0.274701,0.548135,-0.209860,-0.352026,0.729098
1677109807,399204293,0.366627,0.603921,0.273890,0.548537,-0.209933,-0.352239,0.728672
1677109807,409373600,0.366937,0.604156,0.273096,0.548225,-0.208991,-0.353135,0.728744
1677109807,418645613,0.367266,0.604473,0.272327,0.548383,-0.207970,-0.353961,0.728516
1677109807,428176781,0.367715,0.604678,0.271539,0.548159,-0.207428,-0.353838,0.728899
1677109807,438476271,0.368074,0.605042,0.270764,0.548221,-0.206786,-0.354309,0.728806
1677109807,449021187,0.368332,0.605495,0.270010,0.548237,-0.205925,-0.354836,0.728782
1677109807,459605601,0.368637,0.606003,0.269280,0.548574,-0.205448,-0.354761,0.728699
1677109807,469065146,0.368824,0.606486,0.268566,0.548528,-0.205100,-0.354746,0.728839
1677109807,479034805,0.369091,0.607005,0.267863,0.548793,-0.205203,-0.354567,0.728698
1677109807,489027320,0.369625,0.607713,0.267036,0.550024,-0.205884,-0.353279,0.728203
1677109807,498994738,0.369720,0.608140,0.266463,0.550010,-0.205567,-0.352898,0.728488
1677109807,508915307,0.369782,0.608470,0.265907,0.549424,-0.205477,-0.352677,0.729062
1677109807,519051777,0.369789,0.608848,0.265387,0.549124,-0.204500,-0.352440,0.729677
1677109807,528344652,0.370063,0.609330,0.264731,0.549566,-0.204623,-0.352031,0.729507
1677109807,538913625,0.370227,0.609728,0.264140,0.549384,-0.204317,-0.351871,0.729807
1677109807,548806036,0.370448,0.610234,0.263487,0.549365,-0.203902,-0.351866,0.729940
1677109807,559255111,0.370624,0.610733,0.262776,0.549392,-0.203274,-0.351970,0.730044
1677109807,569030344,0.370911,0.611233,0.262101,0.549697,-0.202844,-0.351532,0.730146
1677109807,578872723,0.371120,0.611674,0.261469,0.549500,-0.202141,-0.351297,0.730602
1677109807,588967548,0.371394,0.612160,0.260773,0.549625,-0.202470,-0.351359,0.730387
1677109807,599241140,0.371557,0.612674,0.260142,0.549662,-0.201628,-0.351339,0.730601
1677109807,608995863,0.371752,0.613322,0.259421,0.550410,-0.201036,-0.351406,0.730169
1677109807,618687822,0.371958,0.613743,0.258746,0.550176,-0.200629,-0.351111,0.730599
1677109807,629221612,0.372136,0.614250,0.258033,0.550175,-0.199778,-0.350957,0.730907
1677109807,638940953,0.372295,0.614780,0.257300,0.550051,-0.199138,-0.351444,0.730941
1677109807,648483910,0.372618,0.615356,0.256512,0.550470,-0.199048,-0.351503,0.730622
1677109807,659056539,0.372666,0.615851,0.255783,0.550153,-0.197908,-0.352408,0.730734
1677109807,669077338,0.373093,0.616431,0.254988,0.550638,-0.198494,-0.352457,0.730187
1677109807,678809323,0.373272,0.616823,0.254247,0.550170,-0.197654,-0.352753,0.730624
1677109807,688463743,0.373572,0.617280,0.253424,0.549987,-0.197498,-0.352742,0.730809
1677109807,699015299,0.373714,0.617742,0.252677,0.549570,-0.196579,-0.353669,0.730923
1677109807,709003702,0.374025,0.618179,0.251872,0.549745,-0.195632,-0.353580,0.731088
1677109807,718601341,0.374284,0.619032,0.251100,0.550618,-0.194898,-0.355803,0.729547
1677109807,728809277,0.374446,0.619563,0.250336,0.550803,-0.193717,-0.357248,0.729015
1677109807,738729676,0.374816,0.619719,0.249583,0.550362,-0.193473,-0.357034,0.729518
1677109807,748919960,0.375078,0.620073,0.248837,0.550278,-0.193122,-0.358055,0.729174
1677109807,759329135,0.375432,0.620440,0.248064,0.550728,-0.192799,-0.358038,0.728928
1677109807,769156819,0.375552,0.620729,0.247331,0.550379,-0.192030,-0.358888,0.728976
1677109807,778845883,0.375804,0.621062,0.246578,0.550332,-0.192289,-0.359569,0.728608
1677109807,789001433,0.376004,0.621389,0.245853,0.550222,-0.191768,-0.359744,0.728742
1677109807,799285919,0.376243,0.621862,0.245099,0.550411,-0.191773,-0.360568,0.728191
1677109807,808664744,0.376568,0.622106,0.244354,0.549979,-0.192021,-0.360481,0.728495
1677109807,819004345,0.376746,0.622628,0.243589,0.550269,-0.190935,-0.361267,0.728172
1677109807,829194137,0.376969,0.622950,0.242858,0.549753,-0.190347,-0.362015,0.728344
1677109807,838835375,0.377264,0.623489,0.242039,0.550461,-0.189421,-0.363031,0.727545
1677109807,849065682,0.377562,0.623651,0.241322,0.549797,-0.189012,-0.363847,0.727745
1677109807,858978190,0.377812,0.623955,0.240584,0.549626,-0.188136,-0.365624,0.727211
1677109807,869174377,0.378282,0.624170,0.239801,0.549884,-0.187918,-0.366361,0.726701
1677109807,878406407,0.378521,0.624314,0.239141,0.549274,-0.187162,-0.368238,0.726408
1677109807,889287058,0.378795,0.624483,0.238446,0.548644,-0.186800,-0.370356,0.725900
1677109807,898521829,0.379277,0.624716,0.237736,0.548495,-0.187526,-0.372031,0.724969
1677109807,908973543,0.379544,0.625109,0.236960,0.548684,-0.185643,-0.373459,0.724576
1677109807,919203447,0.379815,0.625184,0.236319,0.547548,-0.186101,-0.375094,0.724474
1677109807,929435346,0.380182,0.625350,0.235648,0.546764,-0.187557,-0.376774,0.723818
1677109807,938686964,0.380491,0.625611,0.234947,0.546410,-0.187788,-0.378336,0.723210
1677109807,949151607,0.380761,0.625850,0.234262,0.545747,-0.188133,-0.379567,0.722976
1677109807,958805329,0.381018,0.626165,0.233561,0.545190,-0.188150,-0.380682,0.722806
1677109807,968754994,0.381277,0.626525,0.232915,0.544489,-0.188416,-0.381586,0.722788
1677109807,979103060,0.381474,0.626806,0.232270,0.543163,-0.189173,-0.381963,0.723389
1677109807,989498886,0.381784,0.627658,0.231614,0.544279,-0.188407,-0.380979,0.723269
1677109807,998516696,0.381902,0.628219,0.231013,0.543685,-0.189495,-0.380703,0.723577
1677109808,8669079,0.382002,0.628788,0.230472,0.542873,-0.191141,-0.380257,0.723988
1677109808,18838714,0.381852,0.629461,0.229985,0.541896,-0.191816,-0.379735,0.724815
1677109808,28656156,0.381994,0.630370,0.229335,0.541547,-0.194861,-0.378508,0.724905
1677109808,38608421,0.381719,0.631041,0.228926,0.539931,-0.195721,-0.377083,0.726620
1677109808,49079169,0.381640,0.631761,0.228424,0.538792,-0.198428,-0.374706,0.727960
1677109808,58871575,0.381346,0.632630,0.227977,0.537822,-0.200656,-0.373355,0.728760
1677109808,68856013,0.381213,0.633412,0.227531,0.536932,-0.204318,-0.371225,0.729486
1677109808,79280145,0.380917,0.634234,0.227095,0.535994,-0.207137,-0.369344,0.730335
1677109808,88685209,0.380610,0.634918,0.226726,0.534322,-0.210113,-0.367518,0.731630
1677109808,98611034,0.380261,0.635551,0.226336,0.532378,-0.212692,-0.365414,0.733354
1677109808,109179015,0.379973,0.636344,0.225890,0.531174,-0.214832,-0.363899,0.734356
1677109808,119148827,0.379659,0.637105,0.225503,0.530036,-0.216191,-0.362498,0.735472
1677109808,129320353,0.378306,0.637748,0.225223,0.526469,-0.213187,-0.364619,0.737858
1677109808,138223868,0.378431,0.638319,0.224775,0.525727,-0.216018,-0.362368,0.738672
1677109808,148417801,0.378545,0.638932,0.224336,0.525155,-0.219129,-0.360797,0.738932
1677109808,158576549,0.378479,0.639452,0.223966,0.524138,-0.221241,-0.359762,0.739529
1677109808,169255780,0.378432,0.639919,0.223656,0.523362,-0.223632,-0.358703,0.739874
1677109808,179188461,0.378506,0.640394,0.223330,0.523162,-0.226727,-0.357905,0.739459
1677109808,189217336,0.378229,0.640631,0.223163,0.521763,-0.227989,-0.357369,0.740319
1677109808,198462632,0.378300,0.641120,0.222910,0.522107,-0.230713,-0.356551,0.739626
1677109808,208808063,0.378048,0.641538,0.222757,0.521522,-0.231907,-0.356847,0.739523
1677109808,218563830,0.377857,0.642015,0.222610,0.521506,-0.232764,-0.356461,0.739452
1677109808,228695532,0.377705,0.642419,0.222462,0.521227,-0.234066,-0.355639,0.739633
1677109808,238635020,0.377375,0.642889,0.222419,0.520877,-0.234316,-0.355132,0.740043
1677109808,248751769,0.377171,0.643345,0.222338,0.520679,-0.235860,-0.354203,0.740137
1677109808,258638813,0.376723,0.643761,0.222304,0.519676,-0.236900,-0.354150,0.740536
1677109808,268603759,0.376418,0.644247,0.222270,0.519436,-0.238367,-0.353317,0.740631
1677109808,278962123,0.376149,0.644793,0.222208,0.519110,-0.239956,-0.352700,0.740640
1677109808,289281292,0.375908,0.645274,0.222145,0.518299,-0.241897,-0.351752,0.741028
1677109808,299310030,0.375626,0.645877,0.222061,0.517440,-0.243627,-0.351455,0.741202
1677109808,309196632,0.375390,0.646519,0.221945,0.516514,-0.245230,-0.350861,0.741601
1677109808,318815521,0.375005,0.647007,0.221873,0.514671,-0.246020,-0.350172,0.742945
1677109808,329247830,0.374775,0.647765,0.221724,0.514061,-0.247135,-0.349890,0.743130
1677109808,338668784,0.374670,0.648597,0.221586,0.512556,-0.250268,-0.350861,0.742663
1677109808,348813388,0.374297,0.649346,0.221433,0.511258,-0.251545,-0.351334,0.742902
1677109808,359112747,0.374055,0.649947,0.221324,0.509574,-0.253201,-0.350662,0.743814
1677109808,369449942,0.373834,0.650764,0.221125,0.508619,-0.254826,-0.350425,0.744025
1677109808,378884469,0.373370,0.651577,0.220966,0.507037,-0.254706,-0.350609,0.745059
1677109808,389390977,0.373271,0.652500,0.220653,0.506151,-0.256438,-0.349878,0.745410
1677109808,398826057,0.373002,0.653432,0.220338,0.504754,-0.257249,-0.349576,0.746219
1677109808,408817693,0.372688,0.654396,0.219992,0.503358,-0.257788,-0.349079,0.747208
1677109808,418919091,0.372474,0.655374,0.219582,0.502068,-0.258944,-0.348136,0.748116
1677109808,429459898,0.372094,0.656423,0.219158,0.500380,-0.259611,-0.347802,0.749170
1677109808,438652082,0.371901,0.657400,0.218672,0.498888,-0.261219,-0.346807,0.750066
1677109808,448944544,0.371676,0.658521,0.218104,0.497611,-0.262603,-0.346591,0.750532
1677109808,458212007,0.371604,0.659476,0.217544,0.496587,-0.263729,-0.345349,0.751387
1677109808,468871207,0.371244,0.660503,0.216992,0.495360,-0.263456,-0.345766,0.752100
1677109808,479096571,0.371061,0.661362,0.216413,0.494254,-0.263129,-0.345548,0.753042
1677109808,488992902,0.371054,0.662400,0.215790,0.494215,-0.262960,-0.345580,0.753112
1677109808,498766659,0.371071,0.663138,0.215180,0.493260,-0.262215,-0.344948,0.754287
1677109808,509508312,0.371033,0.664045,0.214501,0.492962,-0.261045,-0.345352,0.754702
1677109808,518888047,0.371066,0.664870,0.213863,0.492968,-0.260017,-0.345906,0.754800
1677109808,528578191,0.371174,0.665531,0.213187,0.492817,-0.260002,-0.346818,0.754485
1677109808,538329109,0.371156,0.665996,0.212599,0.492647,-0.258904,-0.347909,0.754471
1677109808,548193298,0.371408,0.666417,0.211946,0.493535,-0.258759,-0.349318,0.753289
1677109808,559055132,0.371560,0.666678,0.211339,0.494302,-0.257614,-0.351691,0.752073
1677109808,568645872,0.371872,0.666650,0.210737,0.494899,-0.256899,-0.354152,0.750769
1677109808,579296652,0.372136,0.666680,0.210115,0.496031,-0.255390,-0.357816,0.748797
1677109808,588985972,0.372606,0.666420,0.209550,0.497030,-0.254003,-0.361053,0.747051
1677109808,598579512,0.372949,0.666076,0.208965,0.498115,-0.251290,-0.365463,0.745098
1677109808,608958425,0.373686,0.665657,0.208330,0.500344,-0.249264,-0.369150,0.742463
1677109808,618636607,0.374109,0.665217,0.207730,0.502011,-0.245026,-0.374159,0.740238
1677109808,629077866,0.374766,0.664694,0.207058,0.503758,-0.241854,-0.378414,0.737928
1677109808,639150470,0.375341,0.664371,0.206332,0.505622,-0.237813,-0.382828,0.735686
1677109808,649523430,0.375999,0.663967,0.205588,0.506540,-0.234989,-0.386271,0.734160
1677109808,658926218,0.376595,0.663558,0.204779,0.506378,-0.233302,-0.389299,0.733210
1677109808,669294978,0.376920,0.663565,0.204104,0.506904,-0.230956,-0.391955,0.732174
1677109808,679508982,0.377181,0.663686,0.203382,0.507573,-0.229057,-0.393401,0.731532
1677109808,689046869,0.377210,0.663857,0.202744,0.507125,-0.228374,-0.394537,0.731444
1677109808,698841103,0.377335,0.664147,0.202070,0.507164,-0.228588,-0.394110,0.731580
1677109808,708757406,0.377300,0.664540,0.201454,0.507027,-0.228960,-0.393174,0.732062
1677109808,718849650,0.376989,0.665159,0.200913,0.507175,-0.228252,-0.392557,0.732512
1677109808,729187801,0.376872,0.665658,0.200360,0.507221,-0.228395,-0.390644,0.733458
1677109808,738595024,0.376792,0.666218,0.199784,0.507145,-0.229362,-0.389163,0.733996
1677109808,748777388,0.376540,0.666728,0.199284,0.506390,-0.229507,-0.388384,0.734883
1677109808,758743188,0.376354,0.667189,0.198720,0.506024,-0.229328,-0.387447,0.735686
1677109808,768911973,0.376491,0.667586,0.198134,0.506018,-0.230894,-0.386558,0.735667
1677109808,779242436,0.376401,0.667920,0.197576,0.505652,-0.230297,-0.386615,0.736076
1677109808,788609763,0.376444,0.668238,0.196970,0.505636,-0.229747,-0.387075,0.736017
1677109808,799057687,0.376552,0.668408,0.196375,0.505479,-0.228852,-0.387712,0.736068
1677109808,808922510,0.376683,0.668583,0.195780,0.505704,-0.227592,-0.388873,0.735692
1677109808,818898875,0.377047,0.668646,0.195168,0.506533,-0.226688,-0.389211,0.735223
1677109808,829101259,0.377029,0.668810,0.194667,0.506867,-0.224524,-0.391439,0.734472
1677109808,839085422,0.377163,0.668828,0.194130,0.507069,-0.223385,-0.392935,0.733881
1677109808,849109393,0.377514,0.668808,0.193593,0.507388,-0.223529,-0.393356,0.733392
1677109808,859104691,0.377642,0.668865,0.193108,0.507370,-0.222865,-0.394046,0.733236
1677109808,868972093,0.377738,0.668996,0.192661,0.507277,-0.223524,-0.394907,0.732636
1677109808,879315510,0.377565,0.669189,0.192272,0.506997,-0.222735,-0.395809,0.732583
1677109808,888749135,0.377635,0.669361,0.191838,0.507326,-0.223626,-0.395156,0.732437
1677109808,899264779,0.377319,0.669571,0.191529,0.506735,-0.223457,-0.395486,0.732720
1677109808,909407730,0.377150,0.669824,0.191176,0.507036,-0.223402,-0.394249,0.733194
1677109808,919048468,0.376810,0.670173,0.190894,0.507004,-0.223226,-0.393826,0.733497
1677109808,929794275,0.376633,0.670458,0.190560,0.507181,-0.223972,-0.392438,0.733891
1677109808,938909624,0.376305,0.670814,0.190242,0.507405,-0.223659,-0.391802,0.734172
1677109808,949358055,0.376127,0.671176,0.189930,0.507865,-0.224502,-0.391136,0.733951
1677109808,958593847,0.375938,0.671329,0.189629,0.507440,-0.225215,-0.390410,0.734413
1677109808,968656924,0.375730,0.671430,0.189370,0.507066,-0.225794,-0.390043,0.734689
1677109808,979003427,0.375659,0.671519,0.189086,0.506774,-0.226991,-0.389673,0.734718
1677109808,988980204,0.375675,0.671712,0.188707,0.507276,-0.228325,-0.389672,0.733958
1677109808,998525139,0.375290,0.671654,0.188487,0.506012,-0.227988,-0.390384,0.734556
1677109809,8942779,0.375225,0.671729,0.188137,0.506013,-0.228375,-0.390307,0.734476
1677109809,18504637,0.375209,0.671775,0.187811,0.505959,-0.229058,-0.390082,0.734421
1677109809,28574520,0.375086,0.671683,0.187529,0.505163,-0.229378,-0.389606,0.735121
1677109809,38665142,0.375024,0.671925,0.187163,0.505627,-0.230142,-0.389767,0.734478
1677109809,48867580,0.374811,0.671899,0.186904,0.504565,-0.230769,-0.389501,0.735153
1677109809,59012327,0.374689,0.672147,0.186588,0.504712,-0.231467,-0.389256,0.734962
1677109809,68844135,0.374469,0.672277,0.186352,0.504243,-0.232163,-0.388851,0.735278
1677109809,79017377,0.374259,0.672511,0.186064,0.504200,-0.232758,-0.388284,0.735419
1677109809,89349223,0.374046,0.672598,0.185828,0.503683,-0.233438,-0.387521,0.735960
1677109809,99778581,0.374009,0.672724,0.185576,0.504081,-0.234335,-0.386281,0.736055
1677109809,109149089,0.373728,0.672895,0.185337,0.504083,-0.234307,-0.386475,0.735961
1677109809,118439263,0.373533,0.672956,0.185137,0.504085,-0.234592,-0.386498,0.735857
1677109809,128164093,0.373430,0.672926,0.184908,0.504102,-0.234789,-0.386322,0.735874
1677109809,138592711,0.373442,0.673018,0.184601,0.504668,-0.235273,-0.386362,0.735310
1677109809,148454271,0.373265,0.672943,0.184380,0.503970,-0.235059,-0.386854,0.735599
1677109809,158983063,0.373136,0.673032,0.184142,0.503921,-0.234470,-0.387406,0.735529
1677109809,169031195,0.373134,0.673068,0.183843,0.503771,-0.235102,-0.387686,0.735283
1677109809,178371983,0.373097,0.673210,0.183524,0.504054,-0.234953,-0.387928,0.735009
1677109809,189081644,0.372933,0.673267,0.183269,0.503719,-0.234553,-0.388056,0.735299
1677109809,198459327,0.373058,0.673366,0.182941,0.503954,-0.235447,-0.387540,0.735125
1677109809,208854863,0.372886,0.673650,0.182627,0.504338,-0.234766,-0.387993,0.734840
1677109809,218445742,0.372760,0.673673,0.182369,0.503924,-0.234235,-0.387679,0.735459
1677109809,228609267,0.372802,0.673802,0.182060,0.504117,-0.234180,-0.387245,0.735573
1677109809,238569810,0.372679,0.673993,0.181794,0.504050,-0.233855,-0.387703,0.735481
1677109809,249518201,0.372585,0.674202,0.181525,0.504059,-0.233532,-0.387962,0.735440
1677109809,258590039,0.372536,0.674267,0.181269,0.503580,-0.233999,-0.388007,0.735596
1677109809,268832964,0.372602,0.674480,0.180987,0.503824,-0.234569,-0.387571,0.735478
1677109809,278313615,0.372415,0.674776,0.180759,0.503594,-0.234365,-0.387851,0.735553
1677109809,288112149,0.372409,0.674974,0.180512,0.503338,-0.235153,-0.387236,0.735801
1677109809,298629197,0.372424,0.675221,0.180271,0.503277,-0.236145,-0.386644,0.735836
1677109809,308769568,0.372266,0.675577,0.180068,0.503457,-0.236169,-0.386751,0.735649
1677109809,319244221,0.372127,0.675868,0.179885,0.503715,-0.235942,-0.386335,0.735764
1677109809,328983187,0.371983,0.676006,0.179759,0.503326,-0.236012,-0.386208,0.736074
1677109809,339045538,0.372122,0.676152,0.179565,0.503625,-0.236833,-0.385181,0.736144
1677109809,348495075,0.372109,0.676440,0.179358,0.503794,-0.237193,-0.385567,0.735710
1677109809,358766249,0.372050,0.676584,0.179189,0.503265,-0.236990,-0.385589,0.736126
1677109809,369155257,0.372030,0.676782,0.179033,0.503221,-0.236372,-0.385558,0.736371
1677109809,378846424,0.372083,0.676994,0.178879,0.503279,-0.236670,-0.385718,0.736152
1677109809,388921591,0.372056,0.677164,0.178750,0.503041,-0.236885,-0.386052,0.736070
1677109809,398825791,0.372106,0.677253,0.178650,0.503043,-0.237270,-0.385541,0.736212
1677109809,408798967,0.372064,0.677423,0.178558,0.503356,-0.237464,-0.385822,0.735788
1677109809,419373237,0.372045,0.677591,0.178434,0.503838,-0.237736,-0.385874,0.735344
1677109809,429430632,0.372011,0.677682,0.178357,0.504006,-0.237595,-0.385842,0.735291
1677109809,438873929,0.372032,0.677867,0.178245,0.504401,-0.237644,-0.385930,0.734958
1677109809,449459974,0.371957,0.677937,0.178151,0.503790,-0.237181,-0.386030,0.735473
1677109809,458958043,0.372059,0.678241,0.177964,0.504001,-0.237064,-0.386123,0.735318
1677109809,468876222,0.372166,0.678517,0.177787,0.503998,-0.236944,-0.385854,0.735500
1677109809,479190506,0.372195,0.678800,0.177566,0.503478,-0.237060,-0.386067,0.735707
1677109809,488885137,0.372308,0.679158,0.177381,0.503309,-0.237253,-0.385676,0.735966
1677109809,498819486,0.372318,0.679548,0.177169,0.503228,-0.237735,-0.385822,0.735789
1677109809,508888123,0.372222,0.679768,0.177030,0.502547,-0.237727,-0.385674,0.736334
1677109809,518853701,0.372203,0.680018,0.176864,0.502406,-0.237806,-0.385410,0.736543
1677109809,528916830,0.372204,0.680330,0.176691,0.502538,-0.238390,-0.385446,0.736245
1677109809,539085129,0.372158,0.680617,0.176549,0.502610,-0.238430,-0.385458,0.736177
1677109809,548706354,0.372206,0.680970,0.176362,0.503028,-0.238762,-0.385207,0.735915
1677109809,558444821,0.372098,0.681174,0.176244,0.502660,-0.238136,-0.384847,0.736558
1677109809,568982345,0.372085,0.681442,0.176101,0.502375,-0.238090,-0.384796,0.736794
1677109809,579275078,0.372086,0.681731,0.175940,0.501981,-0.238453,-0.384930,0.736874
1677109809,589148711,0.372077,0.682055,0.175760,0.502029,-0.238181,-0.384738,0.737030
1677109809,598843890,0.372097,0.682273,0.175611,0.501762,-0.238418,-0.384342,0.737342
1677109809,609164356,0.372124,0.682624,0.175437,0.502155,-0.238568,-0.384224,0.737087
1677109809,618676321,0.372183,0.682811,0.175310,0.502071,-0.238829,-0.383557,0.737407
1677109809,629093030,0.372087,0.683097,0.175191,0.501884,-0.238640,-0.383803,0.737468
1677109809,638200236,0.372062,0.683324,0.175048,0.501776,-0.238500,-0.383545,0.737721
1677109809,648751221,0.372109,0.683634,0.174866,0.502177,-0.238530,-0.383591,0.737414
1677109809,659291376,0.372184,0.683802,0.174685,0.502120,-0.238627,-0.383264,0.737592
1677109809,668486453,0.372256,0.683972,0.174489,0.502086,-0.238364,-0.383058,0.737806
1677109809,679135250,0.372269,0.684197,0.174310,0.502091,-0.237730,-0.383522,0.737767
1677109809,688806190,0.372283,0.684466,0.174093,0.502130,-0.236839,-0.384265,0.737640
1677109809,699330062,0.372399,0.684688,0.173872,0.502291,-0.236480,-0.384645,0.737448
1677109809,709064477,0.372628,0.684856,0.173631,0.502428,-0.236547,-0.384553,0.737380
1677109809,718912642,0.372662,0.685043,0.173429,0.502348,-0.235810,-0.384856,0.737513
1677109809,728595013,0.372706,0.685232,0.173212,0.502263,-0.235427,-0.385219,0.737504
1677109809,738273078,0.372800,0.685299,0.173043,0.501709,-0.235879,-0.385304,0.737692
1677109809,749135331,0.372837,0.685472,0.172894,0.501453,-0.236116,-0.385579,0.737647
1677109809,758585985,0.372942,0.685671,0.172733,0.501707,-0.236330,-0.385387,0.737507
1677109809,769352554,0.373023,0.685824,0.172599,0.501883,-0.236736,-0.385116,0.737397
1677109809,779511159,0.373007,0.686000,0.172434,0.502097,-0.236673,-0.385153,0.737253
1677109809,789011527,0.372942,0.686148,0.172331,0.502075,-0.236654,-0.385466,0.737110
1677109809,799248354,0.372958,0.686224,0.172218,0.502122,-0.236619,-0.385418,0.737115
1677109809,809496923,0.372902,0.686225,0.172113,0.501802,-0.236357,-0.385494,0.737377
1677109809,819027003,0.373030,0.686307,0.171917,0.502016,-0.236760,-0.385333,0.737186
1677109809,829086135,0.373043,0.686400,0.171702,0.501663,-0.237011,-0.385953,0.737021
1677109809,838841163,0.373134,0.686510,0.171483,0.501800,-0.237002,-0.385810,0.737006
1677109809,849285324,0.373285,0.686654,0.171274,0.502075,-0.237239,-0.385984,0.736651
1677109809,859818710,0.373454,0.686768,0.171072,0.502172,-0.237664,-0.386200,0.736334
1677109809,869079513,0.373369,0.686883,0.170929,0.502064,-0.236675,-0.386951,0.736333
1677109809,879167993,0.373521,0.686873,0.170785,0.502176,-0.236934,-0.386752,0.736278
1677109809,888708270,0.373424,0.686955,0.170680,0.502105,-0.236555,-0.387539,0.736034
1677109809,899387683,0.373484,0.687040,0.170592,0.502812,-0.236808,-0.387432,0.735526
1677109809,909020634,0.373496,0.687088,0.170525,0.503282,-0.237722,-0.387273,0.734993
1677109809,918903275,0.373453,0.687095,0.170450,0.503365,-0.238215,-0.386592,0.735136
1677109809,928691832,0.373406,0.687317,0.170370,0.503456,-0.239099,-0.386681,0.734739
1677109809,939065368,0.373430,0.687609,0.170266,0.503675,-0.240228,-0.386077,0.734538
1677109809,949122741,0.373244,0.687750,0.170253,0.503056,-0.240623,-0.385056,0.735368
1677109809,959295650,0.373034,0.688067,0.170249,0.502891,-0.241303,-0.384393,0.735605
1677109809,968658445,0.373070,0.688332,0.170136,0.503257,-0.242665,-0.382375,0.735959
1677109809,978870557,0.372797,0.688628,0.170139,0.502598,-0.242772,-0.381555,0.736799
1677109809,988290127,0.372879,0.688962,0.170005,0.502899,-0.244562,-0.380150,0.736728
1677109809,998126907,0.372656,0.689243,0.169965,0.502586,-0.245038,-0.379518,0.737109
1677109810,8048966,0.372503,0.689379,0.169958,0.502151,-0.245938,-0.378555,0.737601
1677109810,18170897,0.372338,0.689631,0.169871,0.502321,-0.246071,-0.378225,0.737610
1677109810,28448661,0.372461,0.689758,0.169760,0.502706,-0.247283,-0.376889,0.737626
1677109810,38702593,0.372410,0.690020,0.169639,0.503188,-0.247482,-0.376723,0.737316
1677109810,48531400,0.372393,0.690255,0.169534,0.503937,-0.247790,-0.376114,0.737011
1677109810,58926219,0.372122,0.690419,0.169510,0.503775,-0.247415,-0.375972,0.737320
1677109810,68907639,0.372154,0.690660,0.169340,0.504551,-0.248146,-0.374883,0.737099
1677109810,78571679,0.372063,0.690773,0.169293,0.504742,-0.248409,-0.373476,0.737594
1677109810,88601942,0.371812,0.690972,0.169248,0.504683,-0.248604,-0.373181,0.737718
1677109810,99224447,0.371733,0.691065,0.169161,0.504968,-0.249090,-0.371878,0.738016
1677109810,109000623,0.371720,0.691194,0.169058,0.505754,-0.249720,-0.370861,0.737777
1677109810,118801260,0.371691,0.691253,0.168974,0.506106,-0.249941,-0.370209,0.737788
1677109810,129039872,0.371747,0.691226,0.168887,0.506609,-0.250066,-0.369557,0.737728
1677109810,138777040,0.371722,0.691185,0.168863,0.507409,-0.249191,-0.369285,0.737610
1677109810,149412751,0.371873,0.690980,0.168794,0.507658,-0.249638,-0.369587,0.737136
1677109810,158925877,0.371995,0.690756,0.168736,0.508036,-0.249368,-0.370102,0.736709
1677109810,168977483,0.372091,0.690620,0.168624,0.508740,-0.248862,-0.371129,0.735877
1677109810,179148582,0.372075,0.690394,0.168591,0.508975,-0.247852,-0.372157,0.735536
1677109810,189283912,0.372311,0.690357,0.168472,0.510478,-0.248025,-0.372108,0.734460
1677109810,198922431,0.372318,0.690221,0.168441,0.510754,-0.247869,-0.372423,0.734161
1677109810,208486035,0.372396,0.690194,0.168386,0.511471,-0.247901,-0.371895,0.733919
1677109810,218681364,0.372382,0.690174,0.168373,0.511881,-0.248176,-0.371541,0.733719
1677109810,228855061,0.372394,0.690139,0.168352,0.512251,-0.248257,-0.370671,0.733873
1677109810,238181055,0.372461,0.690091,0.168316,0.512591,-0.248443,-0.369705,0.734061
1677109810,249068176,0.372429,0.690239,0.168253,0.513345,-0.247961,-0.369796,0.733650
1677109810,258906430,0.372502,0.690165,0.168216,0.513727,-0.248257,-0.369190,0.733588
1677109810,268632938,0.372476,0.690126,0.168169,0.514282,-0.248339,-0.369283,0.733125
1677109810,278561014,0.372575,0.690047,0.168124,0.514759,-0.248614,-0.369085,0.732797
1677109810,288730161,0.372552,0.690131,0.168067,0.515334,-0.248009,-0.369667,0.732303
1677109810,298664665,0.372651,0.690051,0.168039,0.515459,-0.247899,-0.369490,0.732342
1677109810,308355238,0.372756,0.690050,0.168007,0.515903,-0.248241,-0.369740,0.731788
1677109810,318761893,0.372853,0.689978,0.167984,0.516494,-0.248465,-0.369315,0.731509
1677109810,328932398,0.372835,0.689823,0.167968,0.516283,-0.248584,-0.369400,0.731575
1677109810,339360147,0.372918,0.689889,0.167852,0.517144,-0.248646,-0.369677,0.730805
1677109810,349685771,0.373030,0.689892,0.167785,0.517855,-0.248947,-0.369680,0.730197
1677109810,358995377,0.373013,0.689834,0.167679,0.518323,-0.249312,-0.369756,0.729703
1677109810,368845408,0.373009,0.689773,0.167607,0.518841,-0.249850,-0.369474,0.729293
1677109810,378526705,0.372997,0.689708,0.167522,0.519453,-0.250528,-0.368879,0.728926
1677109810,388984070,0.372988,0.689772,0.167430,0.520120,-0.251157,-0.368896,0.728225
1677109810,399063403,0.372959,0.689769,0.167373,0.520781,-0.250995,-0.368619,0.727948
1677109810,409019687,0.372930,0.689788,0.167328,0.521448,-0.250780,-0.368840,0.727432
1677109810,419161739,0.373032,0.689713,0.167260,0.522080,-0.250774,-0.368577,0.727114
1677109810,429025375,0.373165,0.689544,0.167186,0.522588,-0.250900,-0.368582,0.726704
1677109810,438810097,0.373197,0.689369,0.167101,0.523096,-0.250576,-0.369305,0.726083
1677109810,449540247,0.373428,0.689164,0.167036,0.523969,-0.251120,-0.369808,0.725009
1677109810,458683558,0.373579,0.688925,0.166965,0.524837,-0.250575,-0.370809,0.724057
1677109810,468872397,0.373698,0.688571,0.166959,0.525041,-0.249905,-0.371868,0.723598
1677109810,479035800,0.374016,0.688390,0.166864,0.526456,-0.249178,-0.372784,0.722348
1677109810,489025293,0.374329,0.688034,0.166833,0.526930,-0.249065,-0.373958,0.721434
1677109810,499312170,0.374662,0.687734,0.166798,0.527709,-0.248679,-0.374760,0.720581
1677109810,509366852,0.374778,0.687372,0.166805,0.527178,-0.247654,-0.376255,0.720543
1677109810,519198622,0.375121,0.687323,0.166761,0.528318,-0.247117,-0.376775,0.719621
1677109810,529674206,0.375336,0.687194,0.166736,0.528663,-0.246937,-0.377177,0.719218
1677109810,538533790,0.375655,0.687084,0.166726,0.529164,-0.247444,-0.376716,0.718917
1677109810,549202770,0.375765,0.686999,0.166745,0.529246,-0.247034,-0.376439,0.719143
1677109810,559011150,0.375808,0.686915,0.166776,0.528677,-0.246852,-0.376726,0.719474
1677109810,568934418,0.375992,0.686969,0.166794,0.528912,-0.246696,-0.376664,0.719386
1677109810,579417740,0.376194,0.686995,0.166747,0.528992,-0.246637,-0.377027,0.719158
1677109810,588680296,0.376498,0.686994,0.166732,0.529366,-0.246672,-0.377037,0.718866
1677109810,598224910,0.376723,0.686963,0.166738,0.529502,-0.246035,-0.377361,0.718813
1677109810,608736554,0.377142,0.686979,0.166704,0.529856,-0.246900,-0.377919,0.717963
1677109810,618145965,0.377290,0.686923,0.166756,0.529248,-0.246348,-0.378384,0.718355
1677109810,628064630,0.377618,0.686996,0.166753,0.529445,-0.246526,-0.378377,0.718152
1677109810,638977804,0.377914,0.687016,0.166758,0.529507,-0.246714,-0.377943,0.718271
1677109810,649013835,0.378197,0.687044,0.166737,0.529451,-0.246935,-0.377790,0.718317
1677109810,658786238,0.378454,0.687072,0.166720,0.529591,-0.247115,-0.377688,0.718205
1677109810,668426611,0.378630,0.687160,0.166723,0.530051,-0.247155,-0.378185,0.717591
1677109810,678963537,0.378807,0.687170,0.166757,0.530473,-0.246829,-0.378389,0.717283
1677109810,689427821,0.379045,0.687061,0.166748,0.530631,-0.246903,-0.378468,0.717100
1677109810,698871756,0.379353,0.686912,0.166691,0.530379,-0.247167,-0.378945,0.716943
1677109810,709197238,0.379636,0.686862,0.166653,0.530993,-0.246503,-0.379393,0.716480
1677109810,718536672,0.379866,0.686762,0.166648,0.531257,-0.246018,-0.380373,0.715931
1677109810,728946766,0.380153,0.686590,0.166603,0.531637,-0.245870,-0.380751,0.715499
1677109810,738582472,0.380402,0.686446,0.166579,0.531921,-0.245775,-0.381023,0.715175
1677109810,748802047,0.380795,0.686427,0.166511,0.532610,-0.246470,-0.380848,0.714517
1677109810,758549984,0.381099,0.686348,0.166451,0.532876,-0.247034,-0.380268,0.714432
1677109810,769378657,0.381177,0.686379,0.166434,0.533077,-0.246789,-0.380145,0.714433
1677109810,778902080,0.381307,0.686420,0.166407,0.533623,-0.246601,-0.379404,0.714484
1677109810,788871570,0.381386,0.686405,0.166383,0.533869,-0.246743,-0.378814,0.714564
1677109810,798865139,0.381527,0.686404,0.166322,0.534081,-0.246692,-0.378414,0.714635
1677109810,808718683,0.381636,0.686389,0.166277,0.534143,-0.246735,-0.378179,0.714698
1677109810,818671493,0.381845,0.686431,0.166225,0.534786,-0.246877,-0.377502,0.714527
1677109810,828189113,0.381864,0.686374,0.166239,0.534699,-0.246453,-0.377292,0.714849
1677109810,838807223,0.382061,0.686377,0.166198,0.535286,-0.246235,-0.376493,0.714906
1677109810,849106025,0.382273,0.686399,0.166158,0.535704,-0.246496,-0.375919,0.714804
1677109810,858924946,0.382413,0.686295,0.166124,0.535626,-0.246538,-0.375434,0.715104
1677109810,868514969,0.382601,0.686204,0.166073,0.535841,-0.246450,-0.374789,0.715311
1677109810,878562380,0.382712,0.686220,0.166022,0.536344,-0.245781,-0.374851,0.715132
1677109810,888448377,0.383065,0.686045,0.165990,0.536746,-0.246014,-0.373677,0.715365
1677109810,898844296,0.383330,0.685956,0.165958,0.537059,-0.245821,-0.373303,0.715391
1677109810,908955352,0.383560,0.685877,0.165953,0.537165,-0.245125,-0.372870,0.715776
1677109810,918702586,0.383932,0.685902,0.165902,0.537749,-0.244631,-0.372124,0.715895
1677109810,929141439,0.384214,0.685928,0.165906,0.537840,-0.243744,-0.371518,0.716444
1677109810,938684876,0.384591,0.686009,0.165958,0.538149,-0.242996,-0.370102,0.717198
1677109810,949079431,0.385043,0.686115,0.166019,0.538569,-0.242185,-0.368264,0.718102
1677109810,958994876,0.385410,0.686194,0.166140,0.538117,-0.241214,-0.367212,0.719306
1677109810,968774827,0.386202,0.686261,0.166203,0.538280,-0.240571,-0.365273,0.720386
1677109810,979039136,0.386711,0.686245,0.166325,0.537573,-0.238239,-0.364493,0.722082
1677109810,989027409,0.387595,0.686183,0.166438,0.537305,-0.237724,-0.364108,0.722645
1677109810,998903088,0.388505,0.686102,0.166540,0.537356,-0.236304,-0.363962,0.723147
1677109811,9654813,0.389537,0.685949,0.166658,0.537335,-0.235005,-0.363868,0.723632
1677109811,18804742,0.390461,0.685900,0.166757,0.537062,-0.232667,-0.364263,0.724392
1677109811,29318917,0.391637,0.685959,0.166813,0.537260,-0.230919,-0.363833,0.725019
1677109811,39039756,0.392618,0.686028,0.166909,0.536911,-0.228793,-0.363250,0.726244
1677109811,47965006,0.393654,0.686161,0.167006,0.536904,-0.227509,-0.361931,0.727309
1677109811,58633110,0.394603,0.686249,0.167116,0.536722,-0.226142,-0.359615,0.729017
1677109811,68401014,0.395445,0.686452,0.167189,0.537105,-0.224335,-0.357197,0.730481
1677109811,78927831,0.396253,0.686527,0.167198,0.537028,-0.223102,-0.354890,0.732038
1677109811,88957388,0.397048,0.686551,0.167201,0.537525,-0.221476,-0.352271,0.733431
1677109811,98709015,0.398105,0.686407,0.167115,0.538410,-0.220736,-0.349264,0.734442
1677109811,109145722,0.398995,0.686267,0.167065,0.539234,-0.219439,-0.347572,0.735029
1677109811,119263517,0.399903,0.686050,0.166977,0.540090,-0.217502,-0.346143,0.735650
1677109811,129161181,0.401152,0.685845,0.166880,0.541569,-0.216655,-0.343794,0.735914
1677109811,139004084,0.402212,0.685699,0.166769,0.543224,-0.214687,-0.342077,0.736071
1677109811,148330227,0.403250,0.685532,0.166712,0.544679,-0.212681,-0.340094,0.736497
1677109811,158982983,0.404282,0.685609,0.166597,0.546755,-0.210367,-0.338101,0.736541
1677109811,169220641,0.405324,0.685665,0.166520,0.548380,-0.208129,-0.335138,0.737322
1677109811,179253259,0.406300,0.685917,0.166489,0.550040,-0.205377,-0.331909,0.738317
1677109811,189389303,0.407340,0.686312,0.166346,0.551963,-0.203155,-0.328112,0.739193
1677109811,199362484,0.408235,0.686810,0.166255,0.553689,-0.200817,-0.323823,0.740432
1677109811,209162893,0.408881,0.687296,0.166217,0.554880,-0.198046,-0.319180,0.742300
1677109811,219280588,0.409511,0.687914,0.166173,0.556063,-0.195936,-0.314273,0.744067
1677109811,229192405,0.410105,0.688575,0.166255,0.556392,-0.193973,-0.308983,0.746546
1677109811,238755551,0.410878,0.689589,0.166254,0.557268,-0.192751,-0.303563,0.748431
1677109811,249546565,0.411462,0.690618,0.166290,0.557024,-0.190391,-0.297993,0.751449
1677109811,259574444,0.412105,0.691787,0.166325,0.556878,-0.188782,-0.292433,0.754142
1677109811,268740124,0.412441,0.692942,0.166400,0.556766,-0.186425,-0.287211,0.756814
1677109811,279149447,0.412740,0.693989,0.166435,0.557083,-0.184640,-0.280971,0.759356
1677109811,289025753,0.412927,0.695016,0.166368,0.558213,-0.182461,-0.274588,0.761386
1677109811,299183088,0.413051,0.695868,0.166264,0.559280,-0.180784,-0.269418,0.762848
1677109811,309238433,0.413361,0.696542,0.166128,0.560783,-0.179683,-0.263692,0.764005
1677109811,319053947,0.413489,0.697078,0.166010,0.562221,-0.177716,-0.259324,0.764902
1677109811,329188804,0.413904,0.697332,0.165938,0.563204,-0.176526,-0.254389,0.766111
1677109811,338110161,0.414352,0.697595,0.165840,0.564435,-0.175602,-0.250532,0.766688
1677109811,348670014,0.414623,0.697774,0.165806,0.564916,-0.173881,-0.247913,0.767577
1677109811,359350005,0.414921,0.697903,0.165854,0.565115,-0.172206,-0.245617,0.768545
1677109811,369440781,0.415363,0.698309,0.165852,0.566267,-0.170986,-0.243378,0.768683
1677109811,379643779,0.415795,0.698677,0.165899,0.567092,-0.169450,-0.240143,0.769432
1677109811,388467326,0.415807,0.699198,0.165853,0.568237,-0.165456,-0.236946,0.770446
1677109811,399034111,0.415683,0.699941,0.165700,0.570938,-0.161295,-0.232709,0.770623
1677109811,409065801,0.415188,0.700631,0.165531,0.573819,-0.156436,-0.227632,0.771001
1677109811,418849783,0.414665,0.701178,0.165351,0.576180,-0.152412,-0.220922,0.771998
1677109811,429398920,0.413838,0.701747,0.165156,0.577929,-0.148771,-0.214575,0.773190
1677109811,438967055,0.413045,0.702276,0.164967,0.579595,-0.147423,-0.208505,0.773861
1677109811,448977594,0.412365,0.702766,0.164756,0.581140,-0.147013,-0.201567,0.774619
1677109811,458739661,0.411581,0.703352,0.164584,0.582731,-0.146065,-0.195574,0.775139
1677109811,468997043,0.410990,0.703739,0.164437,0.583530,-0.145573,-0.188762,0.776318
1677109811,478651776,0.410467,0.704244,0.164325,0.584841,-0.145515,-0.183047,0.776711
1677109811,489131590,0.409707,0.704636,0.164291,0.585468,-0.143468,-0.178532,0.777670
1677109811,498694245,0.409221,0.705165,0.164293,0.587100,-0.141654,-0.173595,0.777890
1677109811,509099223,0.408797,0.705524,0.164214,0.588188,-0.139122,-0.169007,0.778535
1677109811,518795382,0.408387,0.706179,0.164046,0.591088,-0.134630,-0.164753,0.778040
1677109811,528189578,0.407953,0.706560,0.163790,0.593268,-0.129841,-0.161092,0.777961
1677109811,538610949,0.407707,0.707028,0.163506,0.596356,-0.125480,-0.157493,0.777052
1677109811,548535725,0.407265,0.707182,0.163224,0.598498,-0.121078,-0.154849,0.776635
1677109811,558722532,0.406970,0.707295,0.162943,0.601028,-0.117653,-0.151937,0.775782
1677109811,569019849,0.406645,0.707376,0.162724,0.603498,-0.115365,-0.149111,0.774756
1677109811,578996239,0.406434,0.707365,0.162527,0.605162,-0.114496,-0.146098,0.774161
1677109811,588917304,0.406084,0.707430,0.162348,0.605948,-0.113588,-0.143810,0.774108
1677109811,599614368,0.405837,0.707518,0.162307,0.606379,-0.113780,-0.140576,0.774337
1677109811,609045259,0.405317,0.707814,0.162276,0.606836,-0.112763,-0.137649,0.774653
1677109811,618552578,0.404904,0.708183,0.162298,0.607169,-0.113051,-0.134453,0.774912
1677109811,628395857,0.404384,0.708430,0.162324,0.606636,-0.112639,-0.131163,0.775952
1677109811,638984656,0.404154,0.708957,0.162332,0.607739,-0.113324,-0.127197,0.775649
1677109811,648918823,0.403509,0.709164,0.162369,0.607636,-0.112516,-0.125381,0.776143
1677109811,658890295,0.403251,0.709497,0.162328,0.608757,-0.112863,-0.123152,0.775571
1677109811,669063938,0.402747,0.709587,0.162302,0.608850,-0.110959,-0.121457,0.776040
1677109811,679106164,0.402453,0.709782,0.162173,0.609820,-0.109792,-0.119655,0.775724
1677109811,688980277,0.402238,0.709879,0.162072,0.611146,-0.110507,-0.117965,0.774837
1677109811,699193948,0.401732,0.709661,0.161965,0.611752,-0.110220,-0.116592,0.774608
1677109811,708823812,0.401159,0.709520,0.161868,0.613724,-0.108955,-0.114373,0.773557
1677109811,718165949,0.400736,0.709319,0.161743,0.615879,-0.109371,-0.111808,0.772159
1677109811,728237920,0.400218,0.708964,0.161622,0.617057,-0.109700,-0.109229,0.771541
1677109811,738299554,0.399700,0.708837,0.161405,0.619099,-0.110193,-0.107373,0.770094
1677109811,748017700,0.399215,0.708499,0.161201,0.620124,-0.110415,-0.105243,0.769531
1677109811,758457439,0.398793,0.708320,0.160991,0.621800,-0.110903,-0.103535,0.768340
1677109811,768693726,0.398440,0.707936,0.160799,0.622893,-0.111222,-0.101270,0.767710
1677109811,778359185,0.397922,0.707520,0.160624,0.623908,-0.110986,-0.099935,0.767094
1677109811,788742651,0.397752,0.707184,0.160465,0.625688,-0.111622,-0.097261,0.765895
1677109811,798949288,0.397347,0.706741,0.160287,0.626843,-0.110026,-0.095084,0.765455
1677109811,808811651,0.397047,0.706476,0.160126,0.628802,-0.108185,-0.092874,0.764381
1677109811,819342083,0.396799,0.705974,0.159953,0.629864,-0.106270,-0.090071,0.764111
1677109811,829311272,0.396507,0.705703,0.159779,0.631861,-0.104904,-0.088011,0.762890
1677109811,838586959,0.396391,0.705377,0.159625,0.633629,-0.103527,-0.084455,0.762013
1677109811,848242127,0.396138,0.705046,0.159439,0.635063,-0.101491,-0.081780,0.761384
1677109811,858778319,0.396050,0.704895,0.159231,0.636988,-0.100402,-0.079729,0.760138
1677109811,868221674,0.396013,0.704446,0.159061,0.637516,-0.099195,-0.078226,0.760009
1677109811,878582675,0.396211,0.704147,0.158952,0.638413,-0.098348,-0.077108,0.759480
1677109811,889082900,0.396456,0.703919,0.158893,0.639881,-0.096593,-0.076957,0.758485
1677109811,899122932,0.396903,0.703465,0.158873,0.640024,-0.094358,-0.077861,0.758553
1677109811,908950450,0.397585,0.703333,0.158889,0.641427,-0.091650,-0.079649,0.757514
1677109811,918631616,0.398453,0.703036,0.158999,0.641991,-0.087749,-0.081808,0.757269
1677109811,928467998,0.399523,0.702701,0.159119,0.642350,-0.083074,-0.083898,0.757263
1677109811,938286383,0.400833,0.702509,0.159236,0.643632,-0.078540,-0.086108,0.756409
1677109811,948664999,0.401999,0.702194,0.159362,0.644495,-0.072652,-0.088550,0.755980
1677109811,958745971,0.402997,0.701885,0.159430,0.645473,-0.065338,-0.090907,0.755534
1677109811,968876503,0.403974,0.701458,0.159497,0.646696,-0.057846,-0.091942,0.754973
1677109811,979291952,0.404896,0.701029,0.159511,0.648332,-0.051585,-0.092878,0.753909
1677109811,988947912,0.405694,0.700617,0.159463,0.650759,-0.045535,-0.092821,0.752212
1677109811,998532997,0.406377,0.700029,0.159348,0.652702,-0.040653,-0.092498,0.750847
1677109812,9133635,0.406984,0.699468,0.159145,0.654615,-0.037365,-0.092092,0.749402
1677109812,19025544,0.407473,0.698943,0.158863,0.655820,-0.034583,-0.091885,0.748506
1677109812,28888103,0.407975,0.698523,0.158570,0.657147,-0.032633,-0.091728,0.747448
1677109812,38854422,0.408477,0.698085,0.158306,0.658570,-0.030905,-0.090946,0.746364
1677109812,49278933,0.408878,0.697518,0.158063,0.659848,-0.029116,-0.089634,0.745465
1677109812,59346071,0.409089,0.696840,0.157869,0.660647,-0.027096,-0.088684,0.744947
1677109812,68825369,0.409389,0.696431,0.157710,0.662074,-0.025517,-0.086899,0.743945
1677109812,79275271,0.409639,0.696257,0.157623,0.663301,-0.022569,-0.084514,0.743222
1677109812,88831513,0.409747,0.696114,0.157518,0.663564,-0.018650,-0.082125,0.743365
1677109812,99114673,0.409801,0.696090,0.157402,0.663993,-0.015883,-0.080264,0.743249
1677109812,108525364,0.409787,0.695916,0.157313,0.664467,-0.014353,-0.078418,0.743053
1677109812,119152509,0.409643,0.695682,0.157227,0.665590,-0.012470,-0.076235,0.742309
1677109812,129632211,0.409406,0.695538,0.157070,0.667049,-0.009626,-0.073377,0.741329
1677109812,139139492,0.409221,0.695365,0.156860,0.667741,-0.007002,-0.070640,0.741002
1677109812,149042805,0.409048,0.695233,0.156588,0.668125,-0.005392,-0.068899,0.740832
1677109812,158554321,0.408881,0.694991,0.156376,0.668562,-0.004098,-0.067346,0.740589
1677109812,169374801,0.408857,0.694771,0.156221,0.669509,-0.001304,-0.063963,0.740043
1677109812,178903728,0.408798,0.694670,0.156111,0.670935,0.000835,-0.062423,0.738883
1677109812,188885858,0.408648,0.694439,0.156034,0.671511,0.003867,-0.061203,0.738452
1677109812,198822849,0.408620,0.694205,0.155967,0.672099,0.006956,-0.059750,0.738014
1677109812,209295461,0.408665,0.694110,0.155963,0.674010,0.008969,-0.058862,0.736319
1677109812,218580811,0.408721,0.693703,0.156055,0.675620,0.011306,-0.057954,0.734881
1677109812,228629275,0.408731,0.693174,0.156133,0.677730,0.014016,-0.056996,0.732965
1677109812,238977204,0.408661,0.692664,0.156245,0.680304,0.015843,-0.057101,0.730530
1677109812,249049109,0.408698,0.691929,0.156303,0.682155,0.017269,-0.056699,0.728801
1677109812,258678710,0.408762,0.691479,0.156392,0.685276,0.018958,-0.056220,0.725863
1677109812,269037279,0.408711,0.690719,0.156453,0.686968,0.021575,-0.055593,0.724237
1677109812,279023971,0.408794,0.690163,0.156474,0.689225,0.022877,-0.054724,0.722115
1677109812,288525893,0.408706,0.689765,0.156559,0.691423,0.024838,-0.054185,0.719987
1677109812,298949505,0.408683,0.689434,0.156604,0.693127,0.026241,-0.053388,0.718356
1677109812,309199472,0.408603,0.688970,0.156639,0.693735,0.027287,-0.052557,0.717792
1677109812,318959444,0.408419,0.688781,0.156635,0.694803,0.028337,-0.051723,0.716777
1677109812,328959463,0.408132,0.688493,0.156633,0.694965,0.029777,-0.051103,0.716607
1677109812,338984119,0.408018,0.688364,0.156603,0.695841,0.030261,-0.049605,0.715842
1677109812,348893995,0.407888,0.688280,0.156570,0.696729,0.030137,-0.048583,0.715052
1677109812,358903359,0.407642,0.688142,0.156547,0.697255,0.029978,-0.047870,0.714594
1677109812,369079435,0.407309,0.687850,0.156486,0.696969,0.030959,-0.046752,0.714906
1677109812,379112046,0.407130,0.687785,0.156416,0.697641,0.030607,-0.045653,0.714336
1677109812,388568130,0.406947,0.687579,0.156384,0.698216,0.030331,-0.044495,0.713859
1677109812,399229777,0.406752,0.687352,0.156363,0.698688,0.030361,-0.044013,0.713425
1677109812,409204560,0.406789,0.687162,0.156326,0.699371,0.029454,-0.043184,0.712845
1677109812,418793951,0.406673,0.687054,0.156299,0.700174,0.029757,-0.043083,0.712050
1677109812,428934748,0.406595,0.686922,0.156232,0.700947,0.029772,-0.043286,0.711275
1677109812,438783123,0.406592,0.686764,0.156184,0.701393,0.029865,-0.043113,0.710842
1677109812,448247461,0.406559,0.686583,0.156105,0.701734,0.030177,-0.042710,0.710517
1677109812,458273078,0.406479,0.686547,0.156050,0.702660,0.030208,-0.042512,0.709612
1677109812,468241041,0.406287,0.686364,0.156013,0.703055,0.030712,-0.042071,0.709225
1677109812,478964505,0.406196,0.686152,0.155972,0.703205,0.030186,-0.041546,0.709130
1677109812,488983588,0.406100,0.686059,0.155961,0.703930,0.029617,-0.040911,0.708471
1677109812,498800706,0.405951,0.685868,0.155959,0.704327,0.029638,-0.040307,0.708110
1677109812,509360982,0.405897,0.685577,0.155941,0.704500,0.029272,-0.039958,0.707974
1677109812,518964319,0.405819,0.685515,0.155891,0.705553,0.029146,-0.040453,0.706901
1677109812,529298910,0.405819,0.685334,0.155775,0.705927,0.029117,-0.041219,0.706485
1677109812,538733225,0.405886,0.685277,0.155637,0.706428,0.029351,-0.041628,0.705950
1677109812,548656747,0.406079,0.685230,0.155484,0.706889,0.029148,-0.041996,0.705475
1677109812,558778531,0.406130,0.685002,0.155361,0.706714,0.029595,-0.042664,0.705592
1677109812,568967326,0.406163,0.684825,0.155289,0.707058,0.029819,-0.043345,0.705195
1677109812,579245546,0.406209,0.684575,0.155281,0.707246,0.029992,-0.043205,0.705008
1677109812,589158261,0.406217,0.684587,0.155297,0.708526,0.029569,-0.043371,0.703730
1677109812,598807251,0.406065,0.684347,0.155353,0.709106,0.029655,-0.043245,0.703150
1677109812,609004607,0.405988,0.684167,0.155437,0.710220,0.028948,-0.042530,0.702097
1677109812,619201632,0.405803,0.683743,0.155551,0.710392,0.028460,-0.041687,0.701993
1677109812,629136955,0.405515,0.683728,0.155662,0.712006,0.028053,-0.041637,0.700376
1677109812,638918203,0.405439,0.683482,0.155723,0.712532,0.027446,-0.040489,0.699933
1677109812,649811400,0.405335,0.683346,0.155793,0.712980,0.026643,-0.040506,0.699506
1677109812,659137255,0.405298,0.683195,0.155842,0.713139,0.026202,-0.040675,0.699351
1677109812,669389507,0.405341,0.683029,0.155915,0.713545,0.025728,-0.040783,0.698948
1677109812,678775992,0.405233,0.682695,0.156072,0.713818,0.026243,-0.041522,0.698606
1677109812,688902219,0.405267,0.682433,0.156293,0.714924,0.026197,-0.041973,0.697450
1677109812,698625087,0.405396,0.682233,0.156607,0.717280,0.025687,-0.042380,0.695020
1677109812,709367197,0.405384,0.681650,0.156984,0.719622,0.026834,-0.041989,0.692575
1677109812,719092656,0.405373,0.680963,0.157389,0.721977,0.027613,-0.041566,0.690116
1677109812,729369611,0.405313,0.680421,0.157847,0.724828,0.027830,-0.041746,0.687101
1677109812,738973409,0.405294,0.679912,0.158306,0.727217,0.027711,-0.041927,0.684565
1677109812,749085092,0.405277,0.679371,0.158708,0.728612,0.027603,-0.041789,0.683093
1677109812,759676860,0.405220,0.679094,0.159130,0.730277,0.027173,-0.042479,0.681288
1677109812,768922002,0.405283,0.678880,0.159546,0.731526,0.026139,-0.042514,0.679984
1677109812,779421480,0.405229,0.678568,0.159976,0.732287,0.025203,-0.043196,0.679158
1677109812,789160902,0.405217,0.678245,0.160447,0.732964,0.024208,-0.043648,0.678434
1677109812,799002368,0.405242,0.678019,0.161024,0.734616,0.022950,-0.043807,0.676678
1677109812,809135651,0.405096,0.677657,0.161605,0.736102,0.022624,-0.044617,0.675019
1677109812,818952027,0.405162,0.677086,0.162255,0.737392,0.021343,-0.044939,0.673630
1677109812,829462366,0.405088,0.676727,0.162994,0.739707,0.020844,-0.045680,0.671053
1677109812,838869982,0.405066,0.676217,0.163717,0.741493,0.020418,-0.046164,0.669059
1677109812,848792662,0.405096,0.675789,0.164536,0.743877,0.019971,-0.046535,0.666395
1677109812,858644842,0.405158,0.675175,0.165329,0.745875,0.019314,-0.046741,0.664163
1677109812,868726452,0.405001,0.674547,0.166149,0.747972,0.019902,-0.047179,0.661752
1677109812,878649363,0.405063,0.673917,0.166985,0.750054,0.018965,-0.047534,0.659394
1677109812,888753403,0.404979,0.673262,0.167889,0.752053,0.018646,-0.048056,0.657084
1677109812,899357345,0.404926,0.672706,0.168824,0.754032,0.018166,-0.048836,0.654768
1677109812,909314929,0.404926,0.672216,0.169831,0.755857,0.017316,-0.049690,0.652619
1677109812,919578856,0.404994,0.671628,0.170819,0.757179,0.016348,-0.050624,0.651037
1677109812,928975030,0.404998,0.671167,0.171855,0.758746,0.016146,-0.051711,0.649130
1677109812,938411091,0.405117,0.670723,0.172935,0.760513,0.015557,-0.052701,0.646994
1677109812,948405891,0.405179,0.670227,0.174081,0.762255,0.015693,-0.053395,0.644880
1677109812,958399525,0.405233,0.669634,0.175233,0.763766,0.015823,-0.053983,0.643037
1677109812,968570820,0.405241,0.669031,0.176438,0.765498,0.015752,-0.054852,0.640903
1677109812,978729707,0.405145,0.668335,0.177688,0.767018,0.016310,-0.055744,0.638991
1677109812,988549741,0.405122,0.667693,0.178965,0.769026,0.016036,-0.056358,0.636527
1677109812,998617087,0.405142,0.667050,0.180318,0.770881,0.015124,-0.056845,0.634257
1677109813,8851284,0.405119,0.666348,0.181719,0.772175,0.014305,-0.057209,0.632668
1677109813,18760045,0.404992,0.665778,0.183160,0.773448,0.013191,-0.058163,0.631047
1677109813,28332323,0.404917,0.665324,0.184723,0.775089,0.012118,-0.057856,0.629081
1677109813,39091792,0.404741,0.664702,0.186280,0.776073,0.011145,-0.057539,0.627913
1677109813,49279220,0.404517,0.664251,0.187958,0.777596,0.010269,-0.057447,0.626050
1677109813,59192715,0.404302,0.663751,0.189680,0.778818,0.009552,-0.056379,0.624638
1677109813,69263873,0.404016,0.663309,0.191451,0.779873,0.008942,-0.056043,0.623360
1677109813,78908812,0.403792,0.662859,0.193290,0.780717,0.007970,-0.055301,0.622382
1677109813,88574639,0.403531,0.662515,0.195145,0.781677,0.008071,-0.054101,0.621280
1677109813,99361545,0.403362,0.662353,0.197105,0.783254,0.007722,-0.053317,0.619364
1677109813,109035132,0.403217,0.662067,0.199013,0.784098,0.006814,-0.052773,0.618352
1677109813,119065552,0.403040,0.661764,0.200953,0.784906,0.006349,-0.052482,0.617356
1677109813,129215234,0.402847,0.661619,0.202934,0.786002,0.005665,-0.052668,0.615950
1677109813,138811698,0.402715,0.661415,0.204888,0.786856,0.004797,-0.051894,0.614932
1677109813,148950353,0.402411,0.661152,0.206836,0.787021,0.005036,-0.051660,0.614739
1677109813,158901869,0.402313,0.661235,0.208851,0.787994,0.004058,-0.051421,0.613519
1677109813,169016031,0.402082,0.661222,0.210769,0.787996,0.003899,-0.051291,0.613528
1677109813,178562258,0.401825,0.661200,0.212669,0.787860,0.003690,-0.051263,0.613707
1677109813,188834969,0.401309,0.661023,0.214464,0.787296,0.004829,-0.051250,0.614423
1677109813,199181817,0.400688,0.660860,0.216223,0.787128,0.006271,-0.051128,0.614635
1677109813,209029358,0.401197,0.661713,0.218393,0.791166,0.003505,-0.046787,0.609800
1677109813,219286462,0.400824,0.661049,0.220082,0.789707,0.002216,-0.046785,0.611694
1677109813,229489952,0.400557,0.661192,0.221838,0.790860,0.001814,-0.045069,0.610333
1677109813,238863322,0.400181,0.661178,0.223464,0.791178,0.001918,-0.044067,0.609993
1677109813,249217133,0.399942,0.661274,0.225058,0.791635,0.002011,-0.042304,0.609524
1677109813,259316492,0.399638,0.661497,0.226571,0.792129,0.002963,-0.040862,0.608977
1677109813,268569633,0.399399,0.661874,0.228068,0.792913,0.003668,-0.039908,0.608016
1677109813,279440482,0.399249,0.662085,0.229448,0.792696,0.004054,-0.038842,0.608365
1677109813,288172552,0.399041,0.662415,0.230818,0.792681,0.005043,-0.037810,0.608442
1677109813,298568214,0.398875,0.662785,0.232187,0.792929,0.005654,-0.036823,0.608174
1677109813,308482369,0.398613,0.663099,0.233507,0.792925,0.006190,-0.036220,0.608210
1677109813,318240925,0.398486,0.663343,0.234784,0.792735,0.005896,-0.034948,0.608535
1677109813,328499882,0.398337,0.663677,0.236025,0.792959,0.005362,-0.033417,0.608334
1677109813,338819167,0.398329,0.663837,0.237237,0.792913,0.004328,-0.031007,0.608530
1677109813,348100885,0.398152,0.663779,0.238372,0.792356,0.004136,-0.028907,0.609359
1677109813,358499908,0.398233,0.663870,0.239536,0.792582,0.002088,-0.027079,0.609161
1677109813,369269916,0.397276,0.664340,0.241061,0.794291,0.005180,-0.030142,0.606767
1677109813,378258179,0.397115,0.664384,0.242341,0.794764,0.005114,-0.029323,0.606188
1677109813,388544416,0.397026,0.664437,0.243646,0.795254,0.004799,-0.028614,0.605581
1677109813,398771712,0.396839,0.664455,0.244986,0.795538,0.005695,-0.028249,0.605218
1677109813,409323208,0.396804,0.664527,0.246382,0.796051,0.005670,-0.028368,0.604537
1677109813,419302696,0.396898,0.664484,0.247750,0.796344,0.005499,-0.027990,0.604172
1677109813,429235242,0.397014,0.664360,0.249082,0.796216,0.005467,-0.028155,0.604332
1677109813,438582736,0.397053,0.664439,0.250475,0.796541,0.005976,-0.029265,0.603846
1677109813,448330591,0.397307,0.664482,0.251864,0.796807,0.005889,-0.029983,0.603460
1677109813,458805511,0.397434,0.664492,0.253200,0.796906,0.007239,-0.030645,0.603283
1677109813,468493390,0.397671,0.664431,0.254504,0.796957,0.008212,-0.031015,0.603183
1677109813,478293501,0.397947,0.664382,0.255794,0.797495,0.009336,-0.030639,0.602475
1677109813,488801749,0.398135,0.664272,0.257039,0.797933,0.011034,-0.030344,0.601881
1677109813,498707510,0.398270,0.664102,0.258212,0.798407,0.011875,-0.031161,0.601194
1677109813,509413334,0.398365,0.663904,0.259367,0.798810,0.013301,-0.030824,0.600647
1677109813,519328371,0.398580,0.663856,0.260534,0.799786,0.013311,-0.031047,0.599334
1677109813,529543941,0.398743,0.663677,0.261612,0.799982,0.013608,-0.030960,0.599070
1677109813,538928042,0.398922,0.663486,0.262620,0.799856,0.013400,-0.030803,0.599251
1677109813,549367821,0.399083,0.663371,0.263668,0.799730,0.012739,-0.031233,0.599411
1677109813,559016395,0.399239,0.663297,0.264719,0.799643,0.012357,-0.031423,0.599525
1677109813,568627814,0.399397,0.663158,0.265698,0.799162,0.012067,-0.031326,0.600177
1677109813,578433787,0.399674,0.663102,0.266714,0.799175,0.011585,-0.030857,0.600194
1677109813,589074199,0.399795,0.662923,0.267671,0.799134,0.011721,-0.031001,0.600239
1677109813,598672901,0.399925,0.662550,0.268614,0.798948,0.012098,-0.031012,0.600478
1677109813,609745502,0.400134,0.662357,0.269656,0.799681,0.012235,-0.030622,0.599519
1677109813,619101849,0.400002,0.662004,0.270613,0.799903,0.014101,-0.030525,0.599187
1677109813,628915032,0.400092,0.661623,0.271590,0.800037,0.014598,-0.030346,0.599005
1677109813,638639027,0.400251,0.661467,0.272646,0.800761,0.014842,-0.030024,0.598047
1677109813,648916027,0.401112,0.661345,0.273810,0.801864,0.010457,-0.030303,0.596646
1677109813,658612654,0.401349,0.661150,0.274792,0.801770,0.010267,-0.030344,0.596774
1677109813,668219921,0.401465,0.660977,0.275779,0.801498,0.010548,-0.031118,0.597094
1677109813,678554385,0.401732,0.660865,0.276788,0.801153,0.010182,-0.031385,0.597549
1677109813,688495952,0.402030,0.660924,0.277853,0.801112,0.009443,-0.031959,0.597586
1677109813,698766745,0.402336,0.660903,0.278856,0.800257,0.009000,-0.031975,0.598737
1677109813,708528312,0.402520,0.660956,0.279943,0.799607,0.008721,-0.033016,0.599552
1677109813,718702066,0.402780,0.660958,0.280993,0.798913,0.008435,-0.033016,0.600480
1677109813,728839885,0.403094,0.660904,0.282093,0.798706,0.007667,-0.033007,0.600767
1677109813,738257524,0.403420,0.660591,0.283090,0.798162,0.007162,-0.032405,0.601528
1677109813,748356642,0.403742,0.660312,0.284149,0.798088,0.006147,-0.032475,0.601634
1677109813,758680419,0.404048,0.660123,0.285217,0.798217,0.005230,-0.032454,0.601473
1677109813,768988643,0.404447,0.659972,0.286228,0.798027,0.004055,-0.032195,0.601748
1677109813,779320846,0.403955,0.660309,0.287567,0.799521,0.008573,-0.032462,0.599699
1677109813,788553403,0.404132,0.660386,0.288601,0.798878,0.008620,-0.032496,0.600553
1677109813,799077542,0.404177,0.660421,0.289591,0.797881,0.008958,-0.033144,0.601836
1677109813,809113784,0.404465,0.660591,0.290621,0.797384,0.007806,-0.033321,0.602501
1677109813,818332211,0.404531,0.660738,0.291635,0.796844,0.008165,-0.033567,0.603197
1677109813,828730339,0.404794,0.660931,0.292652,0.796503,0.007875,-0.032276,0.603721
1677109813,838660520,0.404989,0.661180,0.293672,0.796730,0.006963,-0.032821,0.603403
1677109813,848938480,0.405062,0.661468,0.294681,0.797422,0.007233,-0.032788,0.602487
1677109813,858609271,0.405122,0.661756,0.295643,0.798426,0.007562,-0.032821,0.601150
1677109813,869393734,0.405268,0.662198,0.296613,0.799688,0.007547,-0.033035,0.599459
1677109813,878843550,0.405545,0.662681,0.297603,0.801297,0.007075,-0.033170,0.597305
1677109813,888431756,0.405670,0.661409,0.298140,0.796694,0.008719,-0.032053,0.603470
1677109813,899115895,0.405775,0.661757,0.298998,0.796957,0.010013,-0.032944,0.603053
1677109813,909058852,0.406092,0.661895,0.299797,0.796227,0.010405,-0.032940,0.604011
1677109813,918835975,0.406284,0.662371,0.300666,0.796597,0.011687,-0.032897,0.603502
1677109813,929175284,0.406475,0.662758,0.301448,0.796485,0.012204,-0.033374,0.603613
1677109813,938883136,0.406614,0.663101,0.302267,0.796368,0.012780,-0.033447,0.603752
1677109813,948617695,0.406699,0.663317,0.302930,0.795984,0.013662,-0.033168,0.604253
1677109813,958966442,0.406747,0.663401,0.303565,0.795675,0.013704,-0.033288,0.604653
1677109813,968949631,0.406765,0.663553,0.304174,0.795987,0.014031,-0.032974,0.604252
1677109813,979252488,0.406816,0.663454,0.304714,0.795638,0.013656,-0.032179,0.604763
1677109813,988890055,0.406835,0.663551,0.305218,0.796065,0.013125,-0.031861,0.604230
1677109813,999210233,0.406997,0.663481,0.305673,0.796058,0.011662,-0.030678,0.604330
1677109814,9393155,0.407005,0.663413,0.306101,0.796170,0.010954,-0.030181,0.604220
1677109814,18852226,0.407073,0.663215,0.306421,0.796284,0.009789,-0.029431,0.604127
1677109814,29339438,0.407273,0.663082,0.306711,0.796956,0.008168,-0.028434,0.603312
1677109814,39350216,0.407535,0.662729,0.306870,0.796904,0.006140,-0.027742,0.603438
1677109814,48884693,0.407746,0.662623,0.307106,0.797814,0.004494,-0.027337,0.602267
1677109814,59304448,0.407908,0.662323,0.307227,0.797812,0.003710,-0.026611,0.602308
1677109814,69110240,0.408043,0.662042,0.307267,0.797580,0.002932,-0.026616,0.602619
1677109814,78560487,0.408179,0.661934,0.307376,0.798001,0.002365,-0.026624,0.602063
1677109814,89021754,0.408404,0.661709,0.307337,0.797687,0.001366,-0.026526,0.602486
1677109814,99148559,0.408486,0.661692,0.307389,0.797927,0.001245,-0.026578,0.602167
1677109814,108988533,0.408367,0.661603,0.307416,0.797832,0.002023,-0.026716,0.602285
1677109814,118852812,0.408571,0.661545,0.307392,0.797839,0.000908,-0.026904,0.602269
1677109814,128882956,0.408842,0.661442,0.307385,0.797868,-0.000079,-0.026043,0.602269
1677109814,138488017,0.408895,0.661278,0.307333,0.797679,-0.000252,-0.026042,0.602520
1677109814,148626944,0.409000,0.661177,0.307296,0.797582,-0.000788,-0.026335,0.602635
1677109814,158751370,0.409077,0.661175,0.307257,0.797568,-0.000978,-0.026565,0.602643
1677109814,168953234,0.409122,0.661208,0.307237,0.797617,-0.000807,-0.027143,0.602553
1677109814,179140976,0.409156,0.661143,0.307164,0.797195,-0.000365,-0.027781,0.603082
1677109814,188559679,0.409307,0.661359,0.307165,0.797710,0.000243,-0.027849,0.602398
1677109814,199415453,0.409379,0.661296,0.307084,0.797259,0.001171,-0.028640,0.602956
1677109814,209025845,0.409568,0.661278,0.307000,0.797121,0.001523,-0.028860,0.603127
1677109814,219090058,0.409740,0.661222,0.306921,0.797133,0.001839,-0.028909,0.603108
1677109814,229278485,0.407986,0.661981,0.307506,0.801219,0.012649,-0.033549,0.597296
