secs,nsecs,tx,ty,tz,rx,ry,rz,rw
1677108161,404198935,0.244068,0.607369,0.602406,0.382694,-0.150009,-0.002912,0.911611
1677108161,414303375,0.244240,0.607692,0.602117,0.382127,-0.150340,-0.002556,0.911795
1677108161,424243934,0.244287,0.607827,0.601911,0.380596,-0.150286,-0.002922,0.912443
1677108161,434188210,0.244434,0.607966,0.601705,0.379557,-0.150752,-0.002956,0.912799
1677108161,444841974,0.244620,0.608142,0.601469,0.378657,-0.150968,-0.002956,0.913137
1677108161,454479073,0.244759,0.608291,0.601212,0.378564,-0.151232,-0.003015,0.913131
1677108161,464478743,0.244734,0.608301,0.601111,0.377563,-0.150784,-0.003738,0.913617
1677108161,474627434,0.244839,0.608327,0.600982,0.377586,-0.150399,-0.003584,0.913672
1677108161,484527231,0.244810,0.608307,0.600889,0.378117,-0.150209,-0.003645,0.913483
1677108161,494265046,0.244809,0.608261,0.600831,0.378640,-0.149873,-0.003480,0.913322
1677108161,504477785,0.244862,0.608147,0.600823,0.379404,-0.149823,-0.002465,0.913017
1677108161,514601788,0.244791,0.607949,0.600836,0.379636,-0.149959,-0.002125,0.912899
1677108161,524750692,0.244673,0.607793,0.600739,0.380453,-0.150251,-0.002115,0.912511
1677108161,534615567,0.244634,0.607695,0.600553,0.381549,-0.150542,-0.001345,0.912006
1677108161,544198174,0.244658,0.607482,0.600418,0.381322,-0.150682,-0.000750,0.912079
1677108161,554433354,0.244690,0.607310,0.600148,0.381908,-0.150928,-0.000166,0.911793
1677108161,563749403,0.244751,0.607157,0.599912,0.382188,-0.150363,0.000299,0.911769
1677108161,574308130,0.244939,0.607080,0.599593,0.383116,-0.150121,0.000328,0.911420
1677108161,584323114,0.245129,0.606913,0.599294,0.383752,-0.150351,-0.000027,0.911114
1677108161,594406223,0.245369,0.606798,0.598986,0.384099,-0.149364,-0.000087,0.911130
1677108161,604383434,0.245608,0.606675,0.598588,0.384519,-0.149391,-0.000602,0.910948
1677108161,613870606,0.245859,0.606674,0.598137,0.384901,-0.148941,-0.001089,0.910860
1677108161,623919553,0.246193,0.606610,0.597693,0.384837,-0.149451,-0.001365,0.910804
1677108161,633313740,0.246331,0.606531,0.597246,0.384702,-0.149100,-0.002123,0.910917
1677108161,643458546,0.246685,0.606525,0.596778,0.384950,-0.149430,-0.001916,0.910758
1677108161,653813186,0.246826,0.606438,0.596329,0.385188,-0.149084,-0.002117,0.910714
1677108161,663457414,0.247054,0.606316,0.595967,0.385044,-0.149142,-0.001970,0.910765
1677108161,673469277,0.247188,0.606274,0.595510,0.385761,-0.148941,-0.002092,0.910495
1677108161,684254456,0.247372,0.606191,0.595104,0.386368,-0.149105,-0.001885,0.910211
1677108161,694508765,0.247542,0.606137,0.594681,0.386978,-0.149244,-0.001917,0.909929
1677108161,704495032,0.247621,0.606041,0.594213,0.387578,-0.149069,-0.001837,0.909702
1677108161,714154839,0.247859,0.605997,0.593720,0.387850,-0.149339,-0.000997,0.909543
1677108161,723895507,0.247945,0.606016,0.593088,0.388675,-0.149683,-0.000976,0.909135
1677108161,733820867,0.248119,0.606035,0.592437,0.389529,-0.149863,-0.000342,0.908740
1677108161,743717642,0.248311,0.605984,0.591856,0.389531,-0.149823,0.000300,0.908746
1677108161,753863722,0.248415,0.606026,0.591134,0.390495,-0.149664,0.000385,0.908358
1677108161,764043765,0.248595,0.606046,0.590453,0.390816,-0.149553,0.000304,0.908238
1677108161,774176436,0.248935,0.606157,0.589653,0.391896,-0.149372,0.000821,0.907802
1677108161,783834893,0.249172,0.606175,0.588900,0.392097,-0.148846,0.000669,0.907802
1677108161,793978553,0.249601,0.606230,0.588144,0.392181,-0.148526,0.000846,0.907818
1677108161,804385798,0.249912,0.606318,0.587294,0.392804,-0.147986,0.000195,0.907637
1677108161,814080253,0.250405,0.606422,0.586443,0.393461,-0.147716,-0.000268,0.907396
1677108161,824720100,0.250800,0.606428,0.585698,0.393914,-0.147363,-0.001081,0.907257
1677108161,833975404,0.251210,0.606468,0.584964,0.394803,-0.147241,-0.001930,0.906889
1677108161,844202171,0.251684,0.606446,0.584289,0.395556,-0.147611,-0.002610,0.906499
1677108161,854635457,0.251842,0.606333,0.583631,0.396342,-0.146984,-0.003611,0.906254
1677108161,863932809,0.252132,0.606295,0.582920,0.397119,-0.146977,-0.004059,0.905913
1677108161,874571796,0.252477,0.606385,0.582100,0.398695,-0.147549,-0.003566,0.905129
1677108161,883839608,0.252631,0.606447,0.581242,0.399445,-0.147421,-0.003252,0.904820
1677108161,893646803,0.252781,0.606504,0.580324,0.399515,-0.146971,-0.002872,0.904864
1677108161,904024962,0.252962,0.606612,0.579335,0.400009,-0.147194,-0.002372,0.904611
1677108161,913937820,0.253223,0.606622,0.578394,0.399584,-0.147239,-0.002061,0.904792
1677108161,924227168,0.253417,0.606603,0.577448,0.399824,-0.147309,-0.002171,0.904674
1677108161,934244581,0.253663,0.606632,0.576450,0.400816,-0.147220,-0.002340,0.904250
1677108161,944346230,0.254002,0.606644,0.575439,0.402121,-0.146720,-0.002359,0.903751
1677108161,954086713,0.254293,0.606586,0.574442,0.403240,-0.146383,-0.002574,0.903307
1677108161,964570370,0.254761,0.606594,0.573340,0.404483,-0.146335,-0.002550,0.902759
1677108161,974336312,0.255025,0.606456,0.572265,0.405275,-0.146008,-0.003169,0.902454
1677108161,984815932,0.255388,0.606380,0.571099,0.406416,-0.145552,-0.003255,0.902014
1677108161,994727992,0.255694,0.606316,0.569839,0.407757,-0.144921,-0.003655,0.901509
1677108162,4649066,0.256175,0.606146,0.568620,0.408885,-0.145244,-0.003145,0.900948
1677108162,14177420,0.256408,0.605975,0.567293,0.409682,-0.144111,-0.003659,0.900766
1677108162,24129572,0.256681,0.605903,0.565822,0.411548,-0.143225,-0.003970,0.900055
1677108162,33522124,0.257098,0.605645,0.564471,0.411980,-0.142726,-0.003401,0.899939
1677108162,44020933,0.257458,0.605576,0.562883,0.413816,-0.142331,-0.003699,0.899158
1677108162,54124417,0.257753,0.605290,0.561384,0.414576,-0.142128,-0.004161,0.898838
1677108162,64253842,0.258197,0.605063,0.559823,0.415558,-0.141844,-0.003717,0.898431
1677108162,74454149,0.258579,0.604704,0.558252,0.416482,-0.141851,-0.003396,0.898003
1677108162,83860223,0.258918,0.604445,0.556521,0.418118,-0.141239,-0.003166,0.897340
1677108162,93479430,0.259367,0.604111,0.554791,0.419334,-0.140828,-0.002827,0.896838
1677108162,103851914,0.259868,0.603797,0.552971,0.420766,-0.140173,-0.002494,0.896271
1677108162,113849580,0.260423,0.603517,0.551112,0.421858,-0.140044,-0.003024,0.895776
1677108162,123846588,0.261063,0.603133,0.549329,0.422377,-0.139331,-0.003218,0.895642
1677108162,134424544,0.261798,0.602754,0.547530,0.422941,-0.139390,-0.003936,0.895364
1677108162,144043312,0.262543,0.602386,0.545712,0.423890,-0.138777,-0.004818,0.895006
1677108162,153924359,0.263321,0.601827,0.544075,0.424457,-0.138901,-0.005552,0.894714
1677108162,164298889,0.264115,0.601431,0.542331,0.426140,-0.138108,-0.006194,0.894032
1677108162,174956032,0.264821,0.600871,0.540712,0.427616,-0.137456,-0.006639,0.893424
1677108162,184218452,0.265381,0.600304,0.539136,0.429043,-0.137203,-0.007666,0.892770
1677108162,194552403,0.265993,0.599764,0.537523,0.430818,-0.136895,-0.007648,0.891963
1677108162,204482169,0.266385,0.599102,0.535963,0.431915,-0.136035,-0.007369,0.891566
1677108162,213862581,0.266927,0.598558,0.534278,0.433421,-0.136350,-0.007160,0.890788
1677108162,223986633,0.267409,0.597991,0.532585,0.434803,-0.136033,-0.006566,0.890168
1677108162,234161791,0.267861,0.597508,0.530836,0.436322,-0.135496,-0.006751,0.889504
1677108162,244284494,0.268586,0.597066,0.529127,0.437868,-0.135684,-0.006039,0.888721
1677108162,254305444,0.269085,0.596529,0.527459,0.438902,-0.135212,-0.006971,0.888276
1677108162,264426425,0.269756,0.596044,0.525774,0.439892,-0.134871,-0.007636,0.887833
1677108162,274615605,0.270377,0.595487,0.524149,0.440739,-0.133857,-0.008052,0.887562
1677108162,284563541,0.270989,0.594999,0.522485,0.441867,-0.132535,-0.008648,0.887194
1677108162,293993472,0.271664,0.594567,0.520801,0.443553,-0.131924,-0.009336,0.886436
1677108162,304166650,0.272376,0.594188,0.519174,0.445365,-0.131625,-0.009566,0.885570
1677108162,314108881,0.272959,0.593735,0.517553,0.446575,-0.130410,-0.010350,0.885131
1677108162,324082295,0.273532,0.593383,0.515920,0.448335,-0.129468,-0.010830,0.884373
1677108162,333978552,0.274153,0.592967,0.514357,0.449296,-0.128669,-0.011218,0.883997
1677108162,343615632,0.274756,0.592490,0.512773,0.449485,-0.129433,-0.012672,0.883770
1677108162,353832723,0.275199,0.591986,0.511261,0.449000,-0.128791,-0.013711,0.884095
1677108162,364066311,0.275881,0.591613,0.509729,0.449070,-0.128745,-0.013693,0.884066
1677108162,373474056,0.276614,0.591728,0.507890,0.452581,-0.129026,-0.013602,0.882235
1677108162,384156937,0.277083,0.591348,0.506351,0.453220,-0.128556,-0.014351,0.881963
1677108162,394415938,0.277613,0.591070,0.504763,0.454950,-0.128183,-0.014272,0.881128
1677108162,404503473,0.278075,0.590670,0.503268,0.455577,-0.127796,-0.014446,0.880857
1677108162,414645162,0.278519,0.590336,0.501736,0.456355,-0.127492,-0.014691,0.880494
1677108162,424162178,0.278964,0.590010,0.500072,0.457924,-0.126668,-0.014567,0.879800
1677108162,433950218,0.279500,0.589888,0.498363,0.459244,-0.126570,-0.014734,0.879123
1677108162,444255550,0.280070,0.589807,0.496533,0.460534,-0.125868,-0.014379,0.878555
1677108162,454291576,0.280553,0.589581,0.494809,0.460373,-0.125036,-0.014385,0.878758
1677108162,464293601,0.281088,0.589368,0.493060,0.460252,-0.124536,-0.014681,0.878887
1677108162,475033672,0.281557,0.589073,0.491347,0.460001,-0.124595,-0.015767,0.878992
1677108162,484271733,0.282146,0.588944,0.489552,0.460898,-0.123827,-0.015868,0.878628
1677108162,494763002,0.282681,0.588678,0.487828,0.461705,-0.123489,-0.016279,0.878245
1677108162,504525984,0.283239,0.588595,0.486024,0.463526,-0.123175,-0.016689,0.877321
1677108162,514159533,0.283524,0.588117,0.484410,0.463190,-0.122326,-0.017890,0.877594
1677108162,524454487,0.284071,0.587956,0.482649,0.464839,-0.121875,-0.017480,0.876793
1677108162,534184705,0.284456,0.587637,0.480934,0.465756,-0.121503,-0.018022,0.876347
1677108162,544294597,0.284795,0.587206,0.479227,0.466119,-0.120672,-0.018210,0.876264
1677108162,554266499,0.285218,0.587092,0.477389,0.468424,-0.119673,-0.018184,0.875172
1677108162,564180948,0.285609,0.586590,0.475723,0.468852,-0.119268,-0.018618,0.874989
1677108162,574415067,0.286182,0.586310,0.474010,0.470429,-0.118911,-0.018126,0.874202
1677108162,584142745,0.286575,0.585921,0.472298,0.471194,-0.117711,-0.018522,0.873944
1677108162,593877283,0.287080,0.585663,0.470515,0.472735,-0.117463,-0.018649,0.873142
1677108162,604127388,0.287614,0.585537,0.468727,0.474425,-0.116742,-0.018166,0.872331
1677108162,614193084,0.288114,0.585261,0.466990,0.475021,-0.115954,-0.017935,0.872117
1677108162,623946198,0.288463,0.584908,0.465358,0.475081,-0.114999,-0.018455,0.872200
1677108162,634065986,0.288873,0.584544,0.463768,0.475442,-0.114388,-0.019029,0.872071
1677108162,644669167,0.289518,0.584493,0.462107,0.478002,-0.113689,-0.018350,0.870777
1677108162,654224834,0.290027,0.584054,0.460695,0.478849,-0.112875,-0.018385,0.870416
1677108162,663516515,0.290818,0.583819,0.459285,0.481004,-0.112744,-0.017382,0.869265
1677108162,673820623,0.291052,0.582834,0.458171,0.480507,-0.114239,-0.021237,0.869259
1677108162,683616674,0.291619,0.582349,0.456957,0.481312,-0.113597,-0.022081,0.868877
1677108162,693762613,0.292198,0.581979,0.455741,0.482707,-0.113058,-0.023173,0.868144
1677108162,703789037,0.292627,0.581706,0.454454,0.483834,-0.111815,-0.024779,0.867633
1677108162,714009493,0.293299,0.581457,0.453256,0.484536,-0.111305,-0.024777,0.867308
1677108162,724246214,0.294033,0.581363,0.452004,0.485232,-0.111544,-0.024191,0.866904
1677108162,734324358,0.294432,0.581354,0.450622,0.485224,-0.110528,-0.025195,0.867010
1677108162,744187988,0.294959,0.581219,0.449348,0.484192,-0.110437,-0.025314,0.867595
1677108162,753890686,0.295434,0.581268,0.447995,0.483727,-0.109918,-0.025312,0.867920
1677108162,764223015,0.295934,0.581275,0.446666,0.483125,-0.109889,-0.025427,0.868256
1677108162,774207476,0.296331,0.581301,0.445299,0.483305,-0.109285,-0.025612,0.868226
1677108162,783505225,0.296615,0.581282,0.444009,0.483192,-0.107701,-0.025491,0.868491
1677108162,793681395,0.296896,0.581220,0.442755,0.484112,-0.107224,-0.025928,0.868024
1677108162,804414783,0.297605,0.581249,0.441511,0.486092,-0.108231,-0.024926,0.866821
1677108162,814482410,0.297912,0.581051,0.440259,0.486776,-0.107447,-0.024915,0.866535
1677108162,824250125,0.298260,0.580921,0.438973,0.487639,-0.106941,-0.024718,0.866119
1677108162,834187992,0.298385,0.580819,0.437635,0.487843,-0.104232,-0.024730,0.866333
1677108162,843859295,0.298982,0.580668,0.436341,0.488646,-0.105458,-0.025086,0.865722
1677108162,853444859,0.299454,0.580653,0.435098,0.489341,-0.105634,-0.025040,0.865309
1677108162,863946348,0.299997,0.580807,0.433590,0.490936,-0.103999,-0.024322,0.864624
1677108162,873989554,0.300338,0.580418,0.432429,0.489749,-0.104395,-0.025110,0.865227
1677108162,883790439,0.300648,0.580383,0.431108,0.489905,-0.102986,-0.025134,0.865307
1677108162,893791322,0.300938,0.580061,0.429818,0.489085,-0.102818,-0.025812,0.865770
1677108162,904074770,0.300995,0.580175,0.428318,0.490325,-0.099671,-0.025608,0.865443
1677108162,914206943,0.301502,0.579716,0.427116,0.489114,-0.100173,-0.024990,0.866088
1677108162,924466793,0.301678,0.579683,0.425754,0.490406,-0.098761,-0.024924,0.865521
1677108162,934292330,0.301882,0.579562,0.424341,0.490961,-0.097968,-0.025532,0.865279
1677108162,944367889,0.302617,0.579529,0.423062,0.492494,-0.100544,-0.024656,0.864137
1677108162,953558637,0.302407,0.579311,0.421633,0.492077,-0.097218,-0.025129,0.864741
1677108162,964586823,0.302686,0.579165,0.420246,0.492493,-0.096959,-0.025106,0.864534
1677108162,974172895,0.302775,0.579021,0.418862,0.492962,-0.096346,-0.025589,0.864321
1677108162,983717281,0.303085,0.578830,0.417504,0.492995,-0.096152,-0.025534,0.864325
1677108162,993931198,0.303333,0.578777,0.416101,0.494155,-0.095940,-0.025425,0.863690
1677108163,4263611,0.303563,0.578603,0.414711,0.494536,-0.095560,-0.025783,0.863503
1677108163,13780299,0.304298,0.578623,0.413405,0.496457,-0.098151,-0.025084,0.862130
1677108163,23744857,0.304487,0.578314,0.412184,0.496756,-0.097720,-0.025029,0.862008
1677108163,34037149,0.304869,0.578320,0.410827,0.498557,-0.097772,-0.024559,0.860976
1677108163,43975812,0.304340,0.577761,0.409509,0.497790,-0.094565,-0.026468,0.861721
1677108163,54170177,0.304466,0.577448,0.408244,0.497897,-0.094293,-0.026458,0.861688
1677108163,63698727,0.304731,0.577323,0.406799,0.498917,-0.094462,-0.025808,0.861099
1677108163,73875373,0.304780,0.577197,0.405304,0.499540,-0.094480,-0.026246,0.860723
1677108163,83743820,0.304922,0.577162,0.403748,0.499880,-0.093914,-0.026272,0.860587
1677108163,93650134,0.305297,0.576900,0.402240,0.499432,-0.094045,-0.025405,0.860859
1677108163,103570233,0.305482,0.576788,0.400659,0.499502,-0.093349,-0.026180,0.860871
1677108163,113550754,0.305833,0.576766,0.399060,0.500180,-0.093115,-0.026516,0.860492
1677108163,124196270,0.306163,0.576593,0.397522,0.500365,-0.092824,-0.027233,0.860393
1677108163,133775713,0.306663,0.576486,0.395934,0.500922,-0.092876,-0.027547,0.860053
1677108163,144119025,0.306961,0.576373,0.394335,0.501712,-0.091935,-0.028196,0.859673
1677108163,154167559,0.307352,0.576200,0.392718,0.501569,-0.090641,-0.028432,0.859886
1677108163,164209253,0.307810,0.576212,0.391033,0.502115,-0.090024,-0.028691,0.859624
1677108163,174261434,0.308219,0.576243,0.389385,0.502434,-0.089505,-0.029034,0.859480
1677108163,184515853,0.308561,0.576233,0.387788,0.502181,-0.088838,-0.029842,0.859669
1677108163,194083665,0.308947,0.576112,0.386246,0.502009,-0.088698,-0.030021,0.859778
1677108163,204359053,0.309336,0.575960,0.384722,0.501977,-0.088838,-0.030659,0.859760
1677108163,214305745,0.309688,0.576047,0.383151,0.503991,-0.088325,-0.030729,0.858631
1677108163,224409632,0.309985,0.575821,0.381708,0.504877,-0.088354,-0.031280,0.858088
1677108163,234120909,0.310312,0.575638,0.380264,0.506006,-0.087584,-0.031249,0.857502
1677108163,244061556,0.310522,0.575378,0.378879,0.507132,-0.087076,-0.031519,0.856879
1677108163,254165110,0.310782,0.575281,0.377443,0.508427,-0.086632,-0.032053,0.856136
1677108163,263805310,0.311071,0.575065,0.376055,0.509389,-0.086472,-0.031976,0.855583
1677108163,274945534,0.311405,0.574911,0.374695,0.510470,-0.086572,-0.031465,0.854947
1677108163,284038311,0.311509,0.574812,0.373261,0.511489,-0.085896,-0.032070,0.854384
1677108163,294386060,0.311757,0.574728,0.371829,0.513055,-0.086331,-0.031735,0.853414
1677108163,304378103,0.311874,0.574602,0.370414,0.514162,-0.086424,-0.031894,0.852732
1677108163,314236125,0.311941,0.574375,0.369029,0.515206,-0.087114,-0.032079,0.852024
1677108163,324072106,0.312152,0.574256,0.367596,0.516828,-0.087768,-0.031179,0.851008
1677108163,333984123,0.312095,0.574086,0.366132,0.517782,-0.087452,-0.031676,0.850442
1677108163,344344743,0.312201,0.573981,0.364644,0.519208,-0.087504,-0.030726,0.849601
1677108163,353796635,0.312334,0.573886,0.363129,0.519852,-0.087653,-0.030526,0.849199
1677108163,363688890,0.312517,0.573931,0.361530,0.521086,-0.087935,-0.029979,0.848433
1677108163,373769637,0.312724,0.573943,0.359948,0.521827,-0.088110,-0.029611,0.847972
1677108163,384209881,0.312904,0.573955,0.358353,0.522312,-0.088161,-0.029827,0.847661
1677108163,393717338,0.313078,0.573991,0.356758,0.523334,-0.088472,-0.030125,0.846987
1677108163,403746772,0.313317,0.573921,0.355187,0.523457,-0.088340,-0.030255,0.846920
1677108163,414221327,0.313494,0.573939,0.353568,0.524372,-0.088449,-0.030587,0.846331
1677108163,424347883,0.313539,0.573971,0.351950,0.525583,-0.086680,-0.030728,0.845757
1677108163,433788566,0.313744,0.574185,0.350294,0.527961,-0.085788,-0.030903,0.844359
1677108163,444536733,0.314209,0.573731,0.348827,0.527464,-0.086835,-0.031307,0.844548
1677108163,453460529,0.314571,0.573806,0.347255,0.529257,-0.086648,-0.031713,0.843430
1677108163,463805238,0.314964,0.573537,0.345790,0.529544,-0.086762,-0.031554,0.843244
1677108163,474229582,0.315174,0.573692,0.344194,0.531448,-0.086755,-0.032725,0.842001
1677108163,484325109,0.315466,0.573614,0.342693,0.531399,-0.086069,-0.032703,0.842103
1677108163,494238403,0.315716,0.573644,0.341132,0.531672,-0.086243,-0.032910,0.841905
1677108163,504240126,0.316003,0.573861,0.339478,0.531956,-0.086347,-0.033074,0.841708
1677108163,514035520,0.316164,0.574069,0.337854,0.532110,-0.086166,-0.033359,0.841619
1677108163,524470778,0.316511,0.574179,0.336316,0.531663,-0.086645,-0.032821,0.841873
1677108163,533815888,0.317024,0.574497,0.334643,0.532388,-0.087417,-0.032832,0.841334
1677108163,544346488,0.317281,0.574663,0.333116,0.533371,-0.087355,-0.032680,0.840724
1677108163,553821028,0.317499,0.574718,0.331604,0.533537,-0.086681,-0.032989,0.840676
1677108163,564361427,0.317749,0.574787,0.330108,0.534256,-0.086868,-0.033368,0.840185
1677108163,574090435,0.318087,0.574897,0.328542,0.534865,-0.087026,-0.033657,0.839770
1677108163,584148983,0.318526,0.575080,0.326965,0.535536,-0.086648,-0.033120,0.839402
1677108163,594188917,0.318669,0.575176,0.325399,0.535942,-0.085764,-0.033890,0.839203
1677108163,604665301,0.319078,0.575584,0.323688,0.537448,-0.085579,-0.034128,0.838249
1677108163,614196279,0.319430,0.575686,0.322108,0.537783,-0.085009,-0.033745,0.838108
1677108163,624464148,0.319660,0.575979,0.320385,0.538801,-0.084139,-0.034636,0.837505
1677108163,633957328,0.320061,0.576203,0.318706,0.539235,-0.083670,-0.035041,0.837256
1677108163,644210128,0.320543,0.576338,0.317070,0.539163,-0.083475,-0.034992,0.837324
1677108163,654573724,0.320960,0.576774,0.315298,0.540118,-0.082192,-0.035719,0.836804
1677108163,664883330,0.321422,0.577012,0.313657,0.540113,-0.081607,-0.036087,0.836849
1677108163,674069201,0.321868,0.577490,0.311919,0.541041,-0.080356,-0.036567,0.836349
1677108163,684445814,0.322265,0.577848,0.310208,0.541348,-0.078916,-0.037320,0.836254
1677108163,694300640,0.322739,0.578190,0.308638,0.541825,-0.078884,-0.037659,0.835933
1677108163,704225577,0.323086,0.578600,0.306959,0.542292,-0.077908,-0.038312,0.835692
1677108163,714047196,0.323414,0.578848,0.305337,0.542364,-0.077432,-0.038497,0.835682
1677108163,723630684,0.323662,0.579233,0.303677,0.542822,-0.076754,-0.039099,0.835419
1677108163,734157266,0.324107,0.579602,0.302009,0.543304,-0.076430,-0.038502,0.835163
1677108163,745030008,0.324502,0.579946,0.300400,0.543851,-0.075423,-0.037681,0.834936
1677108163,754516922,0.324843,0.580543,0.298694,0.545240,-0.075014,-0.038582,0.834025
1677108163,764858009,0.325226,0.580752,0.297164,0.545146,-0.074048,-0.038254,0.834188
1677108163,774257888,0.325500,0.581155,0.295569,0.545563,-0.073116,-0.038767,0.833974
1677108163,784604271,0.325888,0.581768,0.293893,0.546843,-0.072846,-0.039118,0.833142
1677108163,794286290,0.326308,0.582263,0.292269,0.547299,-0.072499,-0.038782,0.832888
1677108163,804327857,0.326693,0.582761,0.290600,0.546814,-0.071605,-0.038505,0.833297
1677108163,813848904,0.327034,0.583213,0.288936,0.546501,-0.071480,-0.038965,0.833492
1677108163,823867504,0.327478,0.583795,0.287248,0.546397,-0.070973,-0.038893,0.833607
1677108163,834275603,0.327782,0.584315,0.285622,0.546152,-0.069655,-0.039319,0.833858
1677108163,844321925,0.328399,0.584956,0.284063,0.546876,-0.069759,-0.038710,0.833404
1677108163,854480264,0.328836,0.585497,0.282538,0.547036,-0.069938,-0.039911,0.833227
1677108163,864484708,0.329313,0.586083,0.281094,0.547731,-0.070057,-0.040224,0.832745
1677108163,874690994,0.329886,0.586697,0.279652,0.548471,-0.070649,-0.040522,0.832194
1677108163,884101827,0.330223,0.587302,0.278296,0.548901,-0.070461,-0.041280,0.831889
1677108163,894523491,0.330536,0.587841,0.276960,0.549143,-0.069921,-0.041250,0.831776
1677108163,903765933,0.329711,0.588211,0.275444,0.546961,-0.058020,-0.040460,0.834165
1677108163,913965454,0.330252,0.588683,0.274231,0.547013,-0.060322,-0.040001,0.833989
1677108163,923972570,0.330757,0.589408,0.272905,0.547352,-0.061722,-0.039655,0.833681
1677108163,933617055,0.331242,0.589917,0.271581,0.546074,-0.064857,-0.040542,0.834238
1677108163,944039782,0.331580,0.590562,0.270349,0.545979,-0.064121,-0.039631,0.834401
1677108163,953669861,0.331827,0.591223,0.269085,0.545814,-0.063799,-0.040363,0.834499
1677108163,964403464,0.332231,0.591835,0.267926,0.545680,-0.064108,-0.040266,0.834567
1677108163,974620618,0.333257,0.592588,0.266861,0.546744,-0.067580,-0.038732,0.833669
1677108163,984346634,0.332917,0.593508,0.265565,0.547009,-0.060829,-0.037074,0.834090
1677108163,994127695,0.333064,0.594251,0.264437,0.547499,-0.059681,-0.036736,0.833867
1677108164,3661981,0.333148,0.595017,0.263167,0.547810,-0.057778,-0.036580,0.833803
1677108164,13691521,0.333442,0.595732,0.262069,0.548312,-0.058286,-0.035461,0.833486
1677108164,23605584,0.333766,0.596938,0.260762,0.550353,-0.059489,-0.034970,0.832075
1677108164,33451214,0.334030,0.597514,0.259669,0.549748,-0.058438,-0.034006,0.832590
1677108164,43551665,0.334350,0.598119,0.258600,0.548928,-0.057551,-0.033187,0.833225
1677108164,54155524,0.334747,0.599011,0.257358,0.549727,-0.056862,-0.033137,0.832748
1677108164,63648666,0.335162,0.599717,0.256278,0.549931,-0.056263,-0.033108,0.832655
1677108164,73653565,0.335659,0.600381,0.255152,0.549964,-0.055420,-0.033140,0.832688
1677108164,84052487,0.335964,0.601063,0.254065,0.550802,-0.054505,-0.034251,0.832150
1677108164,93666212,0.336421,0.601719,0.252987,0.551891,-0.053932,-0.034574,0.831452
1677108164,103536439,0.336801,0.602189,0.251939,0.552106,-0.052423,-0.034846,0.831394
1677108164,114137861,0.337333,0.602854,0.250904,0.553245,-0.051815,-0.034434,0.830692
1677108164,123646121,0.337682,0.603525,0.249793,0.553907,-0.050785,-0.035335,0.830276
1677108164,133648170,0.338066,0.604365,0.248604,0.554357,-0.049573,-0.035786,0.830030
1677108164,144429060,0.338545,0.605007,0.247573,0.554188,-0.049124,-0.035760,0.830171
1677108164,154012701,0.338937,0.605733,0.246544,0.553879,-0.048491,-0.036084,0.830400
1677108164,164805370,0.339280,0.606515,0.245471,0.553979,-0.047892,-0.035897,0.830376
1677108164,174895095,0.339634,0.607306,0.244428,0.553904,-0.047204,-0.035817,0.830469
1677108164,183973770,0.339962,0.607991,0.243443,0.553627,-0.046782,-0.035210,0.830704
1677108164,193943070,0.340234,0.608863,0.242434,0.554217,-0.046785,-0.034858,0.830325
1677108164,204615049,0.340499,0.609523,0.241424,0.553941,-0.046436,-0.034236,0.830555
1677108164,216255566,0.340589,0.610246,0.240398,0.554265,-0.045426,-0.033729,0.830415
1677108164,224174070,0.340874,0.610828,0.239482,0.554161,-0.045507,-0.033066,0.830507
1677108164,233766376,0.341025,0.611468,0.238517,0.555102,-0.045081,-0.033110,0.829899
1677108164,244467849,0.341243,0.611926,0.237627,0.555284,-0.044438,-0.032865,0.829822
1677108164,254243924,0.341469,0.612301,0.236767,0.555199,-0.044733,-0.033949,0.829820
1677108164,264947430,0.341818,0.612808,0.235906,0.555392,-0.044350,-0.033923,0.829712
1677108164,274962227,0.342161,0.613228,0.235049,0.554740,-0.043762,-0.034508,0.830155
1677108164,284058993,0.342441,0.613897,0.234068,0.554975,-0.043390,-0.035643,0.829970
1677108164,294543541,0.342936,0.614673,0.233101,0.555129,-0.042750,-0.035159,0.829920
1677108164,304422444,0.343212,0.615356,0.232071,0.554742,-0.041368,-0.035425,0.830238
1677108164,314087447,0.343520,0.616050,0.231107,0.554540,-0.040790,-0.035237,0.830410
1677108164,324889892,0.343744,0.616776,0.230138,0.554512,-0.039857,-0.035700,0.830454
1677108164,333550697,0.344105,0.617397,0.229232,0.554540,-0.039829,-0.035110,0.830461
1677108164,343721601,0.344335,0.617903,0.228407,0.554058,-0.039715,-0.035260,0.830782
1677108164,353259837,0.344555,0.618406,0.227535,0.553728,-0.039287,-0.035019,0.831033
1677108164,363586604,0.344731,0.619115,0.226611,0.554727,-0.039327,-0.034949,0.830367
1677108164,373994330,0.344926,0.619663,0.225782,0.554730,-0.039296,-0.034852,0.830371
1677108164,383796925,0.345168,0.620197,0.224939,0.554981,-0.039131,-0.034232,0.830237
1677108164,394548169,0.345303,0.620803,0.224063,0.555129,-0.038534,-0.034208,0.830167
1677108164,404451053,0.345502,0.621428,0.223203,0.554993,-0.037403,-0.033653,0.830332
1677108164,414890397,0.345684,0.622210,0.222283,0.555416,-0.036889,-0.033743,0.830069
1677108164,424874776,0.345963,0.622947,0.221371,0.554571,-0.036387,-0.033727,0.830656
1677108164,434384715,0.346381,0.623892,0.220432,0.554583,-0.036462,-0.032762,0.830684
1677108164,444459072,0.346710,0.624882,0.219454,0.554180,-0.036193,-0.032236,0.830985
1677108164,454620771,0.346825,0.625930,0.218451,0.553421,-0.035601,-0.032684,0.831498
1677108164,464291669,0.346956,0.626837,0.217473,0.551860,-0.035165,-0.032540,0.832559
1677108164,474401057,0.347264,0.627920,0.216471,0.550879,-0.035375,-0.031505,0.833240
1677108164,484811392,0.347407,0.628958,0.215499,0.550153,-0.035036,-0.030614,0.833767
1677108164,494707402,0.347565,0.629867,0.214613,0.549104,-0.034900,-0.029658,0.834498
1677108164,504270147,0.347665,0.630826,0.213728,0.549282,-0.034940,-0.028880,0.834406
1677108164,514554008,0.347650,0.631616,0.212909,0.549326,-0.034641,-0.028443,0.834405
1677108164,524211179,0.347714,0.632299,0.212135,0.549222,-0.034270,-0.027532,0.834520
1677108164,534524619,0.347837,0.632902,0.211352,0.549172,-0.034617,-0.026846,0.834560
1677108164,544522603,0.347752,0.633730,0.210526,0.549918,-0.033776,-0.027104,0.834095
1677108164,553705426,0.347966,0.634629,0.209641,0.551060,-0.033918,-0.026465,0.833356
1677108164,564407194,0.348138,0.635161,0.208859,0.550017,-0.033363,-0.025615,0.834093
1677108164,574465414,0.348227,0.635988,0.207896,0.549958,-0.032983,-0.026307,0.834126
1677108164,584711623,0.348444,0.636846,0.206956,0.550020,-0.032731,-0.026116,0.834101
1677108164,594231897,0.348757,0.637536,0.206069,0.549173,-0.032467,-0.025592,0.834686
1677108164,604546800,0.348873,0.638430,0.205093,0.549197,-0.031927,-0.026250,0.834670
1677108164,614917068,0.349056,0.639337,0.204149,0.549176,-0.031096,-0.025858,0.834728
1677108164,624334035,0.349436,0.640227,0.203166,0.548561,-0.031283,-0.025206,0.835145
1677108164,634338185,0.349739,0.641255,0.202150,0.548631,-0.031214,-0.024423,0.835125
1677108164,644252543,0.349949,0.642136,0.201214,0.547798,-0.030633,-0.024148,0.835701
1677108164,654540644,0.350202,0.642966,0.200298,0.546970,-0.030361,-0.023917,0.836260
1677108164,664434863,0.350433,0.643781,0.199380,0.546273,-0.030151,-0.023643,0.836730
1677108164,674286832,0.350662,0.644637,0.198454,0.545814,-0.029859,-0.023825,0.837035
1677108164,684223452,0.350886,0.645429,0.197555,0.544954,-0.029456,-0.023752,0.837612
1677108164,694134871,0.351206,0.646238,0.196669,0.543679,-0.029683,-0.023864,0.838428
1677108164,704252506,0.351440,0.647202,0.195693,0.542735,-0.028965,-0.023823,0.839066
1677108164,714592848,0.351786,0.648236,0.194715,0.541953,-0.028617,-0.023229,0.839600
1677108164,724251608,0.352099,0.649056,0.193774,0.540516,-0.028036,-0.022551,0.840564
1677108164,733875576,0.352235,0.649846,0.192875,0.540184,-0.027798,-0.023020,0.840773
1677108164,744124076,0.352543,0.650505,0.192011,0.540146,-0.027687,-0.022452,0.840816
1677108164,754004328,0.352760,0.650971,0.191225,0.540315,-0.027075,-0.022058,0.840738
1677108164,763637326,0.352931,0.651589,0.190400,0.541330,-0.026587,-0.022232,0.840096
1677108164,773993043,0.353057,0.652182,0.189491,0.541691,-0.025478,-0.022413,0.839892
1677108164,783999310,0.353286,0.652796,0.188578,0.541096,-0.025168,-0.022469,0.840284
1677108164,794603306,0.353483,0.653775,0.187512,0.540869,-0.023845,-0.022359,0.840472
1677108164,804051187,0.353879,0.654567,0.186488,0.539076,-0.024160,-0.022305,0.841615
1677108164,814716550,0.354148,0.655540,0.185449,0.537979,-0.023057,-0.021694,0.842364
1677108164,823955224,0.354410,0.656616,0.184328,0.537663,-0.021948,-0.021413,0.842602
1677108164,833638571,0.353997,0.657219,0.183415,0.535545,-0.017984,-0.022378,0.844019
1677108164,843840270,0.354412,0.658024,0.182546,0.535135,-0.018052,-0.021027,0.844312
1677108164,854395527,0.354446,0.658772,0.181655,0.534753,-0.017126,-0.021044,0.844573
1677108164,863846153,0.354630,0.659506,0.180829,0.534322,-0.017342,-0.020577,0.844852
1677108164,873908344,0.354644,0.660084,0.180073,0.532922,-0.016686,-0.020684,0.845747
1677108164,883881873,0.354736,0.660710,0.179352,0.531980,-0.016815,-0.020165,0.846350
1677108164,893539990,0.354773,0.661467,0.178630,0.531784,-0.016737,-0.020212,0.846473
1677108164,903739267,0.354841,0.662094,0.177982,0.531459,-0.016456,-0.019600,0.846698
1677108164,914126165,0.355014,0.662708,0.177387,0.531626,-0.016979,-0.018761,0.846601
1677108164,924148470,0.355078,0.663260,0.176871,0.531546,-0.016966,-0.018496,0.846657
1677108164,933874007,0.355193,0.663852,0.176387,0.531846,-0.017214,-0.017730,0.846481
1677108164,943994595,0.355125,0.664274,0.175942,0.530985,-0.016957,-0.017993,0.847020
1677108164,953873689,0.355176,0.664820,0.175484,0.530656,-0.016809,-0.017356,0.847243
1677108164,963736579,0.355149,0.665472,0.174961,0.530785,-0.015819,-0.016955,0.847189
1677108164,974027610,0.355288,0.666142,0.174457,0.530929,-0.016033,-0.016653,0.847101
1677108164,984627800,0.355252,0.666719,0.173998,0.530719,-0.015788,-0.017151,0.847227
1677108164,994339348,0.355352,0.667327,0.173490,0.530831,-0.015399,-0.017272,0.847162
1677108165,5083356,0.355531,0.667927,0.173035,0.531287,-0.015087,-0.017025,0.846886
1677108165,15089555,0.355596,0.668478,0.172575,0.531408,-0.014139,-0.017808,0.846811
1677108165,24760321,0.355760,0.668910,0.172289,0.532540,-0.013820,-0.017962,0.846101
1677108165,33616273,0.355927,0.669232,0.172166,0.535083,-0.013675,-0.017612,0.844505
1677108165,44011158,0.356057,0.669613,0.172035,0.537941,-0.014571,-0.017363,0.842678
1677108165,54598204,0.355876,0.669766,0.171844,0.538557,-0.014123,-0.017521,0.842288
1677108165,64728550,0.355879,0.670244,0.171553,0.539735,-0.014479,-0.016683,0.841545
1677108165,74543499,0.355898,0.670770,0.171281,0.541882,-0.015409,-0.016067,0.840160
1677108165,84268757,0.355814,0.671003,0.171185,0.543142,-0.015853,-0.015630,0.839345
1677108165,93692868,0.355755,0.671390,0.171026,0.544462,-0.016154,-0.015338,0.838490
1677108165,103951187,0.355764,0.671987,0.170779,0.546174,-0.016441,-0.014359,0.837388
1677108165,114135000,0.355679,0.672465,0.170586,0.546439,-0.016369,-0.013931,0.837223
1677108165,123988741,0.355726,0.673115,0.170350,0.547863,-0.016838,-0.013301,0.836293
1677108165,134015022,0.355699,0.673577,0.170201,0.549190,-0.017876,-0.013385,0.835399
1677108165,144511944,0.355785,0.674007,0.170021,0.550716,-0.018664,-0.013056,0.834382
1677108165,153658065,0.355765,0.674598,0.169781,0.553255,-0.019007,-0.012940,0.832695
1677108165,163770215,0.355793,0.675052,0.169524,0.554950,-0.018945,-0.012764,0.831570
1677108165,173985000,0.355888,0.675552,0.169243,0.557024,-0.019017,-0.012746,0.830181
1677108165,184122355,0.356156,0.676096,0.168934,0.559988,-0.020012,-0.012494,0.828164
1677108165,193863954,0.356410,0.676415,0.168711,0.562194,-0.020571,-0.013035,0.826646
1677108165,204337962,0.356590,0.676884,0.168476,0.564498,-0.020417,-0.013479,0.825072
1677108165,213662862,0.356715,0.677453,0.168226,0.565991,-0.019753,-0.014803,0.824042
1677108165,223778651,0.357098,0.678143,0.168037,0.567089,-0.019826,-0.014684,0.823287
1677108165,233703697,0.357275,0.678888,0.167889,0.568231,-0.019459,-0.014797,0.822506
1677108165,243939756,0.357592,0.679764,0.167786,0.570553,-0.020137,-0.014752,0.820881
1677108165,254401612,0.357711,0.680396,0.167658,0.571902,-0.020335,-0.015045,0.819932
1677108165,264253061,0.357961,0.681258,0.167374,0.572972,-0.020512,-0.014655,0.819187
1677108165,274057603,0.358182,0.682003,0.167138,0.573766,-0.020440,-0.014010,0.818644
1677108165,284328184,0.358350,0.682455,0.167073,0.575087,-0.020800,-0.013534,0.817715
1677108165,294376237,0.358575,0.682767,0.166950,0.576590,-0.020997,-0.013096,0.816659
1677108165,304329477,0.359021,0.683200,0.166721,0.578432,-0.022009,-0.012443,0.815339
1677108165,313996642,0.359285,0.683575,0.166357,0.580128,-0.021553,-0.013285,0.814132
1677108165,324544973,0.360139,0.684447,0.165881,0.586022,-0.022534,-0.012539,0.809885
1677108165,334145946,0.360426,0.684308,0.165583,0.588550,-0.020766,-0.015305,0.808049
1677108165,344192940,0.361337,0.684306,0.165299,0.591115,-0.020022,-0.016550,0.806169
1677108165,354394879,0.362539,0.684578,0.164977,0.594190,-0.020482,-0.018491,0.803851
1677108165,364349555,0.363580,0.684741,0.164654,0.596163,-0.017994,-0.020954,0.802388
1677108165,374038973,0.364898,0.685193,0.164448,0.598376,-0.017176,-0.023293,0.800693
1677108165,384880308,0.366065,0.685675,0.164159,0.599895,-0.013949,-0.024492,0.799582
1677108165,394231022,0.367122,0.686495,0.163842,0.601897,-0.010783,-0.025063,0.798107
1677108165,404679496,0.367976,0.687211,0.163583,0.603216,-0.007366,-0.024151,0.797178
1677108165,414223552,0.368679,0.687815,0.163325,0.604018,-0.004657,-0.022276,0.796646
1677108165,424098392,0.369037,0.688436,0.163115,0.604799,-0.001668,-0.019306,0.796143
1677108165,433872458,0.369339,0.689093,0.162977,0.606050,-0.000329,-0.015695,0.795272
1677108165,444043180,0.369588,0.689673,0.162797,0.607255,0.001236,-0.011104,0.794429
1677108165,454165566,0.369834,0.690130,0.162632,0.608474,0.001864,-0.006443,0.793546
1677108165,464236022,0.370205,0.690455,0.162479,0.609561,0.002075,-0.002166,0.792734
1677108165,473956794,0.370551,0.690885,0.162286,0.611459,0.001952,0.000834,0.791273
1677108165,484700798,0.371116,0.691397,0.162125,0.612956,0.001124,0.003180,0.790110
1677108165,494245182,0.371742,0.692085,0.161858,0.614322,0.000706,0.004680,0.789041
1677108165,503920584,0.372439,0.692735,0.161689,0.614931,0.000337,0.006414,0.788555
1677108165,514367675,0.373027,0.693404,0.161473,0.615878,0.000500,0.007281,0.787808
1677108165,524336462,0.373588,0.694028,0.161265,0.617500,0.000522,0.008131,0.786528
1677108165,534240525,0.374217,0.694458,0.161092,0.618709,0.000506,0.009554,0.785562
1677108165,544798221,0.374660,0.694925,0.160831,0.620647,0.001840,0.010029,0.784024
1677108165,554264097,0.375310,0.695253,0.160633,0.622186,0.002327,0.010676,0.782793
1677108165,564249831,0.376110,0.695647,0.160377,0.624025,0.002757,0.011200,0.781319
1677108165,574461975,0.376903,0.695919,0.160100,0.625274,0.003364,0.011207,0.780318
1677108165,584185115,0.377686,0.696226,0.159861,0.626531,0.003766,0.010853,0.779312
1677108165,594097315,0.378393,0.696629,0.159595,0.628335,0.004788,0.010466,0.777858
1677108165,604263372,0.379095,0.696997,0.159375,0.630565,0.004935,0.010546,0.776049
1677108165,614499605,0.379682,0.697073,0.159133,0.631780,0.005298,0.010412,0.775060
1677108165,624320749,0.380169,0.697371,0.158865,0.633561,0.005755,0.011076,0.773592
1677108165,633836381,0.380645,0.697838,0.158505,0.635687,0.005579,0.011676,0.771838
1677108165,644115834,0.381076,0.698126,0.158177,0.636860,0.005893,0.013375,0.770841
1677108165,654375168,0.381386,0.698434,0.157860,0.638654,0.006034,0.014217,0.769339
1677108165,664604490,0.381831,0.698706,0.157631,0.640088,0.005992,0.015734,0.768117
1677108165,674602925,0.382271,0.699142,0.157431,0.641863,0.005644,0.016708,0.766617
1677108165,684206329,0.382678,0.699336,0.157211,0.641856,0.005890,0.016601,0.766623
1677108165,694172565,0.383246,0.699891,0.156992,0.643775,0.005432,0.016426,0.765019
1677108165,704525765,0.383967,0.699863,0.156897,0.644646,0.004092,0.016610,0.764289
1677108165,713767902,0.384535,0.699907,0.156825,0.646660,0.004372,0.016130,0.762595
1677108165,723817385,0.385065,0.699743,0.156804,0.648671,0.004065,0.015548,0.760900
1677108165,733485597,0.385643,0.699504,0.156727,0.650323,0.003218,0.015334,0.759496
1677108165,743954117,0.386046,0.699301,0.156587,0.652150,0.002417,0.014853,0.757940
1677108165,753658164,0.386393,0.698984,0.156459,0.654101,0.000741,0.014965,0.756259
1677108165,763326245,0.386694,0.698462,0.156316,0.655546,-0.001026,0.015728,0.754990
1677108165,773646576,0.386933,0.698169,0.156183,0.657980,-0.002257,0.017605,0.752827
1677108165,784791185,0.387049,0.697881,0.155980,0.660028,-0.002901,0.018922,0.750997
1677108165,794516620,0.387219,0.697457,0.155833,0.661052,-0.003556,0.020363,0.750055
1677108165,804826502,0.387360,0.697221,0.155632,0.662232,-0.003827,0.020670,0.749004
1677108165,814772913,0.387673,0.696880,0.155378,0.662693,-0.003849,0.021215,0.748580
1677108165,824442654,0.388102,0.696631,0.155173,0.663928,-0.004113,0.021639,0.747472
1677108165,834102725,0.388496,0.696287,0.154927,0.665317,-0.004256,0.020965,0.746255
1677108165,844284485,0.388823,0.695688,0.154679,0.666518,-0.003975,0.020139,0.745206
1677108165,853937170,0.389204,0.695127,0.154388,0.668197,-0.003882,0.018719,0.743738
1677108165,864459056,0.389730,0.694691,0.154109,0.670578,-0.004112,0.017846,0.741613
1677108165,874703765,0.390246,0.694210,0.153859,0.673240,-0.004677,0.016462,0.739226
1677108165,884187486,0.390749,0.693640,0.153591,0.675215,-0.004435,0.015149,0.737452
1677108165,894025082,0.391258,0.693146,0.153368,0.676841,-0.003568,0.014029,0.735987
1677108165,904269667,0.392038,0.692786,0.153194,0.678117,-0.002455,0.012087,0.734850
1677108165,913700016,0.392968,0.692532,0.153081,0.678727,-0.000803,0.009222,0.734332
1677108165,924862541,0.394059,0.692418,0.152967,0.679442,0.001073,0.005582,0.733707
1677108165,934383050,0.395317,0.692166,0.152856,0.679675,0.003386,0.001491,0.733504
1677108165,944430609,0.396706,0.692010,0.152767,0.681129,0.005156,-0.003644,0.732136
1677108165,954190966,0.398009,0.691700,0.152629,0.681947,0.008610,-0.008774,0.731298
1677108165,964479838,0.399588,0.691452,0.152483,0.682678,0.010387,-0.013881,0.730514
1677108165,974076163,0.400987,0.691338,0.152312,0.683729,0.013229,-0.019194,0.729364
1677108165,984167928,0.402315,0.691084,0.152115,0.684021,0.016610,-0.024486,0.728862
1677108165,994463655,0.403698,0.690896,0.151921,0.685086,0.019563,-0.029190,0.727615
1677108166,4244765,0.404926,0.690453,0.151690,0.685928,0.022950,-0.033986,0.726513
1677108166,14098188,0.406175,0.689929,0.151518,0.686955,0.025699,-0.038060,0.725247
1677108166,24330565,0.407314,0.689411,0.151280,0.687689,0.027687,-0.042308,0.724243
1677108166,34046865,0.408402,0.689069,0.151043,0.688828,0.029151,-0.046055,0.722873
1677108166,43897522,0.409180,0.688694,0.150796,0.690100,0.031231,-0.049548,0.721340
1677108166,54649824,0.409874,0.688388,0.150590,0.692024,0.032359,-0.052499,0.719236
1677108166,64260364,0.410486,0.687838,0.150372,0.693297,0.033315,-0.053526,0.717889
1677108166,73983529,0.410808,0.687410,0.150181,0.694844,0.033600,-0.054750,0.716285
1677108166,83927937,0.410966,0.686956,0.149976,0.695903,0.033220,-0.055351,0.715228
1677108166,94270520,0.410912,0.686645,0.149818,0.697554,0.032785,-0.054891,0.713674
1677108166,104069768,0.410807,0.686236,0.149679,0.698742,0.031446,-0.053541,0.712674
1677108166,114651881,0.410385,0.685934,0.149610,0.700096,0.030530,-0.052322,0.711475
1677108166,124463585,0.410112,0.685707,0.149552,0.701291,0.028177,-0.049837,0.710573
1677108166,134265038,0.409473,0.685442,0.149442,0.701503,0.027114,-0.048063,0.710527
1677108166,144285212,0.408979,0.685439,0.149365,0.702432,0.024920,-0.045261,0.709873
1677108166,154414310,0.408306,0.685380,0.149247,0.702855,0.023208,-0.042682,0.709672
1677108166,164346723,0.407623,0.685357,0.149176,0.703440,0.021125,-0.040039,0.709312
1677108166,173981270,0.406879,0.684931,0.149075,0.703290,0.019470,-0.037093,0.709668
1677108166,184424071,0.406298,0.684836,0.149050,0.704920,0.016580,-0.034635,0.708247
1677108166,193959372,0.405599,0.684514,0.149054,0.706088,0.014618,-0.032331,0.707234
1677108166,204710952,0.404928,0.684134,0.149016,0.706963,0.012918,-0.030969,0.706454
1677108166,214435595,0.404633,0.683960,0.149054,0.708735,0.009836,-0.029528,0.704788
1677108166,224257914,0.404209,0.683642,0.148984,0.710014,0.008259,-0.028656,0.703556
1677108166,233992749,0.403846,0.683319,0.148855,0.711060,0.006757,-0.028510,0.702521
1677108166,243948990,0.403649,0.682993,0.148719,0.711988,0.005777,-0.027810,0.701617
1677108166,254363668,0.403432,0.682767,0.148523,0.713153,0.005054,-0.028415,0.700414
1677108166,264575097,0.403303,0.682289,0.148317,0.713780,0.004724,-0.028753,0.699763
1677108166,274114107,0.403293,0.681930,0.148137,0.715029,0.004397,-0.029556,0.698456
1677108166,284520736,0.403269,0.681559,0.147925,0.716217,0.004195,-0.031196,0.697167
1677108166,294437691,0.403412,0.681188,0.147697,0.717362,0.004254,-0.032155,0.695945
1677108166,304156566,0.403556,0.680985,0.147465,0.718756,0.004624,-0.033606,0.694434
1677108166,314704691,0.403711,0.680619,0.147230,0.719202,0.004946,-0.034739,0.693915
1677108166,324359562,0.403881,0.680360,0.146935,0.720088,0.005293,-0.035983,0.692929
1677108166,333916620,0.403930,0.679978,0.146658,0.720694,0.005617,-0.037345,0.692224
1677108166,344368832,0.404024,0.679700,0.146434,0.722164,0.005801,-0.038081,0.690648
1677108166,354036678,0.404126,0.679253,0.146227,0.723278,0.005181,-0.038734,0.689451
1677108166,364352957,0.404159,0.678752,0.146054,0.724540,0.004379,-0.039765,0.688070
1677108166,374287843,0.403972,0.678246,0.145930,0.726084,0.004887,-0.040549,0.686392
1677108166,384142948,0.404099,0.677828,0.145826,0.728221,0.003901,-0.040432,0.684138
1677108166,393989894,0.404029,0.677384,0.145749,0.730117,0.003763,-0.040565,0.682107
1677108166,404207232,0.404066,0.676920,0.145638,0.731779,0.003045,-0.040511,0.680330
1677108166,414307107,0.403967,0.676458,0.145479,0.733024,0.002755,-0.041023,0.678959
1677108166,423857381,0.403985,0.676119,0.145313,0.734176,0.001881,-0.041251,0.677702
1677108166,433491423,0.403952,0.675849,0.145157,0.735459,0.001189,-0.041762,0.676280
1677108166,443840022,0.403918,0.675513,0.144955,0.736498,0.000773,-0.041776,0.675148
1677108166,453967455,0.403940,0.675197,0.144802,0.737385,0.000344,-0.041700,0.674185
1677108166,464557801,0.403823,0.674838,0.144605,0.737875,0.000455,-0.041926,0.673633
1677108166,474681926,0.403859,0.674761,0.144424,0.739293,0.000130,-0.041749,0.672089
1677108166,483786552,0.403854,0.674481,0.144221,0.739920,-0.000550,-0.042202,0.671370
1677108166,493843766,0.403950,0.674161,0.143977,0.740644,-0.001160,-0.041733,0.670599
1677108166,503545027,0.403910,0.673858,0.143797,0.741681,-0.001765,-0.042517,0.669402
1677108166,513887712,0.403844,0.673475,0.143601,0.742755,-0.002324,-0.043304,0.668157
1677108166,524556957,0.403849,0.673168,0.143454,0.743865,-0.002659,-0.043372,0.666916
1677108166,533875492,0.403744,0.672890,0.143346,0.745085,-0.002863,-0.044078,0.665506
1677108166,544460349,0.403850,0.672568,0.143210,0.746065,-0.003910,-0.044105,0.664400
1677108166,554028264,0.403827,0.672276,0.143187,0.747310,-0.004005,-0.044093,0.662999
1677108166,563997291,0.403814,0.671949,0.143165,0.748542,-0.004158,-0.044149,0.661603
1677108166,574454409,0.403816,0.671481,0.143128,0.749355,-0.004215,-0.044044,0.660688
1677108166,584324561,0.403789,0.671194,0.143211,0.751037,-0.003880,-0.044112,0.658774
1677108166,594589263,0.403858,0.670877,0.143275,0.752624,-0.004341,-0.044324,0.656943
1677108166,604434513,0.403884,0.670547,0.143402,0.753911,-0.004603,-0.044360,0.655461
1677108166,614301487,0.403813,0.670268,0.143533,0.754972,-0.004076,-0.044320,0.654245
1677108166,624945312,0.403823,0.670055,0.143697,0.756058,-0.004544,-0.044310,0.652987
1677108166,633881712,0.403943,0.669808,0.143841,0.756721,-0.005419,-0.043682,0.652255
1677108166,644302846,0.403784,0.669602,0.144027,0.757586,-0.004912,-0.043768,0.651248
1677108166,654453660,0.403725,0.669351,0.144179,0.758554,-0.004784,-0.043756,0.650121
1677108166,664803102,0.403757,0.669177,0.144332,0.759392,-0.005135,-0.044089,0.649117
1677108166,674370701,0.403652,0.668920,0.144486,0.760328,-0.004213,-0.044403,0.648006
1677108166,684048246,0.403832,0.668571,0.144675,0.761763,-0.004325,-0.043739,0.646363
1677108166,693367338,0.403762,0.668265,0.144859,0.763381,-0.003415,-0.044170,0.644428
1677108166,703804743,0.403833,0.667963,0.145136,0.765239,-0.003575,-0.044839,0.642173
1677108166,713843271,0.403883,0.667534,0.145375,0.766469,-0.002833,-0.044573,0.640727
1677108166,723522635,0.404000,0.667309,0.145721,0.768093,-0.002706,-0.044705,0.638771
1677108166,733836800,0.403955,0.667035,0.146031,0.769156,-0.002132,-0.045070,0.637466
1677108166,743924440,0.404155,0.666896,0.146397,0.770448,-0.002728,-0.044843,0.635918
1677108166,754406726,0.404071,0.666620,0.146747,0.771275,-0.002027,-0.045031,0.634904
1677108166,763949491,0.404239,0.666373,0.147110,0.772205,-0.002457,-0.044714,0.633793
1677108166,774375231,0.404254,0.666121,0.147559,0.773277,-0.002514,-0.045183,0.632451
1677108166,784177308,0.404301,0.665926,0.148060,0.774430,-0.002332,-0.045196,0.631039
1677108166,794689309,0.404385,0.665630,0.148518,0.775085,-0.002697,-0.045621,0.630202
1677108166,804496747,0.404534,0.665493,0.149166,0.776453,-0.003680,-0.045776,0.628500
1677108166,814573681,0.404571,0.665041,0.149723,0.776735,-0.004076,-0.046010,0.628131
1677108166,824285990,0.404650,0.664744,0.150415,0.778041,-0.004753,-0.045824,0.626523
1677108166,834268136,0.404712,0.664246,0.151140,0.779273,-0.005444,-0.045692,0.624992
1677108166,843650854,0.404740,0.663825,0.151944,0.781296,-0.005942,-0.045727,0.622455
1677108166,854086609,0.404838,0.663367,0.152840,0.783629,-0.006233,-0.045249,0.619548
1677108166,864268034,0.404963,0.662632,0.153638,0.784855,-0.006550,-0.045134,0.617999
1677108166,873998338,0.405111,0.662255,0.154607,0.787121,-0.006440,-0.045317,0.615098
1677108166,883915917,0.405368,0.661711,0.155537,0.788312,-0.006615,-0.045567,0.613551
1677108166,894116474,0.405640,0.661063,0.156454,0.788783,-0.006226,-0.045618,0.612945
1677108166,904101194,0.405906,0.660712,0.157507,0.790374,-0.005890,-0.046534,0.610826
1677108166,914042807,0.406277,0.660292,0.158637,0.791963,-0.005999,-0.047251,0.608708
1677108166,924360546,0.406666,0.659702,0.159790,0.793368,-0.006303,-0.047783,0.606831
1677108166,934233565,0.406959,0.659163,0.161112,0.795503,-0.006301,-0.047882,0.604021
1677108166,943905974,0.407116,0.658424,0.162421,0.797060,-0.006285,-0.047892,0.601965
1677108166,954050786,0.407267,0.657669,0.163827,0.798831,-0.006828,-0.047757,0.599618
1677108166,964073427,0.407233,0.656990,0.165307,0.800631,-0.006912,-0.047844,0.597205
1677108166,973913767,0.407534,0.656452,0.166964,0.802707,-0.008898,-0.046604,0.594483
1677108166,984043567,0.407473,0.655803,0.168632,0.803898,-0.009238,-0.046217,0.592897
1677108166,994411591,0.407552,0.655382,0.170458,0.805738,-0.010281,-0.045435,0.590437
1677108167,4676164,0.407737,0.654767,0.172285,0.806732,-0.011850,-0.044363,0.589131
1677108167,13810550,0.407800,0.654362,0.174175,0.808180,-0.012647,-0.043498,0.587190
1677108167,23883840,0.407845,0.653938,0.176094,0.809403,-0.012836,-0.042346,0.585584
1677108167,33786375,0.408006,0.653499,0.177970,0.810211,-0.013600,-0.041664,0.584497
1677108167,43900934,0.408202,0.653349,0.179975,0.811753,-0.014408,-0.041024,0.582380
1677108167,54113068,0.408299,0.653046,0.181950,0.812568,-0.013958,-0.040541,0.581288
1677108167,64002205,0.408499,0.652745,0.183901,0.813180,-0.013901,-0.040399,0.580442
1677108167,74143988,0.408708,0.652532,0.185885,0.814054,-0.013451,-0.040147,0.579244
1677108167,84248154,0.409002,0.652396,0.187913,0.815045,-0.013258,-0.039865,0.577872
1677108167,94680710,0.409190,0.652186,0.189873,0.815816,-0.012849,-0.040231,0.576768
1677108167,104085224,0.409400,0.652039,0.191834,0.816652,-0.012283,-0.039946,0.575615
1677108167,114806307,0.409596,0.651841,0.193782,0.817325,-0.011955,-0.039473,0.574699
1677108167,124096535,0.409754,0.651719,0.195755,0.818010,-0.011776,-0.039028,0.573758
1677108167,134554821,0.409682,0.651562,0.197687,0.818284,-0.010516,-0.038530,0.573425
1677108167,144799081,0.409860,0.651531,0.199649,0.819000,-0.010969,-0.037542,0.572458
1677108167,154313575,0.409869,0.651435,0.201542,0.819263,-0.010619,-0.036526,0.572154
1677108167,163795559,0.409926,0.651440,0.203447,0.819739,-0.011027,-0.036118,0.571490
1677108167,174160210,0.409995,0.651530,0.205345,0.820430,-0.011119,-0.035372,0.570544
1677108167,184268367,0.410034,0.651487,0.207171,0.820749,-0.011183,-0.035029,0.570105
1677108167,194043630,0.410077,0.651430,0.208995,0.821165,-0.010401,-0.034048,0.569580
1677108167,204141349,0.410275,0.651462,0.210811,0.821742,-0.010579,-0.033541,0.568774
1677108167,214252651,0.410396,0.651503,0.212583,0.821850,-0.010132,-0.033172,0.568647
1677108167,224138229,0.410444,0.651653,0.214356,0.821906,-0.009398,-0.033060,0.568585
1677108167,233460032,0.410512,0.651838,0.216093,0.821766,-0.008832,-0.033338,0.568780
1677108167,243713160,0.410660,0.652051,0.217823,0.821645,-0.008825,-0.033015,0.568974
1677108167,254381996,0.410808,0.652353,0.219546,0.821705,-0.009018,-0.032606,0.568908
1677108167,263733364,0.410864,0.652528,0.221225,0.821280,-0.009264,-0.032283,0.569536
1677108167,273652126,0.410785,0.652924,0.222926,0.821570,-0.009053,-0.031780,0.569149
1677108167,284184525,0.410794,0.653208,0.224535,0.821575,-0.009066,-0.030576,0.569207
1677108167,293914767,0.410743,0.653453,0.226116,0.821693,-0.009092,-0.029712,0.569083
1677108167,303519867,0.410769,0.653685,0.227707,0.821881,-0.009072,-0.028998,0.568848
1677108167,314112933,0.410743,0.653968,0.229315,0.822327,-0.008258,-0.027892,0.568272
1677108167,324100686,0.410511,0.654246,0.230820,0.822344,-0.005461,-0.026540,0.568345
1677108167,333703930,0.410524,0.654422,0.232340,0.822159,-0.004964,-0.026760,0.568607
1677108167,344025880,0.410566,0.654737,0.233885,0.822110,-0.004250,-0.026706,0.568685
1677108167,353857972,0.410682,0.655173,0.235507,0.822342,-0.003690,-0.026375,0.568370
1677108167,364184582,0.410672,0.655469,0.237090,0.822021,-0.002764,-0.025995,0.568856
1677108167,373991751,0.410689,0.655827,0.238668,0.821988,-0.002135,-0.025798,0.568916
1677108167,384233018,0.410674,0.656126,0.240292,0.822111,-0.002038,-0.024906,0.568779
1677108167,394086491,0.410599,0.656435,0.241893,0.822501,-0.002119,-0.024251,0.568242
1677108167,404607282,0.410423,0.656762,0.243419,0.822994,-0.001718,-0.023115,0.567577
1677108167,414500353,0.409956,0.656759,0.244724,0.822307,0.000012,-0.022416,0.568603
1677108167,424785469,0.409469,0.657121,0.246027,0.822313,0.002320,-0.021398,0.568629
1677108167,433635851,0.409895,0.657298,0.247686,0.822141,-0.001959,-0.019193,0.568957
1677108167,444159176,0.409700,0.657746,0.249097,0.821829,-0.001357,-0.017761,0.569455
1677108167,454110769,0.409518,0.658319,0.250527,0.821741,-0.000600,-0.017102,0.569604
1677108167,464534643,0.409506,0.658780,0.251912,0.821373,-0.000880,-0.016388,0.570155
1677108167,474463949,0.409417,0.659228,0.253204,0.821168,0.000100,-0.015221,0.570483
1677108167,484237038,0.409236,0.659570,0.254485,0.820952,0.000781,-0.015075,0.570798
1677108167,494841325,0.409112,0.659946,0.255743,0.821115,0.001714,-0.014189,0.570584
1677108167,504502615,0.408963,0.660192,0.256898,0.821089,0.002342,-0.013448,0.570637
1677108167,514100571,0.409303,0.660335,0.257944,0.820386,-0.000613,-0.013349,0.571654
1677108167,523959601,0.409155,0.660494,0.258948,0.819800,-0.000364,-0.012792,0.572507
1677108167,534359580,0.409153,0.660861,0.260064,0.819965,-0.000858,-0.011979,0.572287
1677108167,544325372,0.409097,0.661186,0.261109,0.819644,-0.001081,-0.011434,0.572757
1677108167,553933149,0.409079,0.661427,0.262129,0.819127,-0.001425,-0.010811,0.573509
1677108167,564189865,0.409048,0.661751,0.263176,0.819043,-0.001551,-0.010304,0.573637
1677108167,574261784,0.408992,0.661827,0.264082,0.818333,-0.001648,-0.009938,0.574656
1677108167,584308955,0.409081,0.662071,0.265049,0.818472,-0.002232,-0.009532,0.574462
1677108167,594530150,0.409120,0.662323,0.266013,0.818775,-0.002118,-0.009278,0.574036
1677108167,604772039,0.409346,0.662381,0.266898,0.818557,-0.002433,-0.008697,0.574354
1677108167,614148444,0.409442,0.662446,0.267721,0.818306,-0.001899,-0.008989,0.574709
1677108167,624672586,0.409551,0.662625,0.268571,0.818281,-0.000998,-0.009429,0.574740
1677108167,634154269,0.409754,0.662847,0.269410,0.818452,-0.000584,-0.010006,0.574487
1677108167,644296920,0.410021,0.662893,0.270120,0.817810,-0.000082,-0.009822,0.575405
1677108167,654253858,0.410286,0.663067,0.270882,0.817720,0.000266,-0.010172,0.575526
1677108167,664603551,0.410465,0.663289,0.271655,0.817715,0.000663,-0.010633,0.575525
1677108167,674097407,0.410587,0.663586,0.272414,0.818020,0.001214,-0.011176,0.575081
1677108167,684397439,0.410725,0.663687,0.273101,0.817478,0.001685,-0.011130,0.575850
1677108167,694222453,0.410869,0.664005,0.273864,0.817696,0.001999,-0.011108,0.575540
1677108167,704232530,0.410977,0.664131,0.274525,0.817455,0.002091,-0.011474,0.575874
1677108167,714378070,0.411027,0.664334,0.275190,0.817459,0.002863,-0.011383,0.575867
1677108167,724130301,0.411290,0.664472,0.275840,0.817369,0.002338,-0.011040,0.576005
1677108167,734126203,0.411351,0.664630,0.276456,0.817313,0.002809,-0.011410,0.576075
1677108167,744421432,0.411427,0.664854,0.277129,0.817418,0.003497,-0.011752,0.575914
1677108167,754385889,0.411530,0.664994,0.277703,0.817255,0.004101,-0.011899,0.576139
1677108167,764082309,0.411879,0.665280,0.278332,0.817419,0.003989,-0.011714,0.575911
1677108167,774491121,0.412033,0.665342,0.278907,0.816961,0.005151,-0.012008,0.576545
1677108167,784714322,0.412297,0.665542,0.279467,0.816907,0.005747,-0.012617,0.576602
1677108167,794586490,0.411849,0.666121,0.280362,0.818745,0.010673,-0.014209,0.573883
1677108167,804513756,0.411950,0.666136,0.280844,0.818267,0.012323,-0.014689,0.574519
1677108167,813834534,0.412313,0.666382,0.281380,0.818659,0.012386,-0.015211,0.573945
1677108167,824228612,0.412474,0.666460,0.281880,0.818379,0.013156,-0.015506,0.574319
1677108167,834183265,0.412642,0.666609,0.282427,0.818339,0.013484,-0.015387,0.574371
1677108167,844228023,0.412624,0.666757,0.282870,0.818291,0.013712,-0.016117,0.574415
1677108167,854697354,0.412631,0.666781,0.283254,0.818262,0.013538,-0.015703,0.574471
1677108167,864361734,0.412663,0.666712,0.283581,0.817951,0.012634,-0.015115,0.574950
1677108167,874508950,0.412484,0.666748,0.283914,0.818114,0.012745,-0.014650,0.574728
1677108167,884315262,0.412361,0.666842,0.284247,0.818247,0.012188,-0.014229,0.574561
1677108167,894537652,0.412258,0.666927,0.284531,0.818034,0.011854,-0.013624,0.574886
1677108167,904078727,0.412126,0.667000,0.284844,0.817771,0.011440,-0.013165,0.575280
1677108167,914552225,0.412069,0.667169,0.285141,0.817792,0.010898,-0.012887,0.575267
1677108167,924112601,0.412118,0.667229,0.285468,0.817853,0.010191,-0.012544,0.575200
1677108167,934550916,0.411930,0.667263,0.285806,0.818109,0.010754,-0.012808,0.574820
1677108167,944929543,0.411946,0.667275,0.286072,0.818368,0.010229,-0.013035,0.574456
1677108167,954829113,0.412018,0.667160,0.286267,0.818172,0.009540,-0.012750,0.574753
1677108167,964235725,0.412070,0.667127,0.286410,0.817802,0.009116,-0.012332,0.575295
1677108167,974973894,0.411903,0.667253,0.286648,0.817759,0.009666,-0.012185,0.575350
1677108167,984553175,0.411844,0.667390,0.286791,0.817304,0.009577,-0.012560,0.575990
1677108167,994454535,0.411730,0.667501,0.286950,0.816614,0.009802,-0.012512,0.576965
1677108168,4582199,0.412372,0.667306,0.286845,0.814379,0.005391,-0.011312,0.580198
1677108168,13922826,0.411659,0.667917,0.287287,0.816099,0.009526,-0.011447,0.577721
1677108168,24110108,0.412038,0.667716,0.287196,0.814533,0.006119,-0.011217,0.579976
