secs,nsecs,tx,ty,tz,rx,ry,rz,rw
1677110311,648734756,0.439391,0.590801,0.435250,0.668072,0.109307,0.209306,0.705637
1677110311,658873767,0.439212,0.590559,0.434363,0.668809,0.108908,0.209539,0.704931
1677110311,668547613,0.439063,0.590337,0.433410,0.669234,0.108869,0.210210,0.704333
1677110311,678660731,0.438909,0.590220,0.432449,0.669926,0.108603,0.210169,0.703729
1677110311,689101902,0.438716,0.590080,0.431518,0.670127,0.109154,0.210021,0.703495
1677110311,698643474,0.438670,0.590030,0.430635,0.670113,0.109539,0.210582,0.703282
1677110311,708647838,0.438579,0.589867,0.429798,0.669497,0.110648,0.210809,0.703627
1677110311,719070173,0.438507,0.590077,0.429030,0.670424,0.110511,0.210722,0.702791
1677110311,728859135,0.438475,0.589934,0.428252,0.669978,0.110931,0.210684,0.703162
1677110311,738328514,0.438511,0.589720,0.427511,0.669328,0.110941,0.211171,0.703633
1677110311,748430031,0.438405,0.589653,0.426826,0.669830,0.110756,0.210586,0.703359
1677110311,758257990,0.438238,0.589471,0.426198,0.670230,0.111166,0.210230,0.703020
1677110311,769260099,0.438271,0.589288,0.425663,0.670603,0.111134,0.210805,0.702497
1677110311,778542241,0.438129,0.589223,0.425125,0.671760,0.111732,0.210836,0.701286
1677110311,788061029,0.438175,0.588993,0.424673,0.671990,0.111405,0.211452,0.700932
1677110311,798527414,0.438119,0.588843,0.424253,0.672500,0.111646,0.211500,0.700391
1677110311,808003854,0.438048,0.588719,0.423811,0.672623,0.111848,0.211738,0.700168
1677110311,818462987,0.437971,0.588816,0.423372,0.673264,0.112086,0.212329,0.699334
1677110311,828709221,0.437885,0.588936,0.422911,0.673315,0.112579,0.213244,0.698927
1677110311,838710785,0.437678,0.589007,0.422399,0.673061,0.113346,0.213128,0.699084
1677110311,848897840,0.437593,0.589093,0.421873,0.672223,0.113694,0.213581,0.699695
1677110311,858921479,0.437537,0.589427,0.421385,0.672339,0.113769,0.214174,0.699390
1677110311,868467385,0.437435,0.589617,0.420830,0.671756,0.114308,0.214273,0.699831
1677110311,878832712,0.437359,0.589917,0.420334,0.671834,0.114679,0.214587,0.699600
1677110311,889206480,0.437292,0.590231,0.419837,0.672169,0.114914,0.214465,0.699277
1677110311,898528145,0.437178,0.590345,0.419299,0.671795,0.115954,0.214815,0.699357
1677110311,908583718,0.437019,0.590468,0.418795,0.671702,0.116877,0.214946,0.699253
1677110311,918848806,0.437005,0.590621,0.418292,0.671955,0.116997,0.215502,0.698818
1677110311,928527032,0.436903,0.590755,0.417760,0.672465,0.117051,0.215942,0.698182
1677110311,938898822,0.436711,0.590867,0.417184,0.673219,0.117193,0.215886,0.697449
1677110311,949194231,0.436579,0.590835,0.416562,0.672910,0.117467,0.216321,0.697566
1677110311,958945676,0.436455,0.590986,0.415937,0.673049,0.117807,0.217561,0.696990
1677110311,968764859,0.436335,0.591323,0.415291,0.673923,0.117466,0.218232,0.695992
1677110311,979272966,0.436148,0.591537,0.414594,0.674258,0.117896,0.218362,0.695553
1677110311,989365807,0.436136,0.591528,0.413871,0.673602,0.117942,0.218730,0.696065
1677110311,998466290,0.436027,0.591767,0.413136,0.673871,0.118712,0.219111,0.695554
1677110312,9148843,0.435645,0.591217,0.412217,0.671283,0.121679,0.217944,0.697907
1677110312,18555271,0.435809,0.591986,0.411585,0.673223,0.120552,0.219067,0.695879
1677110312,28730698,0.435795,0.592124,0.410826,0.673008,0.121145,0.218903,0.696035
1677110312,39184648,0.435741,0.592157,0.410052,0.672888,0.121705,0.218196,0.696276
1677110312,48900472,0.435632,0.592593,0.409276,0.674728,0.120578,0.217195,0.695003
1677110312,58753248,0.435695,0.592641,0.408497,0.674477,0.121102,0.217712,0.694994
1677110312,68891928,0.435689,0.592700,0.407684,0.674606,0.120959,0.217682,0.694903
1677110312,78730451,0.435658,0.592964,0.406865,0.675452,0.121096,0.218160,0.693907
1677110312,89074434,0.435640,0.592878,0.405972,0.675251,0.121197,0.217992,0.694138
1677110312,98669048,0.435698,0.593023,0.405109,0.675716,0.121080,0.218441,0.693564
1677110312,109098869,0.435799,0.593156,0.404206,0.675948,0.120860,0.218818,0.693258
1677110312,118804211,0.435760,0.593162,0.403263,0.675585,0.121746,0.218519,0.693550
1677110312,128513476,0.435873,0.593156,0.402311,0.675235,0.121820,0.218056,0.694024
1677110312,138914603,0.435926,0.593383,0.401395,0.675654,0.122175,0.218008,0.693569
1677110312,148331464,0.436054,0.593529,0.400462,0.675680,0.122887,0.218306,0.693324
1677110312,158844405,0.436043,0.593516,0.399510,0.675627,0.123643,0.217487,0.693499
1677110312,168987901,0.436131,0.593610,0.398550,0.676007,0.124040,0.217122,0.693171
1677110312,179298777,0.436208,0.593713,0.397626,0.676568,0.124176,0.216785,0.692705
1677110312,188811206,0.436329,0.593761,0.396720,0.677051,0.124403,0.216855,0.692171
1677110312,198813015,0.436376,0.593675,0.395786,0.677316,0.124899,0.216638,0.691890
1677110312,208510042,0.436432,0.593576,0.394884,0.677843,0.124837,0.216044,0.691571
1677110312,218646151,0.436583,0.593619,0.393946,0.678835,0.124581,0.216218,0.690588
1677110312,228045503,0.436625,0.593447,0.392948,0.679184,0.125106,0.216130,0.690178
1677110312,238326059,0.436746,0.593368,0.391959,0.679858,0.125211,0.216081,0.689510
1677110312,248772743,0.436910,0.593341,0.390975,0.680426,0.125441,0.216257,0.688853
1677110312,258237564,0.437055,0.593240,0.389946,0.680510,0.126032,0.216131,0.688701
1677110312,268324073,0.437151,0.593358,0.388936,0.681312,0.126601,0.215719,0.687933
1677110312,278713310,0.437344,0.593430,0.387936,0.681622,0.127168,0.215740,0.687514
1677110312,289049573,0.437490,0.593464,0.386912,0.681920,0.127767,0.214926,0.687362
1677110312,298918478,0.437650,0.593521,0.385896,0.682027,0.128285,0.214201,0.687386
1677110312,308890782,0.437797,0.593641,0.384935,0.682065,0.129069,0.213889,0.687299
1677110312,318702489,0.437970,0.593787,0.384013,0.682340,0.129245,0.213481,0.687120
1677110312,328618608,0.438154,0.593887,0.383121,0.682483,0.129442,0.213296,0.686998
1677110312,339021066,0.438193,0.593915,0.382215,0.682412,0.130477,0.212790,0.687029
1677110312,348843603,0.438376,0.593943,0.381339,0.682420,0.130569,0.212622,0.687056
1677110312,358839015,0.438415,0.594250,0.380516,0.683634,0.130908,0.212304,0.685882
1677110312,369090968,0.438576,0.594115,0.379702,0.683013,0.131199,0.212061,0.686521
1677110312,378744334,0.438590,0.594224,0.378948,0.683468,0.131937,0.211498,0.686100
1677110312,388792799,0.438790,0.594366,0.378262,0.683985,0.131783,0.211724,0.685544
1677110312,398667283,0.438848,0.594456,0.377575,0.684280,0.132091,0.211447,0.685276
1677110312,409154109,0.438904,0.594497,0.376965,0.684390,0.132817,0.211455,0.685023
1677110312,418713390,0.438964,0.594464,0.376344,0.684408,0.133255,0.211267,0.684979
1677110312,428936695,0.439109,0.594689,0.375797,0.685379,0.132535,0.211325,0.684128
1677110312,439052769,0.439055,0.594610,0.375235,0.685090,0.133292,0.211403,0.684247
1677110312,449281510,0.439043,0.594979,0.374670,0.686369,0.132688,0.211661,0.683001
1677110312,459366371,0.438917,0.594967,0.374092,0.685941,0.133257,0.212064,0.683195
1677110312,469028690,0.438905,0.595289,0.373500,0.686484,0.132995,0.213168,0.682358
1677110312,478825221,0.438661,0.595191,0.372829,0.685380,0.134014,0.213285,0.683231
1677110312,489425286,0.438566,0.595604,0.372226,0.686132,0.133718,0.214058,0.682292
1677110312,498511085,0.438464,0.595776,0.371567,0.685794,0.133898,0.214343,0.682506
1677110312,508634650,0.438391,0.596024,0.370884,0.685850,0.134170,0.214420,0.682372
1677110312,518813638,0.438380,0.596218,0.370273,0.686004,0.133659,0.213782,0.682519
1677110312,529016334,0.438500,0.596157,0.369656,0.685336,0.133634,0.213729,0.683210
1677110312,538971213,0.438578,0.596425,0.369077,0.686216,0.133690,0.213831,0.682284
1677110312,548649038,0.438525,0.596771,0.368487,0.686791,0.135503,0.214494,0.681139
1677110312,558936835,0.438671,0.596847,0.367921,0.687173,0.135442,0.214424,0.680787
1677110312,568905082,0.438680,0.596931,0.367325,0.687753,0.135918,0.214411,0.680110
1677110312,578484706,0.438687,0.596541,0.366678,0.687264,0.135749,0.213362,0.680968
1677110312,588818821,0.438776,0.596649,0.366044,0.687860,0.135611,0.213871,0.680233
1677110312,598519015,0.438771,0.596773,0.365345,0.688420,0.135766,0.213974,0.679603
1677110312,609108242,0.438768,0.596723,0.364582,0.687991,0.136425,0.214327,0.679795
1677110312,619281434,0.438894,0.596706,0.363841,0.687707,0.135943,0.214043,0.680268
1677110312,628613495,0.438965,0.597309,0.363133,0.688674,0.136828,0.215258,0.678727
1677110312,638778683,0.439013,0.597478,0.362403,0.688685,0.137022,0.214950,0.678775
1677110312,649069162,0.439164,0.597719,0.361710,0.688962,0.136851,0.215286,0.678421
1677110312,658941374,0.439142,0.597745,0.361009,0.688820,0.137589,0.214640,0.678620
1677110312,669041709,0.439187,0.597677,0.360301,0.688169,0.138746,0.214823,0.678988
1677110312,678703845,0.439180,0.597867,0.359653,0.688732,0.139030,0.214487,0.678465
1677110312,688932834,0.439162,0.598037,0.358986,0.689235,0.138799,0.214322,0.678054
1677110312,698711966,0.439143,0.598031,0.358295,0.688585,0.139493,0.214986,0.678361
1677110312,708672238,0.439043,0.598293,0.357619,0.689161,0.139579,0.215545,0.677580
1677110312,718727194,0.439025,0.598280,0.356863,0.689005,0.138894,0.215201,0.677989
1677110312,728524084,0.438910,0.598396,0.356158,0.689023,0.139130,0.215620,0.677790
1677110312,738119264,0.438796,0.598455,0.355429,0.688856,0.139495,0.216043,0.677749
1677110312,748250875,0.438711,0.598699,0.354765,0.689605,0.138618,0.215830,0.677235
1677110312,758515236,0.438630,0.598844,0.354059,0.689461,0.138773,0.216586,0.677109
1677110312,768052020,0.438493,0.598716,0.353339,0.688640,0.139134,0.216201,0.677993
1677110312,777849572,0.438537,0.598909,0.352705,0.688756,0.138388,0.217064,0.677751
1677110312,788203254,0.438269,0.598984,0.351994,0.688763,0.139325,0.216950,0.677589
1677110312,798155149,0.438288,0.598913,0.351326,0.688302,0.138597,0.217356,0.678076
1677110312,809051589,0.438274,0.599043,0.350654,0.688595,0.138078,0.217890,0.677713
1677110312,818702068,0.438074,0.599061,0.349944,0.688757,0.138361,0.217684,0.677557
1677110312,828245415,0.437947,0.599142,0.349242,0.689001,0.138723,0.218053,0.677117
1677110312,838039387,0.437892,0.599176,0.348573,0.689487,0.138431,0.217953,0.676713
1677110312,848894942,0.437824,0.599139,0.347866,0.689569,0.138762,0.218163,0.676494
1677110312,858959857,0.437707,0.598445,0.347111,0.688102,0.138696,0.216655,0.678483
1677110312,868040605,0.437745,0.598559,0.346452,0.688488,0.138179,0.217110,0.678052
1677110312,878456004,0.437694,0.598496,0.345739,0.688203,0.138232,0.216997,0.678367
1677110312,888719520,0.437625,0.598600,0.345082,0.688434,0.138426,0.217503,0.677930
1677110312,898177775,0.437538,0.598795,0.344391,0.689058,0.137955,0.217331,0.677447
1677110312,909461168,0.437414,0.598863,0.343659,0.689058,0.138353,0.217563,0.677291
1677110312,918696744,0.437381,0.598796,0.342887,0.688629,0.138545,0.217982,0.677554
1677110312,928745875,0.437326,0.598762,0.342124,0.688367,0.138966,0.218412,0.677596
1677110312,938841134,0.437205,0.599068,0.341370,0.689567,0.138742,0.218347,0.676441
1677110312,949002003,0.437191,0.598987,0.340552,0.689176,0.138824,0.218362,0.676817
1677110312,958939834,0.437116,0.598947,0.339668,0.688715,0.139530,0.218682,0.677039
1677110312,969125585,0.437169,0.599122,0.338829,0.689036,0.139013,0.219062,0.676696
1677110312,978966228,0.437154,0.599097,0.337874,0.688555,0.138940,0.218676,0.677324
1677110312,988780897,0.437112,0.599279,0.336980,0.688701,0.139355,0.218835,0.677040
1677110312,998455213,0.437101,0.599467,0.336058,0.688899,0.139218,0.218259,0.677052
1677110313,9690077,0.437103,0.599684,0.335091,0.688977,0.139556,0.218368,0.676868
1677110313,18814894,0.437036,0.599729,0.334146,0.688434,0.140352,0.218012,0.677371
1677110313,28507998,0.437184,0.599634,0.333187,0.687356,0.140470,0.217823,0.678500
1677110313,38976349,0.437242,0.599836,0.332326,0.687556,0.140480,0.217641,0.678354
1677110313,48468977,0.437308,0.599938,0.331464,0.687515,0.140508,0.217380,0.678473
1677110313,59063332,0.437328,0.599995,0.330605,0.687528,0.141016,0.217315,0.678376
1677110313,69336367,0.437302,0.600176,0.329819,0.688225,0.141390,0.217334,0.677585
1677110313,78675525,0.437382,0.600275,0.329016,0.688706,0.140974,0.217227,0.677217
1677110313,88573519,0.437413,0.600234,0.328163,0.688479,0.141211,0.217403,0.677342
1677110313,98983846,0.437439,0.600347,0.327338,0.688616,0.141276,0.217461,0.677171
1677110313,109164432,0.437485,0.600448,0.326524,0.688337,0.141635,0.217982,0.677211
1677110313,118591016,0.437510,0.600635,0.325704,0.688103,0.141695,0.218092,0.677401
1677110313,128339416,0.437515,0.600873,0.324899,0.688056,0.141415,0.217806,0.677600
1677110313,138894731,0.437546,0.601114,0.324099,0.687926,0.141453,0.218005,0.677660
1677110313,148418557,0.437557,0.601237,0.323273,0.687456,0.141842,0.217928,0.678080
1677110313,158802931,0.437604,0.601433,0.322483,0.687459,0.141849,0.217765,0.678128
1677110313,168559638,0.437569,0.601721,0.321767,0.687875,0.141994,0.217634,0.677717
1677110313,178548423,0.437675,0.601845,0.321013,0.687436,0.141857,0.217885,0.678111
1677110313,188595031,0.437708,0.602016,0.320225,0.687146,0.142129,0.218194,0.678248
1677110313,198713487,0.437640,0.602341,0.319433,0.687427,0.142499,0.218471,0.677797
1677110313,209004395,0.437779,0.602443,0.318632,0.686832,0.141777,0.218310,0.678603
1677110313,218472047,0.437270,0.603004,0.317746,0.686823,0.145925,0.220035,0.677174
1677110313,228977514,0.437276,0.603221,0.316936,0.686315,0.146005,0.220445,0.677539
1677110313,239090937,0.437248,0.603505,0.316160,0.686153,0.146264,0.221054,0.677449
1677110313,248346960,0.437158,0.603732,0.315362,0.686007,0.146613,0.221204,0.677472
1677110313,259061361,0.437070,0.603885,0.314562,0.685642,0.147130,0.221171,0.677740
1677110313,268945796,0.437076,0.604174,0.313839,0.685819,0.147245,0.221846,0.677315
1677110313,278318770,0.437072,0.604300,0.313060,0.685372,0.147595,0.222160,0.677588
1677110313,289111013,0.437028,0.604549,0.312307,0.685365,0.147901,0.222294,0.677485
1677110313,298749992,0.436986,0.604834,0.311615,0.685291,0.148382,0.222636,0.677343
1677110313,308966128,0.437019,0.604994,0.310947,0.685137,0.148333,0.222639,0.677508
1677110313,319022611,0.436975,0.605232,0.310355,0.685504,0.148592,0.222830,0.677017
1677110313,328371723,0.437025,0.605265,0.309760,0.685305,0.148858,0.223119,0.677064
1677110313,338292254,0.436888,0.605326,0.309185,0.685594,0.149237,0.222772,0.676802
1677110313,348366417,0.436955,0.605349,0.308593,0.685495,0.148900,0.223427,0.676762
1677110313,358481597,0.436799,0.605301,0.307959,0.685127,0.149689,0.223908,0.676801
1677110313,368838162,0.436771,0.605577,0.307406,0.686152,0.148519,0.224076,0.675964
1677110313,378023709,0.436609,0.605572,0.306823,0.685597,0.148963,0.225091,0.676092
1677110313,388072592,0.436342,0.605783,0.306210,0.686082,0.149244,0.225390,0.675439
1677110313,397952441,0.436215,0.605756,0.305547,0.685386,0.149269,0.226347,0.675819
1677110313,407971666,0.436020,0.606001,0.304983,0.685991,0.149089,0.227014,0.675021
1677110313,418330840,0.435952,0.606076,0.304334,0.685405,0.149252,0.228079,0.675221
1677110313,428560752,0.435766,0.606208,0.303677,0.685032,0.149624,0.228555,0.675356
1677110313,438653388,0.435580,0.606474,0.303046,0.685045,0.150073,0.229058,0.675073
1677110313,448729850,0.435412,0.606723,0.302418,0.684750,0.150533,0.229580,0.675093
1677110313,458642315,0.435159,0.606913,0.301779,0.684470,0.151544,0.229564,0.675156
1677110313,468905974,0.434882,0.606956,0.301132,0.683993,0.152977,0.229278,0.675413
1677110313,479472935,0.434720,0.607122,0.300535,0.684135,0.154043,0.229429,0.674975
1677110313,489166967,0.434505,0.607271,0.299879,0.684605,0.155251,0.229197,0.674301
1677110313,498501330,0.434332,0.607348,0.299260,0.685101,0.156466,0.229073,0.673558
1677110313,508852778,0.434191,0.607368,0.298601,0.685404,0.157942,0.228921,0.672956
1677110313,518894358,0.435141,0.607425,0.297814,0.684633,0.152783,0.228830,0.674961
1677110313,528989411,0.435212,0.607723,0.297178,0.685097,0.153213,0.229236,0.674255
1677110313,538327398,0.435309,0.607742,0.296470,0.684433,0.153202,0.228449,0.675198
1677110313,548911441,0.435414,0.607987,0.295798,0.684198,0.153305,0.228580,0.675367
1677110313,558787797,0.435327,0.608272,0.295114,0.684227,0.154525,0.228332,0.675145
1677110313,568501601,0.435274,0.608551,0.294436,0.684316,0.155365,0.227689,0.675078
1677110313,579462697,0.435365,0.608834,0.293753,0.683941,0.155782,0.228475,0.675097
1677110313,588691815,0.435308,0.608926,0.293041,0.683088,0.156877,0.228244,0.675784
1677110313,598687574,0.435433,0.609350,0.292370,0.683414,0.156466,0.228502,0.675464
1677110313,608718074,0.435354,0.609606,0.291712,0.683381,0.157184,0.228310,0.675395
1677110313,618912166,0.435379,0.609758,0.290992,0.683038,0.157432,0.227907,0.675820
1677110313,628697994,0.435473,0.610084,0.290315,0.683267,0.157179,0.227957,0.675630
1677110313,638797754,0.435535,0.610213,0.289644,0.682494,0.157775,0.228036,0.676247
1677110313,649355362,0.435586,0.610431,0.288949,0.682211,0.158071,0.227705,0.676574
1677110313,658865389,0.435658,0.610699,0.288316,0.681768,0.158600,0.227994,0.676800
1677110313,668927547,0.435601,0.610984,0.287721,0.681735,0.159313,0.227603,0.676796
1677110313,678868390,0.435332,0.610729,0.286931,0.679313,0.162455,0.227014,0.678681
1677110313,688730030,0.435422,0.610948,0.286426,0.679335,0.162394,0.227145,0.678629
1677110313,698430199,0.435501,0.611374,0.285957,0.680163,0.162254,0.227602,0.677680
1677110313,709042202,0.435544,0.611627,0.285437,0.680652,0.161949,0.227531,0.677285
1677110313,718879917,0.435594,0.611803,0.284924,0.680781,0.161892,0.227610,0.677142
1677110313,728783929,0.435568,0.612133,0.284428,0.681235,0.161750,0.227620,0.676717
1677110313,738616523,0.435659,0.612343,0.283884,0.681051,0.161366,0.228033,0.676854
1677110313,748744192,0.435659,0.612421,0.283332,0.680399,0.161221,0.227630,0.677679
1677110313,758173828,0.435581,0.612602,0.282730,0.680031,0.161720,0.227516,0.677968
1677110313,767960200,0.435486,0.612950,0.282185,0.680161,0.162105,0.227495,0.677753
1677110313,777970203,0.435535,0.613236,0.281631,0.679905,0.161770,0.227583,0.678060
1677110313,787933011,0.435320,0.613831,0.281044,0.679541,0.164151,0.228936,0.677397
1677110313,797855963,0.435283,0.614128,0.280496,0.679186,0.164549,0.229357,0.677515
1677110313,807898372,0.435260,0.614321,0.279881,0.678383,0.164468,0.229331,0.678347
1677110313,818168577,0.435115,0.614600,0.279243,0.677868,0.165021,0.229326,0.678729
1677110313,828197280,0.435065,0.614925,0.278619,0.677228,0.165025,0.229731,0.679230
1677110313,838118070,0.435081,0.615257,0.277945,0.676427,0.164982,0.230192,0.679881
1677110313,848351491,0.434901,0.615647,0.277269,0.675648,0.165527,0.229921,0.680614
1677110313,858339803,0.434859,0.616055,0.276603,0.674702,0.165631,0.229456,0.681684
1677110313,868389491,0.434805,0.616372,0.275977,0.673400,0.166006,0.229048,0.683016
1677110313,878665691,0.434752,0.616620,0.275370,0.672029,0.166852,0.228826,0.684234
1677110313,888258399,0.435418,0.616967,0.274804,0.670915,0.163499,0.230034,0.685730
1677110313,899177705,0.435155,0.617229,0.274342,0.671392,0.164735,0.229471,0.685156
1677110313,908160213,0.434974,0.617193,0.273884,0.671198,0.165827,0.229234,0.685162
1677110313,918295301,0.434900,0.617280,0.273451,0.671663,0.166043,0.229676,0.684505
1677110313,928568966,0.434673,0.617286,0.273036,0.672027,0.166025,0.229314,0.684273
1677110313,938440171,0.434687,0.617225,0.272604,0.671147,0.165959,0.231053,0.684568
1677110313,948565401,0.434289,0.617291,0.272155,0.671212,0.166449,0.230808,0.684468
1677110313,959049822,0.434053,0.617545,0.271698,0.671675,0.166088,0.231150,0.683986
1677110313,969364623,0.433863,0.617486,0.271209,0.670434,0.166552,0.231694,0.684906
1677110313,978632861,0.433626,0.617735,0.270703,0.670401,0.166323,0.231442,0.685079
1677110313,988989918,0.433525,0.617900,0.270213,0.669532,0.166317,0.231770,0.685819
1677110313,998905659,0.433434,0.618176,0.269755,0.668834,0.166181,0.232623,0.686245
1677110314,8778762,0.433229,0.618433,0.269295,0.668411,0.166786,0.232842,0.686436
1677110314,18470859,0.433177,0.618465,0.268845,0.667659,0.166853,0.232826,0.687156
1677110314,29420739,0.432987,0.618525,0.268388,0.667588,0.167272,0.232800,0.687132
1677110314,38775872,0.432973,0.618678,0.268028,0.668136,0.167097,0.233667,0.686347
1677110314,48823773,0.432772,0.618562,0.267604,0.668259,0.167697,0.233393,0.686175
1677110314,58839021,0.432689,0.618491,0.267166,0.668199,0.167488,0.233790,0.686149
1677110314,68803718,0.432597,0.618466,0.266707,0.668098,0.167103,0.234167,0.686212
1677110314,78348742,0.432471,0.618550,0.266214,0.667887,0.167028,0.234759,0.686234
1677110314,89365382,0.432306,0.618663,0.265693,0.667754,0.166797,0.234760,0.686419
1677110314,98781073,0.432211,0.618730,0.265128,0.666932,0.166912,0.234867,0.687154
1677110314,108787326,0.431812,0.619367,0.264573,0.668498,0.166674,0.233620,0.686114
1677110314,118182443,0.431721,0.619570,0.264039,0.668110,0.167285,0.233535,0.686372
1677110314,128449515,0.431891,0.619574,0.263536,0.666772,0.166987,0.233806,0.687652
1677110314,138914540,0.431895,0.619681,0.263039,0.666390,0.167631,0.233715,0.687896
1677110314,148875997,0.431901,0.619721,0.262547,0.665944,0.168100,0.233450,0.688304
1677110314,159026369,0.431879,0.619762,0.262086,0.665586,0.168651,0.233171,0.688610
1677110314,168727062,0.431901,0.619768,0.261622,0.664974,0.169033,0.233232,0.689086
1677110314,178615756,0.431903,0.620002,0.261137,0.664931,0.168911,0.233557,0.689048
1677110314,189379947,0.431826,0.620172,0.260627,0.664442,0.169133,0.233330,0.689542
1677110314,198657153,0.431783,0.620482,0.260093,0.663909,0.169387,0.233550,0.689918
1677110314,208591239,0.431664,0.620824,0.259501,0.662796,0.169843,0.233488,0.690897
1677110314,219079054,0.431701,0.621150,0.258905,0.661324,0.169963,0.233709,0.692202
1677110314,229210252,0.431669,0.621701,0.258333,0.660355,0.170114,0.233465,0.693172
1677110314,238817751,0.431606,0.622088,0.257797,0.658760,0.170831,0.232969,0.694678
1677110314,248821634,0.431540,0.622499,0.257268,0.657511,0.172006,0.232583,0.695700
1677110314,258845099,0.431513,0.622990,0.256851,0.656880,0.172987,0.232611,0.696043
1677110314,268920500,0.431570,0.623186,0.256464,0.655417,0.173676,0.232360,0.697333
1677110314,278432647,0.431547,0.623621,0.256158,0.655500,0.174121,0.232203,0.697197
1677110314,289081376,0.431500,0.623881,0.255850,0.655272,0.174806,0.232001,0.697307
1677110314,298689980,0.431574,0.624066,0.255563,0.654925,0.174830,0.232585,0.697432
1677110314,309290154,0.431528,0.624348,0.255218,0.654886,0.174726,0.232698,0.697458
1677110314,319325542,0.431431,0.624579,0.254789,0.653908,0.174930,0.232553,0.698371
1677110314,328830654,0.431187,0.624956,0.254338,0.652689,0.174404,0.231187,0.700095
1677110314,338901496,0.430828,0.625488,0.253843,0.651178,0.176651,0.231464,0.700846
1677110314,349365545,0.430731,0.626184,0.253334,0.649605,0.178022,0.232149,0.701732
1677110314,359102145,0.431162,0.626788,0.252786,0.646686,0.176316,0.232276,0.704810
1677110314,369058473,0.431147,0.627548,0.252296,0.644674,0.177180,0.231834,0.706580
1677110314,378355715,0.431039,0.628391,0.251828,0.643178,0.178647,0.231460,0.707696
1677110314,389253836,0.430962,0.628898,0.251347,0.640254,0.181116,0.230954,0.709882
1677110314,399298293,0.431076,0.629823,0.251057,0.639312,0.181899,0.232499,0.710027
1677110314,408866957,0.430925,0.630659,0.250735,0.638616,0.181134,0.229539,0.711809
1677110314,418890037,0.430792,0.631338,0.250407,0.637087,0.181808,0.229031,0.713170
1677110314,428499064,0.430784,0.631976,0.250085,0.635162,0.181817,0.229293,0.714798
1677110314,438807528,0.430687,0.632660,0.249825,0.633491,0.181959,0.229617,0.716140
1677110314,449191574,0.431060,0.633352,0.249522,0.631377,0.178475,0.229743,0.718838
1677110314,458832057,0.430785,0.633973,0.249308,0.629347,0.180124,0.230986,0.719808
1677110314,468631377,0.430345,0.634960,0.248966,0.627517,0.183176,0.232376,0.720187
1677110314,478451347,0.430068,0.635845,0.248703,0.627170,0.182772,0.231825,0.720770
1677110314,488808089,0.430047,0.636109,0.248518,0.623175,0.182556,0.232723,0.723993
1677110314,498422382,0.429886,0.636617,0.248300,0.620590,0.182854,0.233203,0.725981
1677110314,508216839,0.429653,0.637349,0.248084,0.619390,0.183186,0.233583,0.726800
1677110314,518659505,0.429502,0.637936,0.247945,0.618335,0.183129,0.233933,0.727599
1677110314,529071701,0.429233,0.638512,0.247805,0.618098,0.183678,0.234159,0.727590
1677110314,538264305,0.429069,0.638899,0.247668,0.616941,0.184334,0.234973,0.728143
1677110314,548578998,0.428913,0.639320,0.247519,0.616176,0.184596,0.235646,0.728507
1677110314,558634575,0.428567,0.639894,0.247302,0.615926,0.185017,0.235808,0.728560
1677110314,568779082,0.428457,0.640448,0.247030,0.615043,0.184795,0.237114,0.728937
1677110314,578933706,0.428299,0.640786,0.246714,0.612934,0.184781,0.237608,0.730555
1677110314,588942518,0.428110,0.641472,0.246422,0.611804,0.184656,0.238324,0.731300
1677110314,598069618,0.427827,0.642187,0.246011,0.610794,0.184811,0.238465,0.732059
1677110314,608242819,0.427754,0.642701,0.245648,0.608560,0.184643,0.239019,0.733779
1677110314,618548031,0.427699,0.643264,0.245296,0.607185,0.184805,0.239687,0.734658
1677110314,629114370,0.427596,0.643801,0.245007,0.606330,0.184973,0.239819,0.735279
1677110314,638933449,0.427342,0.644266,0.244758,0.605768,0.185868,0.239637,0.735576
1677110314,648850182,0.427316,0.644532,0.244522,0.604812,0.186194,0.239923,0.736187
1677110314,658967346,0.427131,0.644994,0.244306,0.604859,0.187028,0.240457,0.735763
1677110314,668881912,0.427122,0.645270,0.244078,0.604433,0.186443,0.240761,0.736161
1677110314,678557860,0.427033,0.645424,0.243884,0.603712,0.186026,0.240798,0.736847
1677110314,688973940,0.427038,0.645573,0.243633,0.602681,0.185372,0.241333,0.737680
1677110314,698855591,0.427036,0.645818,0.243359,0.601935,0.184623,0.241874,0.738299
1677110314,708850639,0.426818,0.646049,0.243125,0.601937,0.184727,0.241378,0.738434
1677110314,718757876,0.426762,0.646309,0.242872,0.601834,0.184147,0.241424,0.738647
1677110314,728290539,0.426815,0.646431,0.242647,0.600952,0.183796,0.242042,0.739250
1677110314,738295451,0.426843,0.646621,0.242374,0.600104,0.183608,0.242269,0.739912
1677110314,748389161,0.426813,0.646851,0.242087,0.599417,0.182966,0.242020,0.740708
1677110314,758403324,0.426764,0.647364,0.241768,0.599552,0.182016,0.241981,0.740846
1677110314,769291371,0.426600,0.647657,0.241382,0.598276,0.182022,0.241325,0.742089
1677110314,778805461,0.426616,0.648075,0.240966,0.596423,0.181063,0.241489,0.743759
1677110314,788997164,0.426352,0.648754,0.240401,0.594872,0.181297,0.240902,0.745134
1677110314,798492248,0.425974,0.649780,0.239786,0.593280,0.181231,0.239208,0.746963
1677110314,808674849,0.425993,0.650360,0.239340,0.589457,0.181455,0.240422,0.749541
1677110314,818514025,0.425936,0.651341,0.238858,0.587263,0.181849,0.241644,0.750774
1677110314,828947455,0.425747,0.652195,0.238465,0.585536,0.182219,0.240892,0.752273
1677110314,838753967,0.425612,0.652918,0.238184,0.584154,0.182478,0.240294,0.753475
1677110314,849061353,0.425532,0.653705,0.237946,0.583401,0.182709,0.240443,0.753955
1677110314,859119227,0.425391,0.654343,0.237774,0.582504,0.182705,0.240033,0.754780
1677110314,868803884,0.425229,0.655142,0.237570,0.582447,0.181947,0.239777,0.755088
1677110314,878578295,0.424812,0.656043,0.237283,0.582373,0.182322,0.239272,0.755215
1677110314,889437178,0.424676,0.656782,0.237049,0.582111,0.180769,0.238559,0.756016
1677110314,898729851,0.424430,0.657657,0.236786,0.581776,0.179695,0.238024,0.756697
1677110314,909006049,0.424146,0.658513,0.236489,0.580899,0.179401,0.237416,0.757631
1677110314,918551496,0.423920,0.659559,0.236132,0.580076,0.179320,0.237465,0.758265
1677110314,928548989,0.424401,0.659907,0.236061,0.573714,0.179215,0.241079,0.761981
1677110314,938260315,0.424001,0.660764,0.235776,0.571545,0.178087,0.239044,0.764512
1677110314,948726812,0.423872,0.661866,0.235464,0.569791,0.177353,0.239672,0.765795
1677110314,958885299,0.423590,0.662622,0.235244,0.567190,0.177840,0.239312,0.767722
1677110314,968626847,0.423478,0.663624,0.235023,0.565799,0.177617,0.240142,0.768541
1677110314,978851037,0.423086,0.664398,0.234828,0.564528,0.177708,0.239132,0.769769
1677110314,989094355,0.422887,0.665327,0.234644,0.563658,0.176988,0.239462,0.770469
1677110314,998892888,0.422708,0.666155,0.234510,0.562223,0.176462,0.240339,0.771365
1677110315,8543822,0.422494,0.666796,0.234411,0.559984,0.176100,0.240687,0.772966
1677110315,18937221,0.422234,0.667593,0.234225,0.558462,0.175607,0.241244,0.774005
1677110315,28781767,0.421900,0.668350,0.234053,0.556603,0.175650,0.241668,0.775201
1677110315,38782718,0.421688,0.669020,0.233907,0.553907,0.175466,0.242336,0.776963
1677110315,49080481,0.421439,0.670041,0.233670,0.553028,0.174132,0.242900,0.777713
1677110315,58817896,0.421210,0.670762,0.233515,0.550878,0.174065,0.243107,0.779188
1677110315,69192541,0.420849,0.671409,0.233342,0.548847,0.174179,0.242267,0.780856
1677110315,78712024,0.420440,0.672670,0.233090,0.548604,0.175203,0.243787,0.780324
1677110315,88904139,0.420107,0.673339,0.232934,0.546403,0.175660,0.243620,0.781816
1677110315,98508085,0.419826,0.674160,0.232803,0.544913,0.175770,0.244092,0.782684
1677110315,108459349,0.419728,0.674865,0.232699,0.542971,0.175393,0.245137,0.783791
1677110315,119102594,0.419468,0.675522,0.232634,0.541255,0.175282,0.245507,0.784886
1677110315,128704508,0.419197,0.676204,0.232567,0.540407,0.174774,0.245585,0.785559
1677110315,138374809,0.418974,0.676826,0.232513,0.539370,0.174602,0.246194,0.786119
1677110315,148694583,0.418711,0.677369,0.232454,0.537951,0.174711,0.246878,0.786852
1677110315,158672400,0.418540,0.677915,0.232403,0.536257,0.174109,0.247687,0.787887
1677110315,169000485,0.418124,0.678645,0.232204,0.535499,0.173890,0.247621,0.788471
1677110315,179307980,0.417812,0.679203,0.232064,0.532984,0.174071,0.248335,0.789910
1677110315,188987080,0.417635,0.679884,0.231963,0.531212,0.173355,0.249179,0.790994
1677110315,198884831,0.417368,0.680580,0.231815,0.530328,0.172537,0.249511,0.791661
1677110315,208905742,0.417270,0.680918,0.231760,0.528303,0.172135,0.249964,0.792959
1677110315,218401806,0.416998,0.681296,0.231716,0.527412,0.172142,0.249808,0.793599
1677110315,228933835,0.416924,0.681621,0.231761,0.526450,0.171463,0.250347,0.794215
1677110315,239004421,0.416694,0.681984,0.231733,0.526663,0.171377,0.250390,0.794079
1677110315,249005129,0.416662,0.682138,0.231762,0.525644,0.170835,0.251232,0.794605
1677110315,258370562,0.416545,0.682355,0.231685,0.525032,0.169914,0.251481,0.795128
1677110315,268643409,0.416417,0.682573,0.231585,0.523712,0.169445,0.252314,0.795834
1677110315,278177192,0.416058,0.683134,0.231192,0.524036,0.168950,0.252443,0.795686
1677110315,289006228,0.415916,0.683248,0.230934,0.521380,0.168454,0.252931,0.797378
1677110315,298566356,0.415677,0.683733,0.230506,0.520770,0.167685,0.253264,0.797833
1677110315,308931409,0.415355,0.683924,0.230074,0.519265,0.168181,0.252664,0.798899
1677110315,319054015,0.415233,0.684212,0.229713,0.517938,0.167862,0.252881,0.799759
1677110315,329134349,0.415010,0.684627,0.229252,0.517527,0.167554,0.252655,0.800160
1677110315,338881723,0.415012,0.684651,0.228971,0.514310,0.167301,0.253239,0.802101
1677110315,348414141,0.414842,0.685308,0.228451,0.514173,0.167967,0.254895,0.801525
1677110315,358481047,0.414635,0.685387,0.227970,0.512633,0.167990,0.254152,0.802741
1677110315,367924784,0.414430,0.685502,0.227538,0.511421,0.167321,0.253443,0.803877
1677110315,378763897,0.414477,0.685528,0.227224,0.509084,0.166256,0.253904,0.805435
1677110315,388802112,0.414311,0.685755,0.226814,0.508475,0.164662,0.254009,0.806114
1677110315,398236033,0.414169,0.685911,0.226457,0.507448,0.163676,0.254137,0.806921
1677110315,409114704,0.413866,0.685986,0.226148,0.506544,0.162868,0.253270,0.807924
1677110315,418843662,0.413727,0.685993,0.225913,0.505238,0.162160,0.253620,0.808774
1677110315,429096944,0.413606,0.685927,0.225715,0.504488,0.160935,0.253690,0.809464
1677110315,438762686,0.413470,0.685899,0.225538,0.504345,0.159798,0.253768,0.809755
1677110315,448863812,0.413200,0.685852,0.225312,0.504586,0.159032,0.253264,0.809913
1677110315,458437401,0.412958,0.686037,0.225016,0.505003,0.157913,0.253218,0.809887
1677110315,469039140,0.412735,0.686099,0.224718,0.504115,0.156990,0.253194,0.810626
1677110315,478679544,0.412426,0.686250,0.224345,0.502799,0.156421,0.253222,0.811545
1677110315,488623957,0.412104,0.686477,0.223882,0.501062,0.156090,0.253485,0.812600
1677110315,499173180,0.411692,0.686874,0.223285,0.500292,0.155819,0.253271,0.813193
1677110315,509303443,0.411563,0.687112,0.222790,0.498095,0.154881,0.253946,0.814509
1677110315,518867049,0.411329,0.687274,0.222338,0.495767,0.154560,0.253714,0.816061
1677110315,528758148,0.411344,0.687604,0.221805,0.494033,0.153440,0.254834,0.816974
1677110315,538968437,0.411183,0.687867,0.221327,0.492283,0.152948,0.254725,0.818156
1677110315,548887046,0.410793,0.688216,0.220757,0.491555,0.152934,0.253704,0.818913
1677110315,559076151,0.410416,0.688604,0.220193,0.491022,0.153448,0.252893,0.819388
1677110315,568972844,0.410225,0.688947,0.219706,0.489913,0.153596,0.253127,0.819951
1677110315,578496652,0.409953,0.689172,0.219238,0.488409,0.153795,0.253045,0.820836
1677110315,588724894,0.409369,0.689375,0.218747,0.487475,0.154430,0.251120,0.821863
1677110315,598689127,0.408953,0.689889,0.218135,0.487691,0.156523,0.251451,0.821237
1677110315,609075023,0.409590,0.690182,0.217854,0.485290,0.154319,0.256530,0.821506
1677110315,619028766,0.408766,0.689933,0.217692,0.484280,0.153405,0.252063,0.823653
1677110315,628429904,0.408308,0.690287,0.217231,0.484742,0.153208,0.251552,0.823574
1677110315,639097208,0.407785,0.690726,0.216609,0.484898,0.152466,0.250641,0.823898
1677110315,648431917,0.407807,0.690916,0.216319,0.481493,0.151792,0.252684,0.825394
1677110315,659009953,0.407670,0.691244,0.215877,0.478745,0.151015,0.253774,0.826799
1677110315,668676388,0.408065,0.691767,0.215434,0.475030,0.151331,0.259061,0.827244
1677110315,679028057,0.407835,0.692207,0.215012,0.473758,0.150902,0.259741,0.827839
1677110315,689552124,0.406960,0.692513,0.214627,0.474221,0.152043,0.256584,0.828349
1677110315,698849250,0.406510,0.692723,0.214390,0.474014,0.152351,0.255115,0.828864
1677110315,708775545,0.406363,0.692847,0.214297,0.473306,0.150353,0.254832,0.829720
1677110315,718909671,0.406131,0.693122,0.214028,0.472267,0.151722,0.255873,0.829743
1677110315,729145107,0.405961,0.693028,0.214050,0.470214,0.149499,0.255564,0.831406
1677110315,738319783,0.405539,0.693543,0.213617,0.470477,0.150747,0.256268,0.830815
1677110315,748826918,0.405234,0.693626,0.213369,0.468446,0.150801,0.256669,0.831828
1677110315,758608386,0.405155,0.693877,0.213222,0.466459,0.148312,0.257899,0.833011
1677110315,768586518,0.404907,0.694321,0.212841,0.464828,0.148136,0.258989,0.833616
1677110315,778487603,0.404437,0.694783,0.212322,0.463697,0.149663,0.259198,0.833908
1677110315,789074131,0.404316,0.695008,0.212158,0.462035,0.147883,0.259654,0.835006
1677110315,798423919,0.403926,0.695199,0.211911,0.461012,0.148618,0.258927,0.835665
1677110315,808891440,0.403671,0.695512,0.211621,0.460312,0.149625,0.259549,0.835679
1677110315,818912051,0.404065,0.695658,0.211585,0.457575,0.147321,0.262844,0.836561
1677110315,828764783,0.403094,0.695917,0.211161,0.457878,0.148809,0.259224,0.837261
1677110315,838999804,0.403482,0.696380,0.210913,0.455884,0.147009,0.263582,0.837307
1677110315,848668039,0.403113,0.696512,0.210681,0.453814,0.148045,0.263956,0.838131
1677110315,859208785,0.402405,0.696887,0.210289,0.454951,0.148277,0.261464,0.838254
1677110315,868918609,0.402265,0.697011,0.210147,0.453710,0.147917,0.262075,0.838799
1677110315,878539617,0.402298,0.697217,0.209980,0.452890,0.147347,0.264477,0.838589
1677110315,889122929,0.401642,0.697311,0.209817,0.453347,0.147720,0.261803,0.839115
1677110315,898591242,0.401485,0.697405,0.209738,0.452921,0.147161,0.262414,0.839253
1677110315,908563428,0.401120,0.697607,0.209471,0.453210,0.148558,0.262661,0.838773
1677110315,918836809,0.401731,0.697582,0.209588,0.451710,0.144637,0.266590,0.839028
1677110315,928620068,0.400772,0.697453,0.209398,0.453498,0.145787,0.262385,0.839190
1677110315,938256979,0.400959,0.697387,0.209382,0.453353,0.144668,0.264418,0.838824
1677110315,948542975,0.400659,0.696486,0.209498,0.450358,0.145560,0.262911,0.840754
1677110315,959106498,0.400522,0.697051,0.209137,0.454024,0.144654,0.264272,0.838509
1677110315,968959869,0.400402,0.696994,0.208918,0.453685,0.144330,0.264675,0.838621
1677110315,977824074,0.400116,0.697042,0.208490,0.453241,0.144153,0.264568,0.838926
1677110315,988694372,0.399809,0.697176,0.208014,0.452103,0.144111,0.264748,0.839490
1677110315,998421200,0.399591,0.697087,0.207598,0.449432,0.144252,0.265308,0.840722
1677110316,8659491,0.399241,0.697121,0.207125,0.447666,0.144546,0.265414,0.841580
1677110316,18494726,0.398973,0.697136,0.206689,0.446187,0.144175,0.265533,0.842392
1677110316,28848931,0.398666,0.696871,0.206326,0.444237,0.143859,0.264755,0.843719
1677110316,38946114,0.398441,0.697335,0.205861,0.446022,0.143111,0.266206,0.842448
1677110316,48894728,0.398181,0.697362,0.205570,0.446476,0.143275,0.267206,0.841862
1677110316,58691853,0.398029,0.697308,0.205309,0.447183,0.142405,0.268025,0.841375
1677110316,68966513,0.397769,0.697202,0.205101,0.447709,0.141843,0.268715,0.840969
1677110316,78904770,0.397528,0.697184,0.204795,0.448065,0.141011,0.269334,0.840721
1677110316,89105471,0.397253,0.697167,0.204449,0.447240,0.140133,0.270362,0.840978
1677110316,98812237,0.396837,0.697112,0.204025,0.445929,0.139758,0.270654,0.841642
1677110316,109099891,0.396506,0.697204,0.203602,0.444863,0.138762,0.271273,0.842171
1677110316,118993305,0.395955,0.696445,0.203368,0.440859,0.139488,0.269449,0.844739
1677110316,129064706,0.395878,0.696424,0.203131,0.439538,0.138743,0.270869,0.845096
1677110316,138638761,0.395572,0.697258,0.202514,0.443421,0.137725,0.272572,0.842683
1677110316,148416898,0.395270,0.696764,0.202334,0.440636,0.138202,0.271955,0.844264
1677110316,159343461,0.395007,0.696703,0.202010,0.439736,0.137543,0.271914,0.844853
1677110316,168360465,0.394649,0.696770,0.201605,0.438989,0.137707,0.272005,0.845186
1677110316,179188146,0.394420,0.697034,0.201178,0.438844,0.137211,0.272759,0.845099
1677110316,189072570,0.394158,0.697072,0.200851,0.437940,0.137171,0.272902,0.845528
1677110316,198850092,0.394008,0.697634,0.200440,0.439702,0.136762,0.274695,0.844097
1677110316,208665743,0.393653,0.697446,0.200152,0.438908,0.137358,0.273924,0.844665
1677110316,218751335,0.393548,0.697367,0.199974,0.437776,0.136989,0.274573,0.845101
1677110316,228966702,0.393358,0.697405,0.199720,0.437332,0.136658,0.275073,0.845222
1677110316,239186536,0.393127,0.697601,0.199334,0.437439,0.136752,0.276002,0.844848
1677110316,248892646,0.392800,0.697648,0.198937,0.437091,0.136691,0.275879,0.845079
1677110316,259147608,0.392603,0.698302,0.198413,0.439443,0.136290,0.277667,0.843336
1677110316,269062887,0.392384,0.697781,0.198306,0.436695,0.136598,0.276636,0.845051
1677110316,278789770,0.392240,0.697834,0.198010,0.436922,0.136100,0.276683,0.844998
1677110316,288874547,0.392098,0.697878,0.197734,0.437118,0.136266,0.277024,0.844759
1677110316,299370085,0.392180,0.698697,0.197336,0.440549,0.134979,0.279507,0.842362
1677110316,308713407,0.392107,0.698524,0.197212,0.439277,0.135411,0.279793,0.842862
1677110316,318805582,0.391841,0.698440,0.196907,0.438852,0.136350,0.279390,0.843065
1677110316,329024602,0.391725,0.698568,0.196553,0.438615,0.136937,0.280021,0.842884
1677110316,339147701,0.391456,0.698180,0.196314,0.436606,0.137815,0.278689,0.844224
1677110316,348873821,0.391483,0.698180,0.196063,0.435305,0.137867,0.279494,0.844621
1677110316,359013412,0.391233,0.698128,0.195745,0.434616,0.138691,0.278762,0.845083
1677110316,368756979,0.391262,0.699103,0.195115,0.437898,0.137775,0.280928,0.842819
1677110316,378693946,0.391171,0.699163,0.194822,0.436123,0.138430,0.281485,0.843445
1677110316,388289524,0.390872,0.698768,0.194527,0.432389,0.139632,0.280035,0.845649
1677110316,398227903,0.390926,0.699735,0.193921,0.434517,0.138821,0.282687,0.843808
1677110316,409405983,0.390800,0.699886,0.193567,0.433201,0.139124,0.283255,0.844244
1677110316,419452548,0.390440,0.699194,0.193362,0.429148,0.140515,0.281242,0.846753
1677110316,428929880,0.390254,0.699291,0.193026,0.428631,0.140454,0.281248,0.847023
1677110316,438780873,0.390040,0.699363,0.192736,0.427883,0.141341,0.281736,0.847091
1677110316,449206199,0.389825,0.699549,0.192367,0.428433,0.141395,0.281919,0.846743
1677110316,458992691,0.389772,0.700075,0.192010,0.429985,0.140816,0.283517,0.845519
1677110316,468776040,0.389640,0.700141,0.191742,0.429721,0.141263,0.284032,0.845405
1677110316,478688094,0.389520,0.699563,0.191745,0.426896,0.141772,0.282908,0.847127
1677110316,488993805,0.389415,0.699581,0.191567,0.427074,0.141839,0.282892,0.847031
1677110316,499165306,0.389395,0.699677,0.191380,0.427005,0.141570,0.283377,0.846949
1677110316,508904517,0.389461,0.700276,0.191091,0.428667,0.140754,0.285173,0.845641
1677110316,519208076,0.389372,0.700411,0.190814,0.428796,0.140597,0.285127,0.845618
1677110316,529163064,0.389265,0.700506,0.190567,0.428479,0.140905,0.285252,0.845685
1677110316,539065220,0.389188,0.700669,0.190271,0.428939,0.140748,0.285334,0.845450
1677110316,548422694,0.389136,0.700467,0.190123,0.427655,0.141109,0.285068,0.846130
1677110316,558847854,0.389127,0.700368,0.189953,0.426974,0.141299,0.285026,0.846456
1677110316,569013010,0.389028,0.700320,0.189717,0.426936,0.141614,0.284622,0.846559
1677110316,578767411,0.388963,0.700432,0.189443,0.427619,0.141682,0.284589,0.846213
1677110316,588990566,0.389078,0.700540,0.189237,0.427765,0.141079,0.285120,0.846062
1677110316,598613471,0.389122,0.700556,0.189050,0.427585,0.140743,0.285051,0.846232
1677110316,608491865,0.389114,0.700565,0.188814,0.427428,0.140997,0.284748,0.846371
1677110316,618806250,0.389005,0.699870,0.188699,0.424717,0.141582,0.282144,0.848508
1677110316,628812379,0.389015,0.699906,0.188469,0.424545,0.141693,0.281722,0.848715
1677110316,639092578,0.389117,0.700016,0.188238,0.424108,0.141910,0.281940,0.848825
1677110316,648573482,0.389011,0.700280,0.187793,0.425465,0.142161,0.281144,0.848368
1677110316,659118589,0.389112,0.700326,0.187638,0.425035,0.141964,0.281149,0.848615
1677110316,668518254,0.389166,0.700335,0.187509,0.425015,0.142155,0.280960,0.848656
1677110316,678447031,0.389268,0.700304,0.187449,0.425052,0.142147,0.280996,0.848626
1677110316,688633503,0.389348,0.700157,0.187449,0.425026,0.141876,0.280799,0.848750
1677110316,698454611,0.389370,0.700109,0.187380,0.425464,0.141674,0.280851,0.848547
1677110316,708553112,0.389387,0.699990,0.187328,0.425020,0.141137,0.280698,0.848909
1677110316,718472697,0.389347,0.700110,0.187087,0.425078,0.141161,0.281403,0.848643
1677110316,728525374,0.389181,0.700472,0.186601,0.426168,0.141308,0.281963,0.847885
1677110316,737821672,0.389240,0.700921,0.186284,0.426377,0.141027,0.283914,0.847176
1677110316,748152291,0.388660,0.701186,0.185472,0.428407,0.143309,0.281954,0.846423
1677110316,758875614,0.388698,0.701326,0.185230,0.427970,0.143511,0.282577,0.846402
1677110316,768744942,0.388575,0.701550,0.184863,0.429037,0.143948,0.282341,0.845866
1677110316,778146135,0.388640,0.701610,0.184622,0.428850,0.144213,0.282320,0.845923
1677110316,788975307,0.388653,0.701723,0.184374,0.429214,0.144036,0.281820,0.845935
1677110316,799272738,0.388667,0.702556,0.183881,0.432423,0.144084,0.283128,0.843854
1677110316,809250008,0.388700,0.702036,0.183831,0.429098,0.144814,0.281520,0.845961
1677110316,818720424,0.388812,0.702164,0.183626,0.428445,0.144975,0.281881,0.846144
1677110316,828435643,0.388887,0.702268,0.183401,0.428342,0.145117,0.281997,0.846133
1677110316,838717561,0.388906,0.702249,0.183227,0.427976,0.145414,0.281726,0.846358
1677110316,848998053,0.389057,0.703151,0.182757,0.432298,0.144596,0.283506,0.843703
1677110316,859111285,0.388929,0.702450,0.182722,0.429599,0.145822,0.281235,0.845629
1677110316,868731034,0.388978,0.702965,0.182391,0.431820,0.145525,0.282337,0.844180
1677110316,878109710,0.389039,0.703023,0.182196,0.431897,0.145491,0.282327,0.844150
1677110316,888574055,0.389112,0.703009,0.182029,0.431764,0.145447,0.282232,0.844257
1677110316,898743437,0.389228,0.703178,0.181821,0.432638,0.145074,0.282305,0.843850
1677110316,909121745,0.389274,0.702632,0.181808,0.430801,0.145479,0.280844,0.845206
1677110316,918772221,0.389475,0.703217,0.181550,0.434144,0.144575,0.282161,0.843209
1677110316,928822960,0.389594,0.703338,0.181339,0.435597,0.144384,0.282219,0.842473
1677110316,939353575,0.389504,0.702981,0.181252,0.435270,0.145180,0.280672,0.843022
1677110316,948835551,0.389639,0.703048,0.181067,0.436251,0.144558,0.280603,0.842645
1677110316,959276352,0.389723,0.703143,0.180837,0.436917,0.144420,0.280742,0.842277
1677110316,969122626,0.389691,0.703230,0.180514,0.437741,0.144470,0.280227,0.842012
1677110316,979274576,0.389622,0.703205,0.180174,0.437957,0.145113,0.279862,0.841911
1677110316,988678576,0.389721,0.703022,0.179997,0.437114,0.145366,0.279953,0.842275
1677110316,998964040,0.389752,0.702966,0.179754,0.438092,0.144766,0.279385,0.842058
1677110317,8736115,0.389812,0.703048,0.179491,0.439637,0.144620,0.279328,0.841297
1677110317,18676836,0.389898,0.702922,0.179279,0.440228,0.145074,0.279361,0.840898
1677110317,28689809,0.390076,0.702719,0.179170,0.440449,0.144730,0.279459,0.840810
1677110317,38939398,0.389947,0.702446,0.178953,0.441391,0.144907,0.277886,0.840806
1677110317,48799213,0.390100,0.702386,0.178735,0.442659,0.145230,0.278548,0.839864
1677110317,58633116,0.390225,0.702075,0.178625,0.443703,0.144846,0.277908,0.839592
1677110317,68982262,0.390311,0.701774,0.178496,0.445275,0.145473,0.277525,0.838778
1677110317,78692196,0.390403,0.701343,0.178378,0.446486,0.145795,0.276616,0.838378
1677110317,88433291,0.390500,0.701080,0.178214,0.448535,0.145761,0.276054,0.837475
1677110317,98756300,0.390678,0.700641,0.178128,0.448776,0.145704,0.275643,0.837491
1677110317,109046523,0.390687,0.700405,0.177802,0.450375,0.146015,0.275036,0.836778
1677110317,118760648,0.390766,0.700288,0.177395,0.451641,0.145759,0.275111,0.836116
1677110317,127984962,0.390687,0.699855,0.177016,0.451269,0.146181,0.274002,0.836606
1677110317,138556543,0.390664,0.699870,0.176386,0.452990,0.146336,0.273986,0.835654
1677110317,148626113,0.390613,0.699591,0.175816,0.453578,0.146761,0.273331,0.835475
1677110317,159013641,0.390720,0.699346,0.175296,0.454336,0.147020,0.273099,0.835093
1677110317,169251368,0.390759,0.699098,0.174957,0.458264,0.147403,0.271837,0.833289
1677110317,178360533,0.391159,0.698369,0.175055,0.461811,0.148082,0.271085,0.831454
1677110317,188927778,0.391414,0.697833,0.175020,0.466764,0.148231,0.269684,0.829113
1677110317,198585518,0.391448,0.697405,0.174729,0.470534,0.148900,0.268273,0.827319
1677110317,208567475,0.391377,0.696999,0.174313,0.473735,0.149591,0.266923,0.825802
1677110317,218837765,0.391348,0.696476,0.174010,0.477014,0.150440,0.265883,0.824094
1677110317,229143052,0.391389,0.695947,0.173834,0.481161,0.151484,0.265196,0.821710
1677110317,238930503,0.391408,0.695571,0.173573,0.486384,0.151703,0.264524,0.818807
1677110317,248447474,0.391267,0.695066,0.173240,0.490478,0.152608,0.263150,0.816636
1677110317,258952627,0.391307,0.694801,0.172908,0.494470,0.152452,0.263084,0.814276
1677110317,268873957,0.391181,0.694234,0.172604,0.498022,0.152712,0.261287,0.812639
1677110317,278675247,0.391147,0.693884,0.172288,0.503295,0.152738,0.260048,0.809778
1677110317,289075888,0.391195,0.693336,0.172000,0.507870,0.152708,0.258371,0.807461
1677110317,298727085,0.391177,0.693130,0.171600,0.513583,0.152393,0.256228,0.804584
1677110317,308922301,0.391167,0.692733,0.171233,0.517966,0.152259,0.253563,0.802642
1677110317,318935270,0.391120,0.692568,0.170851,0.523260,0.152405,0.250586,0.800111
1677110317,328976752,0.391207,0.692479,0.170509,0.528241,0.152223,0.248169,0.797623
1677110317,338809962,0.391152,0.692378,0.170132,0.532407,0.152401,0.245070,0.795775
1677110317,348660510,0.390999,0.692503,0.169697,0.537011,0.152045,0.242033,0.793676
1677110317,358959500,0.390793,0.692748,0.169281,0.541934,0.151975,0.239788,0.791020
1677110317,368760096,0.390611,0.692631,0.168854,0.545972,0.152062,0.237172,0.789013
1677110317,378503184,0.390313,0.692698,0.168334,0.551248,0.151915,0.234326,0.786218
1677110317,389200503,0.390110,0.692621,0.167752,0.555459,0.151490,0.231844,0.784069
1677110317,398371941,0.390002,0.692603,0.167145,0.560111,0.150505,0.229253,0.781708
1677110317,408693276,0.389908,0.692365,0.166564,0.564662,0.150217,0.225909,0.779459
1677110317,418776473,0.390077,0.692195,0.165971,0.569525,0.149537,0.222666,0.776981
1677110317,428906040,0.390284,0.691985,0.165405,0.573789,0.149233,0.218548,0.775069
1677110317,438968261,0.390360,0.692186,0.164739,0.579252,0.149520,0.213945,0.772229
1677110317,448515162,0.390613,0.692138,0.164245,0.583268,0.149148,0.208713,0.770709
1677110317,458847280,0.390909,0.692174,0.163767,0.587309,0.148810,0.203811,0.769016
1677110317,468795821,0.391241,0.692313,0.163262,0.591327,0.147895,0.199530,0.767234
1677110317,478035461,0.391447,0.692236,0.162776,0.594170,0.146949,0.194908,0.766407
1677110317,488047961,0.391634,0.692167,0.162342,0.597083,0.146122,0.191212,0.765231
1677110317,498565573,0.391848,0.691992,0.161926,0.600364,0.144344,0.187832,0.763837
1677110317,508253504,0.392004,0.691872,0.161506,0.604651,0.141902,0.184173,0.761802
1677110317,518519330,0.392051,0.691545,0.161009,0.607768,0.139313,0.180071,0.760779
1677110317,528974911,0.392135,0.691398,0.160437,0.611432,0.136656,0.176978,0.759049
1677110317,538406167,0.392268,0.691091,0.159834,0.614713,0.134170,0.173572,0.757628
1677110317,548396581,0.392299,0.690924,0.159300,0.618560,0.132185,0.170293,0.755587
1677110317,558905361,0.392348,0.690779,0.158771,0.622040,0.129710,0.166492,0.754004
1677110317,568721519,0.392390,0.690844,0.158263,0.624916,0.127221,0.163464,0.752711
1677110317,579016254,0.392301,0.691013,0.157795,0.627907,0.124753,0.159952,0.751388
1677110317,588651252,0.392143,0.691322,0.157343,0.631429,0.122604,0.156985,0.749414
1677110317,599212798,0.391997,0.691539,0.156896,0.634083,0.120782,0.154537,0.747976
1677110317,608758340,0.391722,0.691906,0.156400,0.636847,0.118825,0.151907,0.746479
1677110317,618988490,0.391541,0.692127,0.155909,0.639064,0.116813,0.149865,0.745314
1677110317,628706201,0.391446,0.692301,0.155485,0.642098,0.114595,0.147468,0.743526
1677110317,639155053,0.391387,0.692327,0.155103,0.645229,0.112660,0.144171,0.741756
1677110317,649039398,0.391517,0.692250,0.154788,0.647782,0.110456,0.140190,0.740625
1677110317,659249810,0.391805,0.692139,0.154542,0.650251,0.107761,0.135493,0.739731
1677110317,668276369,0.392135,0.692132,0.154401,0.653215,0.105501,0.130826,0.738285
1677110317,677966620,0.392659,0.691987,0.154329,0.655091,0.103166,0.127135,0.737597
1677110317,687980887,0.392901,0.691994,0.154206,0.656963,0.101669,0.122540,0.736918
1677110317,697737521,0.393197,0.692039,0.154091,0.658098,0.099649,0.118705,0.736808
1677110317,707910356,0.393490,0.692231,0.154103,0.658752,0.097148,0.115716,0.737033
1677110317,718480164,0.393493,0.692589,0.154210,0.659462,0.095485,0.112185,0.737161
1677110317,728988855,0.393723,0.693015,0.154383,0.659827,0.092863,0.111088,0.737336
1677110317,738481924,0.393604,0.693265,0.154538,0.659738,0.091309,0.109340,0.737871
1677110317,749110843,0.393498,0.693434,0.154698,0.659618,0.089430,0.107957,0.738411
1677110317,758553090,0.393394,0.693616,0.154874,0.659669,0.088291,0.107656,0.738547
1677110317,768513728,0.393306,0.693774,0.155057,0.660659,0.084870,0.105884,0.738319
1677110317,778225094,0.393355,0.693808,0.155278,0.661291,0.079152,0.103231,0.738764
1677110317,788497142,0.393230,0.693996,0.155364,0.661199,0.075765,0.101218,0.739480
1677110317,798248196,0.393126,0.694436,0.155352,0.661342,0.073590,0.100007,0.739737
1677110317,808595403,0.393143,0.694462,0.155398,0.661099,0.071611,0.098972,0.740287
1677110317,818920364,0.393227,0.694481,0.155505,0.662124,0.068888,0.097133,0.739873
1677110317,829198323,0.393330,0.694469,0.155659,0.663238,0.065677,0.095102,0.739430
1677110317,838970314,0.393344,0.694572,0.155698,0.664388,0.062875,0.093014,0.738907
1677110317,849368509,0.393397,0.694582,0.155713,0.664990,0.061662,0.092391,0.738546
1677110317,858638149,0.393316,0.694470,0.155739,0.665257,0.061505,0.092000,0.738367
1677110317,868796404,0.393291,0.694340,0.155737,0.666362,0.058754,0.090435,0.737788
1677110317,878514081,0.393273,0.694148,0.155758,0.667892,0.054200,0.088281,0.737014
1677110317,888116226,0.393320,0.694042,0.155657,0.669055,0.052180,0.088333,0.736098
1677110317,898085725,0.393210,0.693896,0.155457,0.670442,0.051703,0.088234,0.734880
1677110317,907958809,0.393318,0.693426,0.155253,0.671363,0.050253,0.088064,0.734160
1677110317,918045205,0.393372,0.692872,0.155077,0.673782,0.047192,0.085432,0.732457
1677110317,928013557,0.393731,0.692379,0.155000,0.677129,0.042660,0.082870,0.729937
1677110317,938165145,0.393991,0.691799,0.154883,0.680308,0.040745,0.080392,0.727364
1677110317,948186562,0.394402,0.691217,0.154775,0.683437,0.039329,0.077592,0.724808
1677110317,958676352,0.394937,0.690609,0.154643,0.686298,0.037843,0.074407,0.722514
1677110317,968534763,0.395634,0.689972,0.154537,0.688484,0.036570,0.071123,0.720829
1677110317,978424473,0.396286,0.689597,0.154448,0.690912,0.036061,0.067069,0.718917
1677110317,988607360,0.397011,0.689096,0.154283,0.692104,0.036221,0.063299,0.718104
1677110317,998436483,0.397794,0.688921,0.154127,0.694034,0.037180,0.060176,0.716459
1677110318,8624596,0.398585,0.688614,0.153933,0.695154,0.038081,0.056855,0.715597
1677110318,18455421,0.399334,0.688356,0.153743,0.696471,0.039315,0.053456,0.714511
1677110318,28784097,0.400230,0.687971,0.153597,0.697742,0.038568,0.049633,0.713586
1677110318,39089068,0.400932,0.687539,0.153492,0.700129,0.038146,0.044787,0.711588
1677110318,48861973,0.401731,0.686863,0.153418,0.702405,0.037827,0.040167,0.709636
1677110318,58554992,0.402550,0.686244,0.153307,0.705308,0.038764,0.036515,0.706898
1677110318,68542574,0.403424,0.685615,0.153144,0.707501,0.039690,0.033013,0.704824
1677110318,78856440,0.404330,0.685061,0.152971,0.709093,0.041136,0.029892,0.703279
1677110318,89116694,0.405139,0.684546,0.152793,0.710096,0.042597,0.026147,0.702328
1677110318,99108376,0.405895,0.684223,0.152684,0.711558,0.043968,0.022557,0.700888
1677110318,108861054,0.406578,0.683914,0.152579,0.712942,0.045045,0.018896,0.699519
1677110318,118935382,0.407243,0.683353,0.152555,0.713716,0.045590,0.015877,0.698770
1677110318,128870541,0.407904,0.683054,0.152607,0.715950,0.044949,0.012974,0.696582
1677110318,138709854,0.408381,0.682493,0.152718,0.717545,0.045400,0.010902,0.694946
1677110318,148875606,0.408775,0.681948,0.152872,0.719507,0.045163,0.008555,0.692962
1677110318,159000834,0.408995,0.681405,0.152989,0.721498,0.045348,0.006635,0.690898
1677110318,169283881,0.409312,0.680778,0.153106,0.723500,0.044679,0.005979,0.688851
1677110318,178909094,0.409494,0.680313,0.153284,0.726107,0.044097,0.005284,0.686146
1677110318,189106634,0.409587,0.679606,0.153489,0.727688,0.043494,0.004815,0.684511
1677110318,198692450,0.409538,0.679022,0.153744,0.729296,0.042890,0.003862,0.682842
1677110318,208345474,0.409509,0.678546,0.154025,0.731522,0.042285,0.004104,0.680493
1677110318,218571583,0.409484,0.678028,0.154413,0.733920,0.041224,0.004375,0.677970
1677110318,228792865,0.409457,0.677507,0.154873,0.735960,0.040609,0.005154,0.675786
1677110318,238825861,0.409312,0.676955,0.155364,0.737752,0.040138,0.005237,0.673858
1677110318,248630719,0.409271,0.676562,0.155921,0.740253,0.039373,0.006078,0.671147
1677110318,258866846,0.409066,0.676031,0.156460,0.742077,0.039700,0.006068,0.669111
1677110318,268537524,0.408994,0.675644,0.157016,0.744159,0.039594,0.006475,0.666797
1677110318,278243756,0.408963,0.675274,0.157657,0.746211,0.039141,0.006556,0.664525
1677110318,289321394,0.409064,0.674896,0.158321,0.747936,0.038635,0.007166,0.662607
1677110318,298563002,0.408892,0.674317,0.159035,0.749150,0.039668,0.006879,0.661176
1677110318,309361491,0.409016,0.673943,0.159891,0.751648,0.039237,0.006916,0.658360
1677110318,319123905,0.409030,0.673387,0.160809,0.753876,0.039458,0.006777,0.655796
1677110318,328820521,0.409141,0.672746,0.161790,0.756598,0.039374,0.006600,0.652661
1677110318,338336308,0.409243,0.671977,0.162844,0.759080,0.039477,0.006533,0.649766
1677110318,348341501,0.409378,0.671225,0.164020,0.761859,0.039566,0.006796,0.646498
1677110318,359132445,0.409507,0.670381,0.165252,0.763998,0.039644,0.006658,0.643966
1677110318,368872942,0.409618,0.669623,0.166573,0.766093,0.039632,0.006499,0.641474
1677110318,378317813,0.409804,0.669111,0.168088,0.769037,0.039170,0.006184,0.637974
1677110318,389783336,0.409973,0.668470,0.169688,0.771531,0.038905,0.006434,0.634968
1677110318,399038040,0.410113,0.667599,0.171429,0.773263,0.038950,0.006721,0.632852
1677110318,409182669,0.410171,0.666779,0.173299,0.775621,0.039201,0.006436,0.629947
1677110318,418739599,0.410329,0.665955,0.175346,0.778079,0.039231,0.006757,0.626903
1677110318,428583908,0.410470,0.665051,0.177522,0.780716,0.039175,0.007132,0.623616
1677110318,438844097,0.410573,0.664084,0.179856,0.783161,0.039156,0.007667,0.620537
1677110318,448963213,0.410715,0.663067,0.182364,0.785550,0.038609,0.008018,0.617540
1677110318,458762726,0.410831,0.662087,0.185003,0.787849,0.037834,0.008728,0.614643
1677110318,469612285,0.410983,0.661193,0.187826,0.790298,0.036534,0.009631,0.611556
1677110318,478734216,0.410939,0.660114,0.190630,0.791872,0.035967,0.010267,0.609541
1677110318,488842559,0.410949,0.659130,0.193594,0.793591,0.035183,0.012180,0.607311
1677110318,498511394,0.410960,0.658238,0.196662,0.795125,0.033817,0.014034,0.605339
1677110318,509089340,0.410764,0.657471,0.199824,0.796825,0.032822,0.015293,0.603124
1677110318,518804211,0.410605,0.656604,0.203012,0.798142,0.031539,0.017139,0.601399
1677110318,528890986,0.410439,0.655711,0.206143,0.798898,0.030242,0.019825,0.600378
1677110318,539392918,0.410128,0.654880,0.209302,0.799706,0.028931,0.021374,0.599313
1677110318,548716732,0.409248,0.653656,0.212229,0.798727,0.030390,0.021875,0.600528
1677110318,559200727,0.409736,0.653611,0.215784,0.801849,0.025485,0.025989,0.596417
1677110318,568111299,0.409648,0.652968,0.218945,0.802682,0.023155,0.028404,0.595281
1677110318,578434785,0.409331,0.652244,0.222017,0.803140,0.022053,0.030209,0.594616
1677110318,588470689,0.409102,0.651649,0.225103,0.804089,0.020808,0.032134,0.593275
1677110318,597906028,0.408933,0.651110,0.228161,0.805271,0.019868,0.034205,0.591585
1677110318,608201363,0.408741,0.650523,0.231159,0.806245,0.019206,0.035820,0.590184
1677110318,618803068,0.408646,0.649814,0.234041,0.806398,0.018335,0.037457,0.589901
1677110318,628886265,0.408107,0.648979,0.236593,0.805423,0.020210,0.036966,0.591202
1677110318,639055452,0.408595,0.649085,0.239765,0.807840,0.016496,0.039833,0.587822
1677110318,648833365,0.408770,0.648986,0.242545,0.808860,0.015374,0.041600,0.586326
1677110318,658463722,0.408813,0.647825,0.244965,0.806191,0.013042,0.041183,0.590077
1677110318,669005818,0.408293,0.647620,0.247744,0.807114,0.015611,0.042041,0.588690
1677110318,678683683,0.408354,0.647358,0.250414,0.807617,0.014406,0.042732,0.587981
1677110318,688810602,0.408219,0.646937,0.252957,0.807381,0.014523,0.043545,0.588243
1677110318,698424233,0.408185,0.646609,0.255513,0.807637,0.013831,0.044252,0.587855
1677110318,709138524,0.408230,0.646334,0.258027,0.808029,0.013086,0.045556,0.587233
1677110318,718856942,0.407975,0.646025,0.260464,0.808536,0.013495,0.045767,0.586508
1677110318,728390744,0.407994,0.645700,0.262889,0.808829,0.013013,0.047332,0.585991
1677110318,738606786,0.407794,0.645488,0.265323,0.809491,0.013207,0.047806,0.585034
1677110318,748908087,0.407780,0.645118,0.267658,0.809547,0.012279,0.048977,0.584879
1677110318,758772813,0.407683,0.644832,0.269943,0.809750,0.011872,0.050336,0.584491
1677110318,768843195,0.408243,0.644183,0.272032,0.809009,0.007092,0.051205,0.585519
1677110318,778989673,0.407635,0.644273,0.274393,0.810220,0.008231,0.051012,0.583843
1677110318,788502897,0.407483,0.644182,0.276527,0.810329,0.007709,0.052272,0.583588
1677110318,798614145,0.407537,0.644214,0.278546,0.810310,0.006325,0.053894,0.583484
1677110318,808975277,0.407873,0.644701,0.280639,0.811457,0.003101,0.055353,0.581776
1677110318,818658523,0.407016,0.643915,0.282510,0.809090,0.006609,0.055706,0.585001
1677110318,828117871,0.406863,0.643794,0.284383,0.808651,0.006328,0.056330,0.585551
1677110318,838577063,0.406864,0.643759,0.286269,0.808827,0.005849,0.057763,0.585174
1677110318,848854560,0.406796,0.643575,0.288014,0.808641,0.005552,0.058246,0.585386
1677110318,859231679,0.406829,0.643559,0.289799,0.809227,0.005517,0.059492,0.584450
1677110318,869103433,0.406791,0.643465,0.291399,0.809368,0.005560,0.059326,0.584272
1677110318,878421343,0.406895,0.643303,0.292929,0.808991,0.005979,0.060381,0.584681
1677110318,888144038,0.406941,0.643402,0.294478,0.809523,0.006070,0.059819,0.584001
1677110318,898527645,0.407198,0.643485,0.295907,0.809659,0.005808,0.059788,0.583818
1677110318,908505103,0.407387,0.643612,0.297328,0.809978,0.005866,0.059784,0.583376
1677110318,919077337,0.407615,0.643717,0.298580,0.810246,0.005885,0.059551,0.583027
1677110318,929004430,0.407647,0.643785,0.299761,0.810195,0.007103,0.059405,0.583100
1677110318,939041048,0.407689,0.643669,0.300780,0.809305,0.008419,0.059137,0.584343
1677110318,948504743,0.407606,0.643769,0.301784,0.808985,0.009900,0.058334,0.584844
1677110318,959233908,0.407588,0.643719,0.302698,0.808173,0.011195,0.058082,0.585967
1677110318,968946498,0.406790,0.644045,0.303540,0.807919,0.017741,0.058798,0.586085
1677110318,978506351,0.406461,0.643838,0.304303,0.806749,0.020564,0.059001,0.587581
1677110318,989658768,0.408385,0.644448,0.306196,0.810781,0.007695,0.060015,0.582214
1677110318,998819568,0.408307,0.644570,0.307162,0.811037,0.008313,0.060387,0.581811
1677110319,9748213,0.408469,0.644713,0.308085,0.811213,0.007177,0.061215,0.581494
1677110319,19435011,0.408335,0.644731,0.308889,0.810907,0.007074,0.060485,0.581998
1677110319,29227780,0.408360,0.644862,0.309766,0.810706,0.006672,0.060999,0.582228
1677110319,38955579,0.408302,0.645081,0.310570,0.810650,0.006870,0.061418,0.582260
1677110319,49389432,0.408296,0.645183,0.311311,0.810397,0.006680,0.061253,0.582632
1677110319,58530680,0.408385,0.645326,0.312085,0.810668,0.006045,0.061448,0.582242
1677110319,68872889,0.408341,0.645413,0.312766,0.810814,0.006451,0.061614,0.582015
1677110319,79432420,0.407615,0.645754,0.313260,0.810864,0.012355,0.062877,0.581715
1677110319,89392005,0.407574,0.645821,0.313873,0.811004,0.013327,0.063514,0.581430
1677110319,98921093,0.407638,0.646001,0.314526,0.811389,0.013238,0.063661,0.580878
1677110319,108372989,0.407568,0.646220,0.315021,0.811218,0.014180,0.063539,0.581109
1677110319,118801904,0.407759,0.646391,0.315507,0.810651,0.013337,0.063662,0.581905
1677110319,128737893,0.407769,0.646707,0.315996,0.810598,0.013702,0.062907,0.582054
1677110319,138837515,0.407884,0.646839,0.316440,0.810054,0.013694,0.063238,0.582774
1677110319,149273337,0.407989,0.647015,0.316903,0.810182,0.013305,0.062625,0.582671
1677110319,159495121,0.407966,0.646965,0.317235,0.809963,0.013756,0.062219,0.583010
1677110319,168624791,0.407991,0.646940,0.317580,0.810073,0.014150,0.062141,0.582855
1677110319,177952790,0.408078,0.647006,0.317996,0.810705,0.014318,0.062741,0.581907
1677110319,188614623,0.408132,0.647039,0.318331,0.810912,0.014357,0.062585,0.581634
1677110319,198746906,0.408113,0.647138,0.318633,0.810792,0.015126,0.062501,0.581791
1677110319,208569050,0.408106,0.647250,0.318891,0.810329,0.015108,0.061819,0.582509
1677110319,218908993,0.408105,0.647565,0.319205,0.810275,0.015209,0.062303,0.582530
1677110319,229053651,0.408076,0.647716,0.319415,0.809688,0.015321,0.062027,0.583372
1677110319,238322352,0.407994,0.647846,0.319675,0.809409,0.015586,0.061883,0.583767
1677110319,249058300,0.408039,0.647956,0.319945,0.809399,0.014960,0.062448,0.583738
1677110319,259078806,0.407822,0.647975,0.320074,0.809254,0.015486,0.062252,0.583946
1677110319,268492616,0.407863,0.648045,0.320310,0.809533,0.014498,0.062808,0.583525
1677110319,278966642,0.408255,0.646996,0.320285,0.806444,0.010787,0.063356,0.587807
1677110319,288941213,0.407953,0.647208,0.320485,0.807255,0.011659,0.063770,0.586631
1677110319,299561831,0.407749,0.647211,0.320596,0.807317,0.012010,0.064222,0.586490
1677110319,309398489,0.407598,0.647379,0.320771,0.807928,0.012069,0.064786,0.585585
1677110319,319113338,0.407308,0.647428,0.320816,0.807925,0.012830,0.064940,0.585555
