secs,nsecs,tx,ty,tz,rx,ry,rz,rw
1677109550,878921858,0.345902,0.544825,0.497698,0.586690,-0.195715,-0.192234,0.761929
1677109550,889172373,0.345959,0.544738,0.497679,0.587207,-0.195053,-0.192297,0.761685
1677109550,899649391,0.345874,0.544507,0.497681,0.586894,-0.194476,-0.192810,0.761944
1677109550,909623059,0.345870,0.544595,0.497666,0.587851,-0.194287,-0.193095,0.761183
1677109550,919133781,0.345895,0.544517,0.497699,0.587985,-0.194842,-0.192740,0.761027
1677109550,929573569,0.345784,0.544549,0.497682,0.588409,-0.194803,-0.192318,0.760815
1677109550,939967823,0.345461,0.544696,0.497596,0.588792,-0.194235,-0.192292,0.760671
1677109550,949716908,0.345398,0.544603,0.497522,0.588238,-0.195426,-0.190971,0.761128
1677109550,959684527,0.345067,0.544680,0.497426,0.587884,-0.195706,-0.190442,0.761462
1677109550,970019655,0.344887,0.544750,0.497227,0.587582,-0.196125,-0.189203,0.761895
1677109550,980050295,0.344769,0.544999,0.496984,0.588267,-0.197015,-0.188380,0.761341
1677109550,989958637,0.344572,0.544978,0.496737,0.587892,-0.197499,-0.187695,0.761675
1677109550,999735315,0.344355,0.544933,0.496445,0.587571,-0.197765,-0.187312,0.761947
1677109551,9678022,0.344378,0.544904,0.496125,0.587864,-0.198502,-0.186331,0.761770
1677109551,19911737,0.344316,0.544769,0.495770,0.587651,-0.198945,-0.186392,0.761804
1677109551,29903129,0.344335,0.544789,0.495353,0.588065,-0.198529,-0.186426,0.761585
1677109551,40015848,0.344409,0.544648,0.494914,0.587804,-0.198465,-0.186750,0.761723
1677109551,49170165,0.344396,0.544558,0.494326,0.587350,-0.196621,-0.187630,0.762335
1677109551,59682890,0.344752,0.544517,0.493882,0.587673,-0.197068,-0.187520,0.761998
1677109551,69618417,0.344974,0.544408,0.493423,0.587443,-0.196882,-0.187780,0.762159
1677109551,79364692,0.345271,0.544268,0.492939,0.587260,-0.197189,-0.187883,0.762196
1677109551,89772284,0.345602,0.544158,0.492398,0.587405,-0.197623,-0.187832,0.761984
1677109551,99420200,0.345690,0.543968,0.491867,0.586942,-0.197566,-0.188419,0.762211
1677109551,109827203,0.345934,0.543780,0.491378,0.586940,-0.198120,-0.187739,0.762236
1677109551,119810876,0.345836,0.543588,0.490848,0.586659,-0.197648,-0.187994,0.762512
1677109551,129506380,0.345963,0.543447,0.490363,0.586810,-0.198545,-0.187169,0.762366
1677109551,139345096,0.345731,0.543307,0.489880,0.586764,-0.198557,-0.187216,0.762387
1677109551,149933641,0.345514,0.543241,0.489363,0.587037,-0.198536,-0.186503,0.762357
1677109551,159861966,0.345519,0.543116,0.488873,0.587281,-0.200060,-0.185179,0.762093
1677109551,169873703,0.345330,0.543050,0.488344,0.587259,-0.200622,-0.184289,0.762178
1677109551,179883706,0.344589,0.543050,0.487839,0.586832,-0.199171,-0.184841,0.762754
1677109551,189923077,0.344554,0.543003,0.487274,0.586580,-0.199902,-0.183616,0.763052
1677109551,199960992,0.344637,0.543076,0.486690,0.586573,-0.200774,-0.182269,0.763151
1677109551,209755835,0.344613,0.543139,0.486082,0.586158,-0.201289,-0.181641,0.763484
1677109551,219626295,0.344723,0.543304,0.485460,0.586094,-0.201885,-0.180990,0.763531
1677109551,229635012,0.344692,0.543403,0.484831,0.585626,-0.201214,-0.180797,0.764113
1677109551,239737063,0.344800,0.543409,0.484226,0.585038,-0.201154,-0.180504,0.764647
1677109551,249706922,0.344767,0.543493,0.483619,0.584546,-0.200288,-0.181559,0.765001
1677109551,259682576,0.344758,0.543593,0.482926,0.584340,-0.197861,-0.181769,0.765740
1677109551,268991635,0.344933,0.543640,0.482376,0.584557,-0.197491,-0.181928,0.765632
1677109551,279366831,0.345079,0.543528,0.481882,0.584294,-0.197331,-0.182247,0.765798
1677109551,289399677,0.345179,0.543435,0.481358,0.584157,-0.196946,-0.183006,0.765821
1677109551,299020185,0.345182,0.543261,0.480841,0.583889,-0.196200,-0.183969,0.765986
1677109551,309404203,0.345392,0.543186,0.480305,0.584412,-0.196087,-0.184130,0.765577
1677109551,319556146,0.345427,0.543067,0.479767,0.584617,-0.195781,-0.184933,0.765305
1677109551,329063309,0.345531,0.542797,0.479234,0.584488,-0.195679,-0.185009,0.765411
1677109551,339286436,0.345676,0.542666,0.478677,0.584770,-0.195722,-0.185041,0.765177
1677109551,349572203,0.345675,0.542456,0.478157,0.584629,-0.195744,-0.185860,0.765082
1677109551,359860340,0.345725,0.542235,0.477616,0.584732,-0.195288,-0.186235,0.765028
1677109551,369765809,0.345826,0.542103,0.477106,0.585245,-0.194962,-0.186403,0.764678
1677109551,379584003,0.345866,0.541851,0.476596,0.585100,-0.194836,-0.187105,0.764649
1677109551,389754024,0.345899,0.541679,0.476080,0.585226,-0.194422,-0.187716,0.764509
1677109551,399682863,0.346021,0.541446,0.475526,0.585326,-0.194148,-0.187845,0.764470
1677109551,409694668,0.346579,0.541780,0.474789,0.588369,-0.194210,-0.187020,0.762317
1677109551,419574058,0.346498,0.541397,0.474332,0.587334,-0.193824,-0.188235,0.762915
1677109551,429116201,0.346547,0.540977,0.473849,0.586582,-0.193159,-0.188327,0.763639
1677109551,439213875,0.346464,0.540630,0.473349,0.585869,-0.192453,-0.189746,0.764013
1677109551,449560831,0.346686,0.540404,0.472845,0.585992,-0.192845,-0.189908,0.763780
1677109551,458923060,0.346678,0.540101,0.472355,0.585573,-0.191967,-0.190883,0.764079
1677109551,469389773,0.346757,0.539949,0.471837,0.585904,-0.191082,-0.191616,0.763863
1677109551,479789249,0.346903,0.539813,0.471351,0.586324,-0.191211,-0.192536,0.763278
1677109551,489777694,0.346991,0.539498,0.470872,0.586064,-0.190368,-0.192655,0.763658
1677109551,500019897,0.347108,0.539235,0.470409,0.586017,-0.190599,-0.193759,0.763357
1677109551,509813901,0.347282,0.539013,0.470000,0.586333,-0.190609,-0.194132,0.763016
1677109551,520172009,0.347272,0.538718,0.469644,0.586589,-0.189696,-0.194714,0.762900
1677109551,529057252,0.347489,0.538501,0.469280,0.587275,-0.190026,-0.194876,0.762248
1677109551,539306600,0.347419,0.538225,0.468920,0.587541,-0.189130,-0.195703,0.762054
1677109551,549146541,0.347438,0.537919,0.468577,0.587744,-0.189115,-0.196271,0.761755
1677109551,559133037,0.347494,0.537753,0.468202,0.588398,-0.189201,-0.196987,0.761044
1677109551,569234862,0.347670,0.537650,0.467871,0.589446,-0.189167,-0.196798,0.760289
1677109551,579727968,0.348159,0.537561,0.467474,0.590131,-0.189577,-0.195766,0.759922
1677109551,590187665,0.348331,0.537485,0.467139,0.590566,-0.189941,-0.195571,0.759543
1677109551,600068895,0.348424,0.537407,0.466738,0.590559,-0.189820,-0.195785,0.759524
1677109551,609687169,0.348490,0.537438,0.466356,0.590618,-0.189586,-0.196198,0.759430
1677109551,620389513,0.348652,0.537428,0.466038,0.590586,-0.190093,-0.196179,0.759333
1677109551,630036405,0.348766,0.537435,0.465616,0.590574,-0.190321,-0.196332,0.759246
1677109551,639777403,0.348683,0.537512,0.465200,0.590835,-0.189377,-0.196791,0.759160
1677109551,649517626,0.348794,0.537505,0.464760,0.591153,-0.189016,-0.196266,0.759138
1677109551,660101651,0.349170,0.537118,0.464308,0.589847,-0.191089,-0.195970,0.759711
1677109551,669428764,0.349118,0.537218,0.463888,0.590432,-0.190140,-0.196335,0.759401
1677109551,679054486,0.349170,0.537296,0.463405,0.590865,-0.189674,-0.196658,0.759097
1677109551,689314431,0.349400,0.537488,0.462845,0.591871,-0.189437,-0.196197,0.758491
1677109551,699699793,0.349415,0.537587,0.462279,0.592068,-0.188392,-0.196213,0.758594
1677109551,709247776,0.349442,0.537642,0.461692,0.591699,-0.187717,-0.196716,0.758918
1677109551,719604092,0.349571,0.537645,0.461083,0.591194,-0.187676,-0.196680,0.759332
1677109551,729652935,0.349661,0.537792,0.460400,0.591431,-0.187193,-0.196801,0.759235
1677109551,739707994,0.349701,0.537788,0.459711,0.591089,-0.186763,-0.196790,0.759610
1677109551,749673556,0.349737,0.537865,0.459017,0.591236,-0.186756,-0.197007,0.759441
1677109551,759711625,0.349853,0.537850,0.458296,0.591312,-0.187163,-0.196719,0.759356
1677109551,769834269,0.349952,0.537788,0.457603,0.591226,-0.188045,-0.196464,0.759271
1677109551,779509992,0.349537,0.537606,0.456906,0.590402,-0.187819,-0.197570,0.759681
1677109551,790132370,0.349551,0.537501,0.456152,0.590273,-0.188256,-0.197110,0.759792
1677109551,799994505,0.349810,0.537933,0.455179,0.592855,-0.188180,-0.195850,0.758125
1677109551,809472383,0.349826,0.537865,0.454373,0.593077,-0.188900,-0.195768,0.757794
1677109551,819461235,0.349683,0.537648,0.453629,0.592689,-0.188508,-0.195388,0.758293
1677109551,829997135,0.349632,0.537483,0.452876,0.592806,-0.188644,-0.195437,0.758155
1677109551,840083813,0.349644,0.537224,0.452086,0.593009,-0.188889,-0.195050,0.758035
1677109551,849732519,0.349593,0.537001,0.451308,0.593421,-0.188514,-0.194959,0.757829
1677109551,859668841,0.349631,0.536814,0.450463,0.594194,-0.188215,-0.194912,0.757310
1677109551,869276683,0.349598,0.536503,0.449632,0.594394,-0.187705,-0.195614,0.757098
1677109551,879807224,0.349866,0.536236,0.448755,0.594895,-0.187879,-0.195359,0.756727
1677109551,889713975,0.349930,0.535977,0.447819,0.595205,-0.187053,-0.196268,0.756453
1677109551,899402573,0.350113,0.535780,0.446888,0.595516,-0.186402,-0.197292,0.756102
1677109551,909729460,0.350478,0.535541,0.445976,0.595949,-0.185402,-0.197383,0.755983
1677109551,919654275,0.350730,0.535340,0.445057,0.596474,-0.184129,-0.198382,0.755619
1677109551,929692952,0.350953,0.534945,0.444179,0.596237,-0.183278,-0.199545,0.755707
1677109551,939217509,0.351208,0.534672,0.443280,0.596796,-0.182503,-0.200808,0.755118
1677109551,950112956,0.351374,0.534433,0.442408,0.597589,-0.181326,-0.201972,0.754464
1677109551,959596604,0.351963,0.534096,0.441566,0.598431,-0.181295,-0.201330,0.753975
1677109551,969475476,0.352147,0.533841,0.440745,0.599172,-0.180207,-0.201902,0.753495
1677109551,979782121,0.352413,0.533615,0.439933,0.599988,-0.180053,-0.202016,0.752851
1677109551,989840259,0.352545,0.533552,0.439085,0.600980,-0.179401,-0.202683,0.752036
1677109552,82291,0.352718,0.533347,0.438281,0.601041,-0.179068,-0.202714,0.752058
1677109552,10144316,0.352842,0.533263,0.437456,0.601462,-0.178388,-0.202459,0.751952
1677109552,19624193,0.352882,0.533298,0.436630,0.601827,-0.177708,-0.202956,0.751687
1677109552,29708357,0.353029,0.533380,0.435797,0.602332,-0.177422,-0.202868,0.751374
1677109552,40086536,0.353150,0.533298,0.434988,0.601893,-0.176774,-0.202332,0.752022
1677109552,49562577,0.353325,0.533337,0.434176,0.601880,-0.177103,-0.202325,0.751957
1677109552,59463944,0.353398,0.533464,0.433343,0.602234,-0.176459,-0.202419,0.751800
1677109552,69626256,0.353485,0.533540,0.432530,0.602434,-0.175456,-0.202337,0.751896
1677109552,79545904,0.353722,0.533563,0.431763,0.602748,-0.175168,-0.201844,0.751844
1677109552,89655427,0.353887,0.533531,0.431007,0.602894,-0.174527,-0.201667,0.751923
1677109552,99616165,0.353997,0.533433,0.430257,0.602806,-0.174154,-0.201912,0.752015
1677109552,109786128,0.354161,0.533471,0.429440,0.603568,-0.173574,-0.202539,0.751370
1677109552,119911368,0.354456,0.533347,0.428658,0.603944,-0.173159,-0.202403,0.751200
1677109552,129815549,0.354603,0.533289,0.427895,0.604353,-0.172316,-0.203112,0.750873
1677109552,139745817,0.354951,0.533118,0.427122,0.604627,-0.172179,-0.203124,0.750681
1677109552,149994393,0.355197,0.533048,0.426348,0.605032,-0.171564,-0.203639,0.750356
1677109552,160006940,0.355368,0.532864,0.425587,0.604957,-0.170909,-0.204442,0.750347
1677109552,169397782,0.355594,0.532756,0.424816,0.605378,-0.170488,-0.205315,0.749864
1677109552,179479128,0.355788,0.532518,0.424089,0.605394,-0.169387,-0.205400,0.750078
1677109552,189972344,0.356021,0.532543,0.423327,0.606499,-0.168724,-0.205937,0.749188
1677109552,198914535,0.356256,0.532385,0.422612,0.606868,-0.168580,-0.206417,0.748789
1677109552,209053164,0.356416,0.532236,0.421918,0.607393,-0.167841,-0.206691,0.748453
1677109552,219562926,0.356528,0.532021,0.421207,0.607436,-0.166914,-0.207125,0.748505
1677109552,229614192,0.356625,0.531888,0.420506,0.607807,-0.165832,-0.207371,0.748377
1677109552,240473971,0.356787,0.531759,0.419813,0.608356,-0.165771,-0.207915,0.747793
1677109552,249381001,0.357004,0.531529,0.419121,0.608452,-0.166039,-0.207925,0.747652
1677109552,259503335,0.357194,0.531514,0.418440,0.609327,-0.165801,-0.208156,0.746928
1677109552,269538218,0.357300,0.531297,0.417742,0.609273,-0.165138,-0.208444,0.747038
1677109552,279438479,0.357475,0.531358,0.417035,0.610342,-0.164676,-0.208790,0.746171
1677109552,290045759,0.357671,0.531179,0.416344,0.610342,-0.164572,-0.208551,0.746261
1677109552,299358809,0.357932,0.530820,0.415632,0.609526,-0.165739,-0.209464,0.746413
1677109552,309839460,0.357973,0.530733,0.414977,0.609768,-0.164873,-0.209763,0.746324
1677109552,319232834,0.358144,0.530746,0.414310,0.610547,-0.164397,-0.209914,0.745750
1677109552,329433230,0.358322,0.530602,0.413614,0.610835,-0.164056,-0.209569,0.745686
1677109552,339076161,0.358435,0.530610,0.412922,0.611533,-0.163952,-0.210200,0.744959
1677109552,349034796,0.358669,0.530522,0.412214,0.611897,-0.163984,-0.209777,0.744771
1677109552,359658443,0.358704,0.530432,0.411459,0.611954,-0.163250,-0.210398,0.744711
1677109552,369453892,0.358852,0.530451,0.410681,0.612382,-0.162973,-0.210647,0.744349
1677109552,379218497,0.359068,0.530486,0.409897,0.612835,-0.162624,-0.210697,0.744039
1677109552,389898113,0.359227,0.530442,0.409110,0.612954,-0.162203,-0.210912,0.743971
1677109552,400017095,0.359483,0.530335,0.408282,0.613097,-0.161860,-0.210634,0.744007
1677109552,409886521,0.359526,0.530250,0.407457,0.613014,-0.161163,-0.211574,0.743961
1677109552,420136084,0.359840,0.530312,0.406585,0.614050,-0.161366,-0.211688,0.743028
1677109552,429976170,0.360064,0.530261,0.405706,0.614588,-0.160923,-0.212050,0.742577
1677109552,439812449,0.360210,0.530138,0.404820,0.614604,-0.160003,-0.212458,0.742646
1677109552,449493494,0.360629,0.530114,0.403905,0.615302,-0.159859,-0.212149,0.742187
1677109552,459805429,0.360792,0.530130,0.402968,0.615511,-0.158545,-0.212920,0.742075
1677109552,469785901,0.361106,0.530198,0.402033,0.615828,-0.157754,-0.213398,0.741843
1677109552,479679578,0.361463,0.530199,0.401109,0.615696,-0.156766,-0.213770,0.742054
1677109552,490283826,0.361890,0.530286,0.400152,0.615877,-0.156278,-0.213972,0.741949
1677109552,499326045,0.362227,0.530323,0.399220,0.615748,-0.155547,-0.214725,0.741993
1677109552,509518243,0.362590,0.530334,0.398318,0.615884,-0.155000,-0.215254,0.741840
1677109552,520102701,0.362885,0.530317,0.397451,0.615991,-0.154213,-0.215910,0.741725
1677109552,529926736,0.363175,0.530236,0.396643,0.616220,-0.153606,-0.216506,0.741487
1677109552,539470083,0.363507,0.530262,0.395819,0.616975,-0.153485,-0.217141,0.740699
1677109552,549644355,0.363758,0.530175,0.395074,0.617473,-0.152787,-0.217569,0.740302
1677109552,560037508,0.363916,0.530069,0.394304,0.617713,-0.151567,-0.217962,0.740237
1677109552,570089615,0.364249,0.529968,0.393555,0.618278,-0.151392,-0.217773,0.739856
1677109552,579489218,0.364572,0.529943,0.392798,0.618824,-0.151294,-0.217672,0.739450
1677109552,589811314,0.364728,0.529945,0.392051,0.619175,-0.150864,-0.218363,0.739040
1677109552,600009276,0.364905,0.530000,0.391275,0.619346,-0.150573,-0.218990,0.738770
1677109552,610040784,0.365195,0.530034,0.390485,0.619560,-0.150208,-0.218795,0.738723
1677109552,619963765,0.365451,0.530119,0.389681,0.619734,-0.149729,-0.218968,0.738623
1677109552,629970982,0.365837,0.530158,0.388896,0.619727,-0.149947,-0.218714,0.738660
1677109552,639450829,0.366085,0.530221,0.388121,0.619727,-0.149368,-0.219017,0.738688
1677109552,650251722,0.366263,0.530329,0.387370,0.620045,-0.148610,-0.219620,0.738394
1677109552,660179331,0.366491,0.530355,0.386590,0.620085,-0.147847,-0.219875,0.738439
1677109552,670108618,0.366986,0.530427,0.385829,0.620749,-0.148214,-0.219394,0.737949
1677109552,679547285,0.367128,0.530429,0.385080,0.620684,-0.147628,-0.220093,0.737913
1677109552,689865984,0.367386,0.530365,0.384319,0.620606,-0.147161,-0.220274,0.738019
1677109552,699307844,0.367720,0.530362,0.383542,0.620871,-0.146876,-0.220256,0.737857
1677109552,709770093,0.367958,0.530412,0.382764,0.621030,-0.146319,-0.220771,0.737681
1677109552,719739180,0.368359,0.530539,0.381982,0.621800,-0.146207,-0.220856,0.737028
1677109552,729567917,0.368738,0.530491,0.381187,0.621720,-0.145982,-0.220958,0.737110
1677109552,739229019,0.369126,0.530530,0.380423,0.621761,-0.145941,-0.221308,0.736979
1677109552,749914858,0.369341,0.530651,0.379659,0.621893,-0.145121,-0.222170,0.736770
1677109552,759933652,0.369746,0.530685,0.378873,0.621687,-0.145208,-0.222578,0.736803
1677109552,769547564,0.370018,0.530816,0.378090,0.621698,-0.144308,-0.222943,0.736860
1677109552,779985723,0.370501,0.530990,0.377312,0.622231,-0.144448,-0.222641,0.736474
1677109552,789885400,0.370719,0.531071,0.376533,0.622118,-0.143519,-0.223098,0.736613
1677109552,799622034,0.371094,0.531225,0.375802,0.622607,-0.143593,-0.223043,0.736202
1677109552,809712461,0.371207,0.531305,0.375081,0.622416,-0.143234,-0.224171,0.736091
1677109552,819442754,0.371519,0.531441,0.374305,0.622833,-0.143065,-0.223695,0.735916
1677109552,829877063,0.371742,0.531553,0.373567,0.622988,-0.143321,-0.223814,0.735698
1677109552,839495366,0.371931,0.531620,0.372817,0.622981,-0.143315,-0.223871,0.735688
1677109552,849646390,0.372189,0.531575,0.372092,0.622640,-0.143807,-0.223466,0.736004
1677109552,859806743,0.372348,0.531766,0.371342,0.623059,-0.144120,-0.223790,0.735490
1677109552,869851733,0.372445,0.531857,0.370611,0.623072,-0.144188,-0.224202,0.735340
1677109552,879487234,0.372635,0.532044,0.369893,0.623703,-0.144441,-0.223715,0.734904
1677109552,889757131,0.372710,0.532072,0.369127,0.623553,-0.144608,-0.223745,0.734989
1677109552,899781005,0.372833,0.532221,0.368381,0.623744,-0.145067,-0.223856,0.734702
1677109552,909974730,0.372912,0.532370,0.367636,0.623704,-0.144876,-0.223622,0.734845
1677109552,919922182,0.373095,0.532510,0.366891,0.624057,-0.145273,-0.223090,0.734628
1677109552,929631066,0.373315,0.532649,0.366157,0.624414,-0.145450,-0.222422,0.734493
1677109552,939629800,0.373335,0.532791,0.365384,0.624421,-0.145234,-0.222803,0.734415
1677109552,950175900,0.373513,0.532922,0.364601,0.624879,-0.145235,-0.222179,0.734213
1677109552,959773419,0.373625,0.532976,0.363834,0.624707,-0.145161,-0.222081,0.734404
1677109552,969988326,0.373754,0.533206,0.363038,0.625331,-0.144852,-0.222009,0.733955
1677109552,980095423,0.373921,0.533358,0.362187,0.625566,-0.144856,-0.222158,0.733709
1677109552,989735222,0.374036,0.533330,0.361384,0.625119,-0.144855,-0.222156,0.734091
1677109552,999305198,0.374337,0.533465,0.360559,0.625562,-0.145607,-0.222210,0.733548
1677109553,9974404,0.374432,0.533512,0.359783,0.625578,-0.145526,-0.222673,0.733411
1677109553,19708397,0.374603,0.533504,0.358976,0.625362,-0.146086,-0.223019,0.733378
1677109553,29572153,0.374765,0.533558,0.358166,0.625633,-0.146035,-0.222850,0.733209
1677109553,39585592,0.374771,0.533576,0.357375,0.625595,-0.145433,-0.223036,0.733304
1677109553,49483611,0.374891,0.533657,0.356537,0.626016,-0.145373,-0.223092,0.732940
1677109553,59268040,0.375189,0.533836,0.355662,0.627035,-0.144244,-0.221211,0.732862
1677109553,69689695,0.375304,0.533815,0.354848,0.626793,-0.144101,-0.220732,0.733242
1677109553,79384993,0.375305,0.533980,0.353979,0.627064,-0.143476,-0.221179,0.732997
1677109553,89444542,0.375482,0.534185,0.353118,0.627766,-0.143171,-0.220699,0.732601
1677109553,99111158,0.375729,0.534318,0.352205,0.628189,-0.143336,-0.220240,0.732344
1677109553,109717528,0.375827,0.534350,0.351324,0.627897,-0.142686,-0.219960,0.732806
1677109553,119902181,0.375871,0.534477,0.350443,0.627688,-0.142108,-0.220567,0.732914
1677109553,129724704,0.376226,0.534749,0.349464,0.628258,-0.142683,-0.220493,0.732336
1677109553,139062592,0.376332,0.534915,0.348525,0.628344,-0.141734,-0.220738,0.732372
1677109553,149549844,0.376511,0.535133,0.347616,0.628577,-0.141343,-0.221289,0.732082
1677109553,159690686,0.376782,0.535344,0.346705,0.628978,-0.140983,-0.221319,0.731798
1677109553,169643969,0.377003,0.535584,0.345775,0.629508,-0.139757,-0.220960,0.731685
1677109553,179565305,0.377234,0.535790,0.344825,0.629763,-0.138723,-0.220853,0.731695
1677109553,189530143,0.377563,0.535946,0.343914,0.629911,-0.138221,-0.220446,0.731786
1677109553,199877898,0.377822,0.536241,0.343010,0.629448,-0.139210,-0.223461,0.731082
1677109553,209656500,0.378043,0.536543,0.342086,0.629761,-0.138179,-0.223998,0.730843
1677109553,219927071,0.378348,0.536790,0.341180,0.629908,-0.137393,-0.224221,0.730797
1677109553,230170990,0.378702,0.537078,0.340267,0.629869,-0.137026,-0.224631,0.730774
1677109553,239947933,0.379063,0.537497,0.339371,0.630313,-0.136289,-0.224754,0.730491
1677109553,249134677,0.379278,0.537876,0.338510,0.630443,-0.134977,-0.225370,0.730432
1677109553,259902779,0.379541,0.538232,0.337705,0.630396,-0.134564,-0.226163,0.730304
1677109553,269786733,0.379881,0.538516,0.336854,0.630222,-0.134344,-0.225546,0.730686
1677109553,279211965,0.379917,0.538975,0.336039,0.630195,-0.132829,-0.225862,0.730888
1677109553,289571329,0.380174,0.539498,0.335205,0.630583,-0.133097,-0.225592,0.730588
1677109553,299791816,0.380351,0.539937,0.334364,0.630352,-0.132977,-0.224777,0.731060
1677109553,309548735,0.380349,0.540363,0.333593,0.629871,-0.132181,-0.224252,0.731780
1677109553,319647630,0.380437,0.540817,0.332812,0.629686,-0.132711,-0.223705,0.732010
1677109553,329465826,0.380578,0.541297,0.332025,0.629763,-0.133153,-0.222844,0.732127
1677109553,339433087,0.380463,0.541650,0.331251,0.629284,-0.132868,-0.222737,0.732622
1677109553,349815763,0.380645,0.542102,0.330513,0.629750,-0.133917,-0.222410,0.732130
1677109553,359514658,0.380745,0.542287,0.329780,0.629501,-0.134086,-0.221874,0.732476
1677109553,369633021,0.380807,0.542483,0.329079,0.629522,-0.134116,-0.221931,0.732435
1677109553,379762689,0.380866,0.542675,0.328382,0.629825,-0.133761,-0.222171,0.732167
1677109553,389808157,0.380997,0.542822,0.327698,0.630085,-0.133520,-0.222375,0.731925
1677109553,400312367,0.381158,0.542919,0.327028,0.630213,-0.133654,-0.223082,0.731576
1677109553,409285526,0.381425,0.542999,0.326391,0.630662,-0.133532,-0.222657,0.731340
1677109553,419450516,0.381614,0.543088,0.325737,0.631021,-0.133645,-0.223012,0.730901
1677109553,429748128,0.381675,0.543313,0.325088,0.631710,-0.133020,-0.223554,0.730254
1677109553,440100136,0.381889,0.543571,0.324399,0.632317,-0.133883,-0.224071,0.729413
1677109553,449901340,0.382047,0.543787,0.323747,0.632385,-0.134181,-0.223833,0.729372
1677109553,459833252,0.382106,0.544088,0.323046,0.632276,-0.134314,-0.224442,0.729255
1677109553,469150945,0.382194,0.544196,0.322384,0.631415,-0.134639,-0.224485,0.729927
1677109553,479592126,0.382363,0.544546,0.321705,0.631513,-0.135474,-0.224547,0.729669
1677109553,489275437,0.382365,0.544865,0.321045,0.631152,-0.136124,-0.225453,0.729581
1677109553,499303137,0.382457,0.545130,0.320424,0.630620,-0.137027,-0.225518,0.729852
1677109553,509432839,0.382509,0.545376,0.319738,0.630012,-0.137548,-0.225738,0.730211
1677109553,519574190,0.382773,0.545602,0.319101,0.629850,-0.139017,-0.224647,0.730409
1677109553,529604311,0.382669,0.545880,0.318461,0.629299,-0.138541,-0.224853,0.730911
1677109553,539672331,0.382777,0.546294,0.317799,0.629551,-0.139206,-0.224877,0.730559
1677109553,550067742,0.382851,0.546527,0.317178,0.629201,-0.138959,-0.223430,0.731352
1677109553,559703446,0.382887,0.546872,0.316521,0.629247,-0.139017,-0.223013,0.731429
1677109553,569815550,0.382798,0.547249,0.315838,0.629150,-0.138870,-0.223108,0.731511
1677109553,579499269,0.382860,0.547447,0.315128,0.628655,-0.138935,-0.222095,0.732232
1677109553,590003023,0.383063,0.547823,0.314375,0.628896,-0.140234,-0.221802,0.731866
1677109553,599873049,0.382916,0.548003,0.313664,0.628075,-0.139556,-0.222023,0.732634
1677109553,609707014,0.383104,0.548101,0.312939,0.627679,-0.140498,-0.221730,0.732881
1677109553,619541808,0.383164,0.548202,0.312242,0.627503,-0.140291,-0.221464,0.733152
1677109553,629482848,0.383324,0.548563,0.311474,0.628427,-0.140454,-0.221845,0.732214
1677109553,639547585,0.383395,0.548763,0.310731,0.628518,-0.139997,-0.222480,0.732031
1677109553,649741146,0.383636,0.548886,0.309942,0.628253,-0.139682,-0.222149,0.732418
1677109553,659638072,0.383895,0.549229,0.309107,0.628520,-0.138981,-0.222444,0.732234
1677109553,669228974,0.384119,0.549427,0.308305,0.628216,-0.138251,-0.222739,0.732542
1677109553,679155475,0.384278,0.549698,0.307452,0.628074,-0.136665,-0.223090,0.732855
1677109553,689985198,0.384558,0.549841,0.306607,0.627673,-0.136441,-0.223551,0.733100
1677109553,700356151,0.384700,0.550077,0.305753,0.627714,-0.135691,-0.224455,0.732927
1677109553,709849917,0.384962,0.550208,0.304894,0.627762,-0.135471,-0.224650,0.732867
1677109553,719877647,0.385175,0.550387,0.304033,0.628115,-0.134946,-0.224811,0.732613
1677109553,729836509,0.385194,0.550658,0.303125,0.628453,-0.134002,-0.226007,0.732128
1677109553,740202029,0.385551,0.550802,0.302247,0.628720,-0.134150,-0.225368,0.732068
1677109553,749687386,0.385783,0.551207,0.301336,0.629511,-0.133364,-0.225414,0.731518
1677109553,759180473,0.385977,0.551433,0.300400,0.629288,-0.132536,-0.225287,0.731899
1677109553,769315021,0.386049,0.551840,0.299460,0.629331,-0.131142,-0.225807,0.731953
1677109553,779677244,0.386380,0.552270,0.298508,0.629592,-0.130831,-0.225690,0.731821
1677109553,789530713,0.386574,0.552749,0.297521,0.629729,-0.129838,-0.226021,0.731777
1677109553,800218506,0.386772,0.553058,0.296613,0.629368,-0.128662,-0.225934,0.732323
1677109553,809831947,0.387087,0.553464,0.295620,0.629238,-0.128454,-0.226287,0.732362
1677109553,819525723,0.387315,0.553868,0.294655,0.629111,-0.127706,-0.227085,0.732354
1677109553,829584656,0.387540,0.554087,0.293723,0.628243,-0.126913,-0.227655,0.733060
1677109553,839511515,0.387833,0.554522,0.292829,0.628748,-0.125802,-0.227916,0.732737
1677109553,849859678,0.388153,0.554859,0.291939,0.628871,-0.124476,-0.227632,0.732946
1677109553,859593793,0.388490,0.555341,0.291026,0.629393,-0.124250,-0.228550,0.732251
1677109553,870016107,0.388559,0.555522,0.290197,0.628761,-0.121918,-0.228889,0.733079
1677109553,879358422,0.388962,0.555886,0.289329,0.629153,-0.122027,-0.228883,0.732726
1677109553,889257148,0.389104,0.556180,0.288499,0.628986,-0.120894,-0.229358,0.732910
1677109553,900270294,0.389379,0.556563,0.287667,0.629424,-0.120468,-0.229395,0.732592
1677109553,909272876,0.389578,0.556949,0.286806,0.629553,-0.119997,-0.229658,0.732476
1677109553,919231624,0.389823,0.557378,0.285928,0.629680,-0.119292,-0.229813,0.732433
1677109553,929686339,0.390092,0.557848,0.285014,0.629983,-0.118421,-0.229418,0.732438
1677109553,940030072,0.390350,0.558220,0.284119,0.629696,-0.117773,-0.229396,0.732796
1677109553,949411545,0.390444,0.558672,0.283290,0.629593,-0.115643,-0.229229,0.733276
1677109553,959923747,0.390573,0.559458,0.282502,0.631294,-0.112801,-0.228741,0.732408
1677109553,969437515,0.390719,0.560173,0.281699,0.632569,-0.110646,-0.228822,0.731611
1677109553,979764993,0.391288,0.560143,0.280723,0.629958,-0.112554,-0.228791,0.733580
1677109553,989491562,0.391599,0.560728,0.279887,0.630379,-0.111472,-0.228848,0.733365
1677109553,999642760,0.391845,0.561172,0.279033,0.630001,-0.110261,-0.229179,0.733770
1677109554,9479461,0.392210,0.561554,0.278233,0.629494,-0.109456,-0.229148,0.734335
1677109554,20702587,0.392604,0.562107,0.277401,0.629694,-0.108869,-0.229120,0.734260
1677109554,29507544,0.392798,0.562613,0.276598,0.629229,-0.107133,-0.229468,0.734804
1677109554,39456011,0.393359,0.563160,0.275736,0.629306,-0.107351,-0.228813,0.734911
1677109554,49154866,0.393391,0.563621,0.274984,0.628465,-0.105370,-0.229933,0.735567
1677109554,59572455,0.393856,0.564230,0.274208,0.628982,-0.104794,-0.229259,0.735419
1677109554,69619773,0.394013,0.564622,0.273475,0.628353,-0.103512,-0.229632,0.736021
1677109554,79110559,0.394432,0.565032,0.272783,0.628561,-0.103129,-0.229121,0.736056
1677109554,89621450,0.394503,0.565402,0.272111,0.628092,-0.101907,-0.230298,0.736260
1677109554,99645786,0.394807,0.565730,0.271474,0.628282,-0.101469,-0.230134,0.736209
1677109554,109483419,0.395037,0.565997,0.270879,0.628279,-0.100630,-0.230079,0.736344
1677109554,119267775,0.395226,0.566418,0.270302,0.628729,-0.100211,-0.230510,0.735883
1677109554,128984922,0.395355,0.566736,0.269744,0.628872,-0.098838,-0.230157,0.736057
1677109554,139244684,0.395496,0.567098,0.269183,0.628893,-0.098500,-0.230196,0.736072
1677109554,149997697,0.395640,0.567660,0.268607,0.629690,-0.097911,-0.230264,0.735447
1677109554,159481284,0.395945,0.567839,0.268047,0.629251,-0.098388,-0.229252,0.736075
1677109554,169899608,0.395946,0.568122,0.267513,0.628777,-0.098008,-0.229424,0.736477
1677109554,179722126,0.395988,0.568350,0.266986,0.628387,-0.097696,-0.229415,0.736854
1677109554,189786170,0.396077,0.568743,0.266388,0.628974,-0.097647,-0.229555,0.736316
1677109554,199665588,0.396268,0.568982,0.265835,0.629040,-0.097859,-0.229089,0.736376
1677109554,209520572,0.396325,0.569151,0.265256,0.628559,-0.097304,-0.229135,0.736846
1677109554,219547417,0.396291,0.569548,0.264590,0.628540,-0.094885,-0.229073,0.737197
1677109554,229242062,0.396616,0.569811,0.263979,0.628289,-0.095577,-0.229283,0.737257
1677109554,239106622,0.397043,0.569584,0.263259,0.625640,-0.097744,-0.229169,0.739258
1677109554,250124848,0.397344,0.570052,0.262643,0.626457,-0.097196,-0.229035,0.738680
1677109554,259689239,0.397366,0.570304,0.262087,0.626014,-0.095662,-0.230098,0.738925
1677109554,269988255,0.397669,0.570793,0.261492,0.627223,-0.095111,-0.230400,0.737876
1677109554,279970057,0.397794,0.570895,0.260891,0.626848,-0.094446,-0.231239,0.738018
1677109554,289660737,0.397944,0.570980,0.260347,0.626805,-0.093426,-0.231607,0.738069
1677109554,299412909,0.398186,0.571115,0.259815,0.627149,-0.093438,-0.232361,0.737538
1677109554,309166361,0.398325,0.571209,0.259316,0.627330,-0.092690,-0.232746,0.737357
1677109554,319760505,0.398382,0.571171,0.258802,0.626993,-0.091701,-0.233306,0.737590
1677109554,329692619,0.398696,0.571334,0.258290,0.627542,-0.092375,-0.233431,0.736999
1677109554,339074509,0.398757,0.571342,0.257799,0.627096,-0.091623,-0.233777,0.737363
1677109554,349924646,0.398890,0.571500,0.257302,0.627498,-0.091108,-0.233817,0.737072
1677109554,359354638,0.398982,0.571595,0.256840,0.627414,-0.090876,-0.233851,0.737161
1677109554,369774583,0.399018,0.571728,0.256359,0.627471,-0.090646,-0.234184,0.737036
1677109554,379267672,0.399073,0.571846,0.255888,0.627425,-0.090320,-0.233956,0.737187
1677109554,389298125,0.399140,0.571881,0.255432,0.626749,-0.090449,-0.234314,0.737633
1677109554,400000943,0.399229,0.572004,0.254953,0.626403,-0.090215,-0.234196,0.737992
1677109554,410120532,0.399528,0.572242,0.254382,0.626661,-0.090910,-0.233528,0.737900
1677109554,419697987,0.399568,0.572365,0.253892,0.626027,-0.090699,-0.233986,0.738319
1677109554,429504311,0.399440,0.572457,0.253429,0.625185,-0.089230,-0.234594,0.739018
1677109554,439889785,0.399702,0.572741,0.252885,0.625625,-0.089526,-0.234162,0.738747
1677109554,449344536,0.399737,0.572792,0.252422,0.624861,-0.089422,-0.234848,0.739188
1677109554,459501978,0.399883,0.572905,0.251906,0.624732,-0.089316,-0.234627,0.739380
1677109554,469492244,0.399951,0.573169,0.251427,0.625206,-0.089008,-0.235120,0.738859
1677109554,478996580,0.399994,0.573201,0.250944,0.624727,-0.088567,-0.234935,0.739377
1677109554,488918081,0.399966,0.573290,0.250464,0.624148,-0.088090,-0.235531,0.739733
1677109554,499377860,0.400168,0.573512,0.249928,0.624467,-0.088491,-0.235337,0.739478
1677109554,509821521,0.400204,0.573621,0.249405,0.624064,-0.087891,-0.235355,0.739884
1677109554,519671875,0.400335,0.573838,0.248874,0.624046,-0.087884,-0.235500,0.739853
1677109554,529432892,0.400596,0.574209,0.248342,0.624863,-0.088546,-0.235526,0.739076
1677109554,539759258,0.400577,0.574189,0.247896,0.623945,-0.087707,-0.235582,0.739933
1677109554,549594626,0.400634,0.574398,0.247443,0.624077,-0.087224,-0.235779,0.739816
1677109554,559388762,0.400706,0.574512,0.246996,0.623802,-0.087004,-0.235886,0.740040
1677109554,569965560,0.400837,0.574742,0.246518,0.624079,-0.086943,-0.235796,0.739842
1677109554,579849172,0.400903,0.575034,0.246064,0.624373,-0.086374,-0.235925,0.739620
1677109554,590036444,0.400852,0.575116,0.245620,0.623556,-0.085727,-0.236286,0.740269
1677109554,599777826,0.401097,0.575487,0.245126,0.624302,-0.085571,-0.235457,0.739923
1677109554,609852642,0.401113,0.575718,0.244681,0.623903,-0.084890,-0.235601,0.740291
1677109554,620171982,0.401074,0.575933,0.244264,0.623286,-0.084069,-0.235835,0.740829
1677109554,629962002,0.401279,0.576161,0.243786,0.623078,-0.084231,-0.235187,0.741192
1677109554,640222636,0.401274,0.576431,0.243357,0.623136,-0.083526,-0.235297,0.741188
1677109554,649548752,0.401405,0.576490,0.242950,0.622744,-0.083949,-0.235055,0.741547
1677109554,660268262,0.401371,0.576641,0.242552,0.622605,-0.083716,-0.235513,0.741545
1677109554,670010126,0.401414,0.576766,0.242154,0.622633,-0.083824,-0.235675,0.741457
1677109554,679786890,0.401526,0.576854,0.241755,0.622534,-0.083625,-0.235491,0.741621
1677109554,690128548,0.401987,0.577826,0.241132,0.625730,-0.085680,-0.235928,0.738552
1677109554,700341721,0.401918,0.577804,0.240719,0.624648,-0.084178,-0.235820,0.739675
1677109554,709517621,0.401907,0.577910,0.240341,0.623879,-0.083337,-0.236151,0.740313
1677109554,719853242,0.402179,0.578177,0.239877,0.624141,-0.083006,-0.235366,0.740379
1677109554,729965359,0.402151,0.578289,0.239458,0.623151,-0.081952,-0.235369,0.741328
1677109554,739548656,0.402289,0.578493,0.239010,0.622773,-0.081759,-0.235130,0.741743
1677109554,749275165,0.402273,0.578655,0.238591,0.622034,-0.080976,-0.234915,0.742517
1677109554,759073395,0.402325,0.578901,0.238131,0.621689,-0.080915,-0.235199,0.742723
1677109554,769370013,0.402426,0.579225,0.237670,0.621868,-0.080758,-0.234981,0.742659
1677109554,779643831,0.402452,0.579477,0.237230,0.621534,-0.080462,-0.234891,0.742999
1677109554,789411358,0.402465,0.579661,0.236758,0.620944,-0.080301,-0.235210,0.743409
1677109554,799984711,0.402657,0.579875,0.236327,0.620812,-0.080936,-0.234638,0.743631
1677109554,810006034,0.402705,0.580304,0.235864,0.621170,-0.080453,-0.234882,0.743307
1677109554,820170475,0.402819,0.580556,0.235382,0.620928,-0.080532,-0.234589,0.743593
1677109554,829988589,0.402830,0.580871,0.234936,0.620603,-0.079797,-0.234326,0.744027
1677109554,839988862,0.402793,0.581321,0.234475,0.620405,-0.079319,-0.234576,0.744164
1677109554,849326338,0.403039,0.581676,0.233954,0.619946,-0.080129,-0.233779,0.744711
1677109554,860017635,0.403002,0.582117,0.233464,0.619272,-0.079632,-0.233506,0.745410
1677109554,869613880,0.403048,0.582771,0.232954,0.619279,-0.079865,-0.233559,0.745363
1677109554,879404443,0.403187,0.583081,0.232400,0.618026,-0.080222,-0.232695,0.746633
1677109554,888821723,0.403211,0.583624,0.231902,0.617597,-0.080644,-0.232889,0.746883
1677109554,899309660,0.403186,0.583905,0.231420,0.616209,-0.080686,-0.232704,0.748081
1677109554,909270263,0.403230,0.584360,0.230912,0.615831,-0.080908,-0.232534,0.748421
1677109554,919985425,0.403242,0.584616,0.230425,0.614632,-0.081215,-0.232307,0.749443
1677109554,929430536,0.403389,0.585092,0.229915,0.614257,-0.082376,-0.232488,0.749568
1677109554,939245796,0.403197,0.585381,0.229447,0.613022,-0.081514,-0.232749,0.750591
1677109554,949364524,0.403375,0.585838,0.228904,0.612539,-0.082295,-0.232275,0.751047
1677109554,959240249,0.403315,0.586316,0.228417,0.612012,-0.081995,-0.232360,0.751484
1677109554,969478512,0.403391,0.586743,0.227896,0.611528,-0.082607,-0.231988,0.751925
1677109554,979670981,0.403345,0.587087,0.227369,0.610551,-0.082766,-0.231933,0.752718
1677109554,989719420,0.403348,0.587421,0.226830,0.609484,-0.083503,-0.231655,0.753586
1677109554,999713065,0.403288,0.587819,0.226304,0.608594,-0.083494,-0.231715,0.754288
1677109555,9959484,0.403387,0.588242,0.225706,0.607865,-0.084311,-0.231308,0.754910
1677109555,19584401,0.403354,0.588709,0.225157,0.607121,-0.084141,-0.231344,0.755516
1677109555,29693946,0.403303,0.589065,0.224613,0.605858,-0.083971,-0.231347,0.756547
1677109555,39600656,0.403430,0.589569,0.224034,0.605637,-0.084134,-0.230749,0.756888
1677109555,49096926,0.403353,0.589784,0.223523,0.604155,-0.084412,-0.231150,0.757919
1677109555,59862864,0.403334,0.590049,0.222988,0.603131,-0.084459,-0.231304,0.758682
1677109555,69588996,0.403382,0.590420,0.222478,0.603038,-0.084487,-0.230966,0.758856
1677109555,79668081,0.403471,0.590547,0.221941,0.602196,-0.085082,-0.230649,0.759553
1677109555,89523457,0.403435,0.590811,0.221447,0.601939,-0.085116,-0.230886,0.759682
1677109555,99594400,0.403453,0.591064,0.220931,0.601755,-0.085366,-0.231187,0.759708
1677109555,109319567,0.403373,0.591214,0.220469,0.600963,-0.085534,-0.231423,0.760244
1677109555,119686136,0.403362,0.591442,0.219962,0.600574,-0.085471,-0.231369,0.760575
1677109555,129621264,0.403367,0.591553,0.219480,0.599492,-0.086171,-0.231571,0.761288
1677109555,139259578,0.403300,0.591725,0.219008,0.598589,-0.086045,-0.231657,0.761986
1677109555,149494764,0.403293,0.592042,0.218516,0.597786,-0.086577,-0.232081,0.762427
1677109555,159486177,0.403301,0.592329,0.218022,0.596786,-0.086918,-0.231966,0.763206
1677109555,170034473,0.403351,0.592650,0.217489,0.595498,-0.087841,-0.231807,0.764154
1677109555,180103335,0.403254,0.593065,0.216955,0.594366,-0.087767,-0.231819,0.765040
1677109555,190091186,0.403322,0.593446,0.216360,0.593105,-0.088752,-0.231442,0.766019
1677109555,199840370,0.403272,0.593840,0.215740,0.591754,-0.088591,-0.230737,0.767294
1677109555,209628695,0.403159,0.594296,0.215146,0.590431,-0.088882,-0.231157,0.768152
1677109555,219665448,0.403254,0.594652,0.214523,0.589275,-0.089302,-0.230188,0.769282
1677109555,229653849,0.403232,0.595013,0.213947,0.587916,-0.089851,-0.230442,0.770180
1677109555,239729552,0.403092,0.595438,0.213370,0.587002,-0.089099,-0.231085,0.770772
1677109555,249557722,0.403373,0.595482,0.212732,0.584152,-0.091848,-0.231621,0.772452
1677109555,259542791,0.403279,0.595949,0.212212,0.583531,-0.090572,-0.232312,0.772864
1677109555,269900265,0.403504,0.596404,0.211626,0.583110,-0.090873,-0.231989,0.773244
1677109555,279700543,0.403439,0.596723,0.211080,0.581308,-0.090515,-0.232541,0.774476
1677109555,289624015,0.403494,0.597235,0.210503,0.580354,-0.090561,-0.232831,0.775099
1677109555,299367319,0.403592,0.597714,0.209899,0.578954,-0.091247,-0.232837,0.776062
1677109555,310031903,0.403646,0.598299,0.209348,0.577816,-0.091415,-0.232463,0.777003
1677109555,319538800,0.403626,0.598907,0.208781,0.576668,-0.091575,-0.232325,0.777877
1677109555,329524808,0.403549,0.599454,0.208274,0.575288,-0.091021,-0.231597,0.779180
1677109555,339845447,0.403595,0.600151,0.207747,0.574793,-0.091564,-0.230875,0.779696
1677109555,349949244,0.403544,0.600687,0.207302,0.573861,-0.091893,-0.230089,0.780575
1677109555,359146173,0.403415,0.601190,0.206897,0.572715,-0.091961,-0.229580,0.781558
1677109555,369601313,0.403343,0.601842,0.206461,0.572155,-0.092614,-0.229378,0.781950
1677109555,379694371,0.403361,0.602345,0.206036,0.571105,-0.093663,-0.228877,0.782740
1677109555,390314316,0.403176,0.602792,0.205628,0.569784,-0.092878,-0.228397,0.783935
1677109555,400063569,0.403210,0.603292,0.205195,0.568831,-0.093238,-0.228186,0.784645
1677109555,409577936,0.403393,0.603740,0.204771,0.568070,-0.093700,-0.227305,0.785398
1677109555,419767509,0.403504,0.604206,0.204326,0.567084,-0.094093,-0.227388,0.786039
1677109555,429413376,0.403543,0.604702,0.203898,0.566406,-0.094046,-0.228004,0.786355
1677109555,439483918,0.403624,0.605197,0.203472,0.565838,-0.093255,-0.227647,0.786961
1677109555,449634426,0.403691,0.605639,0.203048,0.564626,-0.093042,-0.228157,0.787709
1677109555,459444646,0.403858,0.606182,0.202629,0.564088,-0.093376,-0.228372,0.787992
1677109555,469269911,0.403923,0.606660,0.202245,0.563363,-0.092553,-0.228013,0.788712
1677109555,480011640,0.404047,0.607140,0.201861,0.562676,-0.092677,-0.227841,0.789237
1677109555,489525529,0.404022,0.607553,0.201553,0.561863,-0.091998,-0.227656,0.789949
1677109555,500254115,0.404284,0.608052,0.201177,0.561877,-0.092839,-0.227026,0.790022
1677109555,510226002,0.404250,0.608489,0.200916,0.561227,-0.092512,-0.226921,0.790552
1677109555,519629276,0.404324,0.608955,0.200632,0.560892,-0.092825,-0.226763,0.790799
1677109555,530350270,0.404427,0.609332,0.200370,0.560009,-0.093006,-0.226133,0.791583
1677109555,540263032,0.404427,0.609849,0.200110,0.559591,-0.092649,-0.226182,0.791906
1677109555,549440549,0.404514,0.610143,0.199903,0.558461,-0.092853,-0.225881,0.792766
1677109555,559328599,0.404597,0.610497,0.199721,0.558041,-0.092848,-0.225521,0.793165
1677109555,569837821,0.404690,0.610883,0.199544,0.557751,-0.093099,-0.225483,0.793350
1677109555,579718801,0.404829,0.611153,0.199378,0.557354,-0.093346,-0.225042,0.793725
1677109555,589582292,0.404865,0.611452,0.199190,0.556878,-0.093236,-0.225135,0.794045
1677109555,600171994,0.404874,0.611811,0.199053,0.556657,-0.092848,-0.225329,0.794191
1677109555,609676438,0.404948,0.612211,0.198919,0.556683,-0.093237,-0.225581,0.794056
1677109555,619476929,0.405151,0.612459,0.198799,0.556283,-0.094007,-0.224966,0.794420
1677109555,630353094,0.405120,0.612747,0.198749,0.555761,-0.093300,-0.224866,0.794896
1677109555,639865563,0.405217,0.612988,0.198644,0.555260,-0.093700,-0.224591,0.795277
1677109555,649141036,0.405233,0.613324,0.198561,0.554929,-0.093462,-0.224555,0.795546
1677109555,659658795,0.405330,0.613733,0.198465,0.554662,-0.094213,-0.224676,0.795610
1677109555,669788952,0.405444,0.614033,0.198355,0.553699,-0.094388,-0.224302,0.796365
1677109555,679797299,0.405498,0.614426,0.198203,0.552954,-0.094638,-0.224198,0.796882
1677109555,689148587,0.405557,0.614757,0.198044,0.551706,-0.094803,-0.223888,0.797814
1677109555,699818188,0.405558,0.615191,0.197849,0.550707,-0.094260,-0.223725,0.798614
1677109555,709514426,0.405663,0.615569,0.197689,0.549199,-0.094802,-0.223589,0.799625
1677109555,719576694,0.405761,0.615918,0.197499,0.547707,-0.095267,-0.223407,0.800644
1677109555,729571199,0.405961,0.616439,0.197233,0.547148,-0.095858,-0.222968,0.801078
1677109555,739465988,0.405995,0.616788,0.197064,0.545522,-0.095799,-0.223023,0.802178
1677109555,749695925,0.406083,0.617156,0.196881,0.544019,-0.095725,-0.223091,0.803187
1677109555,759624205,0.406255,0.617584,0.196661,0.543046,-0.095723,-0.222815,0.803922
1677109555,770230835,0.406477,0.617977,0.196482,0.542177,-0.095956,-0.222364,0.804606
1677109555,780285649,0.406541,0.618351,0.196347,0.541176,-0.095685,-0.222624,0.805240
1677109555,789547870,0.406660,0.618689,0.196235,0.540208,-0.095708,-0.222662,0.805877
1677109555,799894526,0.406784,0.618943,0.196161,0.539036,-0.095847,-0.222562,0.806672
1677109555,809450448,0.406854,0.619329,0.196109,0.538253,-0.095836,-0.222854,0.807115
1677109555,820331644,0.407003,0.619632,0.195997,0.537370,-0.096014,-0.222530,0.807771
1677109555,830020693,0.407016,0.619953,0.195922,0.535982,-0.095868,-0.222641,0.808680
1677109555,840330898,0.406999,0.620370,0.195826,0.534816,-0.095997,-0.223082,0.809315
1677109555,849599311,0.407278,0.620739,0.195728,0.533944,-0.096903,-0.221985,0.810084
1677109555,859663368,0.407359,0.620989,0.195675,0.532329,-0.097172,-0.221553,0.811233
1677109555,869811800,0.407461,0.621544,0.195556,0.531992,-0.097521,-0.221636,0.811389
1677109555,880263753,0.407511,0.621825,0.195501,0.530203,-0.097978,-0.221732,0.812478
1677109555,889812305,0.407736,0.622363,0.195327,0.529594,-0.098762,-0.221186,0.812928
1677109555,899387632,0.407786,0.622840,0.195202,0.528382,-0.098517,-0.220984,0.813802
1677109555,909854193,0.407868,0.623294,0.195044,0.526598,-0.098790,-0.220952,0.814933
1677109555,920154276,0.408080,0.623813,0.194837,0.525251,-0.099023,-0.220249,0.815964
1677109555,929513433,0.408268,0.624457,0.194593,0.524176,-0.099363,-0.219867,0.816716
1677109555,939336355,0.408274,0.624935,0.194382,0.521999,-0.099077,-0.220332,0.818019
1677109555,949456873,0.408496,0.625448,0.194163,0.520382,-0.099497,-0.219703,0.819166
1677109555,959551776,0.408537,0.626058,0.193910,0.518939,-0.099187,-0.220027,0.820032
1677109555,969220833,0.408755,0.626504,0.193687,0.517062,-0.099595,-0.219451,0.821321
1677109555,979998749,0.408815,0.627055,0.193442,0.515757,-0.099440,-0.219598,0.822121
1677109555,989930093,0.409113,0.627588,0.193187,0.514745,-0.100304,-0.218900,0.822836
1677109555,999453046,0.409295,0.628076,0.192987,0.513521,-0.100912,-0.218685,0.823583
1677109556,8765861,0.409370,0.628474,0.192792,0.511716,-0.100605,-0.218595,0.824768
1677109556,19167827,0.409521,0.629006,0.192574,0.510533,-0.101615,-0.218889,0.825299
1677109556,29538550,0.409584,0.629382,0.192466,0.508697,-0.101170,-0.218580,0.826568
1677109556,39372873,0.409775,0.629920,0.192216,0.507736,-0.101824,-0.218433,0.827118
1677109556,49783999,0.409931,0.630357,0.192000,0.506093,-0.102210,-0.218449,0.828072
1677109556,59528371,0.410059,0.630908,0.191732,0.505068,-0.102546,-0.218658,0.828601
1677109556,69409686,0.410240,0.631316,0.191516,0.503247,-0.102577,-0.218285,0.829803
1677109556,79689446,0.410341,0.631846,0.191309,0.501854,-0.102090,-0.218147,0.830742
1677109556,89747185,0.410553,0.632375,0.190991,0.500398,-0.102569,-0.217900,0.831626
1677109556,99448086,0.410666,0.632907,0.190698,0.498900,-0.101943,-0.217601,0.832680
1677109556,110046197,0.410786,0.633554,0.190369,0.497734,-0.102078,-0.217997,0.833258
1677109556,120009862,0.411050,0.634110,0.190092,0.496393,-0.102758,-0.217518,0.834099
1677109556,129942395,0.411074,0.634533,0.189899,0.494207,-0.102481,-0.217198,0.835513
1677109556,139735380,0.411196,0.635098,0.189604,0.492814,-0.102494,-0.216940,0.836401
1677109556,149708958,0.411516,0.635673,0.189254,0.491941,-0.103637,-0.215859,0.837053
1677109556,159961160,0.411509,0.636267,0.188977,0.490733,-0.103178,-0.216139,0.837747
1677109556,169654048,0.411661,0.636611,0.188796,0.488608,-0.103627,-0.215595,0.839073
1677109556,180041799,0.411710,0.637191,0.188536,0.487797,-0.103344,-0.215606,0.839576
1677109556,190078962,0.411835,0.637527,0.188363,0.486126,-0.103752,-0.215070,0.840632
1677109556,199703359,0.411953,0.637935,0.188122,0.484977,-0.104067,-0.214650,0.841364
1677109556,209751236,0.411933,0.638234,0.187981,0.483234,-0.103946,-0.215044,0.842280
1677109556,219892466,0.411982,0.638666,0.187795,0.482489,-0.103632,-0.215050,0.842744
1677109556,229359576,0.412201,0.639096,0.187592,0.482308,-0.103725,-0.214473,0.842984
1677109556,239614578,0.412229,0.639475,0.187403,0.481612,-0.103706,-0.214675,0.843333
1677109556,249826952,0.412443,0.639675,0.187252,0.480781,-0.104003,-0.213756,0.844003
1677109556,259332277,0.412541,0.640096,0.187026,0.480901,-0.103902,-0.213757,0.843947
1677109556,269778039,0.412623,0.640372,0.186838,0.480395,-0.103707,-0.213649,0.844287
1677109556,280088138,0.412755,0.640590,0.186649,0.479891,-0.103374,-0.213333,0.844694
1677109556,289393791,0.412946,0.640929,0.186386,0.480045,-0.103172,-0.212887,0.844744
1677109556,299838439,0.413009,0.641232,0.186186,0.479992,-0.102807,-0.213232,0.844731
1677109556,309525767,0.413178,0.641409,0.185996,0.479594,-0.102677,-0.212882,0.845061
1677109556,319195973,0.413303,0.641609,0.185803,0.479303,-0.102203,-0.212802,0.845304
1677109556,329689201,0.413410,0.641789,0.185608,0.478968,-0.101996,-0.213150,0.845431
1677109556,339619755,0.413553,0.641927,0.185436,0.478551,-0.101713,-0.213304,0.845663
1677109556,349168571,0.413581,0.642077,0.185253,0.478172,-0.100719,-0.213622,0.845916
1677109556,359278630,0.413723,0.642277,0.185034,0.477861,-0.100435,-0.213825,0.846074
1677109556,369980997,0.413909,0.642482,0.184793,0.477492,-0.100348,-0.213856,0.846285
1677109556,379791117,0.414086,0.642579,0.184624,0.476605,-0.100100,-0.213730,0.846846
1677109556,389703615,0.414223,0.642803,0.184415,0.476443,-0.100040,-0.214052,0.846862
1677109556,399611797,0.414374,0.642957,0.184260,0.476102,-0.100158,-0.214079,0.847033
1677109556,409798016,0.414553,0.643116,0.184106,0.476081,-0.100456,-0.213934,0.847046
1677109556,419596773,0.414648,0.643182,0.184010,0.475555,-0.100452,-0.213891,0.847353
1677109556,429810872,0.414794,0.643186,0.183912,0.474967,-0.100889,-0.213744,0.847668
1677109556,439474389,0.414975,0.643393,0.183753,0.475266,-0.101304,-0.213643,0.847477
1677109556,449032467,0.415063,0.643407,0.183682,0.474428,-0.101141,-0.213549,0.847989
1677109556,459470468,0.415122,0.643561,0.183561,0.474354,-0.100586,-0.213645,0.848072
1677109556,469667755,0.415250,0.643710,0.183415,0.474400,-0.100669,-0.213769,0.848005
1677109556,479765653,0.415326,0.643759,0.183334,0.473905,-0.100702,-0.214243,0.848159
1677109556,488886130,0.415420,0.643889,0.183256,0.474189,-0.100386,-0.214312,0.848020
1677109556,499644632,0.415565,0.643901,0.183237,0.474129,-0.100594,-0.214141,0.848072
1677109556,509525977,0.415657,0.643875,0.183233,0.473895,-0.100748,-0.214120,0.848190
1677109556,520048367,0.415710,0.643899,0.183240,0.473671,-0.100446,-0.214109,0.848353
1677109556,530134043,0.415824,0.644078,0.183129,0.474160,-0.100471,-0.213981,0.848110
1677109556,539797208,0.415820,0.644214,0.183077,0.474006,-0.100452,-0.214348,0.848105
1677109556,549234784,0.415901,0.644415,0.182943,0.474120,-0.100258,-0.214174,0.848109
1677109556,559348928,0.415952,0.644594,0.182839,0.473839,-0.100209,-0.213962,0.848325
1677109556,569591761,0.415870,0.644648,0.182776,0.472581,-0.099522,-0.213962,0.849107
1677109556,579203277,0.415868,0.644730,0.182678,0.471779,-0.099227,-0.213623,0.849673
1677109556,589942556,0.415924,0.645005,0.182493,0.472008,-0.099800,-0.213681,0.849464
1677109556,599486323,0.416041,0.645265,0.182316,0.472007,-0.100293,-0.213179,0.849532
1677109556,609364463,0.416041,0.645383,0.182204,0.471224,-0.100108,-0.212884,0.850063
1677109556,619602436,0.416030,0.645599,0.182022,0.470499,-0.100296,-0.213077,0.850394
1677109556,629933476,0.416032,0.645806,0.181849,0.469617,-0.100006,-0.213036,0.850925
1677109556,639259930,0.416161,0.646030,0.181625,0.468957,-0.100494,-0.212699,0.851316
1677109556,649422334,0.416279,0.646274,0.181382,0.468340,-0.101064,-0.212437,0.851654
1677109556,659426900,0.416263,0.646381,0.181246,0.466990,-0.100862,-0.212486,0.852407
1677109556,669458788,0.416332,0.646664,0.180997,0.466795,-0.101071,-0.212299,0.852535
1677109556,679541154,0.416282,0.646848,0.180788,0.466097,-0.100722,-0.212300,0.852958
1677109556,689719417,0.416481,0.646985,0.180594,0.465721,-0.101246,-0.211280,0.853355
1677109556,700307325,0.416514,0.647159,0.180383,0.465465,-0.100991,-0.210958,0.853604
1677109556,709686528,0.416487,0.647336,0.180205,0.465224,-0.100670,-0.211035,0.853754
1677109556,719974258,0.416480,0.647448,0.180061,0.464990,-0.100519,-0.210974,0.853914
1677109556,729967572,0.416446,0.647475,0.179945,0.464363,-0.100271,-0.210829,0.854321
1677109556,740014258,0.416348,0.647559,0.179803,0.463971,-0.099895,-0.211392,0.854439
1677109556,749883700,0.416422,0.647725,0.179560,0.464324,-0.099923,-0.211236,0.854282
1677109556,759432430,0.416475,0.647784,0.179373,0.463982,-0.100032,-0.211219,0.854459
1677109556,769744782,0.416588,0.647800,0.179169,0.463412,-0.100640,-0.211134,0.854718
1677109556,780639601,0.416632,0.647916,0.178930,0.463121,-0.100313,-0.211233,0.854890
1677109556,790154958,0.416683,0.647922,0.178723,0.462030,-0.100449,-0.211412,0.855420
1677109556,799391473,0.416696,0.648070,0.178478,0.461647,-0.100087,-0.211788,0.855576
1677109556,809774967,0.416900,0.648186,0.178176,0.461401,-0.100315,-0.211258,0.855813
1677109556,819508694,0.416874,0.648251,0.177998,0.460669,-0.099754,-0.211573,0.856195
1677109556,829625775,0.416932,0.648402,0.177772,0.460623,-0.100077,-0.211742,0.856140
1677109556,839821415,0.416920,0.648382,0.177622,0.459866,-0.099672,-0.211696,0.856606
1677109556,850059679,0.416915,0.648339,0.177483,0.459234,-0.099640,-0.211740,0.856938
1677109556,860213347,0.416976,0.648335,0.177304,0.459174,-0.100017,-0.211658,0.856946
1677109556,869267932,0.417041,0.648270,0.177161,0.459126,-0.100295,-0.211394,0.857005
1677109556,879732448,0.417094,0.648156,0.177042,0.459218,-0.100238,-0.211061,0.857044
1677109556,889546902,0.417199,0.648105,0.176885,0.459898,-0.100804,-0.211002,0.856627
1677109556,899794211,0.417217,0.648054,0.176791,0.460629,-0.100563,-0.211205,0.856213
1677109556,909962857,0.417125,0.648007,0.176708,0.460918,-0.100387,-0.212476,0.855763
1677109556,920258435,0.417164,0.647825,0.176646,0.460656,-0.100585,-0.212846,0.855789
1677109556,930223964,0.417425,0.647798,0.176425,0.461346,-0.100941,-0.212301,0.855511
1677109556,939394386,0.417546,0.647677,0.176230,0.461130,-0.100919,-0.212154,0.855667
1677109556,949286500,0.417408,0.647677,0.176029,0.461055,-0.099711,-0.213015,0.855635
1677109556,960106485,0.417385,0.647544,0.175889,0.460408,-0.099094,-0.213283,0.855988
1677109556,968962685,0.417429,0.647593,0.175626,0.460833,-0.098981,-0.213500,0.855718
1677109556,979482345,0.417408,0.647477,0.175445,0.460650,-0.098846,-0.213561,0.855817
1677109556,989694031,0.417454,0.647496,0.175253,0.462220,-0.099500,-0.213423,0.854929
1677109556,999640523,0.417317,0.647319,0.175327,0.463607,-0.100099,-0.213404,0.854112
1677109557,9712450,0.417153,0.647072,0.175360,0.464623,-0.100410,-0.212794,0.853676
1677109557,20075868,0.416945,0.646896,0.175327,0.464702,-0.100944,-0.212737,0.853584
1677109557,29697562,0.416885,0.646886,0.175162,0.465688,-0.101516,-0.212085,0.853141
1677109557,39643015,0.416686,0.646790,0.175117,0.466914,-0.101707,-0.211555,0.852579
1677109557,49911503,0.416350,0.646638,0.175138,0.468221,-0.102052,-0.211608,0.851808
1677109557,59689475,0.416233,0.646395,0.175099,0.468980,-0.102332,-0.210501,0.851631
1677109557,70135363,0.416071,0.646279,0.175008,0.469798,-0.102823,-0.210233,0.851187
1677109557,80023347,0.415901,0.646125,0.174892,0.470852,-0.103304,-0.210088,0.850582
1677109557,89720568,0.415601,0.645825,0.174896,0.471703,-0.103155,-0.210142,0.850115
1677109557,99267515,0.415508,0.645529,0.174900,0.472882,-0.103803,-0.209525,0.849533
1677109557,109264086,0.415396,0.645382,0.174771,0.474667,-0.104223,-0.209138,0.848581
1677109557,119965768,0.415263,0.645145,0.174640,0.475935,-0.104198,-0.208695,0.847983
1677109557,129238388,0.415037,0.644775,0.174642,0.476916,-0.104671,-0.208827,0.847341
1677109557,139467245,0.414987,0.644451,0.174559,0.478650,-0.105381,-0.208199,0.846429
1677109557,149221814,0.414823,0.644082,0.174501,0.479843,-0.106105,-0.208205,0.845661
1677109557,158937883,0.414520,0.643705,0.174465,0.480598,-0.105342,-0.208371,0.845287
1677109557,169722837,0.414363,0.643279,0.174385,0.481516,-0.105763,-0.208162,0.844763
1677109557,179551380,0.414174,0.643014,0.174289,0.483412,-0.105970,-0.208021,0.843689
1677109557,190180590,0.414065,0.642530,0.174294,0.484366,-0.106283,-0.207292,0.843281
1677109557,200057408,0.413774,0.642218,0.174175,0.485597,-0.105827,-0.207693,0.842532
1677109557,209773782,0.413749,0.641826,0.174164,0.486226,-0.107118,-0.207568,0.842036
1677109557,219709930,0.413701,0.641517,0.174065,0.487569,-0.106752,-0.206841,0.841485
1677109557,229995377,0.413545,0.641259,0.174017,0.488833,-0.107284,-0.207652,0.840484
1677109557,239922810,0.413413,0.640866,0.174020,0.489243,-0.106837,-0.207619,0.840310
1677109557,249163861,0.413374,0.640611,0.173965,0.489772,-0.107142,-0.208255,0.839806
1677109557,259854485,0.413349,0.640415,0.173895,0.490575,-0.107548,-0.208743,0.839164
1677109557,269528119,0.413219,0.640156,0.173907,0.491096,-0.107101,-0.209271,0.838785
1677109557,279236457,0.413248,0.639969,0.173841,0.491794,-0.107663,-0.209209,0.838319
1677109557,289208446,0.413162,0.639776,0.173748,0.492053,-0.107908,-0.209073,0.838170
1677109557,299573713,0.413040,0.639679,0.173673,0.492686,-0.108433,-0.208493,0.837874
1677109557,309210378,0.412696,0.639575,0.173640,0.493404,-0.108858,-0.208035,0.837510
1677109557,319288999,0.412303,0.639450,0.173642,0.493840,-0.109276,-0.207041,0.837445
1677109557,329216052,0.411963,0.639242,0.173638,0.493474,-0.110146,-0.205249,0.837988
1677109557,339452456,0.411529,0.639348,0.173519,0.494530,-0.110420,-0.203753,0.837694
1677109557,349105014,0.411069,0.639282,0.173470,0.494980,-0.110794,-0.201752,0.837864
1677109557,359504486,0.410737,0.639251,0.173437,0.495980,-0.112332,-0.199445,0.837620
1677109557,369441765,0.410122,0.639181,0.173365,0.496567,-0.112747,-0.198413,0.837461
1677109557,379908071,0.409782,0.639010,0.173287,0.497161,-0.113661,-0.196152,0.837518
1677109557,389810171,0.409371,0.638818,0.173215,0.497766,-0.113823,-0.194076,0.837621
1677109557,399352558,0.408907,0.638641,0.173134,0.498677,-0.114636,-0.193328,0.837141
1677109557,409240382,0.408546,0.638392,0.173103,0.499845,-0.114882,-0.192062,0.836701
1677109557,419109402,0.408381,0.638156,0.173035,0.500899,-0.115581,-0.190774,0.836270
1677109557,429532598,0.408225,0.637852,0.172984,0.501247,-0.115933,-0.190208,0.836141
1677109557,439612421,0.407996,0.637686,0.172905,0.502079,-0.115664,-0.190601,0.835589
1677109557,449913935,0.408015,0.637328,0.172854,0.503199,-0.116109,-0.190122,0.834963
1677109557,460052109,0.407993,0.637075,0.172782,0.504748,-0.116365,-0.190415,0.833925
1677109557,469602142,0.407917,0.636587,0.172739,0.505141,-0.116111,-0.190892,0.833613
1677109557,479824280,0.407910,0.636305,0.172630,0.506449,-0.116062,-0.191758,0.832627
1677109557,489701779,0.407960,0.635911,0.172559,0.507732,-0.116341,-0.192512,0.831632
1677109557,499448262,0.407950,0.635414,0.172550,0.508572,-0.116144,-0.193336,0.830955
1677109557,510052191,0.407951,0.634967,0.172476,0.509816,-0.116274,-0.194351,0.829937
1677109557,519679180,0.407944,0.634499,0.172451,0.510567,-0.116082,-0.195366,0.829264
1677109557,529424687,0.407991,0.634191,0.172317,0.512210,-0.116166,-0.196383,0.827998
1677109557,539241841,0.407978,0.633755,0.172267,0.513329,-0.115762,-0.197138,0.827181
1677109557,549386976,0.408073,0.633348,0.172225,0.514479,-0.116254,-0.197697,0.826264
1677109557,559953887,0.408019,0.632914,0.172185,0.515081,-0.115974,-0.198680,0.825692
1677109557,569968372,0.408100,0.632502,0.172117,0.515753,-0.116090,-0.198737,0.825242
1677109557,579612674,0.408095,0.632324,0.172038,0.517239,-0.115979,-0.199271,0.824199
1677109557,589602316,0.407994,0.631927,0.172007,0.517606,-0.116127,-0.199879,0.823801
1677109557,599965992,0.408043,0.631824,0.171884,0.519245,-0.116911,-0.199970,0.822635
1677109557,610045376,0.407994,0.631702,0.171773,0.520326,-0.117519,-0.200078,0.821838
1677109557,620168520,0.407969,0.631530,0.171696,0.521168,-0.117449,-0.198966,0.821585
1677109557,629693277,0.407775,0.631429,0.171650,0.522215,-0.117967,-0.198891,0.820864
1677109557,639103205,0.407649,0.631298,0.171553,0.523432,-0.118531,-0.198024,0.820217
1677109557,649674660,0.407565,0.631035,0.171516,0.523821,-0.119534,-0.196662,0.820151
1677109557,659715254,0.407342,0.630862,0.171438,0.524217,-0.119771,-0.195631,0.820110
1677109557,670164423,0.407006,0.630778,0.171366,0.524757,-0.119638,-0.195498,0.819816
1677109557,680231820,0.406959,0.630792,0.171300,0.526017,-0.120354,-0.194316,0.819184
1677109557,689869491,0.406852,0.630630,0.171253,0.526488,-0.120847,-0.193326,0.819043
1677109557,699989442,0.406709,0.630526,0.171197,0.527311,-0.121305,-0.193001,0.818522
1677109557,710036706,0.406691,0.630293,0.171171,0.527675,-0.121522,-0.191828,0.818531
1677109557,720007342,0.406670,0.630185,0.171098,0.528709,-0.121663,-0.191241,0.817980
1677109557,729467495,0.406536,0.629962,0.171061,0.529058,-0.121861,-0.191731,0.817610
1677109557,739910958,0.406610,0.629799,0.170962,0.529914,-0.122315,-0.191505,0.817041
1677109557,749421435,0.406658,0.629649,0.170903,0.530966,-0.122396,-0.191487,0.816350
1677109557,759011804,0.406739,0.629355,0.170871,0.531384,-0.122580,-0.191493,0.816049
1677109557,769839121,0.406821,0.629188,0.170754,0.532493,-0.123052,-0.191763,0.815191
1677109557,779999759,0.406912,0.628952,0.170679,0.533363,-0.122743,-0.191643,0.814697
1677109557,789866764,0.406804,0.628737,0.170621,0.533870,-0.122305,-0.192473,0.814235
1677109557,799305857,0.406975,0.628543,0.170529,0.535083,-0.122969,-0.192062,0.813435
1677109557,809380411,0.407003,0.628305,0.170438,0.535869,-0.123116,-0.191865,0.812942
1677109557,819058091,0.406870,0.628165,0.170306,0.537173,-0.122518,-0.191819,0.812183
1677109557,829680948,0.406909,0.627952,0.170178,0.538495,-0.122512,-0.190699,0.811572
1677109557,839543815,0.406864,0.627783,0.170058,0.539458,-0.123974,-0.190997,0.810639
1677109557,849552394,0.406802,0.627615,0.169944,0.540762,-0.123587,-0.189711,0.810131
1677109557,859419687,0.406684,0.627470,0.169828,0.541863,-0.123772,-0.189015,0.809529
1677109557,869305838,0.406491,0.627336,0.169710,0.542712,-0.124044,-0.188454,0.809050
1677109557,879457300,0.406475,0.627171,0.169628,0.543269,-0.124971,-0.187075,0.808854
1677109557,889560703,0.406325,0.627197,0.169490,0.544392,-0.125219,-0.186278,0.808244
1677109557,899805750,0.406180,0.627120,0.169400,0.545097,-0.125331,-0.184639,0.808127
1677109557,909616095,0.406040,0.627139,0.169319,0.545756,-0.126179,-0.183620,0.807783
1677109557,919091411,0.405970,0.627182,0.169223,0.546745,-0.127186,-0.181995,0.807323
1677109557,929533402,0.405730,0.627186,0.169122,0.547212,-0.127278,-0.180751,0.807272
1677109557,939611567,0.405491,0.627175,0.169055,0.547525,-0.127546,-0.179465,0.807305
1677109557,948978127,0.405509,0.627244,0.168980,0.548325,-0.128927,-0.177398,0.806999
1677109557,959155887,0.405306,0.627297,0.168876,0.548871,-0.128695,-0.175729,0.807030
1677109557,969366668,0.404963,0.627267,0.168861,0.548691,-0.128579,-0.175208,0.807284
1677109557,979755934,0.405022,0.627430,0.168769,0.549866,-0.129460,-0.172754,0.806873
1677109557,989560064,0.404851,0.627532,0.168689,0.550351,-0.129644,-0.171609,0.806757
1677109557,999766418,0.404756,0.627619,0.168612,0.550911,-0.130195,-0.170044,0.806617
1677109558,9775857,0.404652,0.627753,0.168514,0.551709,-0.130753,-0.168761,0.806251
1677109558,19862388,0.404448,0.628059,0.168412,0.552940,-0.130279,-0.167446,0.805758
1677109558,30265007,0.404522,0.628092,0.168316,0.553246,-0.131473,-0.165073,0.805844
1677109558,39930446,0.404391,0.628318,0.168199,0.554200,-0.131495,-0.163290,0.805548
1677109558,50427992,0.404332,0.628588,0.168090,0.555286,-0.131812,-0.161147,0.805180
1677109558,59868296,0.404310,0.628700,0.168005,0.555621,-0.132192,-0.158411,0.805429
1677109558,69548863,0.404245,0.629117,0.167864,0.557231,-0.131964,-0.155642,0.804894
1677109558,79341312,0.404208,0.629347,0.167798,0.557749,-0.132129,-0.152580,0.805095
1677109558,89962283,0.404314,0.629675,0.167716,0.558564,-0.132561,-0.148631,0.805197
1677109558,99589926,0.404140,0.630257,0.167543,0.559764,-0.131703,-0.145896,0.805005
1677109558,109957552,0.404358,0.630838,0.167362,0.561193,-0.131699,-0.141160,0.804855
1677109558,120265100,0.404635,0.631424,0.167177,0.562577,-0.131786,-0.136088,0.804748
1677109558,129896850,0.404627,0.631959,0.167060,0.563166,-0.131079,-0.132323,0.805080
1677109558,139546806,0.404899,0.632632,0.166930,0.564802,-0.130722,-0.127322,0.804798
1677109558,149507339,0.405243,0.633310,0.166808,0.566032,-0.130758,-0.122526,0.804672
1677109558,159874378,0.405546,0.634016,0.166671,0.566751,-0.129969,-0.118018,0.804968
1677109558,169752542,0.406033,0.634958,0.166522,0.568243,-0.129565,-0.113309,0.804658
1677109558,179902015,0.406763,0.635900,0.166361,0.569697,-0.129328,-0.107443,0.804473
1677109558,189953021,0.407326,0.636963,0.166207,0.571335,-0.128423,-0.102780,0.804064
1677109558,199499976,0.407891,0.637933,0.166087,0.572184,-0.126960,-0.097787,0.804316
1677109558,209870268,0.408595,0.638968,0.165955,0.572847,-0.125428,-0.092583,0.804700
1677109558,220135583,0.409431,0.640274,0.165786,0.574454,-0.123620,-0.087299,0.804425
1677109558,229475064,0.410261,0.641526,0.165625,0.575927,-0.120575,-0.081905,0.804401
1677109558,239111164,0.411272,0.642749,0.165475,0.577545,-0.117620,-0.076748,0.804187
1677109558,249747178,0.412373,0.644208,0.165299,0.580538,-0.113915,-0.071676,0.803033
1677109558,259996613,0.413402,0.645342,0.165170,0.582004,-0.109178,-0.067309,0.803007
1677109558,269422198,0.414646,0.646742,0.164965,0.584756,-0.104295,-0.062949,0.802010
1677109558,279356124,0.415998,0.648037,0.164808,0.587520,-0.099944,-0.059427,0.800812
1677109558,289385469,0.417257,0.649092,0.164672,0.589956,-0.095028,-0.057390,0.799767
1677109558,299765235,0.418665,0.649965,0.164578,0.591784,-0.090186,-0.055720,0.799095
1677109558,309358593,0.420331,0.651115,0.164431,0.594410,-0.084653,-0.054020,0.797868
1677109558,320065232,0.422232,0.652384,0.164277,0.596747,-0.079819,-0.053643,0.796646
1677109558,329404410,0.423952,0.653622,0.164142,0.598108,-0.073498,-0.054556,0.796171
1677109558,339019906,0.425655,0.654927,0.163938,0.599561,-0.066197,-0.056033,0.795616
1677109558,349009507,0.427546,0.656375,0.163705,0.601811,-0.059228,-0.056901,0.794404
1677109558,359389412,0.429088,0.657884,0.163377,0.604502,-0.050803,-0.059382,0.792761
1677109558,369850035,0.430570,0.659229,0.163166,0.606458,-0.042759,-0.060820,0.791632
1677109558,379783421,0.432180,0.660524,0.163043,0.608097,-0.036399,-0.060437,0.790722
1677109558,389787622,0.433186,0.661996,0.162789,0.610361,-0.029288,-0.061256,0.789208
1677109558,399180891,0.433973,0.663353,0.162589,0.611628,-0.023545,-0.060822,0.788452
1677109558,409512547,0.434588,0.664614,0.162452,0.612780,-0.019471,-0.059224,0.787791
1677109558,419246075,0.434984,0.665982,0.162329,0.614950,-0.016393,-0.056452,0.786372
1677109558,429672677,0.435032,0.667032,0.162244,0.615263,-0.014030,-0.053773,0.786360
1677109558,440119011,0.435068,0.668263,0.162146,0.615321,-0.012961,-0.049985,0.786583
1677109558,449341285,0.434829,0.669716,0.161975,0.615666,-0.011630,-0.045983,0.786578
1677109558,459489446,0.434419,0.670920,0.161927,0.615002,-0.010715,-0.041276,0.787372
1677109558,470300660,0.433865,0.672379,0.161840,0.616249,-0.010597,-0.036434,0.786637
1677109558,479865723,0.433215,0.673682,0.161738,0.617135,-0.010270,-0.030423,0.786202
1677109558,489790233,0.432365,0.675019,0.161548,0.618225,-0.009896,-0.024808,0.785547
1677109558,499807771,0.431366,0.676222,0.161352,0.619172,-0.009250,-0.019395,0.784961
1677109558,509523267,0.430489,0.677415,0.161144,0.620881,-0.009009,-0.012948,0.783746
1677109558,519724454,0.429500,0.678294,0.160991,0.621867,-0.008757,-0.007738,0.783036
1677109558,529243336,0.428534,0.679152,0.160836,0.622840,-0.008675,-0.003146,0.782295
1677109558,539585074,0.427708,0.679891,0.160647,0.623611,-0.008547,0.000604,0.781688
1677109558,549486566,0.427150,0.680614,0.160535,0.624279,-0.008990,0.003807,0.781141
1677109558,560301506,0.426563,0.681332,0.160395,0.624855,-0.008091,0.005515,0.780680
1677109558,569913503,0.426140,0.681992,0.160260,0.625018,-0.007046,0.006628,0.780551
1677109558,579605793,0.425956,0.682724,0.160098,0.625674,-0.006377,0.007335,0.780024
1677109558,589926963,0.425709,0.683376,0.159921,0.626679,-0.004767,0.007318,0.779228
1677109558,599256156,0.425461,0.683989,0.159771,0.628183,-0.002922,0.006915,0.778029
1677109558,609782801,0.425193,0.684360,0.159620,0.629181,-0.000955,0.005917,0.777235
1677109558,619249460,0.425005,0.684731,0.159449,0.630510,0.000418,0.004986,0.776165
1677109558,629647835,0.424781,0.685081,0.159255,0.631987,0.002044,0.004005,0.774966
1677109558,639888597,0.424525,0.685362,0.159045,0.633041,0.004627,0.003590,0.774096
1677109558,649249836,0.424284,0.685871,0.158847,0.634661,0.006747,0.003597,0.772753
1677109558,659810728,0.423854,0.686273,0.158676,0.635178,0.009119,0.003727,0.772303
1677109558,669608638,0.423346,0.686728,0.158540,0.635954,0.011097,0.004187,0.771636
1677109558,679529082,0.422771,0.687222,0.158416,0.637215,0.012107,0.005218,0.770573
1677109558,690224148,0.421887,0.687620,0.158256,0.637934,0.013085,0.005944,0.769957
1677109558,699743524,0.421158,0.687889,0.158165,0.638045,0.012566,0.008295,0.769852
1677109558,709813066,0.420082,0.688143,0.158099,0.638182,0.012274,0.009968,0.769723
1677109558,719434333,0.419010,0.688381,0.158036,0.638169,0.011769,0.012529,0.769704
1677109558,729084072,0.418027,0.688717,0.157984,0.638169,0.010408,0.015524,0.769670
1677109558,739365146,0.416824,0.689111,0.157921,0.638011,0.009567,0.017481,0.769769
1677109558,749441221,0.415638,0.689715,0.157904,0.638651,0.008678,0.019561,0.769199
1677109558,760169210,0.414427,0.690265,0.157923,0.638972,0.007766,0.021231,0.768898
1677109558,769899134,0.413431,0.691015,0.157908,0.639771,0.006517,0.023891,0.768166
1677109558,779373818,0.412286,0.691528,0.157904,0.639378,0.006116,0.025615,0.768441
1677109558,789408516,0.411079,0.692131,0.157854,0.639467,0.006279,0.026647,0.768331
1677109558,799553993,0.410016,0.692693,0.157774,0.639817,0.006272,0.028007,0.767992
1677109558,809475879,0.408996,0.693324,0.157638,0.640396,0.006454,0.029320,0.767458
1677109558,818997537,0.407970,0.693866,0.157478,0.640910,0.007274,0.030355,0.766981
1677109558,829477065,0.407010,0.694471,0.157262,0.642115,0.008022,0.031312,0.765926
1677109558,839639426,0.406015,0.694912,0.157105,0.642920,0.008986,0.031731,0.765223
1677109558,848915947,0.405286,0.695430,0.156939,0.644141,0.009529,0.033015,0.764135
1677109558,859476518,0.404505,0.695963,0.156785,0.645210,0.010817,0.033598,0.763189
1677109558,869251117,0.403825,0.696535,0.156612,0.646256,0.012372,0.034307,0.762249
1677109558,879784721,0.403100,0.697150,0.156464,0.647475,0.013995,0.034203,0.761190
1677109558,889340042,0.402556,0.697591,0.156301,0.647987,0.014840,0.034523,0.760724
1677109558,899739980,0.401967,0.698088,0.156178,0.649127,0.015760,0.034690,0.759725
1677109558,909459138,0.401449,0.698469,0.156050,0.650329,0.016016,0.034897,0.758682
1677109558,919759998,0.400858,0.698726,0.155946,0.651253,0.015947,0.034794,0.757895
1677109558,929761792,0.400394,0.698884,0.155937,0.652097,0.015256,0.035481,0.757151
1677109558,939511075,0.399846,0.698946,0.155972,0.652913,0.014267,0.035792,0.756452
1677109558,949284213,0.399364,0.698945,0.156023,0.653541,0.012919,0.036302,0.755909
1677109558,959920184,0.398795,0.698805,0.156069,0.653497,0.012379,0.036953,0.755926
1677109558,969736255,0.398458,0.699003,0.156021,0.654784,0.010554,0.037778,0.754797
1677109558,979471186,0.397994,0.698722,0.155960,0.654545,0.009894,0.038371,0.754984
1677109558,990039661,0.397628,0.698568,0.155870,0.655236,0.008976,0.038758,0.754376
1677109559,81005,0.397394,0.698338,0.155730,0.655860,0.007972,0.039452,0.753809
1677109559,9348485,0.397162,0.698167,0.155618,0.657229,0.007352,0.039377,0.752626
1677109559,19878611,0.397025,0.697790,0.155422,0.658116,0.007288,0.039368,0.751851
1677109559,29863085,0.397011,0.697234,0.155229,0.658828,0.007339,0.039013,0.751245
1677109559,39438442,0.397088,0.696808,0.155010,0.660699,0.007564,0.038311,0.749634
1677109559,49441364,0.397295,0.696171,0.154729,0.661944,0.007893,0.037131,0.748591
1677109559,59803249,0.397704,0.695705,0.154455,0.663938,0.008254,0.036452,0.746853
1677109559,69427710,0.398143,0.695012,0.154154,0.665173,0.009271,0.035234,0.745800
1677109559,80155705,0.398624,0.694409,0.153797,0.666734,0.010848,0.033622,0.744458
1677109559,89427191,0.399245,0.693932,0.153493,0.669066,0.012394,0.031605,0.742428
1677109559,99781052,0.400031,0.693293,0.153148,0.670796,0.013742,0.029368,0.740932
1677109559,110068218,0.400634,0.692532,0.152740,0.672272,0.016375,0.025922,0.739669
1677109559,119964454,0.401491,0.692029,0.152358,0.674942,0.018644,0.023355,0.737266
1677109559,130255095,0.402355,0.691351,0.152027,0.676920,0.021300,0.020424,0.735465
1677109559,139402486,0.403120,0.690688,0.151734,0.679211,0.024342,0.016696,0.733349
1677109559,149640224,0.404179,0.690142,0.151563,0.681937,0.026207,0.013668,0.730813
1677109559,159871378,0.405067,0.689544,0.151369,0.684089,0.029752,0.010353,0.728718
1677109559,169729996,0.406119,0.689083,0.151198,0.686066,0.032230,0.006948,0.726792
1677109559,179498533,0.407082,0.688671,0.151045,0.687610,0.035302,0.003245,0.725215
1677109559,190263449,0.408151,0.688476,0.150895,0.689702,0.037814,0.000015,0.723105
1677109559,200204025,0.409069,0.688181,0.150795,0.691290,0.040550,-0.003471,0.721431
1677109559,210108028,0.409805,0.687776,0.150654,0.692423,0.043956,-0.007123,0.720116
1677109559,219659711,0.410670,0.687476,0.150481,0.693569,0.045945,-0.009732,0.718858
1677109559,229783635,0.411514,0.687179,0.150328,0.694148,0.047769,-0.011413,0.718155
1677109559,238973790,0.412066,0.687028,0.150221,0.694833,0.049810,-0.014167,0.717304
1677109559,249705099,0.412657,0.686935,0.150182,0.695084,0.050728,-0.016040,0.716957
1677109559,259365968,0.413030,0.686816,0.150167,0.694990,0.052073,-0.017379,0.716920
1677109559,268999028,0.413293,0.686817,0.150238,0.694981,0.052878,-0.018279,0.716848
1677109559,279394552,0.413541,0.686830,0.150313,0.695583,0.052898,-0.018219,0.716264
1677109559,289652294,0.413569,0.686751,0.150442,0.696399,0.053010,-0.018037,0.715467
1677109559,299248585,0.413417,0.686646,0.150623,0.697306,0.052646,-0.018371,0.714602
1677109559,309951684,0.413325,0.686556,0.150813,0.698135,0.051956,-0.016942,0.713877
1677109559,319959304,0.413071,0.686561,0.151042,0.699313,0.051086,-0.015772,0.712813
1677109559,330255652,0.412727,0.686507,0.151300,0.700119,0.050029,-0.014719,0.712119
1677109559,339938180,0.412405,0.686385,0.151501,0.700606,0.048677,-0.012972,0.711768
1677109559,349315966,0.412051,0.686326,0.151701,0.701002,0.047136,-0.011199,0.711512
1677109559,359590090,0.411548,0.686501,0.151878,0.701744,0.046159,-0.009743,0.710865
1677109559,370400769,0.411180,0.686413,0.151996,0.700729,0.044783,-0.007515,0.711981
1677109559,380180113,0.410715,0.686516,0.152182,0.700314,0.043744,-0.005909,0.712468
1677109559,389999707,0.410366,0.686667,0.152387,0.700411,0.042683,-0.003699,0.712453
1677109559,399422970,0.409985,0.686866,0.152619,0.701319,0.041000,-0.002956,0.711662
1677109559,409833245,0.409669,0.686469,0.152812,0.700761,0.040163,-0.001521,0.712263
1677109559,419771633,0.409362,0.686523,0.153060,0.702911,0.039127,-0.000914,0.710200
1677109559,429382629,0.409314,0.686160,0.153263,0.703970,0.037514,0.000306,0.709239
1677109559,439715201,0.409123,0.685735,0.153400,0.704907,0.037188,0.000557,0.708324
1677109559,449573359,0.408971,0.685435,0.153518,0.706121,0.037106,0.000424,0.707118
1677109559,459686645,0.408903,0.685298,0.153553,0.707443,0.037054,0.000100,0.705798
1677109559,469825012,0.409084,0.685145,0.153566,0.708087,0.036553,0.000374,0.705179
1677109559,479689972,0.409088,0.684930,0.153503,0.708138,0.037173,-0.000454,0.705095
1677109559,489820031,0.409318,0.684926,0.153478,0.708832,0.037226,-0.000876,0.704394
1677109559,498863893,0.409498,0.684828,0.153401,0.709252,0.037670,-0.001753,0.703945
1677109559,509704236,0.409746,0.684673,0.153360,0.709982,0.038064,-0.002826,0.703185
1677109559,520090867,0.409916,0.684379,0.153327,0.710799,0.038467,-0.004323,0.702329
1677109559,529926346,0.410155,0.684030,0.153367,0.712033,0.038775,-0.005180,0.701055
1677109559,539635340,0.410316,0.683588,0.153431,0.713395,0.039375,-0.006310,0.699627
1677109559,550014064,0.410562,0.683078,0.153511,0.714646,0.039456,-0.006893,0.698339
1677109559,560400841,0.410590,0.682730,0.153585,0.716072,0.040354,-0.007775,0.696816
1677109559,569457200,0.410828,0.682387,0.153622,0.716831,0.039502,-0.008310,0.696078
1677109559,579588216,0.411098,0.682188,0.153616,0.717417,0.038846,-0.008067,0.695513
1677109559,589771677,0.411083,0.682091,0.153641,0.717776,0.038624,-0.008972,0.695144
1677109559,599464500,0.411216,0.682000,0.153632,0.717938,0.037910,-0.008880,0.695017
1677109559,609125901,0.411150,0.681763,0.153672,0.717845,0.037504,-0.009747,0.695124
1677109559,618875619,0.411067,0.681498,0.153751,0.718249,0.037456,-0.010410,0.694699
1677109559,628881548,0.411101,0.681369,0.153893,0.719895,0.036798,-0.010402,0.693028
1677109559,639202656,0.411167,0.681044,0.154094,0.721214,0.035977,-0.010371,0.691700
1677109559,649020092,0.411173,0.680684,0.154328,0.722577,0.035334,-0.010244,0.690311
1677109559,659973390,0.411197,0.680312,0.154557,0.723961,0.034631,-0.010293,0.688894
1677109559,669431787,0.411141,0.679827,0.154779,0.724856,0.034517,-0.010453,0.687956
1677109559,679208058,0.411060,0.679478,0.154998,0.726130,0.034587,-0.010277,0.686610
1677109559,689602394,0.411008,0.679217,0.155159,0.727165,0.034524,-0.010199,0.685518
1677109559,699675855,0.411051,0.679117,0.155349,0.728501,0.033643,-0.010054,0.684144
1677109559,709684209,0.411032,0.678798,0.155434,0.728397,0.033459,-0.009916,0.684266
1677109559,719827372,0.410989,0.678639,0.155559,0.728861,0.033129,-0.010106,0.683785
1677109559,729713617,0.411076,0.678453,0.155642,0.729298,0.032073,-0.010325,0.683367
1677109559,739544701,0.411047,0.678249,0.155764,0.730220,0.031820,-0.010846,0.682385
1677109559,749462044,0.411108,0.677862,0.155935,0.731497,0.031429,-0.010993,0.681031
1677109559,759846126,0.411090,0.677382,0.156083,0.732951,0.031854,-0.011190,0.679443
1677109559,769843311,0.411208,0.676947,0.156227,0.734842,0.031427,-0.011146,0.677418
1677109559,780199601,0.411223,0.676437,0.156321,0.736140,0.031798,-0.011523,0.675984
1677109559,789222334,0.411223,0.676075,0.156395,0.737328,0.032157,-0.012389,0.674655
1677109559,799391663,0.411308,0.675738,0.156448,0.738014,0.032459,-0.012678,0.673885
1677109559,809891655,0.411449,0.675520,0.156468,0.738389,0.032488,-0.013353,0.673460
1677109559,819752524,0.411599,0.675552,0.156505,0.738939,0.032131,-0.014276,0.672854
1677109559,829646148,0.411700,0.675455,0.156525,0.738864,0.032154,-0.015135,0.672917
1677109559,839495935,0.411739,0.675226,0.156576,0.738900,0.032081,-0.016367,0.672852
1677109559,849760692,0.411899,0.674924,0.156639,0.739321,0.031444,-0.016609,0.672413
1677109559,859565158,0.411886,0.674475,0.156710,0.739780,0.031306,-0.017337,0.671897
1677109559,869488576,0.412031,0.674090,0.156868,0.741284,0.030412,-0.017067,0.670285
1677109559,879413185,0.411914,0.673571,0.156990,0.742462,0.030404,-0.017298,0.668974
1677109559,889459121,0.411872,0.673070,0.157135,0.743854,0.029953,-0.017374,0.667445
1677109559,899622452,0.411795,0.672568,0.157285,0.745368,0.029470,-0.017674,0.665766
1677109559,909713932,0.411819,0.671985,0.157420,0.746349,0.028889,-0.017163,0.664707
1677109559,919701921,0.411670,0.671657,0.157584,0.747882,0.029006,-0.017572,0.662965
1677109559,929556884,0.411692,0.671251,0.157654,0.748523,0.028017,-0.017836,0.662277
1677109559,939697659,0.411695,0.671038,0.157676,0.748783,0.027623,-0.017693,0.662003
1677109559,949746890,0.411559,0.670979,0.157695,0.748584,0.027646,-0.018426,0.662207
1677109559,959953688,0.411586,0.670887,0.157658,0.747463,0.026769,-0.018656,0.663502
1677109559,969792227,0.411644,0.670971,0.157687,0.747123,0.025266,-0.019049,0.663932
1677109559,980442544,0.411619,0.670847,0.157710,0.746752,0.024692,-0.019115,0.664369
1677109559,989760453,0.411527,0.670719,0.157759,0.747365,0.024733,-0.019223,0.663674
1677109559,999372119,0.411654,0.670447,0.157834,0.748337,0.023513,-0.018894,0.662633
1677109560,9040158,0.411591,0.670167,0.157899,0.749391,0.023554,-0.018831,0.661440
1677109560,19687976,0.411562,0.669820,0.157880,0.749885,0.023406,-0.018900,0.660883
1677109560,29929058,0.411576,0.669761,0.157846,0.750396,0.023392,-0.019006,0.660301
1677109560,39848456,0.411620,0.669708,0.157809,0.750080,0.023124,-0.019348,0.660660
1677109560,49724205,0.411683,0.669667,0.157764,0.749641,0.023005,-0.019569,0.661156
1677109560,59686893,0.411734,0.669697,0.157744,0.749868,0.023327,-0.019870,0.660878
1677109560,69540818,0.411814,0.669678,0.157813,0.750636,0.023567,-0.019857,0.659997
1677109560,80001202,0.411776,0.669520,0.157911,0.751491,0.024477,-0.020220,0.658979
1677109560,89584397,0.411956,0.669345,0.158071,0.752556,0.024325,-0.019772,0.657782
1677109560,99894736,0.412000,0.669111,0.158232,0.753335,0.024345,-0.020069,0.656879
1677109560,109795449,0.412013,0.668887,0.158382,0.753807,0.024481,-0.020091,0.656332
1677109560,119607992,0.412127,0.668664,0.158564,0.753912,0.023964,-0.019840,0.656239
1677109560,129648813,0.412151,0.668643,0.158758,0.754357,0.023689,-0.020045,0.655730
1677109560,139739505,0.412162,0.668527,0.158937,0.754225,0.023456,-0.020308,0.655883
1677109560,149496257,0.412243,0.668414,0.159185,0.754260,0.022952,-0.020057,0.655868
1677109560,159495767,0.412289,0.668323,0.159492,0.754716,0.022431,-0.020014,0.655363
1677109560,169983788,0.412233,0.668082,0.159795,0.754852,0.022179,-0.020588,0.655196
1677109560,179443428,0.412269,0.667999,0.160134,0.755673,0.021997,-0.020269,0.654266
1677109560,189512897,0.412228,0.667715,0.160489,0.755911,0.022077,-0.020215,0.653990
1677109560,199614933,0.412287,0.667525,0.160883,0.756522,0.021583,-0.020012,0.653306
1677109560,209289482,0.412291,0.667374,0.161334,0.757523,0.021439,-0.019657,0.652161
1677109560,219515299,0.412271,0.667083,0.161754,0.758029,0.021282,-0.019839,0.651572
1677109560,229196914,0.412253,0.666807,0.162244,0.758650,0.020786,-0.019985,0.650860
1677109560,239659207,0.412248,0.666554,0.162770,0.759390,0.020424,-0.019679,0.650017
1677109560,249426618,0.412353,0.666380,0.163339,0.760220,0.019195,-0.019750,0.649082
1677109560,259439968,0.412301,0.666160,0.163945,0.760728,0.018934,-0.019878,0.648490
1677109560,269324640,0.412312,0.665997,0.164551,0.761144,0.018418,-0.019923,0.648015
1677109560,279625582,0.412370,0.665754,0.165193,0.761212,0.017644,-0.019829,0.647960
1677109560,289887452,0.412314,0.665625,0.165860,0.761941,0.017298,-0.019915,0.647109
1677109560,299358205,0.412261,0.665422,0.166540,0.762745,0.016975,-0.020004,0.646167
1677109560,309669157,0.412200,0.665115,0.167223,0.763406,0.017127,-0.019683,0.645392
1677109560,319828453,0.412152,0.664737,0.167954,0.763927,0.016854,-0.019664,0.644783
1677109560,329943305,0.412213,0.664510,0.168729,0.765252,0.016266,-0.019093,0.643242
1677109560,339876491,0.412139,0.664246,0.169551,0.766252,0.015979,-0.019229,0.642053
1677109560,349600318,0.412065,0.663887,0.170394,0.766713,0.016229,-0.018749,0.641511
1677109560,359655511,0.411978,0.663766,0.171297,0.767834,0.015949,-0.018991,0.640169
1677109560,369867991,0.411957,0.663436,0.172174,0.768191,0.015738,-0.018453,0.639761
1677109560,379602395,0.411910,0.663347,0.173168,0.769451,0.015287,-0.018316,0.638260
1677109560,389695389,0.411836,0.663051,0.174109,0.769814,0.015260,-0.017987,0.637833
1677109560,399708134,0.411904,0.662855,0.175181,0.770621,0.014345,-0.017697,0.636887
1677109560,409931167,0.411810,0.662549,0.176224,0.771177,0.014723,-0.017214,0.636217
1677109560,419417453,0.411754,0.662131,0.177355,0.771532,0.014640,-0.017394,0.635784
1677109560,430182429,0.411711,0.661802,0.178565,0.772515,0.015029,-0.016834,0.634595
1677109560,439867476,0.411804,0.661374,0.179831,0.773400,0.014647,-0.016240,0.633541
1677109560,449439801,0.411811,0.661162,0.181217,0.775085,0.014511,-0.016381,0.631478
1677109560,459917459,0.411879,0.660743,0.182589,0.775983,0.014045,-0.016178,0.630390
1677109560,469292563,0.411754,0.660448,0.184054,0.777072,0.014487,-0.016394,0.629031
1677109560,479365837,0.411840,0.660124,0.185586,0.777886,0.014100,-0.015556,0.628054
1677109560,489577288,0.411767,0.659680,0.187155,0.778261,0.014312,-0.015307,0.627592
1677109560,499665941,0.411782,0.659411,0.188837,0.779240,0.013655,-0.014702,0.626404
1677109560,509686181,0.411758,0.659012,0.190547,0.779755,0.013075,-0.014118,0.625789
1677109560,519893877,0.411600,0.658729,0.192363,0.780850,0.013169,-0.013416,0.624436
1677109560,529619577,0.411599,0.658325,0.194229,0.781718,0.011935,-0.013259,0.623377
1677109560,539923921,0.411331,0.657883,0.196139,0.782533,0.012453,-0.012570,0.622358
1677109560,549793906,0.411285,0.657493,0.198134,0.783630,0.011944,-0.011013,0.621016
1677109560,559944913,0.411146,0.657163,0.200208,0.784829,0.011497,-0.010035,0.619525
1677109560,569980187,0.411094,0.656708,0.202264,0.785630,0.010562,-0.008706,0.618545
1677109560,580164419,0.410908,0.656404,0.204473,0.787051,0.010035,-0.008087,0.616753
1677109560,590112025,0.410744,0.655874,0.206688,0.787690,0.009799,-0.006850,0.615956
1677109560,599476173,0.410394,0.655066,0.208793,0.787435,0.010199,-0.006449,0.616279
1677109560,609477754,0.409674,0.654229,0.210903,0.786676,0.012176,-0.006720,0.617209
1677109560,619068330,0.410409,0.654426,0.213593,0.789813,0.007320,-0.003928,0.613292
1677109560,629702434,0.410292,0.654064,0.215985,0.790773,0.006698,-0.003037,0.612066
1677109560,639663274,0.410326,0.653534,0.218318,0.790970,0.005706,-0.001476,0.611827
1677109560,649758319,0.410118,0.653166,0.220684,0.791754,0.005939,-0.000910,0.610811
1677109560,660072391,0.410108,0.652825,0.223114,0.792690,0.005222,0.000022,0.609602
1677109560,669696709,0.410085,0.652454,0.225562,0.793335,0.004844,0.000877,0.608766
1677109560,679380593,0.410092,0.652154,0.228021,0.794192,0.004446,0.001636,0.607648
1677109560,690191578,0.409985,0.651531,0.230391,0.793667,0.004564,0.002030,0.608332
1677109560,700022336,0.410075,0.651252,0.232901,0.794433,0.003926,0.002797,0.607332
1677109560,710391231,0.410093,0.650840,0.235395,0.794686,0.003483,0.003047,0.607003
1677109560,720220646,0.410107,0.650479,0.237853,0.795316,0.003890,0.003415,0.606174
1677109560,729690977,0.409998,0.649966,0.240116,0.795358,0.005494,0.003194,0.606107
1677109560,739650856,0.410438,0.649883,0.242654,0.796956,0.004955,0.005153,0.603995
1677109560,749707421,0.410617,0.649168,0.244947,0.795948,0.004053,0.004337,0.605336
1677109560,759670495,0.410910,0.648991,0.247299,0.796302,0.003982,0.004514,0.604869
1677109560,770193613,0.410915,0.648768,0.249551,0.795980,0.005506,0.004238,0.605283
1677109560,779482173,0.411284,0.648536,0.251819,0.795517,0.004761,0.004677,0.605894
1677109560,789492826,0.411663,0.648366,0.254077,0.795409,0.003435,0.004513,0.606046
1677109560,799910372,0.411167,0.648328,0.256503,0.796486,0.006865,0.003734,0.604606
1677109560,809568896,0.411225,0.648052,0.258822,0.796995,0.007997,0.005283,0.603909
1677109560,820062429,0.411123,0.647848,0.261199,0.798146,0.009305,0.005731,0.602366
1677109560,830121699,0.411127,0.647540,0.263496,0.798918,0.009625,0.006201,0.601332
1677109560,839708624,0.411089,0.647209,0.265725,0.799423,0.010367,0.007458,0.600632
1677109560,849719655,0.411084,0.646966,0.267918,0.799751,0.010528,0.008810,0.600175
1677109560,859770908,0.410918,0.646872,0.270102,0.799835,0.011061,0.009284,0.600046
1677109560,869252281,0.410834,0.646882,0.272309,0.799709,0.010557,0.009873,0.600214
1677109560,879651536,0.410108,0.647353,0.274722,0.801268,0.014166,0.010390,0.598048
1677109560,889728104,0.410388,0.647179,0.276654,0.800010,0.011738,0.012233,0.599748
1677109560,899329742,0.410221,0.647110,0.278675,0.799218,0.010207,0.012587,0.600823
1677109560,909925637,0.409941,0.647076,0.280653,0.799060,0.009800,0.013526,0.601019
1677109560,919443401,0.409632,0.647682,0.282756,0.801491,0.008913,0.013989,0.597777
1677109560,930008629,0.409197,0.648111,0.284794,0.803777,0.008941,0.015175,0.594670
1677109560,939595597,0.409009,0.646547,0.286282,0.799969,0.008864,0.018050,0.599704
1677109560,949489056,0.408823,0.646379,0.288009,0.800624,0.007817,0.019587,0.598795
1677109560,959138666,0.408953,0.645949,0.289546,0.799934,0.005013,0.021304,0.599689
1677109560,969546925,0.408948,0.645849,0.291086,0.799946,0.003045,0.022700,0.599635
1677109560,980092554,0.407786,0.646127,0.292900,0.801585,0.007209,0.022919,0.597398
1677109560,990187741,0.407522,0.646070,0.294335,0.801127,0.006612,0.023139,0.598010
1677109560,999229086,0.407501,0.646211,0.295819,0.801387,0.004816,0.023760,0.597655
1677109561,9931762,0.407370,0.646094,0.297147,0.801059,0.004383,0.024335,0.598075
1677109561,19462134,0.407250,0.645952,0.298479,0.801219,0.004127,0.024636,0.597850
1677109561,29835287,0.406984,0.645751,0.299817,0.801922,0.004911,0.024742,0.596895
1677109561,38995465,0.406962,0.645464,0.301046,0.802534,0.005324,0.025682,0.596030
1677109561,48974826,0.406992,0.645297,0.302288,0.803617,0.005515,0.026473,0.594532
1677109561,59145356,0.406721,0.645002,0.303287,0.803854,0.007498,0.025882,0.594216
1677109561,69060551,0.406575,0.644733,0.304211,0.803876,0.009694,0.025756,0.594160
1677109561,78971703,0.406436,0.644622,0.305147,0.804175,0.012089,0.025382,0.593727
1677109561,89142480,0.406311,0.644469,0.305975,0.803810,0.014558,0.024542,0.594201
1677109561,99836432,0.406027,0.644200,0.306681,0.802626,0.018149,0.023610,0.595739
1677109561,109909378,0.407175,0.644896,0.308221,0.805612,0.012641,0.023981,0.591823
1677109561,119640396,0.407317,0.644873,0.309092,0.805183,0.013384,0.022526,0.592448
1677109561,129804121,0.407524,0.644975,0.310057,0.805921,0.014129,0.022298,0.591434
1677109561,139734496,0.407417,0.644670,0.310810,0.806148,0.016403,0.021408,0.591099
1677109561,149611295,0.407575,0.644578,0.311606,0.807891,0.016825,0.021723,0.588691
1677109561,159739857,0.408087,0.643931,0.312317,0.809141,0.013740,0.020716,0.587088
1677109561,169516102,0.407672,0.643713,0.312947,0.810995,0.017000,0.020872,0.584433
1677109561,179183678,0.407587,0.643285,0.313412,0.811744,0.018804,0.022067,0.583293
1677109561,189916118,0.407409,0.643259,0.314031,0.813744,0.020140,0.022586,0.580435
1677109561,199225992,0.407250,0.642490,0.314310,0.812620,0.021250,0.023211,0.581944
1677109561,209564132,0.407199,0.642306,0.314665,0.812396,0.020965,0.023732,0.582245
1677109561,219489664,0.407073,0.642442,0.315150,0.812711,0.020497,0.023712,0.581823
1677109561,229870764,0.406863,0.642382,0.315546,0.812038,0.020048,0.023179,0.582799
1677109561,239513848,0.406854,0.642506,0.315961,0.812128,0.018868,0.023599,0.582696
1677109561,249543633,0.406718,0.642427,0.316317,0.811995,0.018557,0.024204,0.582867
1677109561,260253155,0.406587,0.642409,0.316651,0.812505,0.018222,0.024487,0.582154
1677109561,269237671,0.406459,0.642434,0.317025,0.813543,0.018242,0.025213,0.580671
1677109561,279098660,0.406259,0.642389,0.317356,0.814497,0.018794,0.025246,0.579313
1677109561,289465525,0.406259,0.642254,0.317516,0.814749,0.018177,0.025175,0.578982
1677109561,299694557,0.406244,0.642159,0.317631,0.814663,0.018208,0.025232,0.579100
1677109561,309653064,0.406197,0.642319,0.317840,0.814900,0.018316,0.024630,0.578789
1677109561,320046738,0.406364,0.642341,0.317913,0.814074,0.017983,0.024898,0.579948
1677109561,329807439,0.406396,0.642543,0.318096,0.813928,0.017993,0.024050,0.580189
1677109561,339579048,0.406430,0.642657,0.318215,0.813639,0.018761,0.023615,0.580587
1677109561,349506629,0.406617,0.642744,0.318300,0.813403,0.018656,0.023169,0.580940
1677109561,359824813,0.406721,0.642630,0.318301,0.812745,0.019309,0.022670,0.581858
1677109561,369766468,0.407036,0.642613,0.318369,0.812676,0.019108,0.022798,0.581956
1677109561,379800867,0.407010,0.642747,0.318512,0.813417,0.020444,0.021676,0.580917
1677109561,389937424,0.407226,0.642651,0.318533,0.813621,0.020811,0.021422,0.580628
1677109561,399263428,0.407541,0.642568,0.318614,0.813993,0.020488,0.021241,0.580124
1677109561,409490604,0.407581,0.642423,0.318678,0.814139,0.021205,0.020245,0.579929
1677109561,419477715,0.407741,0.642415,0.318781,0.814465,0.021564,0.019842,0.579473
1677109561,429690355,0.407853,0.642428,0.318908,0.814825,0.021774,0.019468,0.578971
1677109561,438977791,0.408011,0.642410,0.319000,0.815054,0.021753,0.019395,0.578651
1677109561,449684965,0.407911,0.642338,0.319076,0.815018,0.022697,0.018901,0.578682
1677109561,459677631,0.407922,0.642314,0.319174,0.815112,0.022866,0.018853,0.578545
1677109561,469287707,0.407938,0.642322,0.319244,0.815259,0.022601,0.018713,0.578353
1677109561,479737921,0.407930,0.642289,0.319320,0.815145,0.022269,0.018676,0.578528
1677109561,489400588,0.407894,0.642184,0.319360,0.814659,0.022135,0.019226,0.579198
1677109561,499329649,0.407754,0.642235,0.319499,0.814980,0.022190,0.019420,0.578738
1677109561,509403852,0.407657,0.642218,0.319569,0.814944,0.021583,0.019658,0.578804
1677109561,519596251,0.407600,0.642185,0.319629,0.814874,0.020547,0.020130,0.578924
