secs,nsecs,tx,ty,tz,rx,ry,rz,rw
1677108819,171091224,0.325499,0.540709,0.460636,0.543288,-0.212901,-0.314485,0.748740
1677108819,181879382,0.326280,0.540934,0.460302,0.544358,-0.211732,-0.314334,0.748357
1677108819,191969790,0.326808,0.541189,0.459978,0.545053,-0.209491,-0.315588,0.747954
1677108819,201231199,0.327456,0.541376,0.459672,0.545622,-0.208242,-0.316803,0.747374
1677108819,211831665,0.328112,0.541456,0.459430,0.545643,-0.207414,-0.317703,0.747207
1677108819,221857215,0.328784,0.541608,0.459204,0.546183,-0.207013,-0.318248,0.746691
1677108819,232015155,0.329118,0.541658,0.459069,0.545755,-0.206377,-0.319252,0.746751
1677108819,242428512,0.329421,0.541824,0.458959,0.545810,-0.206744,-0.319977,0.746300
1677108819,251152508,0.329614,0.541952,0.458898,0.545908,-0.207040,-0.319860,0.746196
1677108819,261743671,0.329860,0.542084,0.458893,0.546388,-0.208118,-0.318689,0.746046
1677108819,270945968,0.329926,0.542339,0.458865,0.547073,-0.209169,-0.318010,0.745539
1677108819,281107661,0.329860,0.542580,0.458830,0.547525,-0.209561,-0.316895,0.745573
1677108819,291193730,0.329743,0.542790,0.458807,0.547132,-0.210455,-0.316331,0.745848
1677108819,300776606,0.329825,0.543268,0.458646,0.547907,-0.211236,-0.315394,0.745455
1677108819,311259054,0.329880,0.543568,0.458502,0.547593,-0.211656,-0.314486,0.745950
1677108819,321346062,0.329968,0.543891,0.458302,0.547264,-0.212336,-0.314396,0.746037
1677108819,330844682,0.330154,0.544253,0.458078,0.547403,-0.212819,-0.314239,0.745863
1677108819,341062659,0.330373,0.544462,0.457893,0.546896,-0.213020,-0.314060,0.746253
1677108819,351700936,0.330513,0.544754,0.457645,0.546806,-0.212999,-0.314807,0.746010
1677108819,360926161,0.330711,0.544966,0.457409,0.546683,-0.212861,-0.315022,0.746049
1677108819,371029464,0.330877,0.545186,0.457182,0.546605,-0.212631,-0.315462,0.745986
1677108819,381368319,0.331039,0.545325,0.456995,0.546353,-0.212926,-0.315913,0.745895
1677108819,391308042,0.331202,0.545450,0.456844,0.546367,-0.213731,-0.316395,0.745451
1677108819,401481853,0.331327,0.545528,0.456710,0.546205,-0.214814,-0.317199,0.744916
1677108819,411466779,0.331434,0.545592,0.456615,0.546313,-0.215682,-0.317800,0.744330
1677108819,421213799,0.331567,0.545739,0.456464,0.546759,-0.216195,-0.318186,0.743688
1677108819,431116107,0.331676,0.545949,0.456312,0.546932,-0.216476,-0.318596,0.743304
1677108819,441751707,0.331736,0.546198,0.456092,0.546669,-0.216533,-0.318755,0.743412
1677108819,451620436,0.331890,0.546596,0.455827,0.546673,-0.217244,-0.318762,0.743199
1677108819,461363752,0.331984,0.546932,0.455552,0.546005,-0.217751,-0.318399,0.743697
1677108819,471371782,0.332067,0.547345,0.455203,0.545291,-0.218341,-0.318106,0.744173
1677108819,481393653,0.332256,0.547769,0.454808,0.544751,-0.218757,-0.316885,0.744967
1677108819,491842629,0.332303,0.548344,0.454358,0.544072,-0.218977,-0.316724,0.745467
1677108819,501700095,0.332466,0.548798,0.453885,0.543116,-0.219171,-0.315916,0.746449
1677108819,511833839,0.332634,0.549320,0.453373,0.542353,-0.219733,-0.315886,0.746851
1677108819,521573579,0.332752,0.549795,0.452900,0.541751,-0.219892,-0.315936,0.747220
1677108819,531807518,0.332998,0.550210,0.452373,0.541599,-0.220262,-0.315558,0.747381
1677108819,541557647,0.333253,0.550564,0.451846,0.541402,-0.220760,-0.315315,0.747479
1677108819,552082828,0.333460,0.550900,0.451281,0.541289,-0.220969,-0.315391,0.747467
1677108819,561721895,0.333678,0.551262,0.450669,0.541173,-0.221497,-0.315797,0.747224
1677108819,571705919,0.333919,0.551610,0.449999,0.540741,-0.221989,-0.316087,0.747268
1677108819,581505179,0.334388,0.552027,0.449211,0.540697,-0.223388,-0.315550,0.747110
1677108819,591199260,0.334607,0.552442,0.448363,0.539145,-0.224117,-0.316035,0.747808
1677108819,601110654,0.334932,0.553088,0.447403,0.538132,-0.224713,-0.315893,0.748418
1677108819,611142294,0.335688,0.554044,0.446208,0.538391,-0.226657,-0.314406,0.748272
1677108819,620945893,0.335989,0.554829,0.445164,0.536475,-0.228226,-0.313757,0.749443
1677108819,631285999,0.336119,0.555563,0.444124,0.533777,-0.229697,-0.312575,0.751411
1677108819,641190462,0.336210,0.556559,0.442970,0.532089,-0.231362,-0.311110,0.752704
1677108819,652397969,0.336038,0.557316,0.441881,0.529567,-0.231402,-0.308505,0.755538
1677108819,661645081,0.335781,0.558056,0.440835,0.527231,-0.231306,-0.305347,0.758478
1677108819,671379991,0.335962,0.559322,0.439564,0.526535,-0.235803,-0.302743,0.758621
1677108819,681109092,0.335745,0.560206,0.438446,0.525024,-0.237812,-0.300060,0.760105
1677108819,691674908,0.335636,0.560965,0.437344,0.524088,-0.240682,-0.297217,0.760964
1677108819,701277459,0.335502,0.561834,0.436224,0.524281,-0.242488,-0.293569,0.761673
1677108819,711326243,0.335324,0.562575,0.435117,0.524269,-0.243714,-0.291290,0.762165
1677108819,721983669,0.335395,0.563211,0.433953,0.524672,-0.244473,-0.288699,0.762630
1677108819,731176677,0.335537,0.563756,0.432758,0.525011,-0.244535,-0.287216,0.762937
1677108819,742133918,0.335637,0.564344,0.431497,0.525684,-0.243101,-0.286850,0.763070
1677108819,751527559,0.336156,0.564722,0.430195,0.526148,-0.243173,-0.286519,0.762851
1677108819,761932929,0.336686,0.565043,0.428821,0.526650,-0.242469,-0.286723,0.762652
1677108819,772004753,0.337287,0.565381,0.427407,0.527451,-0.241141,-0.287287,0.762307
1677108819,782298506,0.337892,0.565649,0.425958,0.528035,-0.239931,-0.288367,0.761877
1677108819,792268736,0.338631,0.565881,0.424481,0.528898,-0.238986,-0.289062,0.761312
1677108819,802001078,0.339235,0.566135,0.423031,0.529692,-0.237510,-0.290053,0.760845
1677108819,812053838,0.339826,0.566346,0.421602,0.530471,-0.236267,-0.290593,0.760483
1677108819,821701633,0.340365,0.566650,0.420169,0.531476,-0.235248,-0.291566,0.759724
1677108819,831639911,0.340773,0.566911,0.418784,0.531986,-0.233963,-0.292078,0.759567
1677108819,841972733,0.341243,0.567272,0.417379,0.532570,-0.233480,-0.292410,0.759179
1677108819,852063110,0.341579,0.567629,0.416007,0.532687,-0.232854,-0.292893,0.759103
1677108819,861998392,0.342375,0.568146,0.414540,0.534180,-0.232562,-0.290980,0.758879
1677108819,871506770,0.342643,0.568553,0.413225,0.534566,-0.231778,-0.290547,0.759012
1677108819,882332456,0.342975,0.569023,0.411972,0.535565,-0.232133,-0.289860,0.758463
1677108819,891919122,0.343161,0.569238,0.410776,0.535787,-0.232632,-0.288871,0.758530
1677108819,901849520,0.343274,0.569592,0.409546,0.536599,-0.232670,-0.288112,0.758233
1677108819,911951836,0.343329,0.569942,0.408349,0.537333,-0.232817,-0.287630,0.757851
1677108819,921683054,0.343433,0.570222,0.407170,0.537738,-0.232801,-0.287133,0.757757
1677108819,931369690,0.343621,0.570526,0.406007,0.538614,-0.232889,-0.286976,0.757167
1677108819,941249674,0.343796,0.570749,0.404882,0.539599,-0.232188,-0.286147,0.756995
1677108819,951484846,0.343915,0.570933,0.403828,0.540459,-0.232073,-0.286194,0.756399
1677108819,961517855,0.344057,0.571133,0.402785,0.541639,-0.232195,-0.286292,0.755480
1677108819,971159137,0.344188,0.571242,0.401753,0.542752,-0.231913,-0.285988,0.754882
1677108819,981213084,0.344410,0.571275,0.400754,0.543298,-0.232784,-0.285856,0.754271
1677108819,991477061,0.344390,0.571399,0.399736,0.543818,-0.232037,-0.286119,0.754027
1677108820,943621,0.344697,0.571773,0.398685,0.545756,-0.232442,-0.285766,0.752634
1677108820,11049868,0.344777,0.571939,0.397646,0.546325,-0.231658,-0.285676,0.752498
1677108820,21067000,0.344946,0.572102,0.396626,0.547026,-0.232046,-0.285595,0.751899
1677108820,31917215,0.345040,0.572444,0.395614,0.548210,-0.231317,-0.285605,0.751257
1677108820,41348544,0.345286,0.572774,0.394523,0.549451,-0.231284,-0.285195,0.750517
1677108820,51342100,0.345384,0.573027,0.393477,0.549847,-0.230391,-0.285094,0.750540
1677108820,61778311,0.345693,0.573428,0.392322,0.550850,-0.229525,-0.284490,0.750298
1677108820,70848633,0.345945,0.573862,0.391216,0.551500,-0.228790,-0.284378,0.750088
1677108820,81266596,0.346162,0.574254,0.390107,0.551805,-0.228087,-0.284537,0.750017
1677108820,91838776,0.346389,0.574534,0.389039,0.551709,-0.227363,-0.284481,0.750329
1677108820,101538836,0.346608,0.574791,0.387996,0.551575,-0.226873,-0.284736,0.750479
1677108820,111960834,0.346809,0.575070,0.386933,0.551818,-0.225832,-0.284804,0.750589
1677108820,121474564,0.347043,0.575415,0.385881,0.552573,-0.225009,-0.285151,0.750149
1677108820,131633878,0.347412,0.575563,0.384905,0.553046,-0.224740,-0.284798,0.750015
1677108820,141528387,0.347609,0.575767,0.383976,0.553567,-0.223743,-0.285248,0.749757
1677108820,151634653,0.347742,0.575797,0.383059,0.553584,-0.222847,-0.285871,0.749774
1677108820,160909000,0.348092,0.575792,0.382198,0.553935,-0.222981,-0.285791,0.749506
1677108820,171308450,0.348158,0.575880,0.381309,0.554570,-0.221787,-0.286629,0.749070
1677108820,181381356,0.348337,0.575822,0.380451,0.554723,-0.221487,-0.286900,0.748942
1677108820,190972302,0.348541,0.575831,0.379602,0.555269,-0.220990,-0.287361,0.748507
1677108820,201089590,0.348789,0.575752,0.378780,0.555615,-0.220874,-0.287458,0.748248
1677108820,211334385,0.349095,0.575614,0.377975,0.555764,-0.220822,-0.287159,0.748267
1677108820,221977280,0.349228,0.575602,0.377155,0.556061,-0.220038,-0.287859,0.748009
1677108820,231525481,0.349511,0.575706,0.376301,0.557058,-0.219545,-0.288092,0.747321
1677108820,241723252,0.349683,0.575705,0.375456,0.557277,-0.218939,-0.288801,0.747062
1677108820,251679493,0.349653,0.575727,0.374607,0.557457,-0.217314,-0.289892,0.746980
1677108820,261630820,0.349849,0.575713,0.373768,0.557733,-0.216743,-0.290253,0.746800
1677108820,271709793,0.350140,0.575836,0.372901,0.558536,-0.216548,-0.290393,0.746201
1677108820,281186878,0.350253,0.575885,0.372061,0.558657,-0.216140,-0.290954,0.746011
1677108820,291239795,0.350302,0.575894,0.371262,0.558482,-0.215726,-0.291609,0.746006
1677108820,301249630,0.350575,0.576078,0.370412,0.559448,-0.215837,-0.291300,0.745370
1677108820,311691766,0.350569,0.576172,0.369598,0.559576,-0.214721,-0.291406,0.745555
1677108820,322055466,0.350622,0.576321,0.368770,0.559838,-0.214480,-0.291423,0.745421
1677108820,332318776,0.350702,0.576570,0.367932,0.560466,-0.213999,-0.291432,0.745083
1677108820,341719310,0.350671,0.576609,0.367154,0.560001,-0.213622,-0.291472,0.745525
1677108820,351837560,0.350740,0.576667,0.366378,0.559987,-0.213949,-0.291196,0.745550
1677108820,361691652,0.350735,0.576853,0.365591,0.560358,-0.213875,-0.291454,0.745192
1677108820,371994345,0.350564,0.576929,0.364869,0.560666,-0.213545,-0.291789,0.744924
1677108820,381691818,0.350366,0.576730,0.364206,0.560246,-0.213367,-0.291809,0.745283
1677108820,392099255,0.350291,0.576855,0.363547,0.561833,-0.213844,-0.291863,0.743929
1677108820,401892076,0.350107,0.576670,0.362934,0.562282,-0.214360,-0.292062,0.743363
1677108820,411544761,0.350085,0.576487,0.362342,0.563229,-0.214763,-0.291102,0.742906
1677108820,421414051,0.349735,0.576460,0.361772,0.564096,-0.214236,-0.291876,0.742097
1677108820,431941176,0.349531,0.576242,0.361131,0.564470,-0.214112,-0.291836,0.741863
1677108820,441815502,0.349638,0.576109,0.360467,0.565435,-0.215108,-0.291093,0.741132
1677108820,451460168,0.349345,0.575943,0.359722,0.565406,-0.213705,-0.291153,0.741537
1677108820,461680799,0.349348,0.576110,0.358907,0.566750,-0.213573,-0.291861,0.740269
1677108820,471571470,0.349292,0.575995,0.358149,0.566797,-0.213279,-0.292016,0.740257
1677108820,481707416,0.349294,0.575984,0.357337,0.567416,-0.212768,-0.292194,0.739859
1677108820,491827664,0.349392,0.575861,0.356561,0.567826,-0.212597,-0.291995,0.739672
1677108820,501764030,0.349448,0.575785,0.355768,0.568334,-0.212303,-0.291997,0.739365
1677108820,511121242,0.349543,0.575809,0.354982,0.569168,-0.212308,-0.292336,0.738589
1677108820,521553922,0.349491,0.575854,0.354162,0.569779,-0.211460,-0.292922,0.738129
1677108820,531656950,0.349606,0.575937,0.353330,0.570728,-0.210986,-0.292640,0.737643
1677108820,541887261,0.349653,0.575963,0.352509,0.570894,-0.210351,-0.292405,0.737789
1677108820,550792486,0.349676,0.576248,0.351588,0.571562,-0.209541,-0.292926,0.737295
1677108820,561385033,0.349785,0.576500,0.350612,0.571817,-0.209353,-0.292931,0.737149
1677108820,571425296,0.350035,0.576753,0.349647,0.571892,-0.209825,-0.292411,0.737163
1677108820,581697640,0.350071,0.577124,0.348679,0.571993,-0.208604,-0.292614,0.737350
1677108820,591952119,0.350205,0.577490,0.347715,0.572019,-0.208341,-0.292816,0.737324
1677108820,601387383,0.350240,0.577927,0.346723,0.572078,-0.207414,-0.293447,0.737289
1677108820,611129842,0.350485,0.578364,0.345752,0.572839,-0.206859,-0.293237,0.736938
1677108820,621431911,0.350553,0.578945,0.344764,0.573701,-0.205780,-0.294195,0.736187
1677108820,631699671,0.350503,0.579479,0.343838,0.574749,-0.204109,-0.295069,0.735485
1677108820,641818298,0.351019,0.578972,0.342812,0.571843,-0.206679,-0.291844,0.738313
1677108820,652140950,0.351182,0.579166,0.341848,0.571800,-0.207093,-0.291781,0.738256
1677108820,661100269,0.351065,0.579340,0.340914,0.571487,-0.206348,-0.292317,0.738494
1677108820,670966856,0.351255,0.579677,0.339936,0.572753,-0.206501,-0.292007,0.737593
1677108820,681272463,0.351484,0.579728,0.339013,0.572718,-0.207739,-0.292101,0.737235
1677108820,691521046,0.351491,0.579914,0.338090,0.573214,-0.207049,-0.292324,0.736956
1677108820,701840252,0.351619,0.580082,0.337147,0.573836,-0.206810,-0.292026,0.736657
1677108820,711939906,0.351774,0.580116,0.336233,0.574022,-0.206957,-0.291834,0.736546
1677108820,721738042,0.351814,0.580156,0.335313,0.574268,-0.206409,-0.292266,0.736337
1677108820,731753171,0.351818,0.580313,0.334318,0.574695,-0.205044,-0.293479,0.735903
1677108820,740782528,0.351969,0.580294,0.333386,0.574762,-0.204814,-0.293697,0.735828
1677108820,751353451,0.352257,0.580328,0.332441,0.575078,-0.205257,-0.294008,0.735333
1677108820,761512277,0.352366,0.580416,0.331469,0.575071,-0.204388,-0.294588,0.735348
1677108820,771721180,0.352822,0.580623,0.330456,0.575501,-0.204874,-0.294895,0.734753
1677108820,782133733,0.353146,0.580798,0.329474,0.575474,-0.204908,-0.295669,0.734454
1677108820,792017804,0.353321,0.580946,0.328509,0.575210,-0.204270,-0.296499,0.734504
1677108820,801630206,0.353560,0.581012,0.327579,0.574764,-0.204800,-0.297143,0.734445
1677108820,811270166,0.353842,0.581177,0.326578,0.574894,-0.205320,-0.297688,0.733977
1677108820,821622819,0.353995,0.581338,0.325575,0.575090,-0.204860,-0.298142,0.733768
1677108820,832047577,0.354266,0.581383,0.324536,0.574785,-0.205320,-0.298652,0.733671
1677108820,841491422,0.354435,0.581422,0.323473,0.574292,-0.204998,-0.299419,0.733834
1677108820,851386585,0.354766,0.581713,0.322323,0.574940,-0.204529,-0.300115,0.733173
1677108820,861667533,0.355167,0.581875,0.321126,0.574878,-0.204721,-0.300848,0.732868
1677108820,871646976,0.355552,0.582112,0.319945,0.574468,-0.205817,-0.303689,0.731710
1677108820,881584045,0.355742,0.582238,0.318781,0.574710,-0.204017,-0.304210,0.731807
1677108820,891649080,0.356101,0.582007,0.317664,0.573995,-0.203703,-0.303989,0.732548
1677108820,901144809,0.356431,0.582053,0.316491,0.574408,-0.203125,-0.304610,0.732126
1677108820,911490394,0.356701,0.581954,0.315334,0.574075,-0.202971,-0.305621,0.732008
1677108820,921229483,0.356874,0.581817,0.314227,0.573876,-0.201623,-0.306498,0.732171
1677108820,931608053,0.357069,0.581643,0.313159,0.573977,-0.200461,-0.307235,0.732101
1677108820,941174298,0.357445,0.581539,0.312064,0.575121,-0.200276,-0.307581,0.731108
1677108820,951757352,0.357665,0.581237,0.311048,0.575790,-0.199720,-0.307753,0.730661
1677108820,961112922,0.357725,0.581021,0.310058,0.576499,-0.198875,-0.308545,0.729998
1677108820,971632973,0.357706,0.580630,0.309090,0.576450,-0.198272,-0.309115,0.729960
1677108820,981743508,0.357733,0.580367,0.308130,0.576758,-0.197418,-0.309196,0.729914
1677108820,991815192,0.357874,0.579892,0.307115,0.574104,-0.200443,-0.312099,0.729947
1677108821,1184983,0.357784,0.579681,0.306166,0.573532,-0.199059,-0.312810,0.730470
1677108821,11449356,0.357890,0.579358,0.305207,0.572449,-0.198830,-0.312865,0.731358
1677108821,21530242,0.357950,0.579103,0.304245,0.571519,-0.198365,-0.313207,0.732064
1677108821,31174468,0.358800,0.579715,0.302938,0.574116,-0.202501,-0.313828,0.728626
1677108821,41796250,0.359314,0.579822,0.301812,0.576082,-0.202133,-0.312298,0.727833
1677108821,51472322,0.359554,0.579833,0.300806,0.576035,-0.204126,-0.313283,0.726891
1677108821,62302536,0.359405,0.579747,0.299744,0.575454,-0.202003,-0.313916,0.727670
1677108821,71913730,0.359456,0.579733,0.298786,0.575484,-0.202413,-0.314754,0.727170
1677108821,81267684,0.359473,0.579623,0.297885,0.575193,-0.202661,-0.315459,0.727026
1677108821,91830929,0.359569,0.579591,0.296925,0.575609,-0.202809,-0.315941,0.726446
1677108821,101483446,0.359583,0.579499,0.295983,0.575270,-0.203020,-0.316861,0.726256
1677108821,111655432,0.359686,0.579409,0.295052,0.575411,-0.202606,-0.316982,0.726206
1677108821,121782537,0.359738,0.579495,0.294096,0.575874,-0.202146,-0.317729,0.725640
1677108821,131539018,0.359672,0.579425,0.293164,0.575385,-0.201452,-0.318859,0.725726
1677108821,141745786,0.359933,0.579298,0.292212,0.575213,-0.202696,-0.319380,0.725287
1677108821,151063166,0.359944,0.579219,0.291257,0.575052,-0.202400,-0.320186,0.725141
1677108821,161651722,0.360099,0.579263,0.290305,0.575476,-0.202260,-0.320766,0.724588
1677108821,171807041,0.360204,0.579400,0.289369,0.576151,-0.201781,-0.321344,0.723929
1677108821,181301421,0.360389,0.579598,0.288343,0.576539,-0.201836,-0.322277,0.723189
1677108821,190868092,0.360440,0.579697,0.287373,0.576411,-0.200500,-0.322434,0.723592
1677108821,201105141,0.360657,0.579928,0.286340,0.576702,-0.200076,-0.323133,0.723166
1677108821,211094757,0.360908,0.580075,0.285320,0.576566,-0.199347,-0.323343,0.723382
1677108821,220962780,0.360956,0.580454,0.284298,0.576870,-0.198078,-0.324639,0.722908
1677108821,231158333,0.361518,0.581094,0.283107,0.578668,-0.200548,-0.325841,0.720244
1677108821,240940327,0.361677,0.580967,0.282172,0.577602,-0.200792,-0.325778,0.721060
1677108821,251514331,0.361586,0.580888,0.281217,0.576360,-0.199842,-0.326591,0.721949
1677108821,261718083,0.361679,0.580902,0.280283,0.576116,-0.200106,-0.327092,0.721844
1677108821,271598067,0.361710,0.581007,0.279360,0.576423,-0.199391,-0.327622,0.721556
1677108821,281167701,0.361689,0.580984,0.278464,0.576246,-0.198375,-0.327594,0.721990
1677108821,291979647,0.361833,0.581339,0.277352,0.577038,-0.196474,-0.327752,0.721806
1677108821,301689569,0.362179,0.581672,0.276296,0.578083,-0.196421,-0.327673,0.721020
1677108821,312005244,0.362328,0.581956,0.275205,0.578221,-0.195732,-0.328383,0.720773
1677108821,321984557,0.362457,0.582095,0.274099,0.577705,-0.194950,-0.328902,0.721163
1677108821,332017381,0.362773,0.582396,0.272980,0.577869,-0.195355,-0.329521,0.720638
1677108821,341862913,0.362238,0.582454,0.271922,0.574878,-0.193182,-0.332972,0.722029
1677108821,351907519,0.362562,0.582658,0.270912,0.575545,-0.194014,-0.333116,0.721207
1677108821,361730345,0.362901,0.582745,0.269881,0.576193,-0.194687,-0.332650,0.720724
1677108821,371704918,0.363003,0.582898,0.268899,0.576673,-0.194414,-0.333263,0.720130
1677108821,381445605,0.363049,0.582886,0.267963,0.576566,-0.193131,-0.333097,0.720637
1677108821,392043886,0.362903,0.582803,0.266998,0.575436,-0.191421,-0.333754,0.721692
1677108821,401928616,0.363458,0.583508,0.265742,0.577676,-0.191725,-0.333939,0.719733
1677108821,411768311,0.363523,0.583690,0.264680,0.577284,-0.191024,-0.335147,0.719673
1677108821,421904141,0.363748,0.583819,0.263626,0.577248,-0.190777,-0.335457,0.719623
1677108821,431749665,0.364028,0.584000,0.262602,0.577831,-0.190497,-0.335506,0.719206
1677108821,441357025,0.364007,0.584134,0.261623,0.577662,-0.189567,-0.336563,0.719094
1677108821,451782803,0.364142,0.584321,0.260639,0.577873,-0.189919,-0.337320,0.718477
1677108821,461490697,0.364320,0.584505,0.259629,0.578119,-0.190101,-0.337496,0.718148
1677108821,471674769,0.364362,0.584795,0.258625,0.578223,-0.189758,-0.338496,0.717684
1677108821,480806110,0.364452,0.585046,0.257633,0.578035,-0.189081,-0.338817,0.717863
1677108821,491316002,0.364607,0.585304,0.256644,0.577465,-0.188615,-0.338809,0.718448
1677108821,501541029,0.364822,0.585678,0.255628,0.577266,-0.187848,-0.338862,0.718784
1677108821,511819953,0.365177,0.586322,0.254560,0.577909,-0.187877,-0.339199,0.718100
1677108821,521890557,0.365402,0.586792,0.253589,0.577715,-0.186833,-0.338804,0.718715
1677108821,531985845,0.365484,0.587143,0.252630,0.576744,-0.186084,-0.339280,0.719464
1677108821,541496657,0.365697,0.587419,0.251719,0.576083,-0.186130,-0.338551,0.720324
1677108821,551962032,0.365813,0.587974,0.250818,0.576142,-0.186067,-0.339319,0.719932
1677108821,561323587,0.365893,0.588232,0.250039,0.575209,-0.186055,-0.339284,0.720697
1677108821,571525648,0.366009,0.588670,0.249228,0.575375,-0.185576,-0.338970,0.720836
1677108821,581924218,0.366012,0.588955,0.248484,0.574657,-0.185353,-0.339085,0.721412
1677108821,591317183,0.366107,0.589270,0.247799,0.574051,-0.185663,-0.339179,0.721770
1677108821,601177712,0.366326,0.589656,0.246998,0.573978,-0.185365,-0.338912,0.722030
1677108821,611008245,0.366739,0.589636,0.246191,0.571161,-0.188549,-0.339983,0.722936
1677108821,621608220,0.367208,0.590496,0.245342,0.573311,-0.188634,-0.339650,0.721367
1677108821,631076044,0.367206,0.590693,0.244819,0.572356,-0.187861,-0.340382,0.721981
1677108821,640830444,0.367313,0.590889,0.244297,0.571792,-0.187381,-0.340529,0.722484
1677108821,650973939,0.367285,0.591212,0.243773,0.571321,-0.186532,-0.341349,0.722689
1677108821,661310362,0.367370,0.591409,0.243254,0.570414,-0.186619,-0.341794,0.723172
1677108821,671573213,0.367535,0.591777,0.242661,0.570228,-0.186760,-0.341730,0.723313
1677108821,680968538,0.367673,0.592138,0.242125,0.569686,-0.186783,-0.341726,0.723736
1677108821,691373085,0.367773,0.592601,0.241566,0.569118,-0.186102,-0.341606,0.724414
1677108821,701426382,0.367884,0.593147,0.241012,0.568272,-0.186137,-0.342318,0.724733
1677108821,711128358,0.368219,0.593660,0.240407,0.567769,-0.186707,-0.341674,0.725285
1677108821,721000066,0.368342,0.594240,0.239793,0.566751,-0.186649,-0.342016,0.725935
1677108821,731200168,0.368471,0.594788,0.239175,0.565531,-0.186330,-0.342086,0.726934
1677108821,741300407,0.368632,0.595424,0.238514,0.564821,-0.185458,-0.341941,0.727777
1677108821,751090481,0.368948,0.596030,0.237833,0.564091,-0.185349,-0.341412,0.728618
1677108821,761689033,0.369123,0.596568,0.237158,0.562970,-0.184543,-0.341428,0.729682
1677108821,771911934,0.369504,0.597090,0.236446,0.562427,-0.185074,-0.341337,0.730008
1677108821,781710765,0.369680,0.597654,0.235687,0.562482,-0.182563,-0.341538,0.730504
1677108821,791316536,0.370123,0.597979,0.235002,0.562065,-0.183592,-0.342321,0.730201
1677108821,801533560,0.370356,0.598328,0.234381,0.562008,-0.182428,-0.343538,0.729965
1677108821,811723983,0.370628,0.598504,0.233741,0.561813,-0.181103,-0.344747,0.729875
1677108821,821615088,0.371117,0.598809,0.233043,0.562654,-0.179731,-0.345840,0.729049
1677108821,831985612,0.371512,0.599028,0.232380,0.562700,-0.178366,-0.347520,0.728550
1677108821,841704911,0.371958,0.599254,0.231687,0.562852,-0.177209,-0.349560,0.727738
1677108821,851798478,0.372497,0.599447,0.230937,0.562926,-0.176232,-0.350968,0.727240
1677108821,862067207,0.372904,0.599708,0.230254,0.562737,-0.174657,-0.353202,0.726684
1677108821,871949199,0.373507,0.599897,0.229581,0.562661,-0.174175,-0.354508,0.726223
1677108821,881321175,0.373953,0.600172,0.228893,0.562632,-0.172842,-0.355878,0.725893
1677108821,892245635,0.374293,0.600422,0.228278,0.562225,-0.171731,-0.357715,0.725570
1677108821,902138070,0.374608,0.600534,0.227645,0.561302,-0.170810,-0.359094,0.725821
1677108821,911899242,0.375081,0.600921,0.226994,0.561657,-0.170680,-0.360182,0.725037
1677108821,921448082,0.375291,0.601167,0.226427,0.560866,-0.169967,-0.361896,0.724963
1677108821,932262512,0.375737,0.601591,0.225804,0.561462,-0.169690,-0.362391,0.724319
1677108821,941478142,0.375813,0.601900,0.225282,0.560690,-0.168693,-0.363820,0.724434
1677108821,951248023,0.376142,0.602311,0.224749,0.560945,-0.168836,-0.364405,0.723909
1677108821,961908424,0.376416,0.602793,0.224209,0.561673,-0.168426,-0.364493,0.723396
1677108821,971686365,0.376536,0.603049,0.223706,0.561192,-0.167655,-0.364303,0.724044
1677108821,981946743,0.376805,0.603591,0.223172,0.561497,-0.168285,-0.364648,0.723487
1677108821,992162552,0.376977,0.604071,0.222624,0.561431,-0.168719,-0.364692,0.723415
1677108822,1560091,0.376977,0.604389,0.222125,0.560312,-0.168706,-0.364813,0.724224
1677108822,11400589,0.377134,0.604994,0.221559,0.560394,-0.169103,-0.364989,0.723979
1677108822,21399303,0.377177,0.605402,0.221067,0.559259,-0.169185,-0.364872,0.724896
1677108822,31536877,0.377428,0.606016,0.220458,0.558712,-0.170071,-0.364426,0.725334
1677108822,41277257,0.377516,0.606593,0.219894,0.557474,-0.170256,-0.364291,0.726311
1677108822,51427468,0.377788,0.607213,0.219283,0.557071,-0.170889,-0.363026,0.727104
1677108822,61892601,0.377823,0.607785,0.218788,0.555701,-0.171501,-0.363252,0.727895
1677108822,71750256,0.378083,0.608371,0.218211,0.555567,-0.172249,-0.361977,0.728456
1677108822,81642107,0.378134,0.608981,0.217748,0.555061,-0.172717,-0.362018,0.728711
1677108822,91866128,0.378226,0.609461,0.217280,0.554306,-0.173722,-0.362067,0.729022
1677108822,101416354,0.378454,0.609958,0.216746,0.554241,-0.175063,-0.361722,0.728922
1677108822,111590926,0.378554,0.610411,0.216301,0.553377,-0.176294,-0.362378,0.728955
1677108822,121809715,0.378806,0.610954,0.215791,0.553130,-0.177259,-0.362129,0.729033
1677108822,131761164,0.378919,0.611425,0.215282,0.552114,-0.177286,-0.362340,0.729691
1677108822,141609463,0.379163,0.611984,0.214686,0.551452,-0.177495,-0.362100,0.730260
1677108822,151637816,0.379314,0.612538,0.214144,0.550768,-0.177230,-0.362236,0.730773
1677108822,161545601,0.379528,0.613038,0.213577,0.550068,-0.177608,-0.362376,0.731139
1677108822,171643606,0.379749,0.613600,0.213022,0.550339,-0.178406,-0.362633,0.730613
1677108822,181684216,0.379787,0.613856,0.212544,0.549491,-0.179030,-0.363218,0.730808
1677108822,191324749,0.379761,0.614152,0.212097,0.549591,-0.179018,-0.363583,0.730555
1677108822,201283506,0.379895,0.614338,0.211644,0.549453,-0.180274,-0.364065,0.730109
1677108822,211600631,0.379817,0.614549,0.211202,0.549612,-0.179452,-0.364846,0.729802
1677108822,221796222,0.379905,0.614859,0.210727,0.550058,-0.179472,-0.366102,0.728832
1677108822,231722451,0.380195,0.615120,0.210200,0.550719,-0.179280,-0.366266,0.728297
1677108822,241421057,0.380401,0.615439,0.209626,0.550936,-0.178289,-0.367062,0.727975
1677108822,252190577,0.380676,0.615790,0.209010,0.551235,-0.177486,-0.367706,0.727620
1677108822,261324997,0.381062,0.616103,0.208379,0.551020,-0.177537,-0.368692,0.727272
1677108822,271498218,0.381318,0.616378,0.207808,0.550496,-0.176682,-0.369552,0.727440
1677108822,281818875,0.381697,0.616745,0.207184,0.550136,-0.176872,-0.370709,0.727077
1677108822,291931964,0.381946,0.617040,0.206627,0.549158,-0.176633,-0.371700,0.727369
1677108822,301289618,0.382155,0.617500,0.206048,0.548461,-0.176953,-0.373090,0.727105
1677108822,311930455,0.382355,0.617859,0.205518,0.547771,-0.176810,-0.373349,0.727527
1677108822,321907409,0.382490,0.618351,0.204968,0.547472,-0.176716,-0.373518,0.727688
1677108822,331444139,0.382703,0.618821,0.204383,0.547467,-0.177152,-0.373255,0.727721
1677108822,341372740,0.382743,0.619326,0.203901,0.547675,-0.176720,-0.372884,0.727860
1677108822,351802348,0.382850,0.619738,0.203437,0.547813,-0.177174,-0.372088,0.728053
1677108822,361657064,0.382808,0.620137,0.203049,0.547164,-0.178074,-0.372442,0.728141
1677108822,371237060,0.382824,0.620639,0.202628,0.547229,-0.178623,-0.372287,0.728036
1677108822,381105197,0.382843,0.620968,0.202256,0.546381,-0.179520,-0.372251,0.728471
1677108822,391740898,0.382977,0.621335,0.201841,0.546123,-0.180793,-0.371750,0.728605
1677108822,401035324,0.383055,0.621794,0.201419,0.546141,-0.181397,-0.371400,0.728620
1677108822,411019959,0.383078,0.622227,0.201039,0.546078,-0.181746,-0.371116,0.728725
1677108822,421180599,0.383112,0.622579,0.200650,0.545885,-0.182239,-0.370438,0.729092
1677108822,431355160,0.383084,0.622978,0.200282,0.545674,-0.182671,-0.370607,0.729055
1677108822,440797009,0.383092,0.623277,0.199900,0.545146,-0.183031,-0.370266,0.729533
1677108822,451598012,0.383136,0.623691,0.199511,0.545421,-0.182853,-0.369969,0.729523
1677108822,461143121,0.383169,0.624005,0.199127,0.545160,-0.182707,-0.369729,0.729876
1677108822,470908529,0.383253,0.624410,0.198737,0.545483,-0.183331,-0.370000,0.729341
1677108822,481625652,0.383470,0.624737,0.198322,0.545919,-0.184734,-0.369886,0.728718
1677108822,491492115,0.383467,0.624948,0.197986,0.545962,-0.184955,-0.370067,0.728538
1677108822,501321370,0.383444,0.625055,0.197649,0.545643,-0.185783,-0.370324,0.728436
1677108822,511665945,0.383534,0.625220,0.197280,0.545912,-0.186791,-0.370680,0.727795
1677108822,521679161,0.383412,0.625408,0.196937,0.545752,-0.186277,-0.371596,0.727580
1677108822,531066167,0.384026,0.626078,0.196260,0.548425,-0.188569,-0.371605,0.724970
1677108822,541808816,0.383966,0.626134,0.195913,0.547788,-0.188228,-0.372572,0.725044
1677108822,551814865,0.384027,0.626171,0.195560,0.547519,-0.187910,-0.373045,0.725086
1677108822,562094697,0.384225,0.626346,0.195106,0.547943,-0.188280,-0.373606,0.724381
1677108822,572184036,0.384281,0.626451,0.194717,0.548073,-0.187871,-0.374393,0.723982
1677108822,581408218,0.384342,0.626411,0.194318,0.547682,-0.187763,-0.374971,0.724007
1677108822,592076274,0.384411,0.626545,0.193875,0.548027,-0.187265,-0.375720,0.723486
1677108822,600885190,0.384634,0.626690,0.193388,0.548612,-0.187622,-0.376329,0.722634
1677108822,611282105,0.384566,0.626779,0.192968,0.548320,-0.186768,-0.377672,0.722376
1677108822,621747652,0.384670,0.626805,0.192486,0.548003,-0.186693,-0.378478,0.722214
1677108822,631304307,0.384870,0.626967,0.191946,0.548396,-0.186734,-0.378845,0.721713
1677108822,641737269,0.384957,0.627082,0.191468,0.548374,-0.186350,-0.379356,0.721559
1677108822,651509697,0.384973,0.627018,0.191057,0.547526,-0.186059,-0.379758,0.722067
1677108822,661127051,0.385008,0.627144,0.190633,0.547644,-0.185827,-0.380018,0.721901
1677108822,671105593,0.385097,0.627254,0.190201,0.547814,-0.186421,-0.380267,0.721487
1677108822,680990905,0.385106,0.627212,0.189848,0.547329,-0.187084,-0.380300,0.721666
1677108822,691364079,0.384998,0.627205,0.189533,0.547194,-0.187025,-0.380305,0.721781
1677108822,701256713,0.384965,0.627230,0.189192,0.547370,-0.187652,-0.380221,0.721530
1677108822,711573874,0.384875,0.627230,0.188897,0.547396,-0.188196,-0.380262,0.721347
1677108822,721262465,0.384697,0.627272,0.188588,0.547581,-0.188561,-0.380608,0.720928
1677108822,731567537,0.384576,0.627214,0.188286,0.547423,-0.189105,-0.380498,0.720964
1677108822,741017163,0.384563,0.627211,0.187925,0.547459,-0.189904,-0.380463,0.720745
1677108822,751285587,0.384537,0.627245,0.187538,0.547416,-0.190091,-0.380398,0.720762
1677108822,761684286,0.384573,0.627382,0.187125,0.547564,-0.190160,-0.380845,0.720395
1677108822,771828247,0.384645,0.627394,0.186666,0.546877,-0.190961,-0.381324,0.720452
1677108822,781281472,0.384689,0.627526,0.186223,0.546857,-0.190757,-0.381650,0.720349
1677108822,792135968,0.384588,0.627589,0.185832,0.546127,-0.190395,-0.382769,0.720405
1677108822,801362709,0.384755,0.627683,0.185373,0.546269,-0.190920,-0.383036,0.720017
1677108822,811437586,0.384798,0.627764,0.184967,0.545893,-0.191439,-0.384006,0.719647
1677108822,820894109,0.384793,0.627766,0.184577,0.545293,-0.191355,-0.384554,0.719831
1677108822,831351053,0.384895,0.627917,0.184101,0.545240,-0.191679,-0.385355,0.719357
1677108822,841102208,0.384902,0.628115,0.183697,0.545087,-0.191543,-0.386208,0.719051
1677108822,851044975,0.385118,0.628199,0.183262,0.544842,-0.192362,-0.386310,0.718964
1677108822,861628126,0.385095,0.628431,0.182861,0.544717,-0.191721,-0.387073,0.718819
1677108822,871443405,0.385137,0.628668,0.182439,0.544417,-0.191294,-0.387804,0.718766
1677108822,881788260,0.385219,0.628884,0.182018,0.543926,-0.191390,-0.388406,0.718787
1677108822,891895492,0.385213,0.629077,0.181597,0.543596,-0.190378,-0.388512,0.719248
1677108822,901601087,0.385188,0.629378,0.181242,0.543143,-0.190048,-0.388942,0.719446
1677108822,911728191,0.385372,0.629647,0.180817,0.543142,-0.190847,-0.388465,0.719492
1677108822,921886374,0.385374,0.629992,0.180438,0.543007,-0.190763,-0.388226,0.719745
1677108822,931293715,0.385344,0.630255,0.180093,0.542435,-0.191258,-0.387877,0.720233
1677108822,942070055,0.385257,0.630561,0.179736,0.541877,-0.191359,-0.387531,0.720813
1677108822,951491578,0.385342,0.631014,0.179375,0.542139,-0.192416,-0.386981,0.720630
1677108822,961688301,0.385236,0.631327,0.179043,0.541159,-0.193870,-0.387043,0.720944
1677108822,971523179,0.385096,0.631687,0.178788,0.540337,-0.194109,-0.386424,0.721827
1677108822,981721397,0.385180,0.632096,0.178426,0.540293,-0.195431,-0.385060,0.722232
1677108822,991807878,0.385069,0.632612,0.178102,0.539645,-0.195867,-0.384776,0.722749
1677108823,1304725,0.385020,0.633027,0.177795,0.538560,-0.196611,-0.383761,0.723896
1677108823,10935223,0.385079,0.633578,0.177475,0.538110,-0.197668,-0.382644,0.724533
1677108823,21441322,0.384895,0.634129,0.177250,0.537210,-0.197718,-0.381965,0.725546
1677108823,31316024,0.384885,0.634594,0.177014,0.536243,-0.199245,-0.380588,0.726566
1677108823,40907486,0.384677,0.635159,0.176824,0.535473,-0.199883,-0.379585,0.727482
1677108823,52409358,0.384536,0.635690,0.176689,0.534922,-0.200837,-0.377740,0.728585
1677108823,61358187,0.384460,0.636152,0.176531,0.534464,-0.202400,-0.375680,0.729552
1677108823,71408964,0.384277,0.636767,0.176396,0.534224,-0.203380,-0.374103,0.730266
1677108823,81043550,0.384193,0.637419,0.176253,0.534284,-0.204613,-0.372407,0.730744
1677108823,91474199,0.383866,0.637848,0.176208,0.532905,-0.205225,-0.370759,0.732416
1677108823,101005193,0.383661,0.638385,0.176105,0.531797,-0.207064,-0.369464,0.733358
1677108823,111092090,0.383393,0.638889,0.176026,0.530670,-0.208188,-0.367651,0.734765
1677108823,121076705,0.383212,0.639498,0.175883,0.530314,-0.209786,-0.365632,0.735575
1677108823,131113315,0.382906,0.639960,0.175803,0.528932,-0.211281,-0.363961,0.736969
1677108823,141809744,0.382588,0.640547,0.175642,0.528096,-0.212729,-0.362561,0.737842
1677108823,151208853,0.382416,0.641177,0.175476,0.527872,-0.214057,-0.360567,0.738595
1677108823,161105346,0.382188,0.641630,0.175332,0.526629,-0.215714,-0.358867,0.739827
1677108823,170889191,0.382059,0.642028,0.175158,0.525816,-0.217294,-0.356727,0.740977
1677108823,181092395,0.381649,0.642445,0.175042,0.524671,-0.217805,-0.355758,0.742104
1677108823,191689542,0.381477,0.642871,0.174859,0.524377,-0.219318,-0.354305,0.742561
1677108823,201324365,0.381307,0.643210,0.174683,0.523611,-0.221039,-0.353096,0.743167
1677108823,211255378,0.380949,0.643573,0.174521,0.522879,-0.221659,-0.352371,0.743841
1677108823,221340701,0.380941,0.643881,0.174259,0.522585,-0.223688,-0.350677,0.744240
1677108823,230969406,0.380701,0.644215,0.174083,0.521812,-0.224405,-0.349789,0.744985
1677108823,241541695,0.380542,0.644475,0.173870,0.520892,-0.225603,-0.348741,0.745758
1677108823,251515947,0.380196,0.644831,0.173674,0.519979,-0.225597,-0.348415,0.746548
1677108823,261358298,0.380070,0.645181,0.173423,0.519604,-0.226464,-0.347406,0.747017
1677108823,271723846,0.379995,0.645396,0.173249,0.519043,-0.227358,-0.346163,0.747712
1677108823,281011703,0.379826,0.645781,0.172981,0.519073,-0.227738,-0.345642,0.747817
1677108823,291533828,0.379592,0.645983,0.172840,0.518425,-0.228060,-0.345222,0.748362
1677108823,301452321,0.379369,0.646080,0.172678,0.517828,-0.228087,-0.344423,0.749135
1677108823,312183923,0.379255,0.646312,0.172453,0.518061,-0.229020,-0.344301,0.748745
1677108823,321545937,0.379219,0.646423,0.172331,0.518084,-0.229722,-0.343665,0.748807
1677108823,331200175,0.379070,0.646385,0.172190,0.517373,-0.230155,-0.343395,0.749289
1677108823,341981496,0.379052,0.646566,0.171999,0.517984,-0.230755,-0.342953,0.748884
1677108823,351725462,0.378792,0.646562,0.171916,0.517282,-0.230420,-0.343019,0.749442
1677108823,361428901,0.378780,0.646655,0.171810,0.517376,-0.230797,-0.342406,0.749542
1677108823,371902763,0.378700,0.646579,0.171719,0.516794,-0.231462,-0.341783,0.750023
1677108823,381413556,0.378643,0.646673,0.171596,0.517144,-0.232185,-0.341386,0.749739
1677108823,391815262,0.378428,0.646683,0.171542,0.516815,-0.232609,-0.341435,0.749812
1677108823,401321641,0.378175,0.646703,0.171449,0.516812,-0.232633,-0.341371,0.749836
1677108823,411417663,0.378064,0.646713,0.171327,0.517045,-0.233050,-0.340636,0.749880
1677108823,421362366,0.378099,0.646776,0.171174,0.517860,-0.234375,-0.340039,0.749175
1677108823,431709402,0.377967,0.646682,0.171044,0.517672,-0.235241,-0.339915,0.749089
1677108823,441727990,0.377641,0.646643,0.170934,0.517306,-0.235407,-0.340812,0.748883
1677108823,451578421,0.377597,0.646597,0.170759,0.517521,-0.236426,-0.340945,0.748353
1677108823,461369866,0.377626,0.646568,0.170550,0.518092,-0.237215,-0.340806,0.747771
1677108823,471545691,0.377571,0.646450,0.170349,0.517849,-0.237377,-0.341387,0.747623
1677108823,481536646,0.377748,0.646390,0.170113,0.518305,-0.238080,-0.341606,0.746983
1677108823,491139885,0.377707,0.646345,0.169857,0.518254,-0.237387,-0.342917,0.746638
1677108823,500974082,0.377756,0.646421,0.169586,0.519019,-0.236046,-0.343604,0.746216
1677108823,511709463,0.377942,0.646287,0.169286,0.518850,-0.236661,-0.344264,0.745835
1677108823,521343243,0.377986,0.646287,0.168992,0.519023,-0.236511,-0.345778,0.745061
1677108823,531419847,0.378217,0.646258,0.168664,0.519410,-0.237204,-0.346356,0.744301
1677108823,541540896,0.378398,0.646237,0.168429,0.520086,-0.238067,-0.347039,0.743235
1677108823,551450081,0.377986,0.646026,0.168383,0.520554,-0.237444,-0.348195,0.742566
1677108823,561936533,0.377946,0.645739,0.168326,0.521774,-0.238999,-0.347752,0.741418
1677108823,571671940,0.377939,0.645791,0.168150,0.523261,-0.239504,-0.347974,0.740101
1677108823,581426529,0.377897,0.645682,0.167978,0.523235,-0.239759,-0.348405,0.739834
1677108823,591444817,0.377763,0.645541,0.167900,0.523482,-0.239887,-0.348786,0.739438
1677108823,601574799,0.377649,0.645485,0.167819,0.524913,-0.240105,-0.348833,0.738330
1677108823,611349274,0.377696,0.645380,0.167713,0.525830,-0.241135,-0.348852,0.737333
1677108823,621412090,0.377706,0.645348,0.167607,0.526409,-0.240985,-0.349251,0.736779
1677108823,631565527,0.377883,0.645263,0.167469,0.526992,-0.241535,-0.349251,0.736182
1677108823,641500960,0.377929,0.645147,0.167440,0.527633,-0.241699,-0.349301,0.735645
1677108823,651457310,0.377910,0.645044,0.167398,0.528265,-0.242028,-0.350174,0.734668
1677108823,661905263,0.377988,0.645005,0.167302,0.528892,-0.242418,-0.350856,0.733762
1677108823,671822256,0.378006,0.644845,0.167215,0.528834,-0.242304,-0.351375,0.733593
1677108823,682060384,0.378179,0.644780,0.167064,0.529840,-0.242847,-0.351827,0.732470
1677108823,692262439,0.378226,0.644579,0.166975,0.530240,-0.243348,-0.352242,0.731814
1677108823,701405655,0.378249,0.644403,0.166898,0.530533,-0.243856,-0.352917,0.731108
1677108823,711063662,0.378325,0.644366,0.166784,0.531380,-0.243750,-0.353257,0.730363
1677108823,721393080,0.378515,0.644329,0.166648,0.532324,-0.244567,-0.353249,0.729406
1677108823,731163917,0.378488,0.644193,0.166597,0.532483,-0.244779,-0.353494,0.729100
1677108823,741183923,0.378437,0.644010,0.166498,0.532669,-0.244900,-0.353157,0.729087
1677108823,751338711,0.378469,0.644005,0.166394,0.533354,-0.245377,-0.352854,0.728572
1677108823,761314552,0.378377,0.644048,0.166275,0.533736,-0.245307,-0.353009,0.728241
1677108823,771741147,0.378385,0.644194,0.166153,0.534716,-0.246127,-0.352981,0.727259
1677108823,781396185,0.378320,0.644065,0.166098,0.534743,-0.246987,-0.352088,0.727380
1677108823,791999490,0.378223,0.644156,0.165985,0.535658,-0.247329,-0.351396,0.726925
1677108823,801934562,0.378155,0.644155,0.165891,0.536307,-0.247845,-0.350475,0.726715
1677108823,812082405,0.378155,0.644251,0.165749,0.537455,-0.248323,-0.349780,0.726039
1677108823,821392557,0.377964,0.644279,0.165660,0.538164,-0.248078,-0.349441,0.725760
1677108823,831465459,0.377903,0.644146,0.165543,0.538344,-0.248670,-0.348861,0.725703
1677108823,841249484,0.377934,0.644205,0.165374,0.539966,-0.249093,-0.347981,0.724775
1677108823,851443064,0.377794,0.644003,0.165264,0.540239,-0.249644,-0.347690,0.724521
1677108823,861494100,0.377657,0.643805,0.165164,0.541106,-0.249393,-0.346740,0.724416
1677108823,871070987,0.377578,0.643656,0.165025,0.542140,-0.249857,-0.346382,0.723654
1677108823,881357827,0.377426,0.643509,0.164855,0.543209,-0.249514,-0.346091,0.723110
1677108823,891545493,0.377461,0.643370,0.164700,0.544700,-0.249742,-0.345508,0.722188
1677108823,901383623,0.377472,0.643049,0.164558,0.545526,-0.250177,-0.344629,0.721833
1677108823,912082068,0.377374,0.642879,0.164418,0.546643,-0.249917,-0.344604,0.721090
1677108823,921914747,0.377307,0.642693,0.164305,0.547530,-0.249712,-0.344633,0.720474
1677108823,931731727,0.377340,0.642529,0.164206,0.548318,-0.249857,-0.344719,0.719784
1677108823,941688940,0.377450,0.642423,0.164119,0.549066,-0.249861,-0.344814,0.719166
1677108823,952551396,0.377521,0.642299,0.164052,0.549597,-0.249031,-0.344680,0.719112
1677108823,961331539,0.377613,0.642160,0.164027,0.549940,-0.248770,-0.344786,0.718890
1677108823,971662149,0.377707,0.642078,0.163971,0.550436,-0.248715,-0.345107,0.718375
1677108823,981962992,0.377725,0.641984,0.163952,0.550698,-0.248242,-0.345443,0.718176
1677108823,991630318,0.377809,0.641893,0.163947,0.551035,-0.247988,-0.345462,0.717996
1677108824,2035040,0.378028,0.641875,0.163902,0.551729,-0.248121,-0.345412,0.717441
1677108824,11697725,0.378104,0.641771,0.163869,0.551840,-0.247799,-0.345652,0.717351
1677108824,21749698,0.378202,0.641677,0.163865,0.551922,-0.247693,-0.345863,0.717223
1677108824,31568319,0.378380,0.641684,0.163830,0.552602,-0.247840,-0.345863,0.716649
1677108824,41524107,0.378461,0.641652,0.163802,0.552770,-0.247638,-0.346122,0.716464
1677108824,51645302,0.378627,0.641613,0.163768,0.552895,-0.247758,-0.346076,0.716348
1677108824,61392255,0.378724,0.641651,0.163723,0.553222,-0.247492,-0.346246,0.716105
1677108824,71405710,0.378922,0.641652,0.163626,0.553329,-0.247809,-0.346019,0.716023
1677108824,80794744,0.378997,0.641631,0.163551,0.553058,-0.247878,-0.345842,0.716293
1677108824,91080940,0.379146,0.641717,0.163474,0.553459,-0.248335,-0.345238,0.716117
1677108824,101144809,0.379209,0.641754,0.163376,0.553864,-0.248471,-0.344259,0.716228
1677108824,111497346,0.379351,0.641840,0.163273,0.554440,-0.249582,-0.343418,0.715799
1677108824,121459934,0.379311,0.641912,0.163194,0.554653,-0.249551,-0.342783,0.715950
1677108824,131188773,0.379496,0.642022,0.163101,0.555209,-0.250244,-0.341793,0.715750
1677108824,141473082,0.379517,0.642132,0.163047,0.555491,-0.250443,-0.341507,0.715598
1677108824,151241589,0.379620,0.642181,0.162976,0.555703,-0.251038,-0.341007,0.715464
1677108824,161224041,0.379751,0.642285,0.162921,0.556132,-0.251140,-0.340494,0.715339
1677108824,171622432,0.379891,0.642462,0.162846,0.556611,-0.251514,-0.340335,0.714911
1677108824,181700285,0.379912,0.642547,0.162784,0.556460,-0.251633,-0.340605,0.714857
1677108824,191854872,0.380065,0.642677,0.162741,0.556941,-0.251819,-0.339948,0.714730
1677108824,201624824,0.380125,0.642720,0.162660,0.556763,-0.252010,-0.339677,0.714931
1677108824,211536405,0.380246,0.642750,0.162617,0.556687,-0.252463,-0.339097,0.715105
1677108824,221602527,0.380284,0.642906,0.162571,0.557014,-0.252455,-0.338976,0.714910
1677108824,231150838,0.380323,0.643039,0.162544,0.557329,-0.252710,-0.339072,0.714530
1677108824,241354443,0.380478,0.643088,0.162538,0.557456,-0.253065,-0.338448,0.714600
1677108824,251678261,0.380540,0.643249,0.162459,0.557641,-0.252932,-0.338522,0.714468
1677108824,261271053,0.380663,0.643314,0.162408,0.557826,-0.253035,-0.337950,0.714558
1677108824,271384413,0.380791,0.643328,0.162380,0.557957,-0.253409,-0.337514,0.714529
1677108824,281464837,0.380902,0.643397,0.162335,0.558241,-0.253880,-0.337381,0.714203
1677108824,291455942,0.381074,0.643573,0.162289,0.559000,-0.254061,-0.337261,0.713602
1677108824,301607087,0.381090,0.643712,0.162278,0.559146,-0.253484,-0.337696,0.713486
1677108824,311943025,0.381359,0.643860,0.162223,0.559598,-0.253944,-0.337624,0.713002
1677108824,321252570,0.381482,0.643949,0.162191,0.559419,-0.254062,-0.337855,0.712991
1677108824,331474435,0.381660,0.644007,0.162140,0.559314,-0.254395,-0.337660,0.713048
1677108824,341770468,0.381884,0.644154,0.162113,0.559755,-0.254811,-0.337318,0.712715
1677108824,351320328,0.382023,0.644355,0.162069,0.560222,-0.254532,-0.336879,0.712656
1677108824,361663465,0.382193,0.644504,0.162041,0.560328,-0.254949,-0.336648,0.712532
1677108824,371697517,0.382328,0.644713,0.162002,0.560396,-0.254948,-0.336546,0.712527
1677108824,381349986,0.382452,0.644926,0.161968,0.560302,-0.255081,-0.336717,0.712473
1677108824,391718605,0.382579,0.645110,0.161968,0.560274,-0.255201,-0.336529,0.712540
1677108824,401128268,0.382741,0.645356,0.161933,0.560642,-0.255139,-0.336243,0.712408
1677108824,411280187,0.383053,0.645490,0.161897,0.560588,-0.255798,-0.335480,0.712574
1677108824,421386908,0.383162,0.645772,0.161903,0.560788,-0.255430,-0.335633,0.712477
1677108824,431818291,0.383414,0.645862,0.161899,0.560532,-0.255989,-0.335381,0.712596
1677108824,441700577,0.383612,0.646035,0.161881,0.560720,-0.255883,-0.335360,0.712496
1677108824,451054067,0.383822,0.646186,0.161854,0.560719,-0.256074,-0.335709,0.712264
1677108824,460963702,0.384071,0.646383,0.161800,0.561260,-0.256233,-0.335987,0.711650
1677108824,471377119,0.384299,0.646390,0.161793,0.561147,-0.256408,-0.336074,0.711634
1677108824,481401245,0.384587,0.646587,0.161740,0.562006,-0.256198,-0.336201,0.710972
1677108824,491194815,0.384828,0.646626,0.161713,0.561858,-0.256526,-0.336649,0.710758
1677108824,501967760,0.385081,0.646762,0.161651,0.562041,-0.256588,-0.337349,0.710259
1677108824,511053955,0.385264,0.646841,0.161632,0.561948,-0.256288,-0.337747,0.710252
1677108824,520943195,0.385483,0.647060,0.161592,0.562650,-0.256023,-0.337965,0.709688
1677108824,531210607,0.385664,0.647170,0.161564,0.562630,-0.256565,-0.338399,0.709301
1677108824,541653663,0.385802,0.647295,0.161577,0.562506,-0.256418,-0.338542,0.709384
1677108824,551926880,0.385956,0.647527,0.161539,0.562654,-0.256723,-0.338704,0.709079
1677108824,561299726,0.386014,0.647701,0.161490,0.562491,-0.256826,-0.338564,0.709238
1677108824,571400138,0.386213,0.647980,0.161404,0.563049,-0.257623,-0.338285,0.708639
1677108824,581047367,0.386191,0.648094,0.161391,0.562733,-0.257739,-0.338003,0.708982
1677108824,591423930,0.386322,0.648307,0.161307,0.563178,-0.258364,-0.337589,0.708599
1677108824,601420643,0.386417,0.648469,0.161242,0.563384,-0.258939,-0.337129,0.708445
1677108824,611295055,0.386558,0.648711,0.161164,0.564124,-0.259220,-0.336619,0.707995
1677108824,621152829,0.386563,0.648753,0.161108,0.564022,-0.259066,-0.336388,0.708242
1677108824,631239100,0.386678,0.648845,0.161033,0.564242,-0.259571,-0.336292,0.707928
1677108824,641603636,0.386729,0.648923,0.160993,0.564557,-0.259704,-0.336335,0.707607
1677108824,651764883,0.386776,0.648926,0.160929,0.564631,-0.259876,-0.336624,0.707348
1677108824,661194857,0.386857,0.649003,0.160859,0.565125,-0.259756,-0.336983,0.706826
1677108824,670943120,0.387106,0.648993,0.160759,0.565751,-0.260206,-0.336868,0.706214
1677108824,681029056,0.386955,0.648891,0.160745,0.565486,-0.259185,-0.337637,0.706434
1677108824,691270437,0.387156,0.648841,0.160674,0.566349,-0.259262,-0.337242,0.705903
1677108824,701570465,0.387315,0.648818,0.160589,0.566912,-0.259493,-0.337508,0.705239
1677108824,711283089,0.387463,0.648621,0.160527,0.566874,-0.259362,-0.337291,0.705421
1677108824,721710010,0.387375,0.648528,0.160530,0.567038,-0.258521,-0.338147,0.705189
1677108824,731606354,0.387517,0.648325,0.160494,0.567472,-0.258464,-0.338186,0.704842
1677108824,741188051,0.387756,0.648263,0.160424,0.568453,-0.258469,-0.338281,0.704004
1677108824,751469878,0.387833,0.648167,0.160379,0.568879,-0.257860,-0.338936,0.703568
1677108824,761559494,0.388013,0.647997,0.160334,0.569424,-0.257593,-0.339187,0.703103
1677108824,771312690,0.388034,0.647854,0.160302,0.569558,-0.257056,-0.340017,0.702791
1677108824,781771564,0.388172,0.647818,0.160230,0.570253,-0.256827,-0.340344,0.702152
1677108824,791730700,0.388303,0.647638,0.160201,0.570265,-0.257059,-0.340406,0.702027
1677108824,801153428,0.388385,0.647560,0.160158,0.570711,-0.256973,-0.340220,0.701787
1677108824,811464447,0.388499,0.647536,0.160087,0.571294,-0.257539,-0.340105,0.701160
1677108824,821709618,0.388490,0.647452,0.160039,0.571264,-0.257261,-0.339991,0.701342
1677108824,831142019,0.388582,0.647474,0.159970,0.571523,-0.257523,-0.339881,0.701088
1677108824,841907848,0.388601,0.647473,0.159912,0.571682,-0.257370,-0.339696,0.701105
1677108824,851956459,0.388564,0.647304,0.159887,0.571179,-0.257401,-0.339574,0.701562
1677108824,861449939,0.388649,0.647351,0.159823,0.571687,-0.257611,-0.339397,0.701157
1677108824,871701935,0.388762,0.647398,0.159737,0.572223,-0.257493,-0.339237,0.700840
1677108824,881393344,0.388864,0.647372,0.159697,0.572392,-0.257675,-0.339166,0.700669
1677108824,891437779,0.388965,0.647377,0.159660,0.572799,-0.257788,-0.339120,0.700317
1677108824,901134763,0.389074,0.647313,0.159637,0.572940,-0.257670,-0.338974,0.700316
1677108824,912021331,0.389171,0.647267,0.159599,0.572915,-0.257325,-0.338982,0.700459
1677108824,921958972,0.389363,0.647347,0.159554,0.573327,-0.257502,-0.339338,0.699885
1677108824,931681501,0.389492,0.647295,0.159570,0.573561,-0.257433,-0.338905,0.699928
1677108824,941882442,0.389549,0.647319,0.159570,0.573619,-0.257190,-0.339189,0.699832
1677108824,951703267,0.389648,0.647276,0.159546,0.573242,-0.257297,-0.339367,0.700016
1677108824,962011086,0.389831,0.647304,0.159501,0.573069,-0.257817,-0.339635,0.699836
1677108824,972481800,0.390145,0.647456,0.159462,0.573806,-0.258407,-0.339409,0.699124
1677108824,981560506,0.390276,0.647562,0.159452,0.574183,-0.258537,-0.339358,0.698791
1677108824,992112235,0.390333,0.647597,0.159467,0.574015,-0.258677,-0.339478,0.698819
1677108825,1445684,0.390490,0.647762,0.159438,0.574315,-0.258654,-0.339425,0.698606
1677108825,11612586,0.390606,0.647902,0.159452,0.574179,-0.258823,-0.339580,0.698581
1677108825,22087116,0.390752,0.648133,0.159434,0.574177,-0.259080,-0.339699,0.698429
1677108825,31689444,0.390900,0.648298,0.159431,0.573736,-0.259628,-0.339564,0.698653
1677108825,41801458,0.391088,0.648526,0.159418,0.573558,-0.260143,-0.339045,0.698860
1677108825,51367647,0.391176,0.648823,0.159396,0.573273,-0.260702,-0.338731,0.699038
1677108825,61735056,0.391227,0.649198,0.159349,0.573314,-0.260874,-0.338165,0.699214
1677108825,71845555,0.391312,0.649556,0.159344,0.573252,-0.261565,-0.337265,0.699441
1677108825,81284083,0.391416,0.649843,0.159360,0.573038,-0.262548,-0.336320,0.699703
1677108825,91684161,0.391423,0.650142,0.159365,0.572447,-0.262893,-0.335689,0.700361
1677108825,101711352,0.391664,0.650553,0.159331,0.572624,-0.263693,-0.334760,0.700359
1677108825,111916161,0.391871,0.650899,0.159335,0.572377,-0.264330,-0.334054,0.700659
1677108825,121665748,0.391889,0.651127,0.159350,0.571665,-0.264171,-0.333738,0.701450
1677108825,131792261,0.392083,0.651459,0.159366,0.571536,-0.265018,-0.333755,0.701227
1677108825,141832439,0.392138,0.651675,0.159384,0.571015,-0.264760,-0.333665,0.701792
1677108825,151581240,0.392410,0.651802,0.159415,0.570845,-0.265187,-0.332662,0.702245
1677108825,161928515,0.392588,0.651954,0.159448,0.570641,-0.265257,-0.332660,0.702385
1677108825,171685308,0.392845,0.652050,0.159457,0.570471,-0.265442,-0.332690,0.702439
1677108825,181543875,0.392944,0.652188,0.159466,0.570226,-0.264959,-0.333577,0.702400
1677108825,191681238,0.393158,0.652361,0.159460,0.570704,-0.264344,-0.333918,0.702081
1677108825,201540271,0.393464,0.652349,0.159463,0.570855,-0.264405,-0.333676,0.702050
1677108825,211434981,0.393755,0.652388,0.159465,0.571156,-0.264553,-0.333890,0.701649
1677108825,221459439,0.394035,0.652379,0.159455,0.571043,-0.264495,-0.334539,0.701453
1677108825,231989535,0.394124,0.652406,0.159452,0.570941,-0.263309,-0.335231,0.701652
1677108825,241394202,0.394508,0.652503,0.159428,0.571726,-0.263409,-0.335087,0.701043
1677108825,251101532,0.394754,0.652543,0.159392,0.572182,-0.263240,-0.335162,0.700699
1677108825,261274112,0.394974,0.652541,0.159357,0.572348,-0.263384,-0.335487,0.700353
1677108825,271236903,0.395229,0.652525,0.159309,0.572483,-0.263401,-0.335522,0.700220
1677108825,281757408,0.395303,0.652547,0.159256,0.572586,-0.262716,-0.336102,0.700115
1677108825,291927699,0.395490,0.652612,0.159180,0.573244,-0.262430,-0.335997,0.699734
1677108825,301775111,0.395701,0.652684,0.159113,0.573984,-0.262627,-0.336095,0.699007
1677108825,311585552,0.395849,0.652567,0.159033,0.573916,-0.262477,-0.335956,0.699185
1677108825,321224971,0.395855,0.652466,0.158912,0.573614,-0.261919,-0.336555,0.699354
1677108825,331348467,0.396251,0.652432,0.158812,0.574378,-0.262786,-0.336211,0.698567
1677108825,342111691,0.396299,0.652394,0.158749,0.574889,-0.262111,-0.336641,0.698193
1677108825,351456603,0.396521,0.652324,0.158673,0.575783,-0.262141,-0.336673,0.697429
1677108825,361707703,0.396739,0.652319,0.158601,0.576749,-0.261952,-0.337078,0.696506
1677108825,371692963,0.397027,0.652160,0.158529,0.577001,-0.262030,-0.337438,0.696093
1677108825,381554406,0.397244,0.652059,0.158487,0.577214,-0.261388,-0.338143,0.695816
1677108825,392074684,0.397436,0.652044,0.158437,0.577395,-0.260666,-0.339089,0.695476
1677108825,401522688,0.397841,0.652069,0.158387,0.577934,-0.260640,-0.339121,0.695023
1677108825,411303054,0.398119,0.652192,0.158307,0.578252,-0.260391,-0.339635,0.694600
1677108825,421920634,0.398386,0.652206,0.158275,0.577832,-0.260517,-0.339513,0.694961
1677108825,431650171,0.398651,0.652467,0.158249,0.578320,-0.260042,-0.338786,0.695089
1677108825,441872582,0.398918,0.652688,0.158232,0.578231,-0.260062,-0.338047,0.695515
1677108825,451368739,0.399309,0.652971,0.158218,0.578103,-0.260570,-0.336812,0.696030
1677108825,461523760,0.399602,0.653454,0.158214,0.578250,-0.260332,-0.336197,0.696294
1677108825,471170926,0.400016,0.653809,0.158239,0.578304,-0.260319,-0.334553,0.697045
1677108825,481697229,0.400351,0.654123,0.158275,0.577591,-0.260505,-0.333707,0.697973
1677108825,492054960,0.400957,0.654644,0.158327,0.577792,-0.260829,-0.332454,0.698283
1677108825,501737562,0.401626,0.655198,0.158367,0.577720,-0.261482,-0.331638,0.698487
1677108825,511256003,0.402220,0.655733,0.158467,0.577450,-0.260947,-0.330214,0.699583
1677108825,521911447,0.402774,0.656316,0.158576,0.576821,-0.260767,-0.329789,0.700370
1677108825,531146032,0.403353,0.656952,0.158677,0.576530,-0.260489,-0.329042,0.701063
1677108825,541522918,0.404101,0.657525,0.158820,0.575913,-0.260961,-0.327816,0.701969
1677108825,551765810,0.404610,0.658188,0.158994,0.575101,-0.260309,-0.327636,0.702960
1677108825,561300132,0.405349,0.658890,0.159120,0.574702,-0.260207,-0.326682,0.703768
1677108825,571415836,0.405952,0.659513,0.159263,0.573530,-0.260422,-0.326510,0.704724
1677108825,582052008,0.406748,0.660327,0.159380,0.573914,-0.260297,-0.325064,0.705125
1677108825,592210746,0.407051,0.660946,0.159484,0.572382,-0.259081,-0.325507,0.706612
1677108825,602343657,0.407913,0.661667,0.159554,0.572331,-0.260305,-0.324430,0.706699
1677108825,611983874,0.408582,0.662502,0.159583,0.572676,-0.260366,-0.323626,0.706766
1677108825,621889809,0.408897,0.663068,0.159606,0.571482,-0.259896,-0.323803,0.707824
1677108825,631691756,0.409447,0.663937,0.159613,0.572250,-0.260219,-0.323056,0.707425
1677108825,642025720,0.409747,0.664642,0.159558,0.572210,-0.260042,-0.322475,0.707788
1677108825,652090932,0.410025,0.665433,0.159475,0.572752,-0.259231,-0.321208,0.708223
1677108825,662376262,0.410268,0.666191,0.159344,0.572566,-0.259608,-0.321011,0.708325
1677108825,672120130,0.410638,0.667155,0.159168,0.573755,-0.259535,-0.319380,0.708126
1677108825,681874676,0.410869,0.668076,0.159017,0.574763,-0.259691,-0.317658,0.708026
1677108825,691879980,0.410980,0.668883,0.158878,0.575455,-0.259728,-0.315064,0.708610
1677108825,701533174,0.410896,0.669763,0.158762,0.576067,-0.259670,-0.313056,0.709023
1677108825,711677347,0.410736,0.670617,0.158605,0.576513,-0.259457,-0.311021,0.709634
1677108825,721697824,0.410830,0.671438,0.158511,0.577178,-0.260856,-0.308302,0.709767
1677108825,731272335,0.410838,0.672322,0.158427,0.578038,-0.261600,-0.305900,0.709833
1677108825,741198234,0.410881,0.673068,0.158347,0.578268,-0.262359,-0.303560,0.710370
1677108825,751667644,0.410678,0.673893,0.158270,0.578386,-0.262001,-0.302233,0.710972
1677108825,762012256,0.410753,0.674589,0.158174,0.578660,-0.262270,-0.299396,0.711849
1677108825,772389379,0.410765,0.675316,0.158100,0.579089,-0.262357,-0.297113,0.712425
1677108825,781915571,0.410560,0.675905,0.158099,0.578859,-0.261866,-0.295301,0.713545
1677108825,792081420,0.410647,0.676443,0.158102,0.579219,-0.263106,-0.293101,0.713704
1677108825,801423589,0.410634,0.676840,0.158180,0.579337,-0.263106,-0.291011,0.714463
1677108825,811769596,0.410759,0.677419,0.158169,0.580300,-0.262646,-0.289194,0.714588
1677108825,821687682,0.410798,0.677738,0.158176,0.580361,-0.261915,-0.288066,0.715262
1677108825,831503896,0.410876,0.678040,0.158217,0.581103,-0.260816,-0.286979,0.715497
1677108825,841760779,0.411077,0.678313,0.158233,0.582402,-0.259972,-0.285940,0.715165
1677108825,851618989,0.411229,0.678328,0.158301,0.582670,-0.258482,-0.285093,0.715824
1677108825,862157495,0.411508,0.678436,0.158325,0.583306,-0.256886,-0.284823,0.715989
1677108825,871526476,0.411831,0.678707,0.158316,0.584995,-0.255302,-0.285072,0.715077
1677108825,881177029,0.412125,0.678633,0.158397,0.586202,-0.253767,-0.284782,0.714751
1677108825,892448020,0.412092,0.678528,0.158497,0.587002,-0.251005,-0.285650,0.714723
1677108825,901825753,0.412480,0.678741,0.158514,0.589653,-0.249463,-0.286452,0.712757
1677108825,911057784,0.412709,0.678613,0.158574,0.590678,-0.246899,-0.287393,0.712423
1677108825,920988326,0.413098,0.678729,0.158581,0.592554,-0.244565,-0.288501,0.711220
1677108825,931602000,0.413446,0.678798,0.158638,0.594151,-0.242349,-0.289598,0.710200
1677108825,941916152,0.413651,0.678979,0.158713,0.595920,-0.239725,-0.290457,0.709258
1677108825,951604898,0.413873,0.679140,0.158782,0.597544,-0.238409,-0.290411,0.708353
1677108825,962126246,0.414014,0.679448,0.158807,0.599480,-0.236827,-0.289668,0.707551
1677108825,972639734,0.413943,0.680001,0.158796,0.601075,-0.234216,-0.288561,0.707520
1677108825,981556867,0.413812,0.680622,0.158746,0.601390,-0.232254,-0.287434,0.708358
1677108825,991964011,0.413658,0.681348,0.158706,0.601735,-0.231490,-0.285132,0.709244
1677108826,1425505,0.413326,0.682146,0.158747,0.602212,-0.231777,-0.282230,0.709906
1677108826,11793188,0.412709,0.683117,0.158800,0.603398,-0.231003,-0.278340,0.710687
1677108826,21514289,0.412185,0.684234,0.158857,0.603975,-0.230214,-0.273690,0.712257
1677108826,31417951,0.411785,0.685847,0.158740,0.604872,-0.229277,-0.268902,0.713620
1677108826,41364084,0.411244,0.687341,0.158722,0.604380,-0.228240,-0.263448,0.716399
1677108826,51697309,0.410475,0.688999,0.158761,0.603739,-0.228463,-0.258285,0.718744
1677108826,61371451,0.409457,0.690578,0.158898,0.603031,-0.229552,-0.252545,0.721027
1677108826,71665881,0.408505,0.692015,0.159044,0.601112,-0.232955,-0.246059,0.723776
1677108826,81608961,0.407402,0.693533,0.159133,0.598155,-0.236215,-0.240555,0.727012
1677108826,91100510,0.406267,0.695070,0.159172,0.595008,-0.238860,-0.235107,0.730504
1677108826,101413692,0.405251,0.696813,0.159166,0.593891,-0.239657,-0.228155,0.733350
1677108826,112092112,0.404194,0.698520,0.159159,0.593319,-0.239357,-0.221560,0.735929
1677108826,122132666,0.403209,0.700124,0.159160,0.592678,-0.239387,-0.215362,0.738272
1677108826,131648509,0.402139,0.701494,0.159111,0.592168,-0.238568,-0.209900,0.740516
1677108826,142000682,0.401239,0.702897,0.159117,0.593262,-0.237718,-0.204334,0.741470
1677108826,151988370,0.400461,0.703841,0.159170,0.593339,-0.238357,-0.199244,0.742587
1677108826,161606745,0.399613,0.704704,0.159180,0.592947,-0.238671,-0.195654,0.743753
1677108826,171531859,0.398902,0.705502,0.159106,0.592582,-0.239291,-0.192848,0.744578
1677108826,181380883,0.398300,0.706254,0.159020,0.591780,-0.239619,-0.190318,0.745760
1677108826,191170415,0.397811,0.706921,0.158975,0.591247,-0.239707,-0.187738,0.746808
1677108826,201130152,0.397181,0.707592,0.158913,0.591293,-0.238457,-0.185964,0.747615
1677108826,211442399,0.396630,0.708020,0.158983,0.591060,-0.237621,-0.183883,0.748579
1677108826,221342788,0.396311,0.708576,0.159077,0.592667,-0.237100,-0.181332,0.748097
1677108826,231779716,0.395933,0.708913,0.159211,0.594387,-0.234634,-0.178367,0.748222
1677108826,241264796,0.395363,0.709370,0.159323,0.596713,-0.231268,-0.177084,0.747723
1677108826,251841637,0.395066,0.709477,0.159470,0.597863,-0.230326,-0.175440,0.747483
1677108826,261667545,0.394626,0.709589,0.159551,0.599489,-0.228299,-0.174122,0.747110
1677108826,271318630,0.394155,0.709639,0.159532,0.600626,-0.225717,-0.173141,0.747210
1677108826,281831471,0.393913,0.709773,0.159545,0.601960,-0.223296,-0.171388,0.747268
1677108826,291594148,0.393634,0.709879,0.159545,0.602864,-0.221984,-0.170661,0.747096
1677108826,301681602,0.393557,0.709904,0.159559,0.604034,-0.221843,-0.169058,0.746557
1677108826,311908547,0.393236,0.709863,0.159608,0.604803,-0.220393,-0.167971,0.746610
1677108826,321642325,0.392973,0.709975,0.159608,0.605782,-0.218614,-0.166948,0.746568
1677108826,331571328,0.392867,0.709976,0.159707,0.605736,-0.217478,-0.165699,0.747216
1677108826,341558731,0.392889,0.710300,0.159796,0.606550,-0.216514,-0.164683,0.747060
1677108826,351637101,0.392730,0.710470,0.159934,0.606701,-0.215257,-0.163684,0.747520
1677108826,361454388,0.392467,0.710651,0.160105,0.607087,-0.213719,-0.162402,0.747927
1677108826,371342065,0.392297,0.710799,0.160295,0.607721,-0.212794,-0.160114,0.748169
1677108826,381566995,0.392068,0.710908,0.160476,0.608359,-0.211184,-0.156920,0.748783
1677108826,391855576,0.391810,0.711266,0.160658,0.609880,-0.210339,-0.154220,0.748345
1677108826,401648756,0.391317,0.711491,0.160776,0.610128,-0.208460,-0.151742,0.749175
1677108826,411854729,0.391011,0.711674,0.160961,0.609969,-0.207833,-0.148744,0.750079
1677108826,421620437,0.390714,0.712028,0.161120,0.609947,-0.206460,-0.144781,0.751251
1677108826,431933678,0.390241,0.712522,0.161257,0.610171,-0.205590,-0.141985,0.751841
1677108826,441976233,0.389951,0.712838,0.161434,0.609743,-0.205613,-0.137494,0.753016
1677108826,451807282,0.389406,0.713335,0.161528,0.609819,-0.204630,-0.133309,0.753973
1677108826,461303308,0.388673,0.713720,0.161587,0.609552,-0.202753,-0.128585,0.755515
1677108826,471355908,0.388066,0.714064,0.161658,0.609489,-0.202145,-0.123389,0.756594
1677108826,481457896,0.387473,0.714425,0.161751,0.609461,-0.201391,-0.117479,0.757759
1677108826,491216707,0.386648,0.714840,0.161728,0.609258,-0.199045,-0.111939,0.759378
1677108826,501103164,0.385972,0.715194,0.161769,0.608696,-0.197915,-0.105909,0.760987
1677108826,511635263,0.385188,0.715657,0.161725,0.608249,-0.196636,-0.100487,0.762411
1677108826,521495169,0.384375,0.716139,0.161703,0.608021,-0.196095,-0.095406,0.763384
1677108826,531098860,0.383553,0.716440,0.161640,0.606748,-0.195938,-0.089924,0.765100
1677108826,541344610,0.382800,0.716716,0.161565,0.605415,-0.196033,-0.083551,0.766852
1677108826,551295022,0.382060,0.717000,0.161497,0.604427,-0.196322,-0.076840,0.768258
1677108826,560919191,0.381359,0.717249,0.161443,0.604282,-0.196064,-0.069071,0.769176
1677108826,571270090,0.379899,0.717969,0.161257,0.606643,-0.190590,-0.062639,0.769244
1677108826,581437687,0.378814,0.717923,0.161172,0.606046,-0.187576,-0.055208,0.771022
1677108826,592098166,0.377872,0.718123,0.161097,0.606706,-0.184828,-0.047896,0.771655
1677108826,601589335,0.377155,0.718091,0.161031,0.606822,-0.183549,-0.040638,0.772286
1677108826,611267712,0.376401,0.718199,0.160943,0.608076,-0.181988,-0.034167,0.771982
1677108826,621518030,0.375533,0.718009,0.160884,0.608002,-0.180235,-0.029039,0.772662
1677108826,631213251,0.374934,0.717857,0.160823,0.608605,-0.178657,-0.023507,0.772741
1677108826,641714613,0.374506,0.717788,0.160742,0.609926,-0.176782,-0.018197,0.772275
1677108826,651551545,0.374090,0.717495,0.160690,0.610633,-0.173890,-0.013459,0.772469
1677108826,661800705,0.373752,0.717224,0.160666,0.612134,-0.169475,-0.008675,0.772331
1677108826,671754166,0.373548,0.716783,0.160693,0.613389,-0.164871,-0.005373,0.772362
1677108826,681463467,0.373519,0.716237,0.160777,0.614635,-0.159217,-0.002210,0.772573
1677108826,691330182,0.373961,0.715596,0.160938,0.616113,-0.153169,0.003356,0.772614
1677108826,700897461,0.374212,0.715231,0.161033,0.618836,-0.149696,0.001746,0.771123
1677108826,711424439,0.374782,0.714596,0.161186,0.620413,-0.144924,0.002277,0.770765
1677108826,720841588,0.375561,0.713868,0.161348,0.621863,-0.138480,0.004350,0.770772
1677108826,730776863,0.376357,0.713184,0.161474,0.623815,-0.132696,0.003490,0.770217
1677108826,741225577,0.377203,0.712587,0.161635,0.626576,-0.126285,0.001892,0.769059
1677108826,750832213,0.378224,0.711651,0.161790,0.627855,-0.120064,0.000214,0.769014
1677108826,760889175,0.378885,0.711148,0.161871,0.630872,-0.113060,-0.005122,0.767588
1677108826,771437260,0.380083,0.710588,0.161968,0.633516,-0.107353,-0.007787,0.766206
1677108826,781341116,0.381568,0.709659,0.162027,0.634613,-0.102074,-0.008642,0.766011
1677108826,792010734,0.382749,0.709069,0.162054,0.637198,-0.095925,-0.011005,0.764628
1677108826,801724242,0.383721,0.708335,0.162023,0.639134,-0.089044,-0.013826,0.763798
1677108826,811584644,0.384844,0.707785,0.161977,0.641573,-0.083731,-0.016594,0.762297
1677108826,822028145,0.385697,0.707011,0.161883,0.642737,-0.077458,-0.019558,0.761910
1677108826,831187582,0.386653,0.706416,0.161728,0.644263,-0.072263,-0.021639,0.761075
1677108826,842080690,0.387685,0.705899,0.161588,0.646238,-0.067905,-0.022507,0.759775
1677108826,851621788,0.388506,0.705187,0.161406,0.647786,-0.062769,-0.023163,0.758879
1677108826,861413299,0.389231,0.704561,0.161234,0.649953,-0.057759,-0.023434,0.757414
1677108826,871800123,0.389865,0.703818,0.161060,0.651312,-0.052376,-0.023305,0.756641
1677108826,881876507,0.390375,0.703219,0.160878,0.652953,-0.047074,-0.023175,0.755579
1677108826,891949559,0.391078,0.702635,0.160678,0.654627,-0.043975,-0.022805,0.754327
1677108826,901825936,0.391445,0.702011,0.160418,0.656238,-0.039521,-0.022608,0.753179
1677108826,912217660,0.391907,0.701292,0.160203,0.657803,-0.036015,-0.021822,0.752012
1677108826,921444324,0.392287,0.700765,0.159978,0.660286,-0.031582,-0.020233,0.750077
1677108826,931314432,0.392688,0.700049,0.159748,0.661775,-0.027897,-0.018631,0.748952
1677108826,941274573,0.393104,0.699487,0.159513,0.663615,-0.024760,-0.017517,0.747459
1677108826,951837320,0.393419,0.698975,0.159187,0.665141,-0.021365,-0.016750,0.746224
1677108826,961953549,0.393902,0.698456,0.158892,0.666114,-0.018936,-0.015594,0.745446
1677108826,971776321,0.394296,0.697965,0.158584,0.666773,-0.016776,-0.015594,0.744909
1677108826,981649655,0.394736,0.697737,0.158330,0.668602,-0.014949,-0.015418,0.743310
1677108826,991844806,0.395119,0.697237,0.158091,0.669619,-0.012966,-0.015288,0.742434
1677108827,1365948,0.395420,0.696664,0.157943,0.670727,-0.011067,-0.015465,0.741461
1677108827,11515619,0.395720,0.696300,0.157742,0.672646,-0.008825,-0.014970,0.739761
1677108827,21951259,0.396085,0.695873,0.157586,0.674328,-0.007743,-0.014188,0.738255
1677108827,31847344,0.396267,0.695403,0.157380,0.675663,-0.006046,-0.013694,0.737059
1677108827,41380192,0.396428,0.694852,0.157167,0.676715,-0.004616,-0.012900,0.736117
1677108827,51727167,0.396631,0.694343,0.156918,0.677600,-0.003642,-0.011718,0.735328
1677108827,61412136,0.396674,0.694029,0.156658,0.679120,-0.002569,-0.011224,0.733937
1677108827,71307507,0.396873,0.693693,0.156462,0.680151,-0.002368,-0.010010,0.733000
1677108827,81999004,0.397048,0.693388,0.156232,0.680979,-0.001795,-0.008477,0.732252
1677108827,91496940,0.397009,0.692978,0.156006,0.681323,-0.000984,-0.008320,0.731935
1677108827,101540203,0.397220,0.692722,0.155856,0.682345,-0.000989,-0.007008,0.730996
1677108827,111636882,0.397248,0.692450,0.155726,0.683457,-0.000273,-0.006554,0.729961
1677108827,121852935,0.397207,0.692202,0.155637,0.684612,0.001051,-0.006245,0.728881
1677108827,131261919,0.397476,0.691926,0.155589,0.685505,0.001344,-0.004912,0.728050
1677108827,141435461,0.397543,0.691536,0.155583,0.685893,0.002331,-0.004588,0.727684
1677108827,151684021,0.397581,0.691417,0.155626,0.687572,0.003484,-0.004339,0.726095
1677108827,161867506,0.397650,0.691105,0.155718,0.688375,0.004604,-0.003782,0.725330
1677108827,171351838,0.397814,0.690941,0.155825,0.689317,0.004906,-0.003314,0.724436
1677108827,181630448,0.397928,0.690781,0.155920,0.689622,0.005923,-0.002396,0.724142
1677108827,192021395,0.397999,0.690765,0.156024,0.690217,0.006900,-0.002196,0.723566
1677108827,201479592,0.398115,0.690666,0.156204,0.690805,0.007642,-0.001619,0.722999
1677108827,211735541,0.398145,0.690520,0.156443,0.691488,0.009165,-0.001221,0.722328
1677108827,221588002,0.398297,0.690398,0.156700,0.692400,0.010007,-0.000514,0.721445
1677108827,231710898,0.398390,0.690166,0.156975,0.692746,0.011041,-0.000250,0.721097
1677108827,241804244,0.398645,0.690179,0.157269,0.693938,0.011148,0.000048,0.719948
1677108827,251998631,0.398944,0.690162,0.157526,0.694501,0.010920,0.000421,0.719409
1677108827,262013896,0.398944,0.690135,0.157745,0.694624,0.012021,-0.000113,0.719273
1677108827,272394103,0.399126,0.690068,0.157943,0.694445,0.012495,0.000301,0.719437
1677108827,281717908,0.399361,0.690028,0.158166,0.694500,0.012487,0.001057,0.719383
1677108827,291292239,0.399419,0.690158,0.158394,0.695431,0.013038,0.001570,0.718473
1677108827,301299040,0.399552,0.690020,0.158619,0.695491,0.012711,0.001992,0.718420
1677108827,311676736,0.399613,0.689998,0.158844,0.696247,0.013288,0.003095,0.717673
1677108827,321749331,0.399678,0.689927,0.159077,0.696835,0.013307,0.003831,0.717098
1677108827,331206963,0.399718,0.689765,0.159306,0.697278,0.013225,0.004215,0.716666
1677108827,342002739,0.399727,0.689480,0.159563,0.697792,0.013812,0.005050,0.716149
1677108827,351522853,0.399842,0.689136,0.159843,0.698715,0.013932,0.005889,0.715241
1677108827,361394687,0.400101,0.688897,0.160144,0.700386,0.013494,0.006759,0.713605
1677108827,371857060,0.400354,0.688658,0.160443,0.702011,0.013199,0.006979,0.712010
1677108827,381515485,0.400603,0.688284,0.160681,0.702600,0.013353,0.006670,0.711429
1677108827,391924175,0.400848,0.688104,0.160924,0.703652,0.013853,0.006110,0.710384
1677108827,401399868,0.401165,0.687901,0.161240,0.705345,0.014898,0.005906,0.708683
1677108827,411504424,0.401437,0.687613,0.161621,0.707438,0.016405,0.005427,0.706564
1677108827,421634867,0.401777,0.687081,0.162059,0.709098,0.017643,0.005126,0.704871
1677108827,431934929,0.402064,0.686834,0.162556,0.712359,0.019089,0.004954,0.701538
1677108827,441861776,0.402280,0.686317,0.163052,0.714866,0.020693,0.004548,0.698940
1677108827,451448940,0.402548,0.685982,0.163525,0.717921,0.022439,0.004969,0.695746
1677108827,461721219,0.402713,0.685651,0.164023,0.720473,0.023508,0.004432,0.693070
1677108827,470949932,0.402900,0.685437,0.164473,0.722647,0.024017,0.004039,0.690789
1677108827,480739232,0.403121,0.685188,0.164897,0.723889,0.024442,0.004287,0.689470
1677108827,491172591,0.403306,0.685010,0.165279,0.724821,0.024017,0.004218,0.688506
1677108827,501399699,0.403366,0.684996,0.165688,0.725744,0.023908,0.004054,0.687537
1677108827,511585085,0.403525,0.684866,0.166148,0.725930,0.022822,0.004200,0.687377
1677108827,521668101,0.403454,0.684818,0.166648,0.726785,0.022818,0.004251,0.686473
1677108827,531491615,0.403497,0.684643,0.167273,0.728052,0.021943,0.005014,0.685152
1677108827,541295845,0.403470,0.684404,0.167981,0.730001,0.021140,0.005801,0.683094
1677108827,551622967,0.403368,0.683838,0.168751,0.732205,0.020742,0.006790,0.680734
1677108827,561970614,0.403340,0.683350,0.169662,0.736092,0.019888,0.008477,0.676536
1677108827,571955388,0.403099,0.682562,0.170593,0.739471,0.020224,0.009168,0.672822
1677108827,581714764,0.403128,0.681807,0.171566,0.742861,0.019751,0.010739,0.669068
1677108827,591612310,0.403123,0.681316,0.172560,0.746280,0.019677,0.011510,0.665242
1677108827,601439531,0.403123,0.680652,0.173475,0.748052,0.019839,0.011499,0.663244
1677108827,611523217,0.403262,0.680412,0.174405,0.750181,0.019787,0.011518,0.660837
1677108827,621525334,0.403437,0.680136,0.175339,0.751317,0.019733,0.011089,0.659554
1677108827,631798017,0.403703,0.679950,0.176275,0.751873,0.019724,0.010957,0.658921
1677108827,641705864,0.403807,0.679858,0.177312,0.752306,0.020035,0.009907,0.658435
1677108827,651686238,0.404044,0.679813,0.178444,0.753451,0.019596,0.009720,0.657140
1677108827,661863602,0.403938,0.679429,0.179639,0.754542,0.020525,0.009244,0.655866
1677108827,671686256,0.404033,0.679013,0.180991,0.757043,0.020260,0.010344,0.652969
1677108827,681753224,0.403929,0.678440,0.182423,0.759891,0.020625,0.011668,0.649618
1677108827,691876848,0.403844,0.677714,0.183913,0.762428,0.020142,0.012937,0.646630
1677108827,701198618,0.403708,0.677105,0.185445,0.764936,0.019520,0.013910,0.643660
1677108827,711954160,0.403627,0.676534,0.186973,0.766954,0.018910,0.015132,0.641245
1677108827,721685918,0.403444,0.676190,0.188546,0.768791,0.018716,0.015417,0.639040
1677108827,732289193,0.403401,0.675945,0.190120,0.769652,0.018098,0.016086,0.638004
1677108827,741896107,0.403340,0.675867,0.191732,0.770020,0.017929,0.016443,0.637556
1677108827,751185841,0.403305,0.675886,0.193391,0.770097,0.017755,0.016400,0.637469
1677108827,761771357,0.403217,0.675911,0.195119,0.770354,0.017842,0.016558,0.637151
1677108827,771824375,0.403223,0.675909,0.196949,0.770836,0.017583,0.017076,0.636562
1677108827,780812564,0.403082,0.675895,0.198883,0.771856,0.018223,0.017848,0.635285
1677108827,791126792,0.403009,0.675717,0.200822,0.772955,0.017869,0.018137,0.633950
1677108827,800961373,0.403051,0.675440,0.202889,0.774344,0.017018,0.019251,0.632242
1677108827,810900844,0.402856,0.675090,0.205011,0.776012,0.017097,0.019466,0.630186
1677108827,820904933,0.402820,0.674603,0.207136,0.777669,0.016378,0.020244,0.628135
1677108827,831513623,0.402592,0.674063,0.209270,0.778957,0.016592,0.020592,0.626519
1677108827,841367014,0.402612,0.673659,0.211446,0.780280,0.015837,0.021386,0.624864
1677108827,852196282,0.402522,0.673380,0.213632,0.781381,0.015481,0.021379,0.623496
1677108827,861753758,0.402441,0.673155,0.215790,0.781930,0.015443,0.021341,0.622809
1677108827,871153478,0.402424,0.673118,0.218031,0.782638,0.015109,0.021126,0.621935
1677108827,881317156,0.402378,0.673206,0.220289,0.783428,0.015146,0.020710,0.620953
1677108827,891788371,0.402291,0.673635,0.222634,0.785217,0.015031,0.020166,0.618710
1677108827,901528409,0.402238,0.672629,0.224767,0.782442,0.015497,0.020742,0.622185
1677108827,911471289,0.402190,0.672464,0.227077,0.782686,0.015219,0.021098,0.621872
1677108827,921796367,0.402022,0.672375,0.229464,0.783453,0.015371,0.021615,0.620885
1677108827,931094600,0.401690,0.672260,0.231848,0.784094,0.015637,0.022002,0.620055
1677108827,941178479,0.401472,0.672096,0.234210,0.784340,0.014945,0.022999,0.619725
1677108827,951660762,0.401087,0.671913,0.236599,0.784171,0.014106,0.023520,0.619938
1677108827,961533938,0.400748,0.671963,0.239026,0.784269,0.012504,0.024335,0.619817
1677108827,971507928,0.400512,0.671855,0.241369,0.783458,0.009945,0.026061,0.620819
1677108827,982298843,0.400453,0.671624,0.243636,0.782006,0.006333,0.028531,0.622586
1677108827,991622293,0.400673,0.671426,0.245936,0.780888,0.001768,0.032926,0.623800
1677108828,1217733,0.399086,0.672110,0.248541,0.783113,0.003020,0.027249,0.621275
1677108828,11461674,0.398805,0.671934,0.250906,0.783052,0.000229,0.029347,0.621263
1677108828,21837008,0.398205,0.671863,0.253285,0.783880,-0.000831,0.030510,0.620162
1677108828,31854579,0.397726,0.671885,0.255628,0.785265,-0.002737,0.031505,0.618352
1677108828,41758961,0.397426,0.670700,0.257709,0.782862,-0.004220,0.034285,0.621236
1677108828,52345939,0.396999,0.670496,0.259922,0.783802,-0.005390,0.035050,0.619997
1677108828,61927318,0.396671,0.670078,0.262037,0.783783,-0.006367,0.035766,0.619971
1677108828,71565093,0.396269,0.669946,0.264073,0.784109,-0.006199,0.036159,0.619538
1677108828,81459489,0.396696,0.669612,0.266174,0.783691,-0.010558,0.035896,0.620023
1677108828,91409323,0.396696,0.669308,0.268029,0.782097,-0.011120,0.035403,0.622051
1677108828,101511394,0.396852,0.669123,0.269930,0.780796,-0.011822,0.035064,0.623689
1677108828,112144241,0.396953,0.668974,0.271745,0.780261,-0.011972,0.034136,0.624407
1677108828,121614832,0.397209,0.668756,0.273621,0.780475,-0.012524,0.033900,0.624142
1677108828,131021087,0.397330,0.668549,0.275518,0.781737,-0.012340,0.032999,0.622612
1677108828,141379387,0.397594,0.668247,0.277384,0.783303,-0.012316,0.032804,0.620652
1677108828,151737211,0.397917,0.667776,0.279124,0.784368,-0.012398,0.032419,0.619324
1677108828,161588744,0.398234,0.667238,0.280731,0.784538,-0.012191,0.031412,0.619164
1677108828,172230693,0.398587,0.666936,0.282324,0.784614,-0.011736,0.030606,0.619117
1677108828,181731517,0.399094,0.666909,0.283887,0.784564,-0.011819,0.029334,0.619241
1677108828,191748278,0.399497,0.666936,0.285312,0.783643,-0.011064,0.028127,0.620476
1677108828,201810988,0.399869,0.666890,0.286618,0.782061,-0.010663,0.026566,0.622544
1677108828,211210719,0.400344,0.666988,0.287969,0.781232,-0.010894,0.025471,0.623626
1677108828,221794662,0.400629,0.666897,0.289205,0.780383,-0.010556,0.024979,0.624714
1677108828,232067067,0.400856,0.666644,0.290386,0.779698,-0.010296,0.024882,0.625577
1677108828,241881789,0.401100,0.666594,0.291659,0.780466,-0.010823,0.024629,0.624620
1677108828,251384478,0.401239,0.666494,0.292936,0.781349,-0.011319,0.024627,0.623505
1677108828,261611551,0.401392,0.666014,0.294056,0.780964,-0.011686,0.025344,0.623952
1677108828,271648789,0.401348,0.665885,0.295185,0.781535,-0.011172,0.025525,0.623239
1677108828,281589866,0.401484,0.665591,0.296199,0.781246,-0.011339,0.026306,0.623565
1677108828,292012628,0.401571,0.665342,0.297097,0.780466,-0.011412,0.026507,0.624532
1677108828,301836100,0.401602,0.665685,0.298050,0.781339,-0.011322,0.026199,0.623454
1677108828,311977199,0.401695,0.665637,0.298807,0.780391,-0.011473,0.025413,0.624670
1677108828,321438676,0.401919,0.665893,0.299578,0.780311,-0.012058,0.025411,0.624759
1677108828,331606288,0.401955,0.666050,0.300237,0.780033,-0.011444,0.024678,0.625147
1677108828,341302861,0.402359,0.666250,0.300947,0.780439,-0.012860,0.025183,0.624592
1677108828,351375012,0.402409,0.666449,0.301620,0.781564,-0.012442,0.024424,0.623223
