secs,nsecs,tx,ty,tz,rx,ry,rz,rw
1677108597,511969526,0.465234,0.573869,0.442956,0.621107,0.224314,0.303106,0.687049
1677108597,522150227,0.465185,0.573805,0.443011,0.621214,0.223921,0.303191,0.687043
1677108597,532525625,0.465197,0.573776,0.443043,0.621217,0.223775,0.303307,0.687037
1677108597,542882643,0.465258,0.573858,0.443091,0.621384,0.223724,0.303109,0.686989
1677108597,552663700,0.465390,0.573902,0.443158,0.621193,0.223797,0.302722,0.687309
1677108597,562043255,0.465463,0.574074,0.443232,0.621331,0.224282,0.302389,0.687173
1677108597,572584963,0.465481,0.574173,0.443339,0.621228,0.225159,0.301716,0.687275
1677108597,582081881,0.465569,0.574269,0.443437,0.621042,0.225364,0.301179,0.687611
1677108597,592023708,0.465660,0.574372,0.443555,0.621043,0.225163,0.300915,0.687792
1677108597,601753859,0.465558,0.574557,0.443689,0.621353,0.225730,0.301188,0.687206
1677108597,612022857,0.465345,0.574539,0.443767,0.621123,0.226389,0.301012,0.687274
1677108597,622416223,0.465210,0.574594,0.443814,0.620731,0.226401,0.302150,0.687126
1677108597,633456263,0.464922,0.574790,0.443823,0.621312,0.226118,0.303100,0.686274
1677108597,642475392,0.464702,0.574604,0.443818,0.620341,0.225712,0.303453,0.687130
1677108597,652100710,0.464380,0.574811,0.443814,0.621018,0.225532,0.304558,0.686088
1677108597,662339980,0.464146,0.574829,0.443807,0.621244,0.225133,0.304864,0.685878
1677108597,672776088,0.464164,0.574725,0.443772,0.620683,0.224472,0.305514,0.686313
1677108597,682328680,0.464106,0.574729,0.443741,0.620759,0.224584,0.305838,0.686064
1677108597,692290311,0.464088,0.574779,0.443687,0.621040,0.224310,0.305486,0.686055
1677108597,702871492,0.464081,0.574848,0.443686,0.620934,0.224751,0.305361,0.686063
1677108597,711951274,0.464058,0.574996,0.443667,0.620983,0.225185,0.305271,0.685917
1677108597,721964715,0.464146,0.575179,0.443655,0.621113,0.225466,0.305717,0.685508
1677108597,731658153,0.464182,0.575197,0.443578,0.620913,0.225791,0.305282,0.685776
1677108597,741720370,0.464191,0.575124,0.443483,0.620372,0.226548,0.305033,0.686126
1677108597,751721971,0.464131,0.575241,0.443411,0.620602,0.226879,0.304835,0.685897
1677108597,761830099,0.464164,0.575283,0.443354,0.620351,0.226900,0.304799,0.686133
1677108597,771988259,0.464112,0.575438,0.443307,0.620666,0.226995,0.304803,0.685815
1677108597,782223955,0.464107,0.575477,0.443267,0.620510,0.227105,0.304763,0.685938
1677108597,792362686,0.464117,0.575550,0.443253,0.620561,0.227110,0.304779,0.685883
1677108597,802141301,0.464124,0.575617,0.443245,0.620494,0.227231,0.304906,0.685847
1677108597,812250042,0.464128,0.575699,0.443240,0.620346,0.227498,0.305171,0.685774
1677108597,822197042,0.464128,0.575732,0.443264,0.620096,0.227412,0.305118,0.686052
1677108597,831678499,0.464037,0.575800,0.443288,0.619970,0.227789,0.304937,0.686122
1677108597,841870104,0.464081,0.575942,0.443339,0.619681,0.227399,0.305411,0.686301
1677108597,852005944,0.463940,0.576052,0.443412,0.619582,0.227731,0.305175,0.686385
1677108597,862035893,0.463840,0.576125,0.443512,0.619549,0.227756,0.304799,0.686574
1677108597,872273362,0.463770,0.576192,0.443660,0.619610,0.227621,0.304640,0.686634
1677108597,881944835,0.463696,0.576108,0.443800,0.619257,0.227907,0.304698,0.686832
1677108597,891937769,0.463625,0.576105,0.443966,0.619421,0.227742,0.304800,0.686694
1677108597,902201110,0.463610,0.576111,0.444125,0.619523,0.227582,0.305295,0.686435
1677108597,912185357,0.463545,0.576014,0.444292,0.619695,0.227285,0.305082,0.686472
1677108597,922004854,0.463515,0.575991,0.444453,0.619682,0.226983,0.305506,0.686395
1677108597,932563189,0.463356,0.575893,0.444586,0.619463,0.227159,0.305488,0.686543
1677108597,942130066,0.463151,0.575944,0.444714,0.619616,0.227375,0.305418,0.686364
1677108597,952369854,0.463050,0.576011,0.444828,0.619611,0.227034,0.305698,0.686357
1677108597,961205325,0.462995,0.576106,0.444894,0.619563,0.226757,0.305850,0.686425
1677108597,971681788,0.462901,0.576066,0.444984,0.618926,0.226996,0.305763,0.686959
1677108597,981661298,0.462841,0.576168,0.445061,0.618708,0.227234,0.305918,0.687008
1677108597,992375177,0.462755,0.576329,0.445137,0.619026,0.227004,0.305416,0.687021
1677108598,2039859,0.462611,0.576525,0.445196,0.618963,0.227784,0.305748,0.686671
1677108598,11815233,0.462548,0.576640,0.445220,0.618647,0.228034,0.305586,0.686945
1677108598,22079635,0.462395,0.576770,0.445273,0.618524,0.228532,0.305349,0.686995
1677108598,32855504,0.462343,0.576881,0.445291,0.618180,0.228770,0.305642,0.687096
1677108598,41649087,0.462150,0.577007,0.445289,0.618303,0.229292,0.305410,0.686914
1677108598,52449641,0.462097,0.577211,0.445300,0.618446,0.229025,0.305962,0.686629
1677108598,62241950,0.461935,0.577282,0.445276,0.618370,0.229202,0.306012,0.686616
1677108598,72185661,0.461834,0.577186,0.445254,0.617606,0.229275,0.306300,0.687151
1677108598,81893555,0.461744,0.577180,0.445191,0.617363,0.229338,0.306697,0.687170
1677108598,92217267,0.461687,0.577194,0.445126,0.617502,0.228776,0.306740,0.687214
1677108598,102283504,0.461570,0.577123,0.445023,0.617490,0.228882,0.306699,0.687208
1677108598,112215444,0.461519,0.577126,0.444926,0.617694,0.228580,0.306735,0.687109
1677108598,122086499,0.461521,0.577090,0.444841,0.617661,0.228355,0.306751,0.687207
1677108598,132524700,0.461539,0.577056,0.444747,0.617575,0.228337,0.306768,0.687282
1677108598,141665411,0.461502,0.577071,0.444658,0.617808,0.228753,0.306698,0.686966
1677108598,152265243,0.461440,0.577033,0.444540,0.618302,0.228923,0.305812,0.686860
1677108598,161611953,0.461474,0.576999,0.444443,0.618428,0.229011,0.305629,0.686798
1677108598,171581418,0.461497,0.576994,0.444346,0.618224,0.229329,0.305696,0.686845
1677108598,181449910,0.461472,0.577054,0.444190,0.618011,0.229447,0.305505,0.687083
1677108598,191666470,0.461347,0.577287,0.444054,0.618248,0.229925,0.305564,0.686684
1677108598,201639147,0.461287,0.577375,0.443928,0.617800,0.230388,0.305865,0.686798
1677108598,211409589,0.461294,0.577462,0.443773,0.617311,0.230261,0.306175,0.687142
1677108598,221658274,0.461212,0.577687,0.443628,0.617614,0.230422,0.306501,0.686670
1677108598,232270799,0.461205,0.577671,0.443490,0.617035,0.230763,0.306535,0.687060
1677108598,241834380,0.461136,0.577744,0.443357,0.616987,0.230857,0.306208,0.687218
1677108598,252836777,0.461140,0.577918,0.443238,0.617020,0.230788,0.306388,0.687131
1677108598,261585849,0.461029,0.578146,0.443108,0.617295,0.231203,0.306492,0.686698
1677108598,272305677,0.461076,0.578242,0.442979,0.616887,0.230893,0.306749,0.687054
1677108598,282354538,0.461130,0.578331,0.442848,0.616571,0.230552,0.306958,0.687359
1677108598,292264541,0.461042,0.578460,0.442723,0.616631,0.230821,0.307092,0.687155
1677108598,301942452,0.460924,0.578552,0.442541,0.616808,0.231043,0.306941,0.686989
1677108598,312588800,0.460972,0.578673,0.442400,0.616871,0.230818,0.307454,0.686778
1677108598,322176717,0.460888,0.578724,0.442199,0.617069,0.231004,0.307444,0.686543
1677108598,332009442,0.460812,0.578742,0.441980,0.616896,0.231451,0.307689,0.686438
1677108598,342037121,0.460797,0.578906,0.441755,0.616774,0.231462,0.308352,0.686247
1677108598,352576738,0.460699,0.579156,0.441450,0.617085,0.231496,0.308697,0.685800
1677108598,361843730,0.460684,0.579252,0.441069,0.616425,0.231683,0.308842,0.686265
1677108598,372177201,0.460602,0.579536,0.440705,0.616620,0.231660,0.308751,0.686138
1677108598,382591489,0.460537,0.579819,0.440287,0.616422,0.232249,0.308751,0.686117
1677108598,391854506,0.460698,0.579959,0.439911,0.615511,0.231874,0.308751,0.687061
1677108598,401864009,0.460638,0.580229,0.439518,0.615489,0.232481,0.308103,0.687167
1677108598,412283286,0.460696,0.580255,0.439106,0.614833,0.233033,0.307351,0.687904
1677108598,422244491,0.460686,0.580469,0.438745,0.615453,0.233764,0.306998,0.687259
1677108598,432406234,0.460778,0.580396,0.438374,0.615250,0.234301,0.306572,0.687448
1677108598,442209662,0.460845,0.580368,0.438019,0.615591,0.234453,0.306396,0.687169
1677108598,452724342,0.460832,0.580355,0.437620,0.616467,0.234431,0.306278,0.686443
1677108598,461858138,0.460836,0.580233,0.437171,0.616625,0.234586,0.307121,0.685871
1677108598,471527736,0.460744,0.580121,0.436676,0.617350,0.234206,0.307196,0.685316
1677108598,481743549,0.460694,0.579941,0.436118,0.617382,0.233670,0.307824,0.685187
1677108598,491850493,0.460563,0.579842,0.435549,0.617511,0.233734,0.308422,0.684780
1677108598,501909397,0.460533,0.579720,0.434947,0.617071,0.233290,0.309178,0.684987
1677108598,512394214,0.460396,0.579896,0.434312,0.617980,0.232764,0.309177,0.684347
1677108598,521874324,0.460316,0.579741,0.433681,0.617452,0.233353,0.309001,0.684702
1677108598,531785646,0.460475,0.579707,0.433070,0.617284,0.232643,0.309256,0.684980
1677108598,541495667,0.460381,0.579683,0.432434,0.617658,0.233484,0.308498,0.684699
1677108598,551919962,0.460443,0.579601,0.431792,0.617761,0.233759,0.308111,0.684687
1677108598,561721887,0.460478,0.579587,0.431144,0.618145,0.234120,0.308155,0.684197
1677108598,571749028,0.460497,0.579434,0.430493,0.618380,0.234452,0.307647,0.684099
1677108598,582254722,0.460503,0.579271,0.429798,0.618789,0.234515,0.307609,0.683725
1677108598,591903793,0.460637,0.579020,0.429090,0.618745,0.234233,0.308207,0.683592
1677108598,601317178,0.460548,0.578854,0.428358,0.619536,0.234266,0.308479,0.682741
1677108598,612169400,0.460532,0.578607,0.427550,0.619682,0.234238,0.309222,0.682282
1677108598,621746812,0.460365,0.578495,0.426759,0.620634,0.234138,0.309478,0.681334
1677108598,631521805,0.460303,0.578236,0.425947,0.620523,0.233919,0.309894,0.681321
1677108598,642007895,0.460095,0.578062,0.425122,0.621118,0.234400,0.309057,0.680994
1677108598,651860869,0.460126,0.577850,0.424340,0.620908,0.234542,0.309323,0.681016
1677108598,662269701,0.460091,0.577781,0.423564,0.621346,0.234808,0.308924,0.680706
1677108598,671862492,0.460169,0.577695,0.422772,0.621397,0.235179,0.308693,0.680636
1677108598,681922793,0.460315,0.577547,0.422056,0.620867,0.235852,0.308829,0.680825
1677108598,692306436,0.460467,0.577425,0.421302,0.620617,0.236022,0.308380,0.681197
1677108598,701539449,0.460469,0.577449,0.420581,0.620960,0.236624,0.307938,0.680876
1677108598,712106650,0.460502,0.577445,0.419855,0.621093,0.236919,0.307629,0.680792
1677108598,721967594,0.460525,0.577404,0.419162,0.621167,0.237009,0.307474,0.680762
1677108598,732425605,0.460511,0.577230,0.418499,0.620921,0.237245,0.307273,0.680996
1677108598,741720508,0.460552,0.577134,0.417845,0.621248,0.236913,0.307550,0.680688
1677108598,752199684,0.460456,0.576925,0.417198,0.621727,0.237433,0.307507,0.680089
1677108598,762041215,0.460558,0.576699,0.416594,0.622143,0.236730,0.307766,0.679837
1677108598,772757970,0.460493,0.576534,0.415953,0.623102,0.236656,0.307700,0.679013
1677108598,781816371,0.460588,0.576308,0.415307,0.623313,0.236168,0.308230,0.678749
1677108598,792076153,0.460538,0.576147,0.414689,0.623719,0.236124,0.308295,0.678361
1677108598,802367280,0.460638,0.576038,0.414033,0.623706,0.235983,0.308954,0.678123
1677108598,811877363,0.460546,0.576010,0.413400,0.624074,0.236585,0.308865,0.677614
1677108598,822207291,0.460571,0.576003,0.412783,0.624242,0.236574,0.308844,0.677473
1677108598,832451523,0.460751,0.575918,0.412192,0.623685,0.236444,0.309041,0.677942
1677108598,842110728,0.460714,0.575999,0.411602,0.624087,0.236623,0.308733,0.677649
1677108598,852153160,0.460708,0.575972,0.411033,0.623815,0.237316,0.308493,0.677767
1677108598,862036619,0.460695,0.575984,0.410477,0.623726,0.237787,0.308594,0.677638
1677108598,872326985,0.460706,0.576045,0.409947,0.623969,0.237808,0.308710,0.677354
1677108598,882051254,0.460692,0.576088,0.409415,0.624268,0.237729,0.308839,0.677047
1677108598,891701482,0.460705,0.576135,0.408908,0.624632,0.237428,0.309317,0.676598
1677108598,902260402,0.460672,0.576147,0.408409,0.625045,0.237140,0.309813,0.676091
1677108598,912136757,0.460631,0.576020,0.407901,0.624964,0.237110,0.310336,0.675937
1677108598,922297827,0.460529,0.576031,0.407414,0.625535,0.237114,0.311046,0.675080
1677108598,932186115,0.460471,0.576019,0.406897,0.625942,0.236562,0.311783,0.674557
1677108598,942615976,0.460327,0.575990,0.406355,0.626250,0.236539,0.312152,0.674107
1677108598,952643307,0.460258,0.575970,0.405812,0.626171,0.236505,0.313032,0.673785
1677108598,962030632,0.460172,0.576166,0.405285,0.626849,0.236280,0.313837,0.672859
1677108598,972019192,0.460058,0.576085,0.404721,0.626314,0.236694,0.314133,0.673073
1677108598,981936506,0.460049,0.576156,0.404115,0.625964,0.236714,0.315155,0.672914
1677108598,992644464,0.459860,0.576290,0.403525,0.626303,0.237024,0.315002,0.672561
1677108599,2290616,0.459899,0.576518,0.402949,0.626501,0.236531,0.315934,0.672112
1677108599,12155052,0.459814,0.576615,0.402306,0.626440,0.236989,0.316172,0.671896
1677108599,21972822,0.459760,0.576819,0.401687,0.626883,0.237051,0.316481,0.671315
1677108599,32081900,0.459847,0.576893,0.400981,0.626688,0.236710,0.316824,0.671456
1677108599,41995303,0.459719,0.576990,0.400267,0.627116,0.237131,0.316216,0.671194
1677108599,51932020,0.459700,0.577277,0.399568,0.627747,0.237422,0.316754,0.670247
1677108599,61806383,0.459729,0.577419,0.398813,0.627683,0.237652,0.317126,0.670050
1677108599,72159763,0.459796,0.577440,0.398050,0.627289,0.237611,0.316986,0.670499
1677108599,81165877,0.459830,0.577636,0.397287,0.627411,0.237664,0.317169,0.670280
1677108599,91765691,0.459788,0.577866,0.396509,0.627805,0.237889,0.317258,0.669788
1677108599,102410876,0.459662,0.578042,0.395722,0.627982,0.238576,0.317155,0.669428
1677108599,112271094,0.459710,0.578011,0.394907,0.627284,0.238790,0.317519,0.669832
1677108599,122203047,0.459576,0.578293,0.394051,0.627967,0.239002,0.317925,0.668924
1677108599,132290402,0.459460,0.578513,0.393166,0.628555,0.238818,0.318080,0.668364
1677108599,141467967,0.459371,0.578686,0.392178,0.628857,0.238622,0.318571,0.667915
1677108599,151882927,0.459281,0.578872,0.391154,0.628908,0.238165,0.319235,0.667713
1677108599,161951942,0.459140,0.579020,0.390072,0.629085,0.237465,0.319112,0.667855
1677108599,172382532,0.459048,0.579230,0.388945,0.628656,0.237403,0.319861,0.667922
1677108599,182441527,0.458868,0.579532,0.387842,0.629011,0.237273,0.319824,0.667652
1677108599,192118986,0.458784,0.579602,0.386632,0.628246,0.237671,0.319959,0.668165
1677108599,201681809,0.458758,0.579841,0.385431,0.628272,0.237860,0.320276,0.667922
1677108599,211402706,0.458612,0.580205,0.384212,0.628791,0.238284,0.320333,0.667255
1677108599,222060991,0.458556,0.580554,0.382967,0.629332,0.237958,0.319913,0.667063
1677108599,231934439,0.458503,0.580905,0.381731,0.629154,0.238283,0.320291,0.666933
1677108599,242428275,0.458264,0.581302,0.380413,0.629738,0.238845,0.319634,0.666497
1677108599,251813151,0.458350,0.580985,0.379016,0.626950,0.239716,0.319092,0.669067
1677108599,262388305,0.458496,0.581255,0.377725,0.626606,0.239588,0.319271,0.669349
1677108599,272299604,0.458610,0.581738,0.376457,0.627503,0.239371,0.319184,0.668627
1677108599,282269728,0.458629,0.582082,0.375166,0.628195,0.239864,0.318222,0.668260
1677108599,292237863,0.458807,0.582426,0.373872,0.628219,0.240265,0.318204,0.668101
1677108599,302561525,0.458987,0.582824,0.372561,0.628191,0.240537,0.318067,0.668095
1677108599,311828848,0.458931,0.583159,0.371231,0.628354,0.241948,0.317114,0.667886
1677108599,321925192,0.459144,0.583557,0.369902,0.628162,0.241969,0.317162,0.668036
1677108599,332530494,0.459038,0.583861,0.368625,0.628089,0.243542,0.316358,0.667914
1677108599,342796451,0.459085,0.584306,0.367346,0.627993,0.243902,0.316425,0.667841
1677108599,352298843,0.458885,0.584593,0.366069,0.627619,0.245164,0.315813,0.668020
1677108599,361854108,0.458821,0.585076,0.364845,0.627285,0.245102,0.316109,0.668217
1677108599,372577157,0.458670,0.585425,0.363625,0.626567,0.245346,0.316243,0.668737
1677108599,381957753,0.458604,0.585767,0.362467,0.625808,0.245139,0.316665,0.669324
1677108599,391767476,0.458382,0.586259,0.361357,0.626410,0.245317,0.316851,0.668608
1677108599,402300981,0.458457,0.586564,0.360287,0.626840,0.244287,0.317016,0.668502
1677108599,412241359,0.458393,0.586781,0.359236,0.627485,0.244522,0.317159,0.667744
1677108599,421986215,0.458193,0.587185,0.358199,0.629391,0.244686,0.317106,0.665913
1677108599,431380092,0.458049,0.586908,0.356981,0.627473,0.246685,0.317424,0.666833
1677108599,441906345,0.457992,0.587037,0.355920,0.626965,0.246650,0.318167,0.666970
1677108599,452548009,0.457774,0.587308,0.354800,0.626749,0.246887,0.318978,0.666698
1677108599,462501348,0.457541,0.587689,0.353714,0.626445,0.247051,0.320151,0.666360
1677108599,472854276,0.457143,0.587952,0.352546,0.625985,0.247636,0.320096,0.666602
1677108599,482532883,0.456944,0.588597,0.351400,0.625702,0.247952,0.321987,0.665838
1677108599,492549801,0.456748,0.588803,0.350219,0.624765,0.248171,0.322251,0.666509
1677108599,502701150,0.456594,0.589369,0.349089,0.624907,0.248423,0.323287,0.665780
1677108599,512176324,0.456414,0.589710,0.347981,0.624410,0.249151,0.323279,0.665978
1677108599,522019040,0.456384,0.590059,0.346866,0.623764,0.249727,0.323651,0.666187
1677108599,532525614,0.456278,0.590569,0.345781,0.624366,0.250189,0.323178,0.665679
1677108599,542587097,0.456454,0.590899,0.344742,0.623849,0.250632,0.323658,0.665763
1677108599,552077851,0.456624,0.591157,0.343725,0.623820,0.251000,0.323258,0.665846
1677108599,562522088,0.456666,0.591504,0.342762,0.624557,0.252014,0.322683,0.665051
1677108599,572657013,0.456840,0.591797,0.341829,0.624935,0.252432,0.322244,0.664750
1677108599,582042618,0.456912,0.591959,0.340911,0.624787,0.253638,0.322217,0.664443
1677108599,591212543,0.456855,0.592242,0.340035,0.625046,0.254852,0.322584,0.663557
1677108599,601517681,0.456906,0.592568,0.339147,0.625277,0.254974,0.323532,0.662831
1677108599,611706873,0.456680,0.592828,0.338200,0.625738,0.255635,0.323823,0.661998
1677108599,621940382,0.456505,0.593025,0.337247,0.625714,0.255954,0.324452,0.661590
1677108599,632313463,0.456358,0.593187,0.336336,0.625937,0.255596,0.325190,0.661155
1677108599,641829855,0.456179,0.593394,0.335392,0.626278,0.255544,0.325913,0.660495
1677108599,652043984,0.456146,0.593392,0.334449,0.626242,0.255265,0.326514,0.660340
1677108599,662005716,0.455983,0.593547,0.333536,0.627344,0.255313,0.327097,0.658985
1677108599,672223686,0.455982,0.593583,0.332601,0.628103,0.255212,0.327633,0.658035
1677108599,682127028,0.456016,0.593001,0.331547,0.626855,0.256182,0.327568,0.658880
1677108599,692246219,0.456038,0.593183,0.330556,0.628072,0.256532,0.328022,0.657358
1677108599,702442416,0.456205,0.593510,0.329568,0.629273,0.255862,0.328759,0.656100
1677108599,712648516,0.456203,0.593934,0.328555,0.630303,0.256098,0.329065,0.654866
1677108599,721673260,0.456338,0.594091,0.327468,0.629377,0.256539,0.329698,0.655264
1677108599,732521667,0.456366,0.594489,0.326462,0.629312,0.256689,0.330101,0.655065
1677108599,742117578,0.456251,0.594861,0.325401,0.629117,0.257351,0.329899,0.655094
1677108599,752533727,0.456310,0.595196,0.324404,0.628258,0.257964,0.330820,0.655213
1677108599,762028227,0.456142,0.595487,0.323447,0.627982,0.258931,0.330645,0.655185
1677108599,771997496,0.456229,0.595725,0.322538,0.627274,0.258899,0.331306,0.655541
1677108599,781338263,0.455899,0.595664,0.321571,0.625692,0.261881,0.332404,0.655313
1677108599,791318497,0.455589,0.596390,0.320662,0.628412,0.261375,0.332722,0.652746
1677108599,801385728,0.455531,0.596600,0.319766,0.629451,0.260724,0.332951,0.651888
1677108599,811527377,0.455402,0.596895,0.318879,0.630909,0.260583,0.333812,0.650092
1677108599,821990462,0.455430,0.596799,0.317978,0.630804,0.260673,0.334768,0.649666
1677108599,832156371,0.455361,0.596940,0.317068,0.631762,0.260487,0.335180,0.648597
1677108599,842049423,0.455263,0.597088,0.316146,0.632458,0.260407,0.335636,0.647713
1677108599,852123377,0.455254,0.597303,0.315240,0.632415,0.260533,0.336729,0.647138
1677108599,862319993,0.455203,0.597687,0.314336,0.633084,0.259863,0.336965,0.646631
1677108599,872412084,0.455125,0.597859,0.313419,0.632411,0.260335,0.337499,0.646820
1677108599,881967457,0.455107,0.598232,0.312538,0.632320,0.260066,0.338005,0.646754
1677108599,892300813,0.454867,0.598547,0.311625,0.632078,0.260972,0.338307,0.646467
1677108599,902606809,0.454735,0.598857,0.310773,0.631846,0.261343,0.338932,0.646216
1677108599,912082075,0.454445,0.599199,0.309929,0.631996,0.261944,0.339216,0.645677
1677108599,922291296,0.454400,0.599464,0.309078,0.631950,0.261201,0.339948,0.645638
1677108599,932637177,0.454206,0.599693,0.308224,0.632171,0.261286,0.340754,0.644963
1677108599,941690518,0.454082,0.599853,0.307388,0.632709,0.260769,0.341643,0.644173
1677108599,952071407,0.454006,0.600031,0.306502,0.633700,0.259332,0.342083,0.643545
1677108599,961870647,0.453906,0.600131,0.305625,0.634479,0.258171,0.342737,0.642896
1677108599,972552474,0.453574,0.599762,0.304501,0.632651,0.260344,0.343375,0.643480
1677108599,982222724,0.453369,0.599913,0.303533,0.633054,0.260575,0.344563,0.642355
1677108599,992202675,0.453178,0.600006,0.302541,0.633434,0.260477,0.345255,0.641649
1677108600,1764446,0.453068,0.600054,0.301501,0.632975,0.260580,0.346260,0.641517
1677108600,11478870,0.452971,0.600120,0.300459,0.633053,0.260641,0.346312,0.641387
1677108600,21983259,0.452927,0.600545,0.299440,0.634150,0.260296,0.347127,0.640002
1677108600,31835064,0.452926,0.600727,0.298400,0.634319,0.261257,0.347301,0.639349
1677108600,41915580,0.452908,0.600729,0.297329,0.634143,0.262791,0.346529,0.639313
1677108600,51673834,0.452888,0.601130,0.296311,0.635545,0.264035,0.345956,0.637716
1677108600,62042379,0.453152,0.601256,0.295299,0.635829,0.264919,0.345943,0.637074
1677108600,72571363,0.453406,0.601411,0.294242,0.636575,0.265590,0.345446,0.636318
1677108600,82263819,0.453552,0.601501,0.293148,0.637211,0.266908,0.345104,0.635315
1677108600,91733461,0.453663,0.601814,0.292050,0.638563,0.267524,0.344759,0.633884
1677108600,101568349,0.453668,0.601997,0.290849,0.639021,0.268879,0.344270,0.633115
1677108600,111581358,0.453864,0.602375,0.289674,0.639478,0.268725,0.344536,0.632574
1677108600,121696399,0.453873,0.602745,0.288474,0.639371,0.269392,0.344528,0.632403
1677108600,132144585,0.453867,0.603085,0.287305,0.638592,0.270724,0.344692,0.632532
1677108600,141901621,0.453901,0.603555,0.286175,0.638266,0.271447,0.344339,0.632742
1677108600,152250919,0.453884,0.604134,0.285131,0.638056,0.272550,0.343970,0.632681
1677108600,161839423,0.453879,0.604614,0.284151,0.637457,0.273588,0.343363,0.633167
1677108600,172269043,0.453493,0.605315,0.283217,0.637750,0.275644,0.342409,0.632496
1677108600,181832053,0.453513,0.605859,0.282436,0.637461,0.276197,0.342447,0.632526
1677108600,191324869,0.453566,0.606187,0.281690,0.636417,0.276905,0.342700,0.633130
1677108600,201702780,0.453590,0.606384,0.280973,0.635451,0.277609,0.343676,0.633263
1677108600,212117582,0.453443,0.606680,0.280274,0.635866,0.277759,0.344049,0.632578
1677108600,221729597,0.453171,0.606756,0.279602,0.636285,0.277802,0.344303,0.631999
1677108600,232171669,0.452935,0.606666,0.278901,0.636286,0.277670,0.345484,0.631411
1677108600,242441832,0.452540,0.606681,0.278220,0.637320,0.276838,0.346343,0.630263
1677108600,251838781,0.452247,0.606558,0.277498,0.637782,0.275720,0.347936,0.629408
1677108600,261685472,0.451727,0.606301,0.276781,0.638517,0.275036,0.348741,0.628514
1677108600,271706083,0.451286,0.606024,0.276072,0.638889,0.274494,0.350431,0.627433
1677108600,282036731,0.450989,0.605868,0.275380,0.639724,0.272837,0.352182,0.626324
1677108600,292251819,0.450626,0.605708,0.274663,0.640551,0.271704,0.353668,0.625132
1677108600,301973667,0.450306,0.605480,0.273906,0.641201,0.270894,0.355154,0.623973
1677108600,312004198,0.450113,0.605308,0.273136,0.642162,0.269235,0.355930,0.623260
1677108600,322013881,0.449757,0.605107,0.272325,0.643099,0.268781,0.356406,0.622218
1677108600,332178710,0.449630,0.604824,0.271419,0.643327,0.268120,0.357459,0.621663
1677108600,342267762,0.449567,0.604563,0.270436,0.643568,0.267289,0.358226,0.621330
1677108600,351828152,0.449427,0.604463,0.269449,0.643935,0.267100,0.359082,0.620537
1677108600,361095330,0.449423,0.604237,0.268406,0.643325,0.266948,0.360028,0.620687
1677108600,371926145,0.448699,0.604526,0.267261,0.645372,0.268422,0.358947,0.618548
1677108600,381609894,0.448662,0.604465,0.266182,0.645350,0.267992,0.358613,0.618951
1677108600,392198619,0.448641,0.604531,0.265093,0.645992,0.267641,0.358042,0.618764
1677108600,402262081,0.448681,0.604552,0.264037,0.646583,0.267852,0.357411,0.618420
1677108600,411681973,0.448802,0.604400,0.262936,0.647391,0.267912,0.355652,0.618563
1677108600,421761393,0.448963,0.604381,0.261895,0.648943,0.267958,0.354507,0.617573
1677108600,432031912,0.449187,0.604059,0.260840,0.649614,0.268768,0.353386,0.617158
1677108600,441788029,0.449344,0.603924,0.259801,0.651522,0.268912,0.351888,0.615938
1677108600,451673361,0.449523,0.603655,0.258715,0.652817,0.268946,0.350603,0.615286
1677108600,462256106,0.449885,0.603318,0.257591,0.653559,0.267979,0.349640,0.615467
1677108600,472191029,0.449812,0.603120,0.256554,0.655133,0.268150,0.348216,0.614526
1677108600,482006656,0.449939,0.602856,0.255495,0.655541,0.267615,0.348031,0.614429
1677108600,492424619,0.449826,0.602780,0.254424,0.656776,0.267245,0.346943,0.613886
1677108600,502227596,0.449899,0.602610,0.253315,0.657072,0.266189,0.346511,0.614272
1677108600,512070845,0.449808,0.602503,0.252212,0.657861,0.265842,0.345525,0.614133
1677108600,522256502,0.449746,0.602417,0.251151,0.658589,0.265594,0.345137,0.613678
1677108600,531894337,0.449691,0.602439,0.250078,0.659586,0.265104,0.344989,0.612901
1677108600,541884356,0.449919,0.602428,0.248903,0.659875,0.263533,0.344982,0.613272
1677108600,551433598,0.449778,0.602210,0.247736,0.659818,0.263653,0.344280,0.613676
1677108600,562131257,0.449502,0.602212,0.246617,0.660462,0.263945,0.343585,0.613247
1677108600,571664943,0.449134,0.602328,0.245498,0.661140,0.264651,0.342736,0.612687
1677108600,582053694,0.448906,0.602407,0.244335,0.660924,0.264943,0.342385,0.612991
1677108600,592254857,0.448659,0.602643,0.243175,0.661120,0.264894,0.341765,0.613147
1677108600,601897051,0.448557,0.602691,0.241988,0.660082,0.265278,0.341674,0.614149
1677108600,612277228,0.448308,0.602839,0.240780,0.659534,0.265810,0.341338,0.614694
1677108600,622340323,0.448228,0.603091,0.239619,0.659247,0.265771,0.341520,0.614917
1677108600,632229477,0.447980,0.603330,0.238451,0.659254,0.266717,0.341114,0.614726
1677108600,642083454,0.447752,0.603650,0.237278,0.659260,0.267721,0.340760,0.614479
1677108600,652541991,0.447610,0.603918,0.236081,0.658309,0.268868,0.340848,0.614949
1677108600,662466895,0.447415,0.604350,0.234931,0.657636,0.270198,0.340800,0.615113
1677108600,672059812,0.447351,0.604828,0.233837,0.656747,0.270808,0.340715,0.615841
1677108600,682452760,0.446798,0.605097,0.232715,0.654731,0.274843,0.340865,0.616117
1677108600,691847427,0.446671,0.605591,0.231608,0.653969,0.275366,0.339977,0.617182
1677108600,702004381,0.446598,0.606051,0.230522,0.652941,0.276035,0.338959,0.618530
1677108600,712217580,0.446540,0.606697,0.229524,0.652716,0.275631,0.338100,0.619417
1677108600,722131197,0.446450,0.607313,0.228573,0.652280,0.275555,0.337334,0.620328
1677108600,732552570,0.446237,0.607937,0.227594,0.651762,0.276319,0.336650,0.620903
1677108600,741910515,0.445710,0.608745,0.226634,0.652219,0.278498,0.335723,0.619951
1677108600,752192027,0.445731,0.609024,0.225749,0.650486,0.279149,0.335631,0.621526
1677108600,761862834,0.445651,0.609405,0.224947,0.649368,0.279988,0.335654,0.622306
1677108600,772218243,0.445543,0.609808,0.224177,0.648892,0.280336,0.335262,0.622856
1677108600,782215197,0.445367,0.610194,0.223470,0.648263,0.281090,0.335202,0.623204
1677108600,792317818,0.445186,0.610528,0.222698,0.647057,0.281650,0.335310,0.624146
1677108600,802368889,0.444839,0.610954,0.221951,0.645770,0.282636,0.335444,0.624961
1677108600,812950020,0.444545,0.611333,0.221218,0.643810,0.283011,0.335484,0.626789
1677108600,822301863,0.444092,0.611841,0.220523,0.642054,0.283953,0.335355,0.628231
1677108600,832115124,0.443763,0.612897,0.219939,0.642008,0.283181,0.335976,0.628295
1677108600,841428562,0.443292,0.612628,0.219179,0.637390,0.286176,0.335983,0.631627
1677108600,852011063,0.442930,0.613082,0.218671,0.636433,0.286578,0.336017,0.632391
1677108600,862198451,0.442792,0.613599,0.218203,0.636428,0.284714,0.336033,0.633229
1677108600,872388299,0.442543,0.614065,0.217784,0.636852,0.283609,0.336151,0.633237
1677108600,882309748,0.442244,0.614407,0.217349,0.637094,0.283353,0.336953,0.632681
1677108600,891893161,0.441939,0.614499,0.216859,0.636869,0.282953,0.337078,0.633020
1677108600,902289943,0.441635,0.614876,0.216354,0.637314,0.282250,0.338061,0.632362
1677108600,912192430,0.441309,0.615147,0.215827,0.637074,0.281292,0.338325,0.632889
1677108600,921852665,0.440963,0.615496,0.215234,0.636024,0.280898,0.339080,0.633715
1677108600,931761640,0.440561,0.616190,0.214639,0.635420,0.280827,0.339826,0.633953
1677108600,941794194,0.440203,0.616583,0.214055,0.633792,0.280997,0.339779,0.635530
1677108600,951849494,0.439972,0.617228,0.213511,0.632921,0.280838,0.339823,0.636444
1677108600,961442183,0.439708,0.617853,0.212996,0.631626,0.281379,0.339684,0.637565
1677108600,971746904,0.439610,0.618375,0.212532,0.629987,0.281502,0.339659,0.639143
1677108600,982210916,0.439016,0.619231,0.212028,0.630226,0.282966,0.338463,0.638896
1677108600,991762601,0.438990,0.619527,0.211617,0.628034,0.282715,0.338042,0.641384
1677108601,1358633,0.439027,0.620071,0.211219,0.626579,0.281895,0.338700,0.642819
1677108601,11687548,0.438764,0.620567,0.210770,0.625233,0.282014,0.338543,0.644159
1677108601,21565054,0.438590,0.621018,0.210327,0.623121,0.281673,0.339099,0.646059
1677108601,32152078,0.438210,0.621537,0.209902,0.621518,0.281939,0.339529,0.647260
1677108601,41928825,0.437789,0.622075,0.209492,0.620221,0.281806,0.339735,0.648453
1677108601,51837123,0.437445,0.622555,0.209103,0.618540,0.281529,0.340451,0.649803
1677108601,61353208,0.437049,0.623133,0.208740,0.617607,0.280646,0.341007,0.650780
1677108601,71311111,0.436784,0.623533,0.208291,0.615403,0.279780,0.342116,0.652655
1677108601,81403529,0.436453,0.624103,0.207880,0.613886,0.278465,0.343326,0.654010
1677108601,91806790,0.436088,0.624630,0.207438,0.611934,0.277614,0.345431,0.655092
1677108601,102416073,0.435775,0.625252,0.206951,0.610580,0.275696,0.347062,0.656301
1677108601,112412626,0.434718,0.625446,0.206499,0.609399,0.276153,0.345596,0.657979
1677108601,122431473,0.434152,0.625844,0.205969,0.607580,0.275241,0.346608,0.659509
1677108601,132339608,0.433625,0.626324,0.205428,0.605853,0.274527,0.347737,0.660800
1677108601,142198191,0.433118,0.626347,0.204763,0.601514,0.275698,0.349225,0.663486
1677108601,152106049,0.432656,0.627261,0.204259,0.601126,0.274726,0.350184,0.663735
1677108601,162004589,0.432237,0.628316,0.203766,0.600844,0.273746,0.351361,0.663774
1677108601,172687083,0.431792,0.628988,0.203232,0.598680,0.274601,0.352217,0.664920
1677108601,182366192,0.431424,0.629791,0.202711,0.597209,0.275179,0.353102,0.665535
1677108601,193164311,0.431075,0.630433,0.202215,0.595700,0.275677,0.353115,0.666674
1677108601,202253237,0.430784,0.631101,0.201739,0.594372,0.276039,0.353825,0.667332
1677108601,212329458,0.430561,0.631669,0.201270,0.593177,0.275991,0.354045,0.668298
1677108601,221589551,0.430242,0.632251,0.200777,0.592546,0.275737,0.354202,0.668879
1677108601,232427120,0.429888,0.632891,0.200212,0.591847,0.275379,0.354601,0.669434
1677108601,242084443,0.429623,0.633349,0.199548,0.589349,0.274929,0.355794,0.671188
1677108601,251924915,0.429043,0.634168,0.198810,0.587757,0.274460,0.356662,0.672313
1677108601,261610598,0.428331,0.635029,0.198009,0.585151,0.274043,0.357341,0.674393
1677108601,272175908,0.428194,0.636011,0.197243,0.579655,0.273620,0.362252,0.676687
1677108601,282225755,0.427297,0.636958,0.196541,0.576877,0.274517,0.363747,0.677895
1677108601,292417015,0.426662,0.637647,0.195901,0.573785,0.275211,0.365454,0.679318
1677108601,302183030,0.426111,0.638329,0.195409,0.572507,0.275252,0.367121,0.679481
1677108601,312820282,0.425552,0.638797,0.195014,0.571841,0.276029,0.368488,0.678986
1677108601,322230395,0.424463,0.639659,0.194528,0.575048,0.276445,0.368007,0.676365
1677108601,332415619,0.424233,0.639929,0.194199,0.573256,0.275700,0.370629,0.676758
1677108601,342075730,0.423863,0.640403,0.193789,0.571603,0.274325,0.373224,0.677288
1677108601,352230706,0.423320,0.640801,0.193286,0.568696,0.273647,0.375430,0.678789
1677108601,361854130,0.422589,0.641629,0.192732,0.567343,0.272071,0.377019,0.679673
1677108601,371861155,0.422045,0.642228,0.192127,0.563993,0.271087,0.378889,0.681812
1677108601,381575572,0.421451,0.643081,0.191567,0.561559,0.270607,0.380902,0.682888
1677108601,392214054,0.420850,0.643779,0.191045,0.558957,0.270727,0.382052,0.684332
1677108601,401821765,0.420200,0.644704,0.190553,0.557771,0.271418,0.383162,0.684405
1677108601,411969882,0.419835,0.645236,0.190178,0.554753,0.272254,0.384653,0.685689
1677108601,422585865,0.419419,0.646038,0.189823,0.553821,0.272350,0.386086,0.685599
1677108601,432215769,0.419026,0.646600,0.189448,0.552079,0.273041,0.387514,0.685923
1677108601,441688101,0.418578,0.647176,0.189092,0.550923,0.273433,0.388749,0.685997
1677108601,452414626,0.418158,0.647651,0.188721,0.549344,0.273945,0.390150,0.686264
1677108601,461791632,0.417866,0.648128,0.188360,0.547606,0.273861,0.392064,0.686595
1677108601,472605122,0.417533,0.648684,0.187977,0.546786,0.273133,0.393261,0.686854
1677108601,482668188,0.417198,0.649286,0.187581,0.545614,0.272908,0.394751,0.687021
1677108601,492203407,0.416817,0.649853,0.187147,0.544303,0.272747,0.395548,0.687666
1677108601,501608306,0.416525,0.650415,0.186763,0.542198,0.273059,0.396548,0.688629
1677108601,511209711,0.416149,0.651109,0.186367,0.539976,0.273915,0.397910,0.689249
1677108601,521274607,0.415703,0.651827,0.185976,0.538003,0.274780,0.398803,0.689930
1677108601,532503861,0.415324,0.652670,0.185620,0.536331,0.274910,0.400397,0.690258
1677108601,541954168,0.414838,0.653289,0.185210,0.534018,0.276057,0.401691,0.690841
1677108601,552418694,0.414265,0.654055,0.184793,0.532913,0.276318,0.403130,0.690752
1677108601,561907697,0.413893,0.654639,0.184460,0.530595,0.276255,0.405167,0.691369
1677108601,572585862,0.413456,0.655247,0.184109,0.528857,0.276426,0.406993,0.691560
1677108601,582331995,0.413011,0.655713,0.183778,0.527085,0.276340,0.408364,0.692139
1677108601,592622805,0.412566,0.656206,0.183486,0.525665,0.276436,0.409585,0.692459
1677108601,602563600,0.412251,0.656709,0.183225,0.524188,0.276586,0.411525,0.692369
1677108601,612554066,0.411858,0.657236,0.182901,0.523326,0.276935,0.412885,0.692071
1677108601,622369237,0.411522,0.657734,0.182581,0.521943,0.277196,0.414211,0.692219
1677108601,632897055,0.411302,0.658283,0.182240,0.520106,0.276806,0.415773,0.692822
1677108601,642475919,0.410850,0.658966,0.181865,0.519175,0.277059,0.416579,0.692934
1677108601,652631883,0.410632,0.659483,0.181575,0.516837,0.277506,0.418124,0.693572
1677108601,662467191,0.410318,0.660051,0.181279,0.515548,0.278288,0.418884,0.693759
1677108601,671387152,0.409968,0.660621,0.180983,0.514886,0.279206,0.419606,0.693446
1677108601,682332108,0.409784,0.661027,0.180719,0.513332,0.279957,0.420585,0.693702
1677108601,691960243,0.409581,0.661512,0.180410,0.511902,0.280421,0.422170,0.693608
1677108601,702096347,0.409260,0.661991,0.180016,0.510867,0.280963,0.422908,0.693702
1677108601,712155371,0.408991,0.662416,0.179643,0.509492,0.281307,0.423432,0.694254
1677108601,722287228,0.408773,0.662913,0.179228,0.508008,0.282035,0.424452,0.694424
1677108601,732564197,0.408597,0.663429,0.178836,0.506588,0.282493,0.424852,0.695030
1677108601,742416219,0.408525,0.663931,0.178410,0.504938,0.283107,0.425113,0.695821
1677108601,752404315,0.408361,0.664579,0.177832,0.503510,0.284533,0.425034,0.696322
1677108601,761987445,0.408290,0.665296,0.177338,0.501075,0.286048,0.425550,0.697142
1677108601,772916130,0.408049,0.666104,0.176793,0.499224,0.287914,0.424864,0.698120
1677108601,782657449,0.407891,0.667052,0.176386,0.497363,0.289682,0.425129,0.698555
1677108601,792437287,0.407762,0.667646,0.176061,0.494780,0.291631,0.424464,0.699982
1677108601,802616257,0.407592,0.668412,0.175834,0.494130,0.292877,0.424226,0.700065
1677108601,812402334,0.407584,0.668905,0.175707,0.492721,0.294004,0.424874,0.700193
1677108601,822159091,0.407409,0.669220,0.175624,0.492324,0.295129,0.424713,0.700097
1677108601,832607452,0.407274,0.669493,0.175573,0.492032,0.295961,0.425544,0.699445
1677108601,842265505,0.407097,0.669821,0.175489,0.492581,0.295964,0.426678,0.698366
1677108601,852235783,0.407035,0.670024,0.175406,0.491911,0.295640,0.428348,0.697953
1677108601,861753385,0.406729,0.670227,0.175273,0.491585,0.295763,0.429261,0.697570
1677108601,871901356,0.406518,0.670497,0.175114,0.490795,0.295800,0.430162,0.697555
1677108601,882008490,0.406319,0.671019,0.174952,0.490349,0.295654,0.431354,0.697195
1677108601,891942170,0.406216,0.671412,0.174799,0.489151,0.295957,0.432039,0.697484
1677108601,902507909,0.406028,0.671749,0.174644,0.488201,0.296946,0.431314,0.698177
1677108601,912146113,0.405874,0.672361,0.174522,0.488041,0.298007,0.431155,0.697935
1677108601,922196053,0.405892,0.672955,0.174467,0.487154,0.299338,0.431828,0.697569
1677108601,932996818,0.405797,0.673458,0.174411,0.486648,0.300799,0.431450,0.697528
1677108601,942173511,0.405793,0.673876,0.174340,0.485862,0.301748,0.431438,0.697673
1677108601,952469307,0.405802,0.674379,0.174266,0.485281,0.302201,0.432231,0.697391
1677108601,961892923,0.405736,0.674704,0.174140,0.485003,0.302599,0.432206,0.697427
1677108601,972397531,0.405705,0.675088,0.173968,0.484578,0.302793,0.432934,0.697187
1677108601,981734102,0.405659,0.675308,0.173799,0.483497,0.303038,0.433295,0.697607
1677108601,991397295,0.405463,0.675824,0.173531,0.483511,0.303255,0.433789,0.697195
1677108602,2008074,0.405416,0.676144,0.173324,0.482004,0.303632,0.434165,0.697840
1677108602,11906915,0.405372,0.676609,0.173116,0.480943,0.304024,0.434778,0.698020
1677108602,21913387,0.405247,0.677093,0.172903,0.480243,0.305180,0.434981,0.697871
1677108602,32415816,0.405193,0.677498,0.172732,0.479742,0.305831,0.434452,0.698260
1677108602,41969465,0.405253,0.677961,0.172582,0.479468,0.306296,0.434419,0.698265
1677108602,51730839,0.405260,0.678406,0.172459,0.479550,0.306959,0.434227,0.698036
1677108602,62114306,0.405273,0.678767,0.172339,0.479254,0.307694,0.434247,0.697904
1677108602,71831290,0.405332,0.679064,0.172211,0.478404,0.308203,0.434338,0.698205
1677108602,81794716,0.405261,0.679411,0.172027,0.477702,0.308595,0.434383,0.698485
1677108602,92123222,0.405133,0.679889,0.171787,0.476983,0.308893,0.435035,0.698439
1677108602,102231882,0.404903,0.680305,0.171513,0.475922,0.309690,0.435341,0.698618
1677108602,112378712,0.404811,0.680708,0.171264,0.474725,0.309972,0.436117,0.698824
1677108602,121714675,0.404571,0.681084,0.171045,0.474264,0.310687,0.436103,0.698829
1677108602,132673237,0.404536,0.681432,0.170898,0.473718,0.310980,0.436522,0.698806
1677108602,141924719,0.404609,0.681703,0.170828,0.472943,0.311312,0.437234,0.698739
1677108602,152386922,0.404557,0.681954,0.170729,0.472786,0.312011,0.437402,0.698428
1677108602,161777019,0.404465,0.682236,0.170600,0.472591,0.312788,0.437521,0.698139
1677108602,172161350,0.404391,0.682544,0.170456,0.472376,0.313126,0.437939,0.697870
1677108602,182529803,0.404208,0.682830,0.170246,0.472357,0.313881,0.437709,0.697688
1677108602,192024972,0.404066,0.683282,0.170014,0.472435,0.314438,0.438036,0.697179
1677108602,202258855,0.403978,0.683553,0.169829,0.471184,0.315106,0.438320,0.697546
1677108602,212085182,0.403834,0.683892,0.169612,0.470466,0.315698,0.438333,0.697754
1677108602,222120325,0.403812,0.684231,0.169474,0.470196,0.316082,0.438547,0.697628
1677108602,232318621,0.403904,0.684456,0.169505,0.470362,0.316570,0.438991,0.697015
1677108602,241707034,0.403945,0.684510,0.169531,0.470493,0.317160,0.438929,0.696697
1677108602,252014775,0.403850,0.684656,0.169435,0.470558,0.317486,0.439237,0.696311
1677108602,261596746,0.403719,0.684839,0.169333,0.470568,0.317269,0.439766,0.696069
1677108602,271770560,0.403690,0.684903,0.169292,0.470038,0.317720,0.440626,0.695678
1677108602,282103362,0.403651,0.685045,0.169247,0.470899,0.317915,0.441088,0.694713
1677108602,291864887,0.403638,0.685029,0.169216,0.470868,0.318405,0.441256,0.694403
1677108602,302031106,0.403495,0.685355,0.169101,0.471607,0.318713,0.441959,0.693312
1677108602,311766276,0.403359,0.685345,0.169014,0.471053,0.319420,0.441665,0.693550
1677108602,321994968,0.403252,0.685555,0.168944,0.471423,0.319937,0.441817,0.692964
1677108602,332129802,0.403151,0.685750,0.168908,0.471807,0.320729,0.442164,0.692114
1677108602,341562466,0.402929,0.686043,0.168785,0.472590,0.321847,0.442787,0.690661
1677108602,352175625,0.402679,0.686125,0.168663,0.472679,0.322674,0.442923,0.690127
1677108602,361526067,0.402614,0.686271,0.168581,0.472549,0.322812,0.443972,0.689477
1677108602,372231557,0.402453,0.686287,0.168493,0.472499,0.323658,0.444533,0.688753
1677108602,382542115,0.402144,0.686425,0.168325,0.473299,0.324912,0.445258,0.687143
1677108602,392193520,0.401890,0.686559,0.168166,0.474142,0.325848,0.445772,0.685784
1677108602,402365313,0.401709,0.686625,0.168036,0.474454,0.326896,0.446251,0.684757
1677108602,412044144,0.401483,0.686847,0.167911,0.475133,0.327964,0.446799,0.683416
1677108602,422597470,0.401194,0.686941,0.167851,0.475384,0.329224,0.446875,0.682586
1677108602,432156869,0.400732,0.687229,0.167700,0.476529,0.330402,0.447052,0.681101
1677108602,442687966,0.400591,0.687350,0.167598,0.476022,0.331035,0.448145,0.680430
1677108602,452616090,0.400267,0.687584,0.167429,0.476603,0.332149,0.449338,0.678692
1677108602,462028584,0.399954,0.687670,0.167226,0.477029,0.333181,0.449842,0.677551
1677108602,471393066,0.399502,0.687839,0.166995,0.478500,0.334489,0.449797,0.675897
1677108602,481841253,0.399288,0.687995,0.166789,0.479405,0.335515,0.450097,0.674547
1677108602,491854189,0.399035,0.688212,0.166589,0.480594,0.336895,0.450202,0.672941
1677108602,502050674,0.398935,0.688299,0.166430,0.480930,0.337683,0.449790,0.672581
1677108602,512645724,0.398668,0.688698,0.166188,0.481972,0.339019,0.449857,0.671117
1677108602,522050307,0.398366,0.689087,0.165939,0.483327,0.340440,0.449557,0.669623
1677108602,531574810,0.397996,0.689359,0.165630,0.485112,0.342139,0.448381,0.668253
1677108602,542374588,0.397686,0.689687,0.165331,0.486771,0.343924,0.447806,0.666514
1677108602,552494212,0.397543,0.690034,0.165011,0.487988,0.345008,0.447809,0.665059
1677108602,562646997,0.397315,0.690410,0.164710,0.489467,0.346119,0.447346,0.663706
1677108602,572459608,0.397266,0.690499,0.164497,0.489371,0.347151,0.446768,0.663627
1677108602,582488902,0.396977,0.690972,0.164180,0.491693,0.348040,0.445815,0.662084
1677108602,592436647,0.396995,0.691261,0.164053,0.492829,0.348133,0.445169,0.661625
1677108602,602373300,0.396844,0.691423,0.163851,0.494110,0.349133,0.443547,0.661232
1677108602,612704732,0.396888,0.691554,0.163752,0.495150,0.349210,0.442277,0.661264
1677108602,621870783,0.396817,0.691765,0.163677,0.496942,0.348909,0.440457,0.661294
1677108602,632491658,0.396574,0.692130,0.163556,0.498934,0.348704,0.438924,0.660920
1677108602,642074865,0.396154,0.692393,0.163464,0.500185,0.348648,0.437478,0.660964
1677108602,651891273,0.395606,0.692789,0.163349,0.501454,0.348214,0.437181,0.660426
1677108602,661772428,0.395064,0.692985,0.163262,0.501760,0.347784,0.437453,0.660241
1677108602,672329288,0.394282,0.693076,0.163121,0.502481,0.347886,0.437730,0.659455
1677108602,682369550,0.393455,0.693100,0.163014,0.504054,0.347258,0.438039,0.658379
1677108602,692766788,0.392581,0.693183,0.162960,0.505850,0.346939,0.439503,0.656190
1677108602,702161833,0.391864,0.692938,0.162837,0.506776,0.345891,0.440322,0.655480
1677108602,712083152,0.391091,0.692792,0.162678,0.508262,0.345305,0.441208,0.654040
1677108602,721991510,0.390499,0.692670,0.162527,0.510353,0.343844,0.441790,0.652789
1677108602,732582819,0.389964,0.692451,0.162298,0.512458,0.343552,0.441235,0.651668
1677108602,741764755,0.389664,0.692392,0.162074,0.514761,0.342565,0.440255,0.651035
1677108602,752045513,0.389468,0.692383,0.161850,0.516643,0.342060,0.438220,0.651182
1677108602,761454442,0.389415,0.692577,0.161712,0.518725,0.341184,0.435186,0.652020
1677108602,773014210,0.389449,0.692973,0.161734,0.520746,0.339786,0.431700,0.653455
1677108602,781729652,0.389181,0.693531,0.161793,0.523445,0.338748,0.426804,0.655053
1677108602,792119108,0.389159,0.693952,0.162035,0.523647,0.337072,0.423532,0.657873
1677108602,802476640,0.388686,0.694640,0.162287,0.526494,0.334915,0.419609,0.659215
1677108602,811897602,0.388416,0.694836,0.162680,0.527179,0.332335,0.416543,0.661912
1677108602,822406746,0.387800,0.695040,0.163064,0.529149,0.329376,0.414275,0.663241
1677108602,832621640,0.387133,0.694970,0.163437,0.530753,0.326180,0.413572,0.663977
1677108602,841927871,0.386395,0.694545,0.163771,0.531593,0.322785,0.413829,0.664804
1677108602,851671867,0.385574,0.693964,0.163945,0.532791,0.319286,0.414911,0.664860
1677108602,861571694,0.384806,0.693235,0.164098,0.534279,0.315559,0.416232,0.664620
1677108602,871622264,0.384234,0.692370,0.164219,0.535658,0.312043,0.417150,0.664594
1677108602,882321104,0.383701,0.691573,0.164257,0.538004,0.308192,0.416827,0.664699
1677108602,892141554,0.383379,0.690940,0.164280,0.539665,0.304630,0.416226,0.665370
1677108602,901895895,0.383050,0.690513,0.164204,0.541760,0.301331,0.414641,0.666159
1677108602,911943903,0.382788,0.690414,0.164127,0.544257,0.298120,0.412278,0.667035
1677108602,921944283,0.382605,0.690315,0.164137,0.545875,0.295488,0.409155,0.668804
1677108602,932234410,0.382552,0.690272,0.164193,0.547030,0.292569,0.405588,0.671312
1677108602,942106289,0.382387,0.690489,0.164258,0.549366,0.289993,0.401709,0.672853
1677108602,952264922,0.382295,0.690625,0.164348,0.551818,0.287154,0.397955,0.674293
1677108602,961787992,0.382186,0.690620,0.164464,0.554013,0.284793,0.394113,0.675750
1677108602,972291890,0.382251,0.690614,0.164564,0.556708,0.281106,0.390925,0.676929
1677108602,981770075,0.382172,0.690546,0.164512,0.560405,0.278166,0.387188,0.677241
1677108602,992003797,0.382292,0.690420,0.164396,0.563677,0.274804,0.384619,0.677362
1677108603,2140934,0.382428,0.690049,0.164178,0.566067,0.272085,0.381657,0.678141
1677108603,12224746,0.382571,0.689753,0.163872,0.568752,0.270116,0.378579,0.678407
1677108603,22224879,0.382975,0.689574,0.163574,0.571763,0.267998,0.375566,0.678390
1677108603,32197488,0.383412,0.689402,0.163283,0.574859,0.267200,0.371393,0.678387
1677108603,42073849,0.384090,0.689290,0.163024,0.577693,0.266393,0.366475,0.678971
1677108603,52128018,0.384881,0.689400,0.162786,0.580357,0.265807,0.361103,0.679806
1677108603,61728182,0.385779,0.689644,0.162539,0.582237,0.265428,0.355690,0.681199
1677108603,72065736,0.386620,0.689964,0.162293,0.583683,0.265261,0.349461,0.683248
1677108603,81397306,0.387427,0.690555,0.162026,0.585582,0.265127,0.343527,0.684683
1677108603,91940183,0.388232,0.690987,0.161773,0.587297,0.264604,0.337559,0.686382
1677108603,101747118,0.389078,0.691284,0.161516,0.588911,0.264196,0.332077,0.687829
1677108603,111416406,0.389772,0.691581,0.161211,0.591453,0.263617,0.326345,0.688614
1677108603,121503478,0.390538,0.691804,0.160938,0.593774,0.262388,0.321623,0.689306
1677108603,132133705,0.391177,0.692071,0.160657,0.596797,0.260619,0.316990,0.689513
1677108603,141992082,0.391837,0.692319,0.160401,0.599483,0.258532,0.313411,0.689605
1677108603,152183020,0.392389,0.692251,0.160139,0.601177,0.257073,0.309751,0.690328
1677108603,162082828,0.392850,0.692521,0.159862,0.604835,0.254303,0.306339,0.689682
1677108603,172002131,0.393366,0.692661,0.159578,0.607430,0.251835,0.303684,0.689481
1677108603,181825615,0.393868,0.692684,0.159319,0.609414,0.249577,0.301051,0.689706
1677108603,192028628,0.394410,0.692729,0.159132,0.612064,0.246954,0.297772,0.689727
1677108603,201962365,0.394944,0.692869,0.159037,0.615573,0.244975,0.294426,0.688745
1677108603,211334018,0.395631,0.692875,0.158993,0.618719,0.242962,0.291053,0.688073
1677108603,222052134,0.396266,0.692888,0.158947,0.621622,0.241551,0.287512,0.687441
1677108603,232003558,0.396919,0.692945,0.158855,0.624135,0.239430,0.284032,0.687353
1677108603,242503706,0.397536,0.693203,0.158737,0.626669,0.236983,0.281188,0.687065
1677108603,252333220,0.398009,0.693567,0.158488,0.628782,0.234683,0.278222,0.687131
1677108603,262441270,0.398541,0.693827,0.158218,0.629854,0.231741,0.275165,0.688378
1677108603,272624194,0.398944,0.694222,0.157857,0.631081,0.229005,0.271595,0.689586
1677108603,282126606,0.399541,0.694586,0.157511,0.631602,0.225454,0.268118,0.691637
1677108603,291834196,0.400201,0.694988,0.157204,0.632656,0.222591,0.264209,0.693104
1677108603,301936054,0.400962,0.695351,0.156986,0.634726,0.221127,0.260505,0.693082
1677108603,312422857,0.401853,0.695373,0.156843,0.637734,0.218860,0.254884,0.693130
1677108603,321941155,0.402878,0.695318,0.156716,0.640791,0.218340,0.250674,0.692009
1677108603,331490355,0.403919,0.695099,0.156471,0.643058,0.217125,0.245802,0.692037
1677108603,342196548,0.404918,0.695122,0.156154,0.645959,0.215134,0.240920,0.691674
1677108603,351980336,0.405864,0.694913,0.155831,0.647458,0.214122,0.236205,0.692212
1677108603,361728186,0.406746,0.694877,0.155526,0.649436,0.212273,0.231125,0.692643
1677108603,372458822,0.407584,0.694979,0.155281,0.652253,0.209942,0.226360,0.692280
1677108603,382212003,0.408396,0.694676,0.155025,0.654046,0.208663,0.222388,0.692262
1677108603,391648674,0.409114,0.694349,0.154793,0.657031,0.205633,0.217643,0.691850
1677108603,402276745,0.409739,0.693856,0.154484,0.660150,0.201745,0.212765,0.691543
1677108603,412297108,0.410356,0.693325,0.154203,0.663151,0.197769,0.208816,0.691023
1677108603,421943574,0.410720,0.692891,0.153933,0.665853,0.195728,0.205805,0.689910
1677108603,432197251,0.410870,0.692567,0.153743,0.667828,0.193842,0.202272,0.689577
1677108603,442494805,0.411201,0.692400,0.153580,0.669251,0.190230,0.199811,0.689921
1677108603,452035339,0.411355,0.692070,0.153475,0.669817,0.187565,0.197129,0.690872
1677108603,461757745,0.411385,0.692028,0.153448,0.671458,0.185512,0.195201,0.690381
1677108603,471906938,0.411486,0.691748,0.153439,0.672224,0.182127,0.192853,0.691196
1677108603,482078624,0.411402,0.691673,0.153467,0.674474,0.177660,0.189942,0.690973
1677108603,492040727,0.411291,0.691105,0.153410,0.675007,0.173797,0.188510,0.691827
1677108603,501992193,0.411006,0.690579,0.153276,0.676321,0.169633,0.187339,0.691895
1677108603,512237138,0.410603,0.690119,0.153048,0.678251,0.165379,0.186997,0.691128
1677108603,522215184,0.410001,0.689600,0.152836,0.679763,0.161851,0.187069,0.690458
1677108603,532084298,0.409413,0.689156,0.152637,0.681196,0.157920,0.187754,0.689769
1677108603,542094554,0.408846,0.688599,0.152398,0.682106,0.154092,0.188347,0.689574
1677108603,552020370,0.408235,0.688212,0.152188,0.684136,0.150086,0.188287,0.688462
1677108603,561591937,0.407781,0.687470,0.151999,0.685007,0.145266,0.187311,0.688896
1677108603,571839381,0.407422,0.687145,0.151938,0.687694,0.138993,0.185837,0.687911
1677108603,581543935,0.406926,0.686489,0.151867,0.689085,0.134037,0.183537,0.688121
1677108603,591544071,0.406572,0.685985,0.151773,0.690984,0.129001,0.182039,0.687577
1677108603,602126620,0.406080,0.685559,0.151667,0.692804,0.125221,0.180811,0.686767
1677108603,611880738,0.405693,0.685102,0.151546,0.693928,0.122023,0.180407,0.686314
1677108603,621365297,0.405359,0.684721,0.151410,0.694771,0.118460,0.180108,0.686165
1677108603,631655234,0.404879,0.684368,0.151289,0.695912,0.115335,0.179026,0.685823
1677108603,642232942,0.404609,0.684044,0.151211,0.697330,0.110578,0.177779,0.685491
1677108603,652032813,0.404145,0.683695,0.151152,0.698980,0.105929,0.175351,0.685170
1677108603,662187196,0.403861,0.683239,0.151040,0.699768,0.100981,0.173411,0.685607
1677108603,672239177,0.403555,0.683128,0.150956,0.701209,0.096856,0.172149,0.685047
1677108603,681833801,0.403203,0.682820,0.150803,0.700898,0.095935,0.172360,0.685442
1677108603,692191643,0.402938,0.682791,0.150640,0.701509,0.094209,0.171367,0.685305
1677108603,702170562,0.402809,0.682819,0.150488,0.702080,0.092989,0.170966,0.684987
1677108603,711908798,0.402761,0.682556,0.150334,0.702118,0.092191,0.170467,0.685181
1677108603,722435042,0.402657,0.682463,0.150229,0.703617,0.091331,0.169438,0.684012
1677108603,731910991,0.402606,0.682146,0.150090,0.704370,0.089571,0.167734,0.683890
1677108603,741926203,0.402641,0.681720,0.150000,0.704926,0.085144,0.164758,0.684606
1677108603,752422329,0.402720,0.681495,0.149906,0.706018,0.079534,0.161846,0.684849
1677108603,761895049,0.402945,0.681205,0.149789,0.706967,0.074477,0.158469,0.685229
1677108603,772108389,0.403445,0.680901,0.149760,0.708181,0.072007,0.154637,0.685114
1677108603,782119553,0.404066,0.680795,0.149716,0.710219,0.072781,0.150283,0.683891
1677108603,792107491,0.405102,0.680658,0.149628,0.711322,0.074448,0.146260,0.683438
1677108603,801915251,0.406098,0.680653,0.149513,0.711792,0.077075,0.141394,0.683680
1677108603,811663506,0.407137,0.680718,0.149380,0.712284,0.079747,0.136460,0.683864
1677108603,822342607,0.408064,0.680669,0.149304,0.713244,0.082567,0.131369,0.683526
1677108603,832125637,0.408988,0.680517,0.149234,0.714312,0.085065,0.126959,0.682937
1677108603,841934501,0.409867,0.680364,0.149185,0.715590,0.086476,0.122746,0.682192
1677108603,851347250,0.410561,0.680209,0.149158,0.716822,0.087206,0.118262,0.681598
1677108603,861871001,0.411290,0.679999,0.149171,0.717677,0.086599,0.114460,0.681424
1677108603,872116372,0.411879,0.679881,0.149186,0.718297,0.086494,0.111460,0.681282
1677108603,882223909,0.412371,0.679807,0.149177,0.718460,0.086105,0.108847,0.681581
1677108603,892487086,0.412906,0.679787,0.149190,0.718778,0.085577,0.106486,0.681686
1677108603,902052747,0.413301,0.679780,0.149225,0.719292,0.086039,0.104405,0.681407
1677108603,912247960,0.413633,0.679638,0.149230,0.719508,0.086931,0.102310,0.681384
1677108603,922132049,0.414015,0.679651,0.149262,0.720267,0.086998,0.100142,0.680895
1677108603,932153214,0.414461,0.679432,0.149338,0.720371,0.086440,0.098501,0.681096
1677108603,941439634,0.414623,0.679350,0.149470,0.721590,0.085581,0.095207,0.680382
1677108603,951533367,0.414936,0.679127,0.149604,0.722667,0.083940,0.093450,0.679686
1677108603,962025847,0.415094,0.678777,0.149724,0.723559,0.082688,0.091336,0.679178
1677108603,972141443,0.415254,0.678558,0.149859,0.724825,0.081135,0.089482,0.678262
1677108603,982138265,0.415450,0.678253,0.149990,0.725217,0.079569,0.088358,0.678176
1677108603,992177514,0.415472,0.678249,0.150208,0.726265,0.078834,0.087386,0.677265
1677108604,1670172,0.415439,0.678138,0.150393,0.726478,0.077987,0.086263,0.677278
1677108604,12153935,0.415327,0.678004,0.150584,0.726706,0.077476,0.085298,0.677215
1677108604,22311584,0.415344,0.677826,0.150827,0.727147,0.076558,0.084995,0.676885
1677108604,31664946,0.415401,0.677701,0.151090,0.728069,0.075018,0.084820,0.676087
1677108604,42259729,0.415392,0.677390,0.151397,0.728847,0.074037,0.084861,0.675351
1677108604,52182144,0.415285,0.677168,0.151728,0.730707,0.072746,0.083779,0.673614
1677108604,61703604,0.415191,0.676586,0.152058,0.732405,0.071085,0.082741,0.672074
1677108604,71843789,0.415152,0.675926,0.152468,0.735635,0.069369,0.082052,0.668803
1677108604,82142340,0.415064,0.674963,0.152809,0.738417,0.069137,0.082394,0.665711
1677108604,92120367,0.415003,0.674310,0.153166,0.741735,0.068261,0.082472,0.662094
1677108604,102316914,0.414980,0.673766,0.153514,0.743611,0.066908,0.082689,0.660097
1677108604,112248781,0.414680,0.673596,0.153801,0.744864,0.066590,0.082289,0.658766
1677108604,122378689,0.414460,0.673533,0.154074,0.744653,0.066047,0.082963,0.658974
1677108604,132092785,0.414195,0.673721,0.154379,0.744591,0.064764,0.082666,0.659209
1677108604,142307048,0.414056,0.673746,0.154694,0.743947,0.063204,0.082915,0.660056
1677108604,152346248,0.413758,0.673767,0.155070,0.744232,0.062292,0.082691,0.659849
1677108604,162059341,0.413527,0.673415,0.155423,0.744811,0.061643,0.082744,0.659250
1677108604,172668947,0.413294,0.672996,0.155912,0.746560,0.060853,0.082424,0.657382
1677108604,182214745,0.413227,0.672366,0.156434,0.748820,0.058865,0.082032,0.655038
1677108604,191919400,0.412976,0.671538,0.156950,0.750954,0.058840,0.081828,0.652618
1677108604,202631925,0.412864,0.670857,0.157561,0.753866,0.057652,0.081460,0.649404
1677108604,212629012,0.412659,0.670190,0.158118,0.755999,0.057070,0.081080,0.647019
1677108604,221850237,0.412412,0.669722,0.158761,0.757652,0.056458,0.080694,0.645186
1677108604,232068877,0.412286,0.669676,0.159516,0.759529,0.054816,0.080775,0.643107
1677108604,242185672,0.412004,0.669343,0.160134,0.759139,0.054455,0.081055,0.643563
1677108604,252253775,0.411746,0.669341,0.160889,0.759540,0.053459,0.081507,0.643116
1677108604,261969673,0.411531,0.669214,0.161689,0.759914,0.052026,0.081742,0.642762
1677108604,271789186,0.411207,0.668955,0.162527,0.760909,0.051429,0.081557,0.641656
1677108604,282310725,0.411020,0.668413,0.163416,0.762139,0.051009,0.082059,0.640163
1677108604,291403667,0.410956,0.667949,0.164481,0.764842,0.050294,0.082678,0.636908
1677108604,301658807,0.410835,0.667283,0.165601,0.767521,0.049907,0.082558,0.633723
1677108604,312488562,0.410856,0.666437,0.166745,0.769723,0.049258,0.082726,0.631076
1677108604,322084270,0.410755,0.665575,0.168014,0.771952,0.048864,0.082110,0.628459
1677108604,331994207,0.410814,0.664846,0.169393,0.774241,0.047651,0.081983,0.625747
1677108604,342208736,0.410802,0.664060,0.170785,0.775776,0.046500,0.081533,0.623988
1677108604,351730893,0.410711,0.663461,0.172286,0.777371,0.045248,0.081300,0.622123
1677108604,361965668,0.410639,0.663005,0.173847,0.779082,0.043959,0.081197,0.620086
1677108604,372319548,0.410583,0.662446,0.175384,0.779718,0.042970,0.082400,0.619196
1677108604,382011478,0.410314,0.661998,0.176966,0.780415,0.043015,0.082953,0.618240
1677108604,391285710,0.410223,0.661611,0.178624,0.781208,0.041711,0.083506,0.617252
1677108604,401979420,0.410041,0.661305,0.180319,0.782465,0.041038,0.084135,0.615618
1677108604,411771400,0.409889,0.660796,0.182002,0.783389,0.040446,0.084565,0.614422
1677108604,421885168,0.409918,0.660312,0.183740,0.784849,0.039464,0.085127,0.612542
1677108604,432231340,0.410047,0.659812,0.185561,0.786694,0.037975,0.085575,0.610203
1677108604,442206031,0.409969,0.658987,0.187274,0.787408,0.037893,0.085032,0.609363
1677108604,452117499,0.410159,0.658501,0.189153,0.789282,0.036858,0.085184,0.606976
1677108604,462033816,0.410349,0.657924,0.191004,0.790718,0.036322,0.085120,0.605145
1677108604,472177444,0.410466,0.657261,0.192857,0.791803,0.036541,0.084023,0.603865
1677108604,482263947,0.410811,0.656735,0.194775,0.793164,0.036628,0.083627,0.602126
1677108604,492404203,0.411143,0.656150,0.196657,0.794006,0.037251,0.082896,0.601079
1677108604,502323666,0.411561,0.655540,0.198554,0.794494,0.037263,0.081401,0.600637
1677108604,511955686,0.411948,0.655218,0.200538,0.795633,0.037643,0.079965,0.599297
1677108604,522308456,0.412307,0.654857,0.202462,0.796361,0.038726,0.079349,0.598342
1677108604,532216457,0.412725,0.654567,0.204450,0.797140,0.038749,0.078316,0.597438
1677108604,542271898,0.413071,0.654175,0.206424,0.797509,0.039265,0.077823,0.596977
1677108604,552252492,0.413240,0.653865,0.208407,0.798173,0.040213,0.076809,0.596157
1677108604,562363569,0.413228,0.653282,0.210299,0.798254,0.041605,0.075725,0.596092
1677108604,572075197,0.413672,0.653144,0.212466,0.799869,0.040643,0.076367,0.593907
1677108604,582531140,0.413807,0.652707,0.214503,0.800820,0.040759,0.076600,0.592586
1677108604,592309496,0.413909,0.652371,0.216574,0.801981,0.040712,0.077264,0.590931
1677108604,601983428,0.413976,0.652086,0.218568,0.802764,0.040347,0.077661,0.589840
1677108604,612281491,0.413928,0.651683,0.220487,0.802903,0.040100,0.077449,0.589695
1677108604,622161382,0.414035,0.651535,0.222479,0.803736,0.039419,0.078223,0.588503
1677108604,632526234,0.414033,0.651262,0.224383,0.804135,0.039240,0.078186,0.587974
1677108604,642339789,0.414056,0.651048,0.226335,0.804953,0.039294,0.078379,0.586825
1677108604,652377719,0.414349,0.650797,0.228263,0.805779,0.038440,0.078828,0.585686
1677108604,661658569,0.414525,0.650376,0.230089,0.806333,0.038181,0.078239,0.585020
1677108604,672468132,0.414766,0.650017,0.231924,0.807233,0.037795,0.077944,0.583841
1677108604,682622464,0.414635,0.649775,0.233874,0.809429,0.039814,0.076915,0.580796
1677108604,692576735,0.414714,0.649294,0.235659,0.810335,0.040874,0.076963,0.579451
1677108604,702307242,0.414753,0.649072,0.237505,0.811785,0.041553,0.076963,0.577370
1677108604,711399255,0.414821,0.648939,0.239358,0.812998,0.041562,0.077129,0.575637
1677108604,722248812,0.414849,0.648863,0.241124,0.813709,0.041827,0.077232,0.574598
1677108604,732197180,0.414681,0.648854,0.242782,0.814086,0.043349,0.076820,0.574006
1677108604,741856567,0.414517,0.648661,0.244307,0.813214,0.045229,0.076431,0.575149
1677108604,751790294,0.414884,0.649304,0.246412,0.814957,0.043819,0.078883,0.572453
1677108604,762045557,0.414871,0.649702,0.248222,0.815298,0.044167,0.079026,0.571921
1677108604,772077113,0.414805,0.649954,0.249962,0.814554,0.044608,0.079895,0.572825
1677108604,782346430,0.414729,0.650291,0.251659,0.814165,0.044416,0.079988,0.573379
1677108604,792278716,0.414537,0.650761,0.253419,0.814606,0.045229,0.080664,0.572595
1677108604,802618336,0.414486,0.651275,0.255226,0.815803,0.045311,0.081488,0.570764
1677108604,811893266,0.414639,0.650519,0.256762,0.813694,0.043798,0.081628,0.573864
1677108604,822213828,0.414603,0.650290,0.258443,0.814089,0.044501,0.081913,0.573210
1677108604,832749302,0.414734,0.650258,0.260242,0.815439,0.044610,0.082393,0.571210
1677108604,842095741,0.414809,0.650087,0.261907,0.815979,0.044875,0.081844,0.570496
1677108604,852300437,0.414926,0.650124,0.263582,0.816032,0.045486,0.082290,0.570309
1677108604,862139139,0.415122,0.650279,0.265235,0.815550,0.045299,0.082288,0.571012
1677108604,872074778,0.415060,0.650510,0.266819,0.814365,0.046300,0.081787,0.572693
1677108604,882216811,0.415151,0.651009,0.268515,0.813924,0.045913,0.081462,0.573397
1677108604,891887078,0.415249,0.651283,0.270055,0.812908,0.045993,0.081734,0.574791
1677108604,901986448,0.415241,0.651483,0.271653,0.812878,0.046618,0.081773,0.574778
1677108604,911849687,0.415468,0.651676,0.273238,0.813745,0.046538,0.082101,0.573509
1677108604,921979226,0.415601,0.651649,0.274726,0.814350,0.047452,0.082274,0.572550
1677108604,932272857,0.415794,0.651524,0.276172,0.814784,0.048479,0.082352,0.571835
1677108604,942354298,0.415998,0.651377,0.277532,0.814804,0.049509,0.081572,0.571830
1677108604,951958599,0.416329,0.651510,0.278970,0.815265,0.049695,0.080831,0.571262
1677108604,962196200,0.416561,0.651624,0.280360,0.815122,0.050801,0.080492,0.571416
1677108604,971995874,0.416697,0.651720,0.281755,0.814871,0.051862,0.079597,0.571803
1677108604,982168826,0.417068,0.651907,0.283206,0.814816,0.051519,0.079678,0.571902
1677108604,992280499,0.417145,0.652210,0.284621,0.815249,0.052562,0.079565,0.571205
1677108605,2457325,0.417211,0.652538,0.286062,0.816048,0.053212,0.079240,0.570048
1677108605,12509264,0.417332,0.652839,0.287497,0.817154,0.053929,0.079454,0.568364
1677108605,22020193,0.417525,0.653164,0.288913,0.818702,0.054161,0.079756,0.566068
1677108605,32832303,0.417970,0.653140,0.290177,0.819467,0.053353,0.080821,0.564885
1677108605,41885687,0.419119,0.651294,0.290885,0.814960,0.048729,0.082189,0.571587
1677108605,51839636,0.418116,0.651294,0.292449,0.817424,0.055221,0.080363,0.567724
1677108605,62242958,0.418250,0.651113,0.293676,0.817769,0.055621,0.080147,0.567219
1677108605,72112518,0.418323,0.651174,0.294956,0.817967,0.056481,0.079749,0.566904
1677108605,82035732,0.418513,0.651417,0.296263,0.817557,0.056484,0.079974,0.567463
1677108605,92107089,0.418689,0.651801,0.297538,0.817070,0.056277,0.080000,0.568181
1677108605,102243604,0.418662,0.652040,0.298791,0.816430,0.057125,0.079364,0.569105
1677108605,112253793,0.418884,0.652149,0.300051,0.815862,0.056859,0.079945,0.569865
1677108605,122948893,0.418799,0.652247,0.301296,0.816045,0.057784,0.079484,0.569573
1677108605,132466732,0.418660,0.652013,0.302395,0.815658,0.059091,0.079187,0.570035
1677108605,142697056,0.418412,0.651651,0.303421,0.815252,0.061374,0.079362,0.570350
1677108605,152468346,0.418013,0.650508,0.304143,0.812761,0.065525,0.079757,0.573380
1677108605,162601357,0.417585,0.650165,0.305134,0.812415,0.068237,0.079755,0.573555
1677108605,171312294,0.419046,0.651083,0.307094,0.817478,0.058477,0.080271,0.567332
1677108605,181405755,0.418960,0.651244,0.308295,0.818497,0.057576,0.080114,0.565976
1677108605,192262154,0.419042,0.650987,0.309337,0.818201,0.057258,0.081342,0.566262
1677108605,202528630,0.418772,0.651000,0.310314,0.818473,0.057971,0.081399,0.565788
1677108605,212288682,0.418613,0.651007,0.311230,0.818511,0.058162,0.081582,0.565686
1677108605,222509002,0.418650,0.651061,0.312078,0.818618,0.057371,0.082230,0.565518
1677108605,232188486,0.418435,0.651245,0.312911,0.819466,0.057976,0.081886,0.564277
1677108605,242251788,0.418316,0.651233,0.313652,0.819871,0.058461,0.081463,0.563700
1677108605,251800044,0.418186,0.651368,0.314402,0.820841,0.059343,0.081720,0.562157
1677108605,262376839,0.417995,0.651401,0.315128,0.821526,0.060212,0.081332,0.561120
1677108605,272621007,0.417912,0.651369,0.315769,0.821809,0.061219,0.081941,0.560506
1677108605,282309777,0.417763,0.651416,0.316468,0.822288,0.061918,0.081490,0.559793
1677108605,291709243,0.417622,0.651679,0.317238,0.823167,0.062508,0.080867,0.558524
1677108605,302593484,0.417614,0.651780,0.317901,0.823055,0.062747,0.081443,0.558579
1677108605,311694463,0.417328,0.651641,0.318472,0.821960,0.064185,0.081095,0.560076
1677108605,321884993,0.417362,0.651830,0.319135,0.821635,0.063624,0.081582,0.560546
1677108605,331992990,0.417156,0.651925,0.319825,0.821087,0.064150,0.081493,0.561301
1677108605,341918370,0.416855,0.652050,0.320504,0.820721,0.064660,0.081477,0.561780
1677108605,352197834,0.416704,0.652024,0.321106,0.819816,0.064408,0.081994,0.563055
1677108605,362073181,0.416618,0.652074,0.321718,0.819560,0.063450,0.082358,0.563482
1677108605,371837402,0.416414,0.651810,0.322242,0.818913,0.063029,0.082417,0.564461
