secs,nsecs,tx,ty,tz,rx,ry,rz,rw
1677108405,872600659,0.375247,0.505724,0.490561,0.637711,-0.057021,-0.016199,0.767991
1677108405,882936287,0.375270,0.505640,0.490653,0.638541,-0.058131,-0.014947,0.767244
1677108405,892453164,0.375141,0.505748,0.490739,0.639868,-0.058399,-0.013483,0.766144
1677108405,902698002,0.375040,0.505630,0.490909,0.639797,-0.058626,-0.011902,0.766212
1677108405,913041509,0.374977,0.505962,0.491080,0.641118,-0.057800,-0.009423,0.765204
1677108405,922440180,0.374925,0.506165,0.491249,0.641536,-0.056474,-0.007051,0.764979
1677108405,933205727,0.374942,0.506349,0.491421,0.641912,-0.055617,-0.005044,0.764742
1677108405,943028617,0.374952,0.506616,0.491569,0.642394,-0.055488,-0.004174,0.764352
1677108405,952876261,0.375097,0.506841,0.491640,0.642255,-0.055954,-0.003179,0.764439
1677108405,962341221,0.375248,0.507156,0.491648,0.642073,-0.056352,-0.002428,0.764566
1677108405,973139352,0.375439,0.507535,0.491647,0.641650,-0.056452,-0.001630,0.764916
1677108405,982222557,0.375660,0.507939,0.491629,0.641490,-0.056508,-0.001136,0.765047
1677108405,992707000,0.375874,0.508412,0.491536,0.641336,-0.055449,-0.000704,0.765254
1677108406,2966626,0.376196,0.508872,0.491438,0.641493,-0.054404,-0.000132,0.765197
1677108406,13011255,0.376491,0.509191,0.491356,0.641278,-0.053684,-0.000483,0.765428
1677108406,22613112,0.376943,0.509626,0.491245,0.641593,-0.052995,0.000151,0.765213
1677108406,33309025,0.377247,0.509916,0.491110,0.641311,-0.052425,0.000157,0.765488
1677108406,42613260,0.377644,0.510444,0.490922,0.642141,-0.051825,0.000767,0.764832
1677108406,52939598,0.377967,0.510642,0.490763,0.641722,-0.051893,0.001191,0.765179
1677108406,63096505,0.378279,0.510903,0.490567,0.641414,-0.051654,0.001919,0.765451
1677108406,73118108,0.378606,0.511222,0.490436,0.641624,-0.052063,0.002245,0.765247
1677108406,82929398,0.378870,0.511368,0.490357,0.641765,-0.052199,0.002658,0.765119
1677108406,92486493,0.379012,0.511520,0.490269,0.642452,-0.052537,0.002325,0.764519
1677108406,103079608,0.379238,0.511525,0.490252,0.643134,-0.053311,0.002763,0.763891
1677108406,112588480,0.379387,0.511584,0.490197,0.644186,-0.054285,0.002892,0.762935
1677108406,122875142,0.379571,0.511604,0.490121,0.644910,-0.055447,0.003231,0.762238
1677108406,133246190,0.379747,0.511563,0.489996,0.644789,-0.056646,0.003680,0.762250
1677108406,143102411,0.380014,0.511736,0.489821,0.645173,-0.058104,0.003812,0.761814
1677108406,152986916,0.380139,0.511741,0.489628,0.644388,-0.058543,0.003093,0.762448
1677108406,162683563,0.380413,0.512104,0.489298,0.644458,-0.058703,0.002873,0.762378
1677108406,172475075,0.380787,0.512421,0.488904,0.643681,-0.059866,0.001371,0.762947
1677108406,182408139,0.381187,0.512845,0.488448,0.642981,-0.060567,0.000355,0.763483
1677108406,193046620,0.381632,0.513113,0.487935,0.641817,-0.061752,-0.001253,0.764366
1677108406,202562993,0.382014,0.513459,0.487386,0.641217,-0.062298,-0.002738,0.764822
1677108406,212295546,0.382484,0.514470,0.486644,0.643673,-0.062753,-0.003433,0.762716
1677108406,222418523,0.382853,0.514413,0.486145,0.642649,-0.064387,-0.004373,0.763438
1677108406,232653675,0.383004,0.514425,0.485589,0.642332,-0.066044,-0.006288,0.763550
1677108406,242142188,0.383250,0.514381,0.485014,0.642161,-0.068089,-0.006500,0.763512
1677108406,252445513,0.383402,0.514364,0.484410,0.642242,-0.069494,-0.005839,0.763323
1677108406,263039801,0.383944,0.514097,0.483706,0.641082,-0.072403,-0.003047,0.764044
1677108406,272257628,0.383753,0.514269,0.482933,0.641643,-0.072162,-0.002330,0.763598
1677108406,282995320,0.383522,0.514476,0.482072,0.642073,-0.071666,-0.001617,0.763285
1677108406,292722651,0.383529,0.514762,0.481164,0.642951,-0.072160,-0.000862,0.762500
1677108406,302759155,0.383563,0.514774,0.480169,0.642584,-0.072506,-0.000385,0.762777
1677108406,313474113,0.383727,0.514740,0.479142,0.642156,-0.073504,-0.000213,0.763042
1677108406,322837369,0.383901,0.514730,0.477987,0.642117,-0.074114,-0.000804,0.763015
1677108406,333094867,0.384202,0.514735,0.476821,0.642317,-0.074778,-0.001476,0.762781
1677108406,342948491,0.384656,0.514411,0.475653,0.642067,-0.075762,-0.002088,0.762893
1677108406,352999089,0.384894,0.514031,0.474492,0.642339,-0.075095,-0.003634,0.762725
1677108406,362982471,0.385387,0.513716,0.473320,0.643493,-0.075350,-0.004619,0.761721
1677108406,372890048,0.385710,0.513563,0.472069,0.645320,-0.074902,-0.006115,0.760207
1677108406,383135350,0.386159,0.513213,0.470738,0.645708,-0.075445,-0.006695,0.759819
1677108406,392711219,0.386466,0.512905,0.469349,0.645639,-0.076211,-0.007620,0.759792
1677108406,402564647,0.387315,0.512667,0.467858,0.645090,-0.079467,-0.006711,0.759933
1677108406,413223560,0.387198,0.512666,0.466319,0.645120,-0.078395,-0.007533,0.760012
1677108406,422540671,0.387408,0.512655,0.464834,0.645028,-0.079443,-0.007216,0.759984
1677108406,432776885,0.387507,0.512628,0.463330,0.644626,-0.079947,-0.006728,0.760276
1677108406,443022703,0.387655,0.512738,0.461787,0.644893,-0.081210,-0.006428,0.759919
1677108406,453014245,0.387701,0.512710,0.460273,0.644603,-0.081512,-0.005763,0.760138
1677108406,463214699,0.387775,0.512660,0.458777,0.644407,-0.082421,-0.005509,0.760208
1677108406,473190108,0.387895,0.512770,0.457257,0.644985,-0.082767,-0.005104,0.759683
1677108406,483306052,0.387914,0.512713,0.455802,0.644694,-0.082454,-0.005100,0.759964
1677108406,493496583,0.388126,0.512800,0.454384,0.644943,-0.082298,-0.005015,0.759770
1677108406,502453554,0.388480,0.512887,0.453009,0.645243,-0.082410,-0.004884,0.759504
1677108406,513144576,0.388667,0.512968,0.451638,0.645367,-0.081308,-0.005752,0.759511
1677108406,522578129,0.388968,0.512918,0.450240,0.645094,-0.080256,-0.006376,0.759850
1677108406,532538345,0.389355,0.513165,0.448838,0.646144,-0.079718,-0.007174,0.759007
1677108406,542989967,0.389623,0.512816,0.447519,0.645087,-0.078628,-0.008143,0.760009
1677108406,552562374,0.389996,0.512923,0.446156,0.645803,-0.077582,-0.008852,0.759501
1677108406,562528642,0.390271,0.512837,0.444853,0.645709,-0.075955,-0.009203,0.759741
1677108406,572475233,0.390438,0.512816,0.443569,0.646140,-0.074251,-0.009902,0.759534
1677108406,583155096,0.390707,0.512884,0.442330,0.647448,-0.073462,-0.010053,0.758494
1677108406,592378289,0.390932,0.512633,0.441131,0.647785,-0.072783,-0.010018,0.758272
1677108406,603144807,0.391077,0.512504,0.439938,0.648870,-0.072096,-0.009759,0.757413
1677108406,612488978,0.391131,0.512317,0.438748,0.649967,-0.072106,-0.010346,0.756463
1677108406,622317357,0.391265,0.512074,0.437514,0.650565,-0.071549,-0.009796,0.756009
1677108406,632929681,0.391390,0.511937,0.436274,0.651103,-0.071500,-0.009976,0.755548
1677108406,642914544,0.391469,0.511856,0.435004,0.651474,-0.070899,-0.009756,0.755287
1677108406,652773203,0.391516,0.511871,0.433660,0.651791,-0.069702,-0.010075,0.755122
1677108406,662490345,0.391805,0.511795,0.432386,0.651978,-0.069325,-0.009451,0.755003
1677108406,672851370,0.392032,0.511914,0.431037,0.652879,-0.068732,-0.009700,0.754275
1677108406,682577383,0.392275,0.511781,0.429667,0.652716,-0.068274,-0.010568,0.754446
1677108406,692260695,0.392472,0.511658,0.428342,0.652678,-0.067413,-0.011535,0.754542
1677108406,702395875,0.392850,0.511708,0.426967,0.653173,-0.066822,-0.012118,0.754158
1677108406,713389713,0.393222,0.511600,0.425681,0.653026,-0.066541,-0.012830,0.754298
1677108406,722850562,0.393422,0.511595,0.424359,0.652872,-0.065094,-0.013878,0.754538
1677108406,732951912,0.393815,0.511571,0.423097,0.652484,-0.064810,-0.014748,0.754882
1677108406,742834138,0.394036,0.511661,0.421800,0.652269,-0.063618,-0.015763,0.755149
1677108406,752467388,0.394446,0.511743,0.420550,0.652018,-0.063459,-0.015737,0.755379
1677108406,762689664,0.394594,0.511801,0.419278,0.651550,-0.062491,-0.016473,0.755848
1677108406,772318800,0.394861,0.511913,0.418022,0.651114,-0.062181,-0.016631,0.756246
1677108406,782515862,0.395046,0.512030,0.416849,0.650960,-0.061133,-0.016746,0.756461
1677108406,792609787,0.395172,0.512046,0.415761,0.650916,-0.060196,-0.017158,0.756565
1677108406,802615586,0.395455,0.512024,0.414708,0.651408,-0.059607,-0.016719,0.756198
1677108406,812886779,0.395608,0.511753,0.413743,0.651863,-0.058785,-0.016539,0.755874
1677108406,822651677,0.395646,0.511538,0.412716,0.652847,-0.058002,-0.017078,0.755073
1677108406,832762274,0.395814,0.511345,0.411704,0.654643,-0.058155,-0.017132,0.753503
1677108406,842816298,0.396033,0.510856,0.410735,0.655100,-0.058578,-0.016992,0.753076
1677108406,852799837,0.396155,0.510649,0.409723,0.656391,-0.058276,-0.017194,0.751970
1677108406,862710876,0.396450,0.510598,0.408683,0.657895,-0.057887,-0.016489,0.750700
1677108406,873087533,0.396501,0.510372,0.407566,0.657941,-0.056624,-0.017307,0.750738
1677108406,882942137,0.396796,0.510287,0.406441,0.657990,-0.056102,-0.017410,0.750732
1677108406,893145635,0.397131,0.510354,0.405296,0.658239,-0.055148,-0.017482,0.750583
1677108406,902810823,0.397503,0.510445,0.404168,0.657986,-0.054340,-0.017626,0.750860
1677108406,912795298,0.397860,0.510654,0.403023,0.658054,-0.053552,-0.018238,0.750842
1677108406,923335221,0.398181,0.510822,0.401916,0.657816,-0.053009,-0.018972,0.751071
1677108406,933136009,0.398426,0.510835,0.400842,0.657420,-0.052088,-0.019274,0.751475
1677108406,943211207,0.398686,0.510730,0.399794,0.657091,-0.051735,-0.019452,0.751782
1677108406,952758815,0.398849,0.510627,0.398777,0.657525,-0.051816,-0.020042,0.751381
1677108406,963084249,0.399107,0.510578,0.397775,0.658518,-0.052195,-0.019595,0.750497
1677108406,972515995,0.399179,0.510417,0.396786,0.659135,-0.051991,-0.019567,0.749970
1677108406,982710044,0.399188,0.510381,0.395807,0.660216,-0.051915,-0.019492,0.749026
1677108406,993140408,0.399218,0.510323,0.394797,0.660739,-0.051536,-0.018513,0.748616
1677108407,2980391,0.399352,0.510325,0.393777,0.661317,-0.052188,-0.017877,0.748075
1677108407,12815551,0.399432,0.510361,0.392728,0.661366,-0.052369,-0.016734,0.748046
1677108407,22610986,0.399521,0.510538,0.391631,0.661711,-0.052999,-0.016085,0.747710
1677108407,32829519,0.399528,0.510607,0.390555,0.661581,-0.053523,-0.016135,0.747787
1677108407,42585977,0.399578,0.510709,0.389417,0.661495,-0.053538,-0.015506,0.747875
1677108407,53461324,0.399744,0.510782,0.388253,0.661561,-0.053501,-0.014832,0.747833
1677108407,62853804,0.399938,0.510752,0.387122,0.661645,-0.053898,-0.014700,0.747733
1677108407,72665290,0.400122,0.510707,0.385976,0.661999,-0.053245,-0.014323,0.747474
1677108407,83484241,0.400349,0.510748,0.384865,0.663079,-0.052882,-0.014371,0.746541
1677108407,93264518,0.400474,0.510577,0.383770,0.663160,-0.052031,-0.014828,0.746520
1677108407,102985815,0.400679,0.510516,0.382627,0.663458,-0.051225,-0.014823,0.746311
1677108407,113343701,0.400848,0.510493,0.381504,0.663364,-0.051014,-0.014756,0.746410
1677108407,123396926,0.401128,0.510608,0.380336,0.663342,-0.051799,-0.014179,0.746387
1677108407,132845414,0.401260,0.510806,0.379138,0.662998,-0.052649,-0.013751,0.746641
1677108407,143266217,0.401277,0.511053,0.377857,0.662335,-0.053264,-0.013262,0.747194
1677108407,153208300,0.401229,0.511190,0.376534,0.661010,-0.053855,-0.012943,0.748330
1677108407,162530219,0.401308,0.511433,0.375259,0.660108,-0.054623,-0.011816,0.749089
1677108407,172145432,0.401367,0.511498,0.374003,0.658954,-0.055178,-0.010998,0.750076
1677108407,182192787,0.401375,0.511658,0.372825,0.658526,-0.055481,-0.010292,0.750440
1677108407,192597728,0.401427,0.511830,0.371648,0.658423,-0.056063,-0.009630,0.750495
1677108407,202585067,0.401379,0.511943,0.370442,0.658241,-0.055941,-0.008672,0.750676
1677108407,213442549,0.401392,0.512071,0.369241,0.657844,-0.056635,-0.007636,0.750983
1677108407,222621458,0.401387,0.512242,0.367970,0.657141,-0.057130,-0.006335,0.751573
1677108407,232615925,0.401317,0.512347,0.366703,0.656013,-0.058034,-0.005232,0.752497
1677108407,242109721,0.401217,0.512522,0.365382,0.655123,-0.058675,-0.004381,0.753227
1677108407,252441063,0.401257,0.512577,0.364056,0.653994,-0.059841,-0.003523,0.754121
1677108407,262544525,0.401361,0.512807,0.362757,0.654082,-0.060647,-0.002966,0.753983
1677108407,273253869,0.401396,0.512930,0.361460,0.653845,-0.060004,-0.002431,0.754241
1677108407,283002180,0.401593,0.512929,0.360199,0.653343,-0.059308,-0.002005,0.754733
1677108407,292950551,0.401703,0.513042,0.358959,0.653447,-0.057900,-0.002052,0.754752
1677108407,302631780,0.401992,0.513029,0.357799,0.653228,-0.057007,-0.001667,0.755010
1677108407,313521654,0.402061,0.513000,0.356642,0.653141,-0.055658,-0.002162,0.755185
1677108407,322755737,0.402221,0.513071,0.355489,0.653617,-0.055095,-0.002121,0.754814
1677108407,333126951,0.402355,0.513046,0.354371,0.653941,-0.055197,-0.002162,0.754526
1677108407,342929005,0.402428,0.512905,0.353202,0.653788,-0.055831,-0.001994,0.754613
1677108407,352613135,0.402332,0.512780,0.352066,0.653837,-0.056064,-0.001765,0.754554
1677108407,362551313,0.402389,0.512624,0.350912,0.653877,-0.057214,-0.001133,0.754434
1677108407,372827618,0.402321,0.512674,0.349732,0.654624,-0.058059,-0.000852,0.753721
1677108407,383047278,0.402287,0.512520,0.348606,0.654228,-0.058131,0.000026,0.754060
1677108407,392720985,0.402254,0.512484,0.347378,0.653880,-0.058367,0.000187,0.754344
1677108407,402998672,0.402254,0.512484,0.346191,0.653410,-0.058245,0.000275,0.754760
1677108407,413005985,0.402327,0.512793,0.344955,0.653535,-0.058059,0.000551,0.754666
1677108407,422758134,0.402559,0.513028,0.343752,0.653170,-0.058711,0.000708,0.754932
1677108407,432093297,0.402547,0.513201,0.342475,0.652448,-0.057625,0.000134,0.755640
1677108407,442652136,0.402745,0.513450,0.341221,0.652430,-0.056923,0.000663,0.755707
1677108407,452778839,0.402709,0.513560,0.339975,0.652198,-0.055794,0.000337,0.755993
1677108407,462829843,0.402857,0.513565,0.338690,0.651551,-0.055280,0.000534,0.756588
1677108407,472804041,0.402995,0.513676,0.337399,0.651385,-0.055761,-0.000114,0.756695
1677108407,482710713,0.403067,0.513738,0.336103,0.650997,-0.055156,-0.000100,0.757073
1677108407,492876659,0.403173,0.513792,0.334818,0.650401,-0.054891,0.000062,0.757605
1677108407,502586154,0.403379,0.513881,0.333550,0.649758,-0.054923,0.000518,0.758154
1677108407,512826330,0.403523,0.514094,0.332274,0.649627,-0.054747,0.000809,0.758279
1677108407,523139373,0.403476,0.514156,0.331008,0.648985,-0.053585,0.000526,0.758912
1677108407,532844126,0.403726,0.514319,0.329804,0.649081,-0.054225,0.001092,0.758783
1677108407,542899346,0.403741,0.514559,0.328571,0.649635,-0.054170,0.000987,0.758314
1677108407,552975118,0.403646,0.514534,0.327391,0.649228,-0.053635,0.001232,0.758699
1677108407,563435804,0.403566,0.514708,0.326146,0.649504,-0.053341,0.001584,0.758484
1677108407,573432351,0.403522,0.514825,0.324914,0.649744,-0.053885,0.001752,0.758239
1677108407,583370726,0.403518,0.514998,0.323673,0.650067,-0.053672,0.003057,0.757973
1677108407,593216313,0.403519,0.515135,0.322388,0.650146,-0.053793,0.004002,0.757892
1677108407,603124770,0.403441,0.515365,0.321124,0.650327,-0.053757,0.004505,0.757736
1677108407,613145776,0.403587,0.515684,0.319817,0.650101,-0.054257,0.005992,0.757884
1677108407,622572552,0.403599,0.516042,0.318456,0.649507,-0.054119,0.007244,0.758392
1677108407,633072579,0.403600,0.516548,0.317132,0.649138,-0.054068,0.007822,0.758706
1677108407,642803426,0.403587,0.516919,0.315776,0.648128,-0.053526,0.008055,0.759606
1677108407,652662919,0.403703,0.517353,0.314491,0.647568,-0.053197,0.008955,0.760096
1677108407,663094223,0.403990,0.517602,0.313247,0.646550,-0.053290,0.009497,0.760948
1677108407,673245539,0.404115,0.518001,0.312022,0.646716,-0.052289,0.009554,0.760876
1677108407,683066061,0.404394,0.518445,0.310875,0.647297,-0.051271,0.009692,0.760450
1677108407,692766686,0.404758,0.518679,0.309751,0.647062,-0.050491,0.010067,0.760697
1677108407,702765281,0.405042,0.519076,0.308638,0.647798,-0.049807,0.010111,0.760115
1677108407,712877927,0.405337,0.519502,0.307532,0.648443,-0.049096,0.010522,0.759605
1677108407,723001192,0.405533,0.519666,0.306427,0.648072,-0.048309,0.010869,0.759968
1677108407,733026137,0.406063,0.519979,0.305352,0.647973,-0.050015,0.010340,0.759949
1677108407,742511056,0.406338,0.520348,0.304318,0.647986,-0.050092,0.010861,0.759926
1677108407,752985306,0.406594,0.520733,0.303330,0.648064,-0.049816,0.011416,0.759869
1677108407,762929334,0.406774,0.521206,0.302366,0.648445,-0.049188,0.011505,0.759584
1677108407,772914065,0.406939,0.521678,0.301462,0.649028,-0.048741,0.011756,0.759110
1677108407,783109453,0.407310,0.522070,0.300586,0.649367,-0.048616,0.012553,0.758816
1677108407,793377622,0.407400,0.522620,0.299690,0.650085,-0.047625,0.012347,0.758267
1677108407,802626252,0.407689,0.522968,0.298814,0.649890,-0.046912,0.013414,0.758460
1677108407,812810942,0.407902,0.523463,0.297918,0.650139,-0.046711,0.013469,0.758259
1677108407,822955715,0.408189,0.524124,0.297066,0.650780,-0.046030,0.014550,0.757730
1677108407,833249137,0.408352,0.524656,0.296209,0.650784,-0.045477,0.014434,0.757762
1677108407,843061665,0.408665,0.525284,0.295348,0.650902,-0.045415,0.014899,0.757655
1677108407,852690487,0.409012,0.525853,0.294520,0.651013,-0.045494,0.015384,0.757546
1677108407,862958066,0.409125,0.526365,0.293614,0.650941,-0.043964,0.015292,0.757700
1677108407,873167912,0.409466,0.526886,0.292771,0.650987,-0.043975,0.015510,0.757656
1677108407,882982330,0.409692,0.527501,0.291878,0.651346,-0.043249,0.015435,0.757390
1677108407,892533194,0.409868,0.527999,0.290974,0.650928,-0.042153,0.014855,0.757823
1677108407,902762467,0.410286,0.528549,0.290138,0.650728,-0.041844,0.015336,0.758002
1677108407,913034848,0.410633,0.529158,0.289266,0.650772,-0.041300,0.015049,0.757999
1677108407,922545977,0.411073,0.529712,0.288392,0.650618,-0.040928,0.015207,0.758149
1677108407,932964755,0.411416,0.530384,0.287496,0.650670,-0.040290,0.014807,0.758147
1677108407,943024670,0.411544,0.530980,0.286595,0.650316,-0.039285,0.013498,0.758527
1677108407,952585734,0.411945,0.531693,0.285699,0.650323,-0.038385,0.014180,0.758555
1677108407,962480848,0.412284,0.532326,0.284813,0.650229,-0.037558,0.014328,0.758674
1677108407,972872077,0.412517,0.532940,0.283917,0.650463,-0.036472,0.014293,0.758527
1677108407,983399803,0.412787,0.533430,0.283040,0.650374,-0.035885,0.014415,0.758629
1677108407,992806938,0.413014,0.533955,0.282179,0.650887,-0.035172,0.014395,0.758223
1677108408,2673924,0.413232,0.534390,0.281285,0.650874,-0.034703,0.014399,0.758256
1677108408,13310400,0.413520,0.534935,0.280401,0.651166,-0.034505,0.014734,0.758008
1677108408,22468913,0.413667,0.535371,0.279512,0.650752,-0.033962,0.014124,0.758399
1677108408,32711447,0.414060,0.535982,0.278644,0.650814,-0.034055,0.014525,0.758334
1677108408,42955813,0.414303,0.536585,0.277729,0.650627,-0.032737,0.014276,0.758557
1677108408,52934148,0.414556,0.537198,0.276884,0.650627,-0.031810,0.014014,0.758602
1677108408,63267928,0.414871,0.537710,0.276063,0.650212,-0.030876,0.013669,0.759002
1677108408,72879594,0.415182,0.538210,0.275289,0.650023,-0.029666,0.014061,0.759205
1677108408,82956094,0.415401,0.538813,0.274507,0.650482,-0.029283,0.013478,0.758837
1677108408,93031337,0.415579,0.539205,0.273748,0.650110,-0.028818,0.013572,0.759172
1677108408,102730907,0.415680,0.539687,0.272962,0.650279,-0.028482,0.013631,0.759039
1677108408,112871517,0.415763,0.540139,0.272177,0.650236,-0.028065,0.014198,0.759081
1677108408,122773956,0.415777,0.540693,0.271354,0.650685,-0.027671,0.014588,0.758703
1677108408,132887275,0.415936,0.541198,0.270568,0.650943,-0.027869,0.015359,0.758459
1677108408,143183204,0.415991,0.541556,0.269792,0.650824,-0.027535,0.015542,0.758570
1677108408,152758179,0.416075,0.542006,0.268963,0.651181,-0.026921,0.015580,0.758285
1677108408,163500327,0.416346,0.542497,0.268186,0.651748,-0.026390,0.016518,0.757796
1677108408,173156076,0.416536,0.542846,0.267385,0.651777,-0.025905,0.016323,0.757792
1677108408,182744596,0.416835,0.543343,0.266547,0.652152,-0.025543,0.016418,0.757480
1677108408,192428915,0.417028,0.543785,0.265725,0.651970,-0.024549,0.016414,0.757669
1677108408,203414991,0.417237,0.544397,0.264858,0.652629,-0.023948,0.016244,0.757125
1677108408,213081956,0.417488,0.544879,0.264007,0.652516,-0.023392,0.016350,0.757238
1677108408,222875691,0.417713,0.545394,0.263153,0.652639,-0.022931,0.016298,0.757146
1677108408,232644075,0.417861,0.545729,0.262265,0.652206,-0.021963,0.016429,0.757545
1677108408,243248297,0.418041,0.546372,0.261438,0.653135,-0.022042,0.015932,0.756753
1677108408,252577556,0.418175,0.546634,0.260616,0.652523,-0.021151,0.015937,0.757306
1677108408,262954439,0.418438,0.547135,0.259793,0.652726,-0.020406,0.016934,0.757129
1677108408,272724718,0.418573,0.547729,0.259004,0.653640,-0.019934,0.017091,0.756350
1677108408,282698312,0.418724,0.548046,0.258178,0.653096,-0.019307,0.017272,0.756832
1677108408,292461811,0.418992,0.548661,0.257393,0.653476,-0.019344,0.018232,0.756480
1677108408,302433254,0.418999,0.549084,0.256530,0.652758,-0.019090,0.017695,0.757120
1677108408,312637552,0.419278,0.549715,0.255725,0.652561,-0.019291,0.019047,0.757252
1677108408,322524320,0.419304,0.550309,0.254917,0.652317,-0.018740,0.019422,0.757465
1677108408,332936668,0.419120,0.550636,0.254008,0.650676,-0.016522,0.019528,0.758925
1677108408,343068330,0.419191,0.551253,0.253267,0.651500,-0.016890,0.019794,0.758202
1677108408,353292530,0.419372,0.551649,0.252543,0.651925,-0.017513,0.020409,0.757807
1677108408,363457805,0.419535,0.551829,0.251864,0.651929,-0.017911,0.020883,0.757781
1677108408,372973440,0.419588,0.552210,0.251158,0.652931,-0.017954,0.021352,0.756903
1677108408,382764639,0.419688,0.552570,0.250429,0.653647,-0.018360,0.021439,0.756273
1677108408,393197213,0.419878,0.552803,0.249733,0.653584,-0.018599,0.022313,0.756297
1677108408,402651041,0.419837,0.553310,0.248970,0.654097,-0.017957,0.022359,0.755867
1677108408,412588119,0.419994,0.553907,0.248180,0.654306,-0.017783,0.023280,0.755663
1677108408,421853718,0.420009,0.554466,0.247391,0.653889,-0.016793,0.023900,0.756026
1677108408,432105565,0.420294,0.554987,0.246562,0.652359,-0.019403,0.022943,0.757314
1677108408,442684321,0.420201,0.555661,0.245757,0.652073,-0.017675,0.023213,0.757594
1677108408,452616530,0.420281,0.556401,0.245004,0.652409,-0.016979,0.023457,0.757314
1677108408,462507052,0.420341,0.556789,0.244306,0.651913,-0.015766,0.023747,0.757758
1677108408,472401175,0.420472,0.557235,0.243636,0.652333,-0.015167,0.023558,0.757414
1677108408,482223898,0.420596,0.557711,0.243019,0.653126,-0.014790,0.023510,0.756739
1677108408,492520476,0.420640,0.557939,0.242419,0.653075,-0.014733,0.023148,0.756796
1677108408,503587804,0.420719,0.558389,0.241776,0.653359,-0.015109,0.023295,0.756539
1677108408,512692440,0.420752,0.558927,0.241077,0.653303,-0.015490,0.023592,0.756571
1677108408,523101346,0.420600,0.559607,0.240351,0.653098,-0.014516,0.024423,0.756740
1677108408,533024763,0.420642,0.560401,0.239590,0.653007,-0.015277,0.025109,0.756781
1677108408,542833505,0.420605,0.561007,0.238831,0.651950,-0.014472,0.026719,0.757653
1677108408,552877309,0.420564,0.561545,0.238076,0.651115,-0.014188,0.027049,0.758364
1677108408,562914713,0.420596,0.562267,0.237327,0.651212,-0.014308,0.027011,0.758280
1677108408,572583838,0.420694,0.562808,0.236594,0.650805,-0.014156,0.027244,0.758624
1677108408,582505214,0.420883,0.563249,0.235880,0.650330,-0.014570,0.027013,0.759031
1677108408,592950776,0.420969,0.563710,0.235155,0.649709,-0.013969,0.026756,0.759584
1677108408,602634128,0.421070,0.564302,0.234434,0.649537,-0.013741,0.026144,0.759756
1677108408,612654069,0.421151,0.564815,0.233694,0.648932,-0.012821,0.025957,0.760296
1677108408,622526815,0.421334,0.565418,0.232992,0.648997,-0.012231,0.026325,0.760237
1677108408,632744220,0.421498,0.566036,0.232328,0.649322,-0.011744,0.026850,0.759949
1677108408,642152523,0.421467,0.567117,0.231552,0.651828,-0.011963,0.025815,0.757833
1677108408,652270954,0.421583,0.567368,0.230959,0.651232,-0.012486,0.026041,0.758329
1677108408,663054497,0.421600,0.567561,0.230319,0.649958,-0.012082,0.026594,0.759408
1677108408,673122423,0.421549,0.567850,0.229709,0.648782,-0.012078,0.026708,0.760410
1677108408,683514195,0.421588,0.568222,0.229063,0.647411,-0.012326,0.027496,0.761545
1677108408,692975833,0.421550,0.568825,0.228409,0.646927,-0.012241,0.028052,0.761938
1677108408,702844744,0.421564,0.569313,0.227771,0.646095,-0.012579,0.028628,0.762616
1677108408,712874812,0.421592,0.569714,0.227228,0.645419,-0.012406,0.029645,0.763152
1677108408,723385669,0.421539,0.570166,0.226680,0.645736,-0.012319,0.029921,0.762875
1677108408,732833489,0.421493,0.570368,0.226144,0.645679,-0.012239,0.030358,0.762907
1677108408,742595769,0.421463,0.570592,0.225608,0.645921,-0.012376,0.030544,0.762693
1677108408,752553001,0.421419,0.570841,0.225060,0.646458,-0.012564,0.030922,0.762219
1677108408,762747486,0.421477,0.571235,0.224465,0.647061,-0.012863,0.032006,0.761658
1677108408,772740898,0.421483,0.571426,0.223850,0.646362,-0.013620,0.032189,0.762230
1677108408,782137528,0.421481,0.571799,0.223157,0.645761,-0.013741,0.032854,0.762709
1677108408,792621553,0.421563,0.572291,0.222453,0.645110,-0.013873,0.033625,0.763223
1677108408,802502805,0.421601,0.572883,0.221713,0.644454,-0.013755,0.033914,0.763766
1677108408,813002603,0.421740,0.573409,0.220993,0.643467,-0.013517,0.034578,0.764573
1677108408,822518851,0.421763,0.573994,0.220259,0.643103,-0.012393,0.034490,0.764902
1677108408,832484403,0.422110,0.574492,0.219611,0.642381,-0.012284,0.035321,0.765473
1677108408,843287708,0.422298,0.575085,0.218978,0.642291,-0.011344,0.035248,0.765566
1677108408,852940803,0.422468,0.575724,0.218340,0.642411,-0.010055,0.035030,0.765493
1677108408,862624017,0.422663,0.576326,0.217758,0.642272,-0.008479,0.035065,0.765628
1677108408,873608328,0.422841,0.576707,0.217230,0.641421,-0.007124,0.034845,0.766364
1677108408,882965560,0.423212,0.577210,0.216740,0.641032,-0.006903,0.034794,0.766694
1677108408,892935951,0.423292,0.577672,0.216299,0.640675,-0.005915,0.033873,0.767042
1677108408,902423129,0.423626,0.578234,0.215875,0.640723,-0.005952,0.033840,0.767003
1677108408,913181231,0.423793,0.578793,0.215466,0.640828,-0.005116,0.033579,0.766933
1677108408,922503111,0.424045,0.579079,0.215096,0.639821,-0.004492,0.033632,0.767775
1677108408,932937286,0.424159,0.579481,0.214744,0.639772,-0.003307,0.033366,0.767833
1677108408,942941842,0.424434,0.579885,0.214421,0.640132,-0.002939,0.033650,0.767522
1677108408,952654855,0.424564,0.580277,0.214127,0.640850,-0.002118,0.033578,0.766928
1677108408,962872739,0.424652,0.580631,0.213847,0.641434,-0.001095,0.033638,0.766440
1677108408,972721594,0.424821,0.580968,0.213573,0.641815,-0.001624,0.033467,0.766127
1677108408,982832066,0.424985,0.581411,0.213241,0.642287,-0.001968,0.033696,0.765720
1677108408,993181397,0.425082,0.581847,0.212879,0.642235,-0.001713,0.034548,0.765727
1677108409,3025239,0.425140,0.582362,0.212467,0.641886,-0.001604,0.035100,0.765995
1677108409,12872813,0.425219,0.582906,0.212038,0.641203,-0.001649,0.035811,0.766534
1677108409,22985959,0.425297,0.583446,0.211584,0.640434,-0.001613,0.036414,0.767148
1677108409,32908292,0.425378,0.584096,0.211128,0.640245,-0.001497,0.036730,0.767291
1677108409,42965805,0.425412,0.584535,0.210700,0.639320,-0.000677,0.037004,0.768050
1677108409,52807582,0.425639,0.585176,0.210259,0.639347,-0.000891,0.037424,0.768006
1677108409,63150620,0.425814,0.585608,0.209809,0.638323,-0.000192,0.037668,0.768847
1677108409,72801519,0.425896,0.586264,0.209374,0.638194,0.000763,0.037488,0.768962
1677108409,82665596,0.426121,0.586842,0.208954,0.637543,0.000574,0.036977,0.769527
1677108409,92108068,0.426368,0.587513,0.208515,0.637181,0.000598,0.037132,0.769819
1677108409,101960522,0.426604,0.588055,0.208116,0.636412,0.001300,0.037531,0.770434
1677108409,112202197,0.426730,0.588450,0.207732,0.635450,0.001615,0.036575,0.771274
1677108409,121991216,0.426956,0.588883,0.207387,0.635192,0.001831,0.036432,0.771492
1677108409,132039188,0.427139,0.589300,0.207019,0.635017,0.002258,0.036169,0.771648
1677108409,142301178,0.427334,0.589669,0.206703,0.634931,0.002874,0.036315,0.771710
1677108409,152832538,0.427531,0.590145,0.206352,0.635388,0.003218,0.036291,0.771333
1677108409,162420006,0.427688,0.590601,0.206007,0.635349,0.003402,0.035942,0.771381
1677108409,172867604,0.427795,0.590994,0.205682,0.634590,0.003986,0.035829,0.772008
1677108409,183089450,0.427969,0.591547,0.205350,0.634185,0.004174,0.035858,0.772338
1677108409,193384037,0.428062,0.592143,0.204939,0.633604,0.004818,0.036166,0.772797
1677108409,203224380,0.428285,0.592672,0.204537,0.632423,0.004736,0.036569,0.773745
1677108409,212673703,0.428373,0.593301,0.204104,0.631500,0.004899,0.036338,0.774509
1677108409,223207704,0.428577,0.593968,0.203650,0.630542,0.004936,0.036769,0.775268
1677108409,232763156,0.428652,0.594510,0.203248,0.629209,0.005798,0.036448,0.776359
1677108409,242810854,0.428796,0.595217,0.202861,0.629037,0.006183,0.036341,0.776501
1677108409,252777239,0.429007,0.595678,0.202485,0.628557,0.006684,0.036310,0.776887
1677108409,263034358,0.429176,0.596206,0.202180,0.628997,0.007532,0.036465,0.776516
1677108409,272687763,0.429410,0.596566,0.201849,0.629415,0.007454,0.036093,0.776195
1677108409,282814765,0.429589,0.596793,0.201554,0.629303,0.007860,0.036097,0.776282
1677108409,293012080,0.429695,0.597079,0.201185,0.629373,0.008053,0.035636,0.776244
1677108409,302541175,0.429865,0.597443,0.200812,0.629311,0.007894,0.035711,0.776293
1677108409,312785896,0.430194,0.597914,0.200399,0.629099,0.006976,0.036306,0.776446
1677108409,322736971,0.430164,0.598321,0.199956,0.628117,0.007631,0.035717,0.777261
1677108409,332908272,0.430291,0.598819,0.199510,0.627097,0.008341,0.036062,0.778061
1677108409,342962956,0.430973,0.599192,0.199041,0.625470,0.006264,0.037101,0.779340
1677108409,352937657,0.431018,0.599834,0.198668,0.625588,0.007658,0.037014,0.779238
1677108409,363238298,0.431107,0.600374,0.198326,0.625841,0.008765,0.036759,0.779035
1677108409,372811137,0.431258,0.600856,0.198043,0.626200,0.009515,0.036881,0.778731
1677108409,382935408,0.431378,0.601302,0.197755,0.626513,0.010140,0.036963,0.778468
1677108409,392833664,0.431569,0.601664,0.197484,0.626095,0.010056,0.037277,0.778790
1677108409,402938782,0.431644,0.602065,0.197193,0.625530,0.010150,0.037445,0.779235
1677108409,413025736,0.431699,0.602572,0.196919,0.625079,0.010401,0.038001,0.779567
1677108409,422899675,0.431753,0.603040,0.196660,0.624480,0.010209,0.038233,0.780038
1677108409,432833401,0.431833,0.603410,0.196399,0.623485,0.010116,0.038743,0.780810
1677108409,442485991,0.431883,0.603894,0.196169,0.623226,0.010226,0.039306,0.780986
1677108409,452579821,0.431866,0.604213,0.195979,0.622605,0.010561,0.039259,0.781480
1677108409,462313063,0.431989,0.604434,0.195822,0.622110,0.010307,0.039955,0.781842
1677108409,472271474,0.432029,0.604719,0.195692,0.622191,0.010713,0.040535,0.781742
1677108409,482654732,0.432137,0.604993,0.195564,0.622539,0.010520,0.041141,0.781436
1677108409,493120350,0.432157,0.605206,0.195476,0.622464,0.010766,0.041702,0.781463
1677108409,503325961,0.432225,0.605582,0.195336,0.622823,0.009999,0.042029,0.781169
1677108409,512419887,0.432256,0.605873,0.195122,0.622126,0.009786,0.042778,0.781686
1677108409,522791114,0.432214,0.606261,0.194892,0.621417,0.009706,0.043397,0.782217
1677108409,532477173,0.432213,0.606749,0.194612,0.620621,0.009864,0.044148,0.782804
1677108409,542091080,0.432186,0.607311,0.194366,0.620128,0.010092,0.044778,0.783157
1677108409,552229088,0.432309,0.607712,0.194154,0.619454,0.010154,0.045439,0.783651
1677108409,562353511,0.432315,0.608250,0.193942,0.620003,0.010400,0.045456,0.783213
1677108409,572652040,0.432391,0.608514,0.193780,0.619652,0.010559,0.045706,0.783474
1677108409,582806333,0.432522,0.608798,0.193623,0.619419,0.010477,0.046146,0.783633
1677108409,592730143,0.432570,0.609155,0.193414,0.619306,0.010497,0.046497,0.783701
1677108409,602683369,0.432550,0.609605,0.193169,0.619225,0.010109,0.046460,0.783772
1677108409,612840043,0.432483,0.610020,0.192862,0.618416,0.010499,0.046983,0.784375
1677108409,622377716,0.432506,0.610608,0.192506,0.617844,0.010150,0.047573,0.784795
1677108409,632072813,0.432504,0.611040,0.192184,0.616523,0.010435,0.048117,0.785796
1677108409,642746106,0.432523,0.611535,0.191833,0.616015,0.010776,0.048715,0.786153
1677108409,652433120,0.432703,0.611946,0.191534,0.615395,0.010258,0.048950,0.786631
1677108409,662417800,0.432738,0.612460,0.191204,0.615483,0.010884,0.048988,0.786551
1677108409,672718407,0.432894,0.612908,0.190901,0.615134,0.011142,0.049262,0.786803
1677108409,682982509,0.432965,0.613270,0.190589,0.614170,0.011716,0.049260,0.787548
1677108409,693013697,0.433004,0.613625,0.190304,0.612968,0.012562,0.049350,0.788465
1677108409,702961692,0.433164,0.614176,0.189981,0.612640,0.012463,0.049588,0.788707
1677108409,712752014,0.433314,0.614700,0.189672,0.612444,0.012561,0.050179,0.788820
1677108409,723039709,0.433394,0.615161,0.189370,0.612294,0.012551,0.050335,0.788926
1677108409,732890182,0.433421,0.615460,0.189092,0.611558,0.013286,0.050908,0.789449
1677108409,742870412,0.433420,0.615779,0.188832,0.611095,0.013528,0.050953,0.789800
1677108409,752855623,0.433532,0.616310,0.188549,0.611671,0.013415,0.051437,0.789325
1677108409,762528118,0.433532,0.616718,0.188318,0.611615,0.013871,0.051686,0.789344
1677108409,773088914,0.433598,0.616929,0.188137,0.610841,0.013865,0.051969,0.789924
1677108409,782710027,0.433742,0.617278,0.187943,0.610435,0.013729,0.052651,0.790195
1677108409,792338166,0.433755,0.617582,0.187728,0.610168,0.014073,0.052728,0.790390
1677108409,802341312,0.433757,0.618024,0.187504,0.610827,0.014455,0.052821,0.789868
1677108409,812725837,0.433880,0.618334,0.187279,0.610914,0.014283,0.053104,0.789785
1677108409,822938183,0.433936,0.618695,0.187023,0.611195,0.014139,0.053276,0.789558
1677108409,832331009,0.434000,0.618927,0.186796,0.610698,0.014119,0.053481,0.789930
1677108409,842579279,0.434036,0.619259,0.186511,0.610397,0.014485,0.054110,0.790113
1677108409,853295019,0.434056,0.619718,0.186174,0.610506,0.014590,0.054135,0.790025
1677108409,863512003,0.434140,0.620286,0.185795,0.610537,0.014674,0.054643,0.789964
1677108409,872677831,0.434217,0.620664,0.185439,0.609481,0.015148,0.055074,0.790741
1677108409,882742615,0.434273,0.621434,0.185000,0.610047,0.015537,0.055363,0.790276
1677108409,892768054,0.434252,0.621876,0.184607,0.609066,0.016120,0.055220,0.791031
1677108409,902240470,0.434364,0.622348,0.184177,0.608203,0.016932,0.055905,0.791629
1677108409,912623543,0.434478,0.622932,0.183708,0.607940,0.017171,0.056083,0.791814
1677108409,922850521,0.434622,0.623429,0.183286,0.607164,0.017235,0.056718,0.792362
1677108409,933135823,0.434642,0.623941,0.182796,0.606187,0.017994,0.056468,0.793111
1677108409,942920197,0.434706,0.624402,0.182335,0.605110,0.018631,0.056779,0.793896
1677108409,952547712,0.434779,0.624864,0.181887,0.604107,0.019304,0.056679,0.794650
1677108409,963177502,0.434823,0.625348,0.181457,0.603656,0.020483,0.056787,0.794956
1677108409,973177379,0.434981,0.625615,0.181163,0.602729,0.020656,0.056915,0.795645
1677108409,983035770,0.435186,0.626014,0.180872,0.602657,0.020498,0.057226,0.795682
1677108409,993069938,0.435265,0.626312,0.180623,0.602892,0.021157,0.057500,0.795467
1677108410,3023220,0.435315,0.626557,0.180400,0.603198,0.021618,0.057429,0.795227
1677108410,12513623,0.435407,0.626831,0.180193,0.603528,0.021732,0.057623,0.794960
1677108410,22453368,0.435509,0.627038,0.180043,0.603571,0.021727,0.058102,0.794892
1677108410,32507594,0.435458,0.627195,0.179847,0.603174,0.021918,0.057839,0.795208
1677108410,42579832,0.435496,0.627475,0.179600,0.602943,0.021666,0.058215,0.795362
1677108410,52725993,0.435582,0.627785,0.179354,0.602180,0.021562,0.059021,0.795884
1677108410,63287410,0.435527,0.628231,0.179035,0.601932,0.022018,0.059283,0.796040
1677108410,73291000,0.435651,0.628497,0.178786,0.601099,0.021782,0.059945,0.796626
1677108410,82227231,0.435683,0.628666,0.178533,0.600139,0.022129,0.060131,0.797325
1677108410,92547727,0.435857,0.629029,0.178272,0.600432,0.021772,0.060659,0.797075
1677108410,102671178,0.435918,0.629308,0.178031,0.600346,0.022518,0.061220,0.797076
1677108410,113060681,0.436011,0.629684,0.177753,0.600457,0.022882,0.061438,0.796965
1677108410,122923530,0.436139,0.629888,0.177513,0.599616,0.023330,0.061842,0.797554
1677108410,133244374,0.436203,0.630325,0.177244,0.599537,0.023750,0.062192,0.797574
1677108410,143402066,0.436285,0.630552,0.177058,0.598712,0.024032,0.062190,0.798184
1677108410,152849426,0.436300,0.630765,0.176892,0.598155,0.024873,0.062346,0.798564
1677108410,162649326,0.436422,0.630905,0.176762,0.597682,0.024875,0.062367,0.798917
1677108410,172698105,0.436530,0.631078,0.176665,0.597937,0.024927,0.062496,0.798714
1677108410,182689052,0.436748,0.631144,0.176618,0.597720,0.024627,0.062855,0.798858
1677108410,192896050,0.436861,0.631289,0.176542,0.598067,0.024897,0.063181,0.798564
1677108410,202806775,0.436938,0.631421,0.176462,0.598196,0.024976,0.063142,0.798468
1677108410,213122791,0.437012,0.631516,0.176389,0.597780,0.025019,0.063238,0.798770
1677108410,222514934,0.436968,0.631670,0.176302,0.597520,0.025683,0.063108,0.798954
1677108410,232555114,0.437121,0.631955,0.176195,0.597498,0.025544,0.063659,0.798931
1677108410,242819270,0.437205,0.631967,0.176154,0.596333,0.025469,0.063804,0.799792
1677108410,252794594,0.437288,0.632177,0.176080,0.596176,0.025855,0.064151,0.799869
1677108410,263220362,0.437436,0.632321,0.176008,0.596102,0.025343,0.064505,0.799912
1677108410,272981765,0.437474,0.632417,0.175954,0.596188,0.025420,0.064419,0.799852
1677108410,282338476,0.437625,0.632457,0.175916,0.596107,0.024982,0.064610,0.799911
1677108410,292980678,0.437741,0.632479,0.175893,0.596027,0.024912,0.065062,0.799936
1677108410,303215933,0.437740,0.632591,0.175823,0.596227,0.025086,0.064906,0.799795
1677108410,312339419,0.437794,0.632705,0.175731,0.596114,0.025039,0.065268,0.799851
1677108410,322401927,0.437818,0.632848,0.175608,0.595629,0.025297,0.065646,0.800173
1677108410,332144378,0.437882,0.633004,0.175451,0.594600,0.025264,0.066363,0.800879
1677108410,341905677,0.437855,0.633192,0.175301,0.593592,0.025464,0.066650,0.801597
1677108410,352801961,0.437787,0.633502,0.175099,0.592899,0.025791,0.067024,0.802068
1677108410,362867856,0.437771,0.633870,0.174873,0.592551,0.025486,0.067299,0.802312
1677108410,373011672,0.437926,0.634119,0.174687,0.591620,0.024487,0.068200,0.802954
1677108410,382883163,0.437871,0.634368,0.174468,0.590755,0.024951,0.068256,0.803571
1677108410,392498023,0.437985,0.634686,0.174306,0.590693,0.024591,0.068808,0.803581
1677108410,402850236,0.437996,0.634975,0.174151,0.590503,0.025192,0.069238,0.803665
1677108410,413386783,0.438061,0.635216,0.174012,0.590337,0.025640,0.069719,0.803731
1677108410,422562672,0.438138,0.635329,0.173878,0.589783,0.026054,0.069934,0.804106
1677108410,432767483,0.438260,0.635533,0.173764,0.589513,0.026082,0.070375,0.804265
1677108410,442312514,0.438336,0.635821,0.173624,0.589611,0.026282,0.070900,0.804140
1677108410,453099286,0.438357,0.636026,0.173482,0.588923,0.026500,0.071067,0.804622
1677108410,462543782,0.438507,0.636342,0.173326,0.588737,0.025773,0.071688,0.804727
1677108410,473049700,0.438607,0.636511,0.173202,0.587705,0.025519,0.072092,0.805453
1677108410,482985957,0.438602,0.636702,0.173051,0.586963,0.025807,0.072035,0.805990
1677108410,493313410,0.438758,0.636967,0.172930,0.587072,0.025434,0.072293,0.805899
1677108410,502672726,0.438871,0.637075,0.172881,0.586933,0.025659,0.072365,0.805987
1677108410,512869384,0.438982,0.637113,0.172857,0.586970,0.026131,0.072343,0.805947
1677108410,523174985,0.439166,0.637125,0.172826,0.586977,0.026154,0.072336,0.805942
1677108410,533017329,0.439388,0.637377,0.172719,0.587698,0.026277,0.072853,0.805365
1677108410,543108921,0.439417,0.637538,0.172596,0.587885,0.026508,0.072240,0.805277
1677108410,552413707,0.439578,0.637750,0.172444,0.587548,0.026991,0.072932,0.805443
1677108410,562551631,0.439640,0.638053,0.172197,0.587203,0.027210,0.072902,0.805691
1677108410,572147641,0.439699,0.638334,0.171979,0.586363,0.028043,0.073526,0.806217
1677108410,582626236,0.439782,0.638817,0.171714,0.586649,0.028474,0.073929,0.805957
1677108410,592626787,0.439813,0.639036,0.171495,0.586060,0.028584,0.073577,0.806414
1677108410,602608629,0.439970,0.639297,0.171322,0.585903,0.028727,0.074212,0.806465
1677108410,613423949,0.440085,0.639462,0.171151,0.586037,0.028740,0.074251,0.806363
1677108410,623341354,0.440146,0.639521,0.171028,0.585946,0.028967,0.074217,0.806424
1677108410,632231190,0.440199,0.639652,0.170857,0.586077,0.029266,0.074241,0.806316
1677108410,642599798,0.440243,0.639939,0.170642,0.586577,0.029794,0.074521,0.805907
1677108410,652803189,0.440370,0.640042,0.170509,0.585814,0.030041,0.075065,0.806402
1677108410,663674304,0.440457,0.640295,0.170325,0.585655,0.030515,0.075416,0.806467
1677108410,672923259,0.440536,0.640659,0.170146,0.586013,0.030531,0.075409,0.806207
1677108410,682800068,0.440613,0.640922,0.169973,0.585903,0.030909,0.075372,0.806276
1677108410,693283445,0.440713,0.640996,0.169848,0.585066,0.031357,0.075485,0.806856
1677108410,702755190,0.440776,0.641268,0.169723,0.585099,0.031793,0.075563,0.806808
1677108410,712731236,0.440856,0.641437,0.169621,0.585003,0.031975,0.075535,0.806872
1677108410,722613007,0.440992,0.641578,0.169560,0.584953,0.031782,0.075657,0.806905
1677108410,733352452,0.441058,0.641648,0.169516,0.584682,0.031877,0.075436,0.807119
1677108410,742714463,0.441148,0.641761,0.169509,0.584996,0.031764,0.075692,0.806872
1677108410,753256190,0.441209,0.641744,0.169532,0.584836,0.031605,0.075538,0.807008
1677108410,763058317,0.441243,0.641833,0.169529,0.585265,0.031630,0.075713,0.806680
1677108410,772665054,0.441312,0.641940,0.169540,0.585763,0.031677,0.076080,0.806282
1677108410,782614466,0.441369,0.642042,0.169514,0.586076,0.031728,0.076457,0.806017
1677108410,793594987,0.441334,0.642189,0.169430,0.586464,0.031914,0.076404,0.805732
1677108410,803032499,0.441364,0.642230,0.169355,0.585806,0.031975,0.076507,0.806199
1677108410,812749430,0.441427,0.642397,0.169238,0.585667,0.032030,0.076845,0.806265
1677108410,822368738,0.441504,0.642575,0.169127,0.585556,0.031924,0.076817,0.806352
1677108410,832591811,0.441639,0.642718,0.169038,0.585410,0.031857,0.077057,0.806438
1677108410,842838358,0.441684,0.642643,0.168994,0.584718,0.032473,0.076955,0.806925
1677108410,852530380,0.441815,0.642823,0.168924,0.585295,0.032610,0.077007,0.806496
1677108410,863058525,0.441894,0.642873,0.168854,0.585568,0.032901,0.076767,0.806309
1677108410,872786281,0.441931,0.642922,0.168814,0.585763,0.033618,0.076803,0.806134
1677108410,882732758,0.441961,0.642891,0.168762,0.585435,0.033828,0.076485,0.806394
1677108410,893117574,0.442040,0.643116,0.168659,0.586144,0.033784,0.076725,0.805858
1677108410,903107003,0.442001,0.643168,0.168575,0.585802,0.033941,0.076429,0.806129
1677108410,913186225,0.442044,0.643253,0.168449,0.585522,0.034241,0.076836,0.806280
1677108410,922881351,0.442050,0.643285,0.168326,0.584999,0.034204,0.076655,0.806678
1677108410,933114252,0.442041,0.643429,0.168193,0.585069,0.034470,0.076678,0.806614
1677108410,942600214,0.442041,0.643582,0.168060,0.585449,0.034667,0.076651,0.806333
1677108410,952220039,0.442092,0.643548,0.167951,0.584989,0.034866,0.076485,0.806674
1677108410,962599660,0.442198,0.643522,0.167837,0.584816,0.034807,0.076355,0.806814
1677108410,972788011,0.442385,0.643534,0.167751,0.584924,0.034652,0.076734,0.806706
1677108410,983059654,0.442397,0.643513,0.167674,0.584992,0.035304,0.076171,0.806682
1677108410,992452419,0.442459,0.643532,0.167571,0.585368,0.035210,0.075710,0.806457
1677108411,2374182,0.442596,0.643633,0.167438,0.585857,0.035166,0.075564,0.806117
1677108411,13092647,0.442710,0.643754,0.167281,0.586326,0.035383,0.075525,0.805770
1677108411,22826896,0.442713,0.643799,0.167153,0.586347,0.035690,0.074777,0.805811
1677108411,32903338,0.442842,0.643828,0.167032,0.586075,0.035937,0.074812,0.805995
1677108411,42573446,0.442842,0.643854,0.166879,0.585566,0.036545,0.074339,0.806381
1677108411,53131338,0.442923,0.644104,0.166722,0.586240,0.036562,0.074023,0.805920
1677108411,62975817,0.443071,0.644080,0.166679,0.586530,0.036547,0.074290,0.805685
1677108411,72443543,0.443155,0.644112,0.166653,0.587220,0.036652,0.074517,0.805156
1677108411,82743128,0.443124,0.644255,0.166579,0.588105,0.036986,0.074481,0.804498
1677108411,92948541,0.443170,0.644303,0.166503,0.588240,0.036654,0.074714,0.804393
1677108411,102509143,0.443213,0.644383,0.166443,0.588337,0.036605,0.075031,0.804295
1677108411,113096747,0.443236,0.644385,0.166418,0.588483,0.036496,0.075227,0.804175
1677108411,123126319,0.443182,0.644436,0.166403,0.588736,0.037186,0.075435,0.803939
1677108411,132956201,0.443276,0.644523,0.166370,0.589117,0.036660,0.075633,0.803665
1677108411,142892392,0.443359,0.644544,0.166356,0.589190,0.036125,0.075759,0.803623
1677108411,152500820,0.443463,0.644599,0.166300,0.589236,0.036176,0.076299,0.803537
1677108411,162596415,0.443409,0.644687,0.166218,0.589593,0.036238,0.076151,0.803286
1677108411,172414329,0.443361,0.644768,0.166122,0.589917,0.036557,0.076066,0.803041
1677108411,183059668,0.443424,0.644757,0.166111,0.590038,0.036192,0.076322,0.802945
1677108411,192770471,0.443317,0.644813,0.166031,0.590867,0.036573,0.076302,0.802320
1677108411,202514174,0.443351,0.644906,0.165946,0.591550,0.036373,0.076857,0.801772
1677108411,213212600,0.443327,0.644985,0.165851,0.591903,0.036320,0.077187,0.801483
1677108411,222619162,0.443384,0.645077,0.165739,0.592267,0.035922,0.077758,0.801176
1677108411,232059489,0.443294,0.645191,0.165616,0.592977,0.035967,0.077794,0.800645
1677108411,242546813,0.443337,0.645239,0.165542,0.593455,0.035777,0.078481,0.800233
1677108411,252897736,0.443353,0.645292,0.165447,0.593648,0.036067,0.079237,0.800001
1677108411,262931630,0.443346,0.645595,0.165325,0.594962,0.036113,0.079457,0.799001
1677108411,273103202,0.443424,0.645761,0.165240,0.595262,0.036244,0.080161,0.798701
1677108411,282921720,0.443463,0.646009,0.165154,0.595879,0.036300,0.080420,0.798212
1677108411,293088408,0.443541,0.646325,0.165084,0.596705,0.036730,0.081341,0.797482
1677108411,302259974,0.443480,0.646586,0.164978,0.597467,0.037609,0.081046,0.796901
1677108411,312707820,0.443607,0.646891,0.164870,0.598006,0.037886,0.081810,0.796405
1677108411,322667947,0.443764,0.647283,0.164730,0.598655,0.038187,0.082820,0.795798
1677108411,332526816,0.443851,0.647689,0.164607,0.599116,0.038502,0.083259,0.795390
1677108411,342122115,0.443824,0.648013,0.164487,0.599290,0.039268,0.083407,0.795206
1677108411,352578516,0.443894,0.648609,0.164396,0.600192,0.040300,0.084431,0.794365
1677108411,362367651,0.443926,0.649050,0.164350,0.600165,0.041311,0.085222,0.794249
1677108411,372680146,0.444028,0.649689,0.164321,0.600622,0.042234,0.085734,0.793800
1677108411,382789684,0.444122,0.650460,0.164266,0.601042,0.043310,0.086297,0.793363
1677108411,392717381,0.444306,0.651240,0.164239,0.601020,0.044603,0.087157,0.793214
1677108411,403074261,0.444373,0.652054,0.164192,0.600600,0.046604,0.087612,0.793368
1677108411,413392295,0.444489,0.652988,0.164169,0.600763,0.048250,0.088328,0.793066
1677108411,422870204,0.444590,0.654003,0.164119,0.601083,0.049956,0.088931,0.792650
1677108411,432686499,0.444617,0.654920,0.164082,0.600743,0.052294,0.089610,0.792681
1677108411,442999905,0.444670,0.656003,0.164007,0.600870,0.054082,0.090403,0.792375
1677108411,452775993,0.444724,0.657180,0.163935,0.600731,0.055789,0.091575,0.792227
1677108411,463121782,0.444750,0.658390,0.163897,0.601026,0.057435,0.093116,0.791706
1677108411,472997080,0.444674,0.659727,0.163835,0.601599,0.059359,0.094884,0.790918
1677108411,482791968,0.444573,0.660941,0.163828,0.601493,0.060968,0.096849,0.790639
1677108411,492676051,0.444338,0.662133,0.163816,0.600962,0.063081,0.098891,0.790624
1677108411,503073699,0.444087,0.663765,0.163744,0.602117,0.065285,0.101136,0.789281
1677108411,512970605,0.443888,0.665201,0.163667,0.602089,0.067459,0.103511,0.788812
1677108411,522280924,0.443616,0.666651,0.163575,0.601622,0.069952,0.105775,0.788650
1677108411,532354822,0.443317,0.668308,0.163446,0.602193,0.071698,0.107697,0.787797
1677108411,542648334,0.442953,0.669744,0.163331,0.602298,0.073615,0.109478,0.787294
1677108411,552859536,0.442552,0.671215,0.163223,0.602797,0.075699,0.111691,0.786403
1677108411,563064897,0.441986,0.672541,0.163163,0.602993,0.077651,0.113217,0.785844
1677108411,572479414,0.441690,0.673900,0.163134,0.602858,0.078669,0.116272,0.785401
1677108411,582857574,0.441117,0.675250,0.163128,0.603120,0.080701,0.118324,0.784687
1677108411,593306599,0.440573,0.676654,0.163064,0.603656,0.082530,0.120247,0.783792
1677108411,603114453,0.440013,0.678167,0.163023,0.603775,0.084672,0.122246,0.783162
1677108411,612648414,0.439390,0.679681,0.162974,0.603904,0.086394,0.123680,0.782649
1677108411,622203018,0.438709,0.681006,0.162954,0.603317,0.088782,0.125166,0.782598
1677108411,632379619,0.438142,0.682305,0.162982,0.602828,0.089733,0.126785,0.782606
1677108411,642869548,0.437405,0.683516,0.163062,0.602410,0.090734,0.127926,0.782627
1677108411,652746906,0.436653,0.684600,0.163140,0.601860,0.091568,0.129150,0.782752
1677108411,663038484,0.436016,0.685712,0.163270,0.601611,0.091681,0.130900,0.782639
1677108411,672908269,0.435133,0.686693,0.163306,0.601223,0.092849,0.131716,0.782663
1677108411,682998609,0.434458,0.687743,0.163286,0.601220,0.093042,0.133528,0.782335
1677108411,692288109,0.433562,0.688602,0.163246,0.601149,0.093423,0.134088,0.782248
1677108411,702633068,0.432742,0.689421,0.163196,0.600920,0.094193,0.135331,0.782118
1677108411,713218845,0.431845,0.690321,0.163163,0.601673,0.094530,0.136635,0.781271
1677108411,723542520,0.430846,0.691068,0.163123,0.601973,0.094999,0.137359,0.780856
1677108411,733197659,0.429817,0.691518,0.163145,0.601099,0.095680,0.138427,0.781258
1677108411,742653380,0.428835,0.692068,0.163170,0.600576,0.096114,0.139961,0.781333
1677108411,752951115,0.427844,0.692726,0.163147,0.600614,0.095903,0.141227,0.781102
1677108411,762308125,0.426782,0.693339,0.163120,0.601335,0.095353,0.141705,0.780528
1677108411,773217875,0.425803,0.693816,0.163062,0.601746,0.094866,0.142492,0.780127
1677108411,783307630,0.424774,0.694184,0.163026,0.602180,0.094367,0.142889,0.779780
1677108411,793067816,0.423848,0.694567,0.162974,0.602756,0.093552,0.143445,0.779331
1677108411,802647107,0.422827,0.694905,0.162907,0.603134,0.093157,0.143400,0.779094
1677108411,813075056,0.421906,0.695159,0.162860,0.603160,0.091838,0.143303,0.779248
1677108411,822754068,0.421072,0.695460,0.162759,0.603698,0.090346,0.143153,0.779034
1677108411,832786416,0.420062,0.695680,0.162674,0.604457,0.089007,0.142122,0.778788
1677108411,842511017,0.419200,0.695773,0.162576,0.605075,0.086659,0.140966,0.778783
1677108411,852810900,0.418283,0.695820,0.162491,0.605729,0.084714,0.139758,0.778707
1677108411,862929369,0.417422,0.696050,0.162399,0.607230,0.082734,0.139192,0.777851
1677108411,872977360,0.416580,0.696141,0.162262,0.607489,0.080983,0.138817,0.777900
1677108411,882647876,0.415529,0.696489,0.162077,0.608521,0.080197,0.138426,0.777244
1677108411,892874428,0.414470,0.696728,0.161910,0.608708,0.079407,0.138188,0.777222
1677108411,903102976,0.413339,0.697201,0.161753,0.609954,0.078327,0.138384,0.776319
1677108411,912681395,0.412227,0.697389,0.161732,0.610545,0.076804,0.138942,0.775906
1677108411,922803679,0.411105,0.697745,0.161715,0.611895,0.074921,0.140028,0.774832
1677108411,933033107,0.409708,0.697980,0.161642,0.612685,0.073651,0.140953,0.774161
1677108411,943203969,0.408486,0.698344,0.161527,0.613360,0.071668,0.143451,0.773353
1677108411,953117685,0.407119,0.698625,0.161323,0.614126,0.069480,0.145526,0.772557
1677108411,962592680,0.405827,0.698684,0.161107,0.614335,0.067268,0.147508,0.772210
1677108411,972498642,0.404678,0.698793,0.160837,0.615486,0.064414,0.149681,0.771118
1677108411,983052150,0.403479,0.698669,0.160536,0.616802,0.062504,0.150729,0.770019
1677108411,992923939,0.402577,0.698230,0.160306,0.617984,0.060492,0.151592,0.769062
1677108412,2737674,0.401945,0.697878,0.160095,0.620461,0.057824,0.151357,0.767317
1677108412,12864064,0.401561,0.697292,0.159982,0.621962,0.055841,0.150142,0.766487
1677108412,22800229,0.401320,0.697149,0.159792,0.624738,0.054883,0.148094,0.764695
1677108412,32521796,0.401318,0.696798,0.159669,0.625830,0.054186,0.144399,0.764558
1677108412,43320012,0.401569,0.696721,0.159486,0.627181,0.053587,0.140193,0.764277
1677108412,52794168,0.401834,0.696828,0.159086,0.629218,0.053513,0.134457,0.763638
1677108412,63008724,0.402296,0.696748,0.158635,0.630792,0.053959,0.129082,0.763235
1677108412,73391599,0.402750,0.696531,0.158173,0.632748,0.055274,0.122862,0.762548
1677108412,82867152,0.403384,0.696584,0.157804,0.636583,0.055809,0.116714,0.760280
1677108412,92857779,0.404068,0.696304,0.157398,0.638427,0.057117,0.110474,0.759569
1677108412,102810192,0.404686,0.696081,0.156922,0.640137,0.058760,0.103545,0.758980
1677108412,113081607,0.405457,0.695738,0.156490,0.641883,0.059993,0.096790,0.758300
1677108412,122938628,0.406249,0.695243,0.156107,0.644558,0.061521,0.089649,0.756784
1677108412,132795868,0.407183,0.694373,0.155690,0.647167,0.062741,0.082753,0.755242
1677108412,143095285,0.408024,0.693597,0.155294,0.649494,0.064418,0.076141,0.753797
1677108412,152360798,0.408724,0.693103,0.154877,0.651761,0.065728,0.069100,0.752404
1677108412,162850213,0.409445,0.692657,0.154590,0.653454,0.065879,0.063775,0.751393
1677108412,173059439,0.409808,0.692325,0.154426,0.654721,0.067130,0.058988,0.750570
1677108412,182853453,0.410053,0.692228,0.154257,0.656156,0.067105,0.055601,0.749577
1677108412,192582028,0.410070,0.692038,0.154115,0.656721,0.066526,0.053000,0.749321
1677108412,202933979,0.409887,0.691820,0.153933,0.657523,0.065744,0.051516,0.748791
1677108412,212648967,0.409533,0.691528,0.153739,0.658848,0.064628,0.050692,0.747779
1677108412,222612510,0.409223,0.691186,0.153539,0.660276,0.062559,0.050571,0.746702
1677108412,232661238,0.408640,0.690881,0.153328,0.661872,0.061312,0.049752,0.745447
1677108412,242685572,0.408179,0.690633,0.153082,0.662705,0.059540,0.049876,0.744842
1677108412,252424233,0.407789,0.690486,0.152804,0.663568,0.057243,0.050285,0.744226
1677108412,262100772,0.407163,0.690232,0.152540,0.664540,0.055782,0.050162,0.743478
1677108412,272732113,0.406582,0.689912,0.152342,0.666388,0.054265,0.050330,0.741923
1677108412,282523455,0.406019,0.689396,0.152124,0.667626,0.052536,0.050321,0.740934
1677108412,292444429,0.405566,0.689170,0.151866,0.668940,0.050531,0.050430,0.739880
1677108412,302782234,0.405084,0.688892,0.151593,0.669852,0.048787,0.050079,0.739196
1677108412,312800888,0.404638,0.688665,0.151419,0.671957,0.046730,0.049401,0.737462
1677108412,323119750,0.404159,0.688236,0.151189,0.673396,0.045739,0.048733,0.736254
1677108412,333484015,0.403879,0.687660,0.150913,0.674300,0.043491,0.047686,0.735632
1677108412,342915231,0.403400,0.687329,0.150594,0.676012,0.042274,0.045068,0.734295
1677108412,353027218,0.403142,0.687005,0.150301,0.677769,0.041232,0.044111,0.732792
1677108412,363013080,0.402835,0.686539,0.150041,0.678890,0.039836,0.042162,0.731945
1677108412,372741766,0.402559,0.686316,0.149738,0.680433,0.038188,0.040295,0.730705
1677108412,382914516,0.402207,0.686118,0.149471,0.682164,0.037513,0.038711,0.729210
1677108412,392970426,0.401992,0.685890,0.149230,0.683802,0.036497,0.037462,0.727791
1677108412,402942274,0.401641,0.685711,0.148986,0.685168,0.036546,0.035535,0.726599
1677108412,412841828,0.401400,0.685524,0.148769,0.685781,0.036650,0.033991,0.726089
1677108412,423033809,0.401229,0.685513,0.148647,0.686332,0.036121,0.032538,0.725661
1677108412,432988587,0.401037,0.685544,0.148627,0.686454,0.035625,0.031273,0.725626
1677108412,442511544,0.400839,0.685571,0.148632,0.686162,0.034575,0.029941,0.726009
1677108412,452634460,0.400656,0.685625,0.148632,0.686270,0.033798,0.029606,0.725958
1677108412,462882921,0.400452,0.685538,0.148740,0.686189,0.032645,0.029047,0.726109
1677108412,472763527,0.400195,0.685536,0.148751,0.686628,0.031733,0.028288,0.725765
1677108412,482285369,0.399875,0.685463,0.148749,0.686919,0.030680,0.027015,0.725583
1677108412,492812492,0.399669,0.685393,0.148707,0.687439,0.030012,0.026163,0.725150
1677108412,502606310,0.399625,0.685286,0.148696,0.687889,0.029019,0.025564,0.724785
1677108412,512493604,0.399538,0.685228,0.148674,0.688105,0.028393,0.024429,0.724644
1677108412,522605223,0.399491,0.685247,0.148626,0.688304,0.028107,0.023150,0.724508
1677108412,533159724,0.399474,0.685293,0.148633,0.688240,0.027576,0.021766,0.724632
1677108412,542603482,0.399394,0.685359,0.148615,0.687864,0.027230,0.020469,0.725040
1677108412,552794205,0.399354,0.685347,0.148634,0.687885,0.026533,0.019676,0.725067
1677108412,563046288,0.399243,0.685401,0.148622,0.688862,0.025138,0.018367,0.724223
1677108412,572608398,0.399131,0.685371,0.148517,0.689717,0.024012,0.017254,0.723475
1677108412,582396326,0.399070,0.685274,0.148407,0.690480,0.023206,0.016869,0.722783
1677108412,593037522,0.398818,0.685278,0.148293,0.692011,0.023531,0.015455,0.721338
1677108412,602757687,0.398798,0.685138,0.148240,0.694234,0.023705,0.015335,0.719195
1677108412,612162717,0.398719,0.684722,0.148172,0.695389,0.024647,0.014497,0.718064
1677108412,622468578,0.398759,0.684761,0.148136,0.696903,0.025451,0.013670,0.716583
1677108412,632687328,0.398937,0.684752,0.148060,0.697000,0.025035,0.012521,0.716524
1677108412,642798420,0.399064,0.684853,0.148005,0.696785,0.025058,0.011152,0.716755
1677108412,652880772,0.399096,0.684863,0.148000,0.696502,0.025810,0.009722,0.717024
1677108412,663220315,0.399289,0.684774,0.148086,0.696419,0.025691,0.009107,0.717118
1677108412,672972352,0.399363,0.684808,0.148196,0.696918,0.024813,0.007815,0.716679
1677108412,682606234,0.399445,0.684817,0.148294,0.696875,0.023326,0.006892,0.716780
1677108412,692730930,0.399442,0.684856,0.148369,0.697007,0.022404,0.006674,0.716683
1677108412,702748466,0.399470,0.684713,0.148516,0.697398,0.021171,0.007146,0.716336
1677108412,713024231,0.399247,0.684410,0.148678,0.698047,0.021295,0.007521,0.715696
1677108412,722858278,0.399292,0.684121,0.148836,0.699433,0.019846,0.008088,0.714377
1677108412,733261439,0.399239,0.683807,0.148902,0.700605,0.019228,0.008499,0.713239
1677108412,742897100,0.399153,0.683610,0.148921,0.701701,0.018889,0.008731,0.712168
1677108412,752714204,0.399178,0.683434,0.148910,0.702098,0.018328,0.009290,0.711784
1677108412,762562223,0.399118,0.683381,0.148868,0.702190,0.017896,0.009204,0.711705
1677108412,772972977,0.399166,0.683320,0.148854,0.702114,0.016814,0.009353,0.711804
1677108412,783102736,0.399190,0.683101,0.148877,0.702033,0.015802,0.009487,0.711906
1677108412,793090400,0.399122,0.682986,0.148920,0.703156,0.014965,0.008947,0.710822
1677108412,802581795,0.399069,0.682576,0.148926,0.703648,0.014709,0.009234,0.710337
1677108412,813298897,0.399025,0.682286,0.148975,0.705026,0.014550,0.009763,0.708965
1677108412,822521225,0.399072,0.681926,0.148987,0.706029,0.014064,0.010172,0.707970
1677108412,832752966,0.398997,0.681741,0.148989,0.707613,0.014404,0.010603,0.706374
1677108412,842748106,0.399021,0.681579,0.148914,0.709041,0.014402,0.011248,0.704930
1677108412,852643967,0.398858,0.681323,0.148871,0.710007,0.014930,0.011140,0.703948
1677108412,863077017,0.398834,0.681371,0.148842,0.711554,0.014936,0.011423,0.702379
1677108412,873123435,0.398805,0.681246,0.148780,0.711978,0.014754,0.011345,0.701955
1677108412,882717728,0.398828,0.681181,0.148719,0.711878,0.014748,0.011551,0.702053
1677108412,892840754,0.398857,0.681372,0.148685,0.711935,0.014544,0.011385,0.702003
1677108412,902966079,0.398906,0.681565,0.148593,0.711657,0.014571,0.011125,0.702288
1677108412,912917971,0.398974,0.681763,0.148521,0.711294,0.014706,0.011092,0.702654
1677108412,923022360,0.399001,0.681898,0.148461,0.711354,0.014813,0.010351,0.702602
1677108412,932636981,0.399085,0.681933,0.148490,0.712590,0.014874,0.009949,0.701352
1677108412,942893600,0.399194,0.681561,0.148568,0.713802,0.015339,0.009987,0.700108
1677108412,952416124,0.399264,0.681156,0.148734,0.716305,0.015697,0.009443,0.697546
1677108412,962300927,0.399329,0.680622,0.148884,0.718593,0.016898,0.009649,0.695159
1677108412,972440912,0.399582,0.680196,0.149023,0.720670,0.016917,0.009137,0.693012
1677108412,983296622,0.399721,0.679944,0.149154,0.722205,0.017742,0.008823,0.691395
1677108412,993310264,0.399901,0.679645,0.149152,0.722063,0.018571,0.008105,0.691530
1677108413,3220826,0.400156,0.679789,0.149245,0.722548,0.018665,0.007548,0.691027
1677108413,13107817,0.400217,0.679816,0.149287,0.722026,0.019210,0.006290,0.691571
1677108413,22935995,0.400328,0.679793,0.149341,0.721760,0.019154,0.005584,0.691856
1677108413,32636917,0.400463,0.679657,0.149480,0.722102,0.018967,0.005646,0.691504
1677108413,42757631,0.400497,0.679384,0.149652,0.722900,0.019077,0.005368,0.690668
1677108413,52980627,0.400535,0.679174,0.149900,0.724682,0.018638,0.004950,0.688813
1677108413,63056859,0.400609,0.678707,0.150093,0.725566,0.019042,0.005546,0.687867
1677108413,72952767,0.400711,0.678425,0.150321,0.727030,0.019281,0.005628,0.686312
1677108413,82980704,0.400701,0.678123,0.150451,0.727566,0.020364,0.005074,0.685717
1677108413,92682293,0.400871,0.678022,0.150583,0.728278,0.020852,0.005226,0.684944
1677108413,102820632,0.401076,0.677857,0.150707,0.728502,0.021069,0.005029,0.684701
1677108413,112892412,0.401181,0.677783,0.150841,0.728791,0.021574,0.004681,0.684380
1677108413,123045466,0.401265,0.677643,0.150971,0.729139,0.021734,0.003846,0.684010
1677108413,132929492,0.401418,0.677312,0.151125,0.729445,0.021303,0.003487,0.683699
1677108413,142651673,0.401451,0.676863,0.151322,0.729992,0.021544,0.002924,0.683110
1677108413,152930690,0.401507,0.676585,0.151634,0.732010,0.021291,0.002706,0.680956
1677108413,163135165,0.401688,0.675988,0.151903,0.733339,0.020610,0.002899,0.679545
1677108413,173526010,0.401686,0.675389,0.152155,0.734862,0.020669,0.002402,0.677897
1677108413,182831298,0.401773,0.674746,0.152453,0.735999,0.021041,0.002576,0.676650
1677108413,193116391,0.401964,0.674355,0.152745,0.737604,0.021065,0.002909,0.674898
1677108413,202777890,0.402154,0.673947,0.153054,0.738686,0.021356,0.003112,0.673705
1677108413,212716582,0.402134,0.673734,0.153425,0.739893,0.022265,0.002019,0.672353
1677108413,222198084,0.402341,0.673415,0.153757,0.740611,0.022422,0.001831,0.671557
1677108413,232556352,0.402504,0.672880,0.154151,0.740803,0.022712,0.001640,0.671337
1677108413,242520855,0.402650,0.672584,0.154645,0.742390,0.022853,0.001639,0.669576
1677108413,252495548,0.402742,0.671928,0.155156,0.743259,0.022722,0.001144,0.668617
1677108413,263230814,0.402923,0.671328,0.155740,0.745121,0.022173,0.001291,0.666560
1677108413,273069637,0.402986,0.670685,0.156390,0.746996,0.021940,0.000671,0.664466
1677108413,282779660,0.403063,0.670043,0.157102,0.749055,0.022178,0.000618,0.662136
1677108413,292877052,0.403213,0.669275,0.157778,0.749968,0.022478,0.000563,0.661092
1677108413,302827321,0.403394,0.668841,0.158590,0.751561,0.022905,0.001023,0.659266
1677108413,312575957,0.403567,0.668473,0.159446,0.752649,0.022950,0.000335,0.658022
1677108413,323063563,0.403790,0.667884,0.160271,0.752403,0.023167,0.000108,0.658296
1677108413,333276599,0.403904,0.667579,0.161234,0.753578,0.023306,-0.000098,0.656945
1677108413,342585515,0.404018,0.667054,0.162205,0.754187,0.023662,-0.000458,0.656233
1677108413,352712526,0.404214,0.666490,0.163317,0.755670,0.023417,-0.000370,0.654533
1677108413,363107715,0.404310,0.665836,0.164467,0.757555,0.023596,-0.000684,0.652345
1677108413,372511362,0.404458,0.664947,0.165650,0.759317,0.023738,-0.000639,0.650288
1677108413,382691365,0.404587,0.664056,0.166886,0.761647,0.024182,-0.000735,0.647540
1677108413,392795716,0.404771,0.663086,0.168127,0.763519,0.024391,-0.001128,0.645323
1677108413,402526456,0.404930,0.662232,0.169472,0.765675,0.024499,-0.001463,0.642759
1677108413,413016468,0.405170,0.661329,0.170833,0.767300,0.024736,-0.001445,0.640810
1677108413,423042201,0.405439,0.660607,0.172284,0.768878,0.024375,-0.001661,0.638928
1677108413,432822323,0.405558,0.659921,0.173774,0.769816,0.024940,-0.001954,0.637775
1677108413,443599165,0.405764,0.659424,0.175305,0.770593,0.024837,-0.001856,0.636841
1677108413,452969113,0.405853,0.658873,0.176871,0.770953,0.024701,-0.002361,0.636408
1677108413,462763398,0.405955,0.658250,0.178442,0.771132,0.024635,-0.002725,0.636192
1677108413,472377137,0.406037,0.657606,0.180131,0.772118,0.024369,-0.002481,0.635007
1677108413,482203113,0.406193,0.656957,0.181839,0.774010,0.024008,-0.001918,0.632716
1677108413,492084045,0.406351,0.655893,0.183510,0.775117,0.023671,-0.001154,0.631373
1677108413,502886362,0.406461,0.655085,0.185239,0.777525,0.022931,-0.001373,0.628432
1677108413,513416862,0.406666,0.654138,0.186978,0.778950,0.022338,-0.000991,0.626687
1677108413,522907642,0.406704,0.653494,0.188795,0.780628,0.022460,-0.000704,0.624592
1677108413,532843761,0.406763,0.652939,0.190561,0.781255,0.022425,-0.000365,0.623809
1677108413,543185292,0.406740,0.652396,0.192307,0.780415,0.022512,-0.000377,0.624857
1677108413,552443894,0.406879,0.652214,0.194193,0.780528,0.021035,0.000200,0.624766
1677108413,562532458,0.406881,0.651840,0.195969,0.779709,0.020366,0.001262,0.625810
1677108413,572725779,0.406835,0.651605,0.197858,0.779982,0.019367,0.001835,0.625499
1677108413,583126719,0.406741,0.651196,0.199774,0.780611,0.018433,0.002738,0.624740
1677108413,592661741,0.406589,0.650689,0.201653,0.781544,0.018131,0.004031,0.623574
1677108413,602081008,0.406581,0.650035,0.203463,0.782555,0.016913,0.005346,0.622329
1677108413,613132848,0.406546,0.649518,0.205336,0.783953,0.015970,0.006240,0.620583
1677108413,622796383,0.406535,0.648822,0.207091,0.784575,0.015370,0.006606,0.619809
1677108413,632232182,0.406644,0.648382,0.208976,0.785810,0.014676,0.007373,0.618250
1677108413,642354982,0.406632,0.647885,0.210808,0.786230,0.015059,0.007616,0.617704
1677108413,653030945,0.406591,0.647429,0.212590,0.786091,0.015158,0.007298,0.617882
1677108413,663057108,0.406182,0.646879,0.214243,0.784407,0.017321,0.006207,0.619973
1677108413,672207735,0.407014,0.647531,0.216511,0.786429,0.013564,0.008522,0.617472
1677108413,682683879,0.407134,0.647638,0.218464,0.785866,0.012736,0.009024,0.618199
1677108413,692688273,0.407130,0.647838,0.220451,0.785376,0.012242,0.009688,0.618822
1677108413,702005190,0.407084,0.647762,0.222336,0.784624,0.011748,0.010344,0.619774
1677108413,712733347,0.407129,0.647630,0.224282,0.784853,0.010561,0.011717,0.619481
1677108413,723106877,0.407026,0.647593,0.226268,0.786455,0.009956,0.012964,0.617431
1677108413,732454424,0.406862,0.647229,0.228140,0.787464,0.009460,0.013661,0.616137
1677108413,742496987,0.406848,0.646936,0.229955,0.788389,0.008905,0.014896,0.614932
1677108413,752444125,0.406798,0.646805,0.231786,0.788995,0.008874,0.015461,0.614141
1677108413,762809452,0.406908,0.646928,0.233587,0.789021,0.008988,0.016221,0.614086
1677108413,772706795,0.406660,0.647062,0.235249,0.787967,0.011388,0.015451,0.615418
1677108413,783294375,0.407450,0.647185,0.237248,0.786796,0.007188,0.016397,0.616953
1677108413,792618015,0.407542,0.647548,0.239068,0.786002,0.007874,0.015645,0.617976
1677108413,802809647,0.407897,0.647794,0.240891,0.785552,0.007613,0.015947,0.618544
1677108413,813291544,0.408035,0.647997,0.242686,0.785519,0.008694,0.015776,0.618575
1677108413,822594901,0.408260,0.648209,0.244504,0.786264,0.009116,0.015836,0.617620
1677108413,831999422,0.408561,0.648279,0.246246,0.786452,0.009801,0.016570,0.617351
1677108413,842401103,0.408750,0.648492,0.247981,0.786732,0.010896,0.016299,0.616983
1677108413,852550216,0.409005,0.648686,0.249748,0.786686,0.011686,0.016148,0.617032
1677108413,862540696,0.409233,0.649005,0.251456,0.786353,0.013176,0.015982,0.617430
1677108413,872708756,0.409619,0.649207,0.253134,0.785725,0.013465,0.015737,0.618229
1677108413,882716914,0.409948,0.649557,0.254813,0.785639,0.014377,0.015701,0.618319
1677108413,893334371,0.410313,0.649770,0.256416,0.785297,0.014785,0.015097,0.618759
1677108413,902979568,0.411218,0.649595,0.257894,0.783931,0.012870,0.017207,0.620476
1677108413,912969732,0.411650,0.649739,0.259470,0.783674,0.011510,0.013996,0.620908
1677108413,922447397,0.411183,0.650119,0.261310,0.785277,0.016173,0.012908,0.618799
1677108413,933105731,0.411376,0.650210,0.262876,0.785817,0.017191,0.012624,0.618091
1677108413,943057580,0.411716,0.650095,0.264406,0.786365,0.017126,0.012859,0.617391
1677108413,953249013,0.411815,0.650062,0.265941,0.787494,0.018176,0.013308,0.615911
1677108413,962930708,0.411974,0.650107,0.267382,0.788228,0.018258,0.013370,0.614967
1677108413,972479634,0.412024,0.650213,0.268800,0.788268,0.018570,0.014177,0.614888
1677108413,982914779,0.412153,0.650626,0.270233,0.788146,0.017522,0.014579,0.615067
1677108413,993062557,0.412086,0.650838,0.271569,0.786596,0.017193,0.015077,0.617045
1677108414,2982067,0.412041,0.651326,0.273045,0.786432,0.016065,0.015859,0.617264
1677108414,12632006,0.411923,0.651523,0.274365,0.785379,0.015110,0.016718,0.618605
1677108414,22289851,0.411717,0.651901,0.275711,0.785618,0.014297,0.017957,0.618286
1677108414,32128665,0.411551,0.651926,0.276930,0.784964,0.013366,0.019703,0.619084
1677108414,42331221,0.411384,0.652205,0.278201,0.785660,0.012577,0.021612,0.618153
1677108414,52739229,0.411155,0.652344,0.279399,0.786282,0.011724,0.022515,0.617346
1677108414,63136438,0.411035,0.652428,0.280545,0.786626,0.010480,0.023069,0.616909
1677108414,73295975,0.410997,0.652315,0.281585,0.786139,0.009862,0.024235,0.617496
1677108414,83311613,0.410999,0.652514,0.282638,0.786274,0.009086,0.024835,0.617312
1677108414,93149428,0.410883,0.652618,0.283596,0.786059,0.009580,0.024920,0.617575
1677108414,102815757,0.410857,0.652791,0.284488,0.785890,0.009801,0.025192,0.617775
1677108414,113121019,0.410987,0.653021,0.285296,0.785819,0.009660,0.025298,0.617863
1677108414,122101350,0.411130,0.653152,0.286041,0.785391,0.009636,0.025672,0.618393
1677108414,132199052,0.411153,0.653526,0.286851,0.785966,0.010267,0.025641,0.617653
1677108414,142092775,0.411223,0.653795,0.287580,0.786235,0.010596,0.025523,0.617310
1677108414,153067577,0.411265,0.654063,0.288330,0.786734,0.010956,0.025588,0.616664
1677108414,162741052,0.411346,0.654300,0.288981,0.787144,0.011065,0.025773,0.616131
1677108414,172611160,0.411391,0.654639,0.289672,0.788302,0.010924,0.026006,0.614641
1677108414,181866219,0.411338,0.654933,0.290316,0.789213,0.010954,0.025482,0.613492
1677108414,192583792,0.411307,0.655366,0.290998,0.790698,0.010926,0.025685,0.611570
1677108414,202494613,0.411322,0.655535,0.291604,0.791084,0.010173,0.025613,0.611087
1677108414,213237367,0.411402,0.655831,0.292273,0.791826,0.008993,0.025875,0.610132
1677108414,222648435,0.411420,0.654136,0.292468,0.785929,0.008782,0.027024,0.617664
1677108414,232902074,0.411454,0.654180,0.292970,0.786046,0.007542,0.027571,0.617507
1677108414,242676792,0.411313,0.654184,0.293419,0.786152,0.006773,0.027516,0.617383
1677108414,253371014,0.411131,0.654204,0.293786,0.786258,0.006626,0.028232,0.617218
1677108414,263075908,0.411049,0.654276,0.294091,0.786353,0.005669,0.028650,0.617087
1677108414,272375310,0.410853,0.654330,0.294374,0.786297,0.005458,0.028433,0.617170
1677108414,282388525,0.410847,0.654412,0.294611,0.786003,0.005041,0.029172,0.617513
1677108414,292576321,0.410919,0.654525,0.294784,0.785880,0.004462,0.029514,0.617658
1677108414,302607152,0.410835,0.654779,0.294951,0.786304,0.005179,0.029194,0.617127
1677108414,312934725,0.410837,0.654683,0.294961,0.785298,0.005750,0.028675,0.618427
1677108414,322622254,0.411022,0.654830,0.295097,0.785546,0.005825,0.028474,0.618120
1677108414,332668564,0.411214,0.654885,0.295142,0.785338,0.005876,0.027298,0.618437
1677108414,342783139,0.411316,0.654927,0.295198,0.785253,0.007145,0.026238,0.618578
1677108414,353070892,0.411550,0.655126,0.295345,0.785793,0.008116,0.025489,0.617911
1677108414,362366770,0.411879,0.655087,0.295449,0.785507,0.008906,0.024483,0.618304
1677108414,372268797,0.412087,0.655057,0.295659,0.785419,0.010233,0.023517,0.618433
1677108414,382283109,0.412403,0.655100,0.295885,0.785075,0.011624,0.023128,0.618859
1677108414,392970052,0.412520,0.655311,0.296278,0.785330,0.012958,0.021397,0.618572
1677108414,402165350,0.412819,0.655279,0.296657,0.784481,0.013588,0.021207,0.619641
1677108414,412418325,0.413037,0.655346,0.297118,0.784050,0.013974,0.020571,0.620200
1677108414,423008330,0.413083,0.655564,0.297723,0.784312,0.014619,0.019916,0.619874
1677108414,432650063,0.413313,0.655609,0.298345,0.784004,0.014066,0.020428,0.620261
1677108414,443136783,0.413166,0.655504,0.298919,0.783403,0.015023,0.020313,0.621000
1677108414,453062062,0.413270,0.655527,0.299608,0.783480,0.014221,0.021403,0.620886
1677108414,462725019,0.413223,0.655551,0.300355,0.783757,0.013892,0.022065,0.620520
