secs,nsecs,tx,ty,tz,rx,ry,rz,rw
1677108475,472147025,0.437547,0.540380,0.506624,0.587891,0.075605,0.140065,0.793127
1677108475,482213818,0.437387,0.540515,0.506832,0.587170,0.076381,0.140002,0.793598
1677108475,492075140,0.437448,0.540771,0.507107,0.587346,0.075778,0.140496,0.793438
1677108475,502011644,0.437368,0.540911,0.507372,0.587352,0.076017,0.140810,0.793354
1677108475,512286941,0.437191,0.540973,0.507622,0.587072,0.076706,0.140669,0.793521
1677108475,522940914,0.437153,0.541252,0.507820,0.587330,0.076250,0.141309,0.793260
1677108475,533349415,0.437002,0.541621,0.507972,0.587572,0.076298,0.141667,0.793012
1677108475,542608523,0.436810,0.542000,0.508096,0.587448,0.076565,0.142062,0.793008
1677108475,552024918,0.436616,0.542380,0.508182,0.586955,0.076890,0.142512,0.793261
1677108475,563150219,0.436455,0.542764,0.508249,0.586569,0.077063,0.142893,0.793460
1677108475,572826878,0.436382,0.543208,0.508287,0.586290,0.076936,0.143868,0.793503
1677108475,582167026,0.436129,0.543503,0.508283,0.585677,0.077699,0.143840,0.793886
1677108475,592445109,0.436040,0.543735,0.508289,0.584744,0.078199,0.144949,0.794323
1677108475,602358165,0.435973,0.544189,0.508211,0.585043,0.078096,0.145757,0.793965
1677108475,612138939,0.435892,0.544372,0.508111,0.584657,0.078212,0.146068,0.794181
1677108475,622545871,0.435836,0.544619,0.507954,0.584464,0.078336,0.146750,0.794185
1677108475,633051728,0.435663,0.544916,0.507708,0.584582,0.079008,0.146507,0.794076
1677108475,642236866,0.435724,0.545232,0.507490,0.584568,0.079007,0.147253,0.793949
1677108475,653033249,0.435639,0.545562,0.507169,0.584923,0.080043,0.147630,0.793513
1677108475,662816792,0.435622,0.545801,0.506821,0.584931,0.080988,0.147826,0.793375
1677108475,672546760,0.435678,0.546025,0.506427,0.584787,0.081285,0.147694,0.793476
1677108475,682252268,0.435746,0.546270,0.506000,0.584867,0.081760,0.147593,0.793386
1677108475,692527416,0.435897,0.546520,0.505536,0.585186,0.081918,0.147805,0.793096
1677108475,702693778,0.436033,0.546724,0.505049,0.585376,0.082690,0.147794,0.792877
1677108475,712566858,0.436233,0.546756,0.504559,0.584917,0.083300,0.148221,0.793072
1677108475,722565261,0.436392,0.546968,0.504024,0.585555,0.083764,0.147971,0.792599
1677108475,732374241,0.436613,0.547012,0.503491,0.585577,0.084279,0.147808,0.792558
1677108475,741971135,0.436740,0.547220,0.502929,0.586502,0.084914,0.147237,0.791913
1677108475,752474143,0.437043,0.547308,0.502416,0.586619,0.085905,0.147777,0.791619
1677108475,762460290,0.437265,0.547494,0.501833,0.587235,0.086411,0.147622,0.791136
1677108475,772592265,0.437451,0.547663,0.501219,0.587585,0.087348,0.147485,0.790799
1677108475,782666744,0.437682,0.547858,0.500631,0.587825,0.087985,0.147445,0.790558
1677108475,793061535,0.437990,0.548220,0.499986,0.588490,0.088320,0.147997,0.789921
1677108475,802214737,0.438304,0.548371,0.499360,0.588004,0.088458,0.148034,0.790261
1677108475,812416442,0.438552,0.548811,0.498650,0.588685,0.088639,0.148302,0.789683
1677108475,823004685,0.438844,0.548908,0.497976,0.587757,0.089347,0.148643,0.790230
1677108475,832440024,0.438873,0.548973,0.497183,0.586642,0.091748,0.148077,0.790890
1677108475,842269230,0.439282,0.549187,0.496482,0.586883,0.091591,0.148215,0.790704
1677108475,851707536,0.439731,0.549447,0.495810,0.587338,0.091600,0.148423,0.790325
1677108475,861826420,0.440154,0.549809,0.495065,0.588341,0.091464,0.148112,0.789654
1677108475,872183716,0.440786,0.550239,0.494359,0.589016,0.090822,0.148699,0.789114
1677108475,882352422,0.441094,0.550467,0.493618,0.588627,0.091833,0.147778,0.789459
1677108475,892557355,0.441521,0.550950,0.492831,0.589141,0.092056,0.147431,0.789115
1677108475,902594379,0.441949,0.551206,0.492041,0.588534,0.092435,0.146922,0.789619
1677108475,913333882,0.442408,0.551581,0.491204,0.588327,0.092569,0.146939,0.789754
1677108475,922497932,0.442784,0.551861,0.490366,0.587501,0.092783,0.146744,0.790380
1677108475,932457099,0.443053,0.552233,0.489499,0.586979,0.093626,0.146487,0.790716
1677108475,942982288,0.443319,0.552723,0.488625,0.587487,0.093557,0.146184,0.790403
1677108475,952160701,0.443719,0.552921,0.487887,0.586704,0.093488,0.146949,0.790851
1677108475,962323209,0.443950,0.553154,0.487081,0.586981,0.093571,0.147189,0.790591
1677108475,972541623,0.444093,0.553434,0.486294,0.588167,0.094034,0.147633,0.789570
1677108475,982440600,0.444176,0.553478,0.485533,0.588893,0.094275,0.147662,0.788995
1677108475,992564729,0.444460,0.553515,0.484775,0.590139,0.093443,0.148916,0.787926
1677108476,2745722,0.444591,0.553355,0.484039,0.590904,0.093574,0.150065,0.787119
1677108476,12986640,0.444613,0.553302,0.483196,0.593136,0.092863,0.150797,0.785383
1677108476,22156305,0.444793,0.553106,0.482350,0.594547,0.092006,0.152349,0.784116
1677108476,31785496,0.444866,0.552777,0.481500,0.595812,0.090764,0.153020,0.783169
1677108476,41962212,0.444924,0.552495,0.480533,0.597053,0.090340,0.154261,0.782030
1677108476,52200852,0.445103,0.552145,0.479551,0.597646,0.089810,0.155439,0.781404
1677108476,61811010,0.445285,0.551899,0.478444,0.598794,0.088880,0.155504,0.780618
1677108476,72578630,0.445565,0.551706,0.477336,0.599574,0.088439,0.155908,0.779989
1677108476,82330945,0.445856,0.551547,0.476163,0.600448,0.088322,0.155650,0.779381
1677108476,92608941,0.446261,0.551475,0.474968,0.601402,0.089146,0.155703,0.778540
1677108476,102318184,0.446748,0.551226,0.473801,0.601667,0.089673,0.155308,0.778354
1677108476,113176185,0.447264,0.550884,0.472614,0.601866,0.090051,0.154294,0.778358
1677108476,122559807,0.447834,0.550629,0.471366,0.602598,0.090377,0.153556,0.777900
1677108476,132137405,0.448333,0.550433,0.470076,0.604001,0.090436,0.152181,0.777075
1677108476,142377081,0.448889,0.550177,0.468701,0.604924,0.090266,0.151414,0.776526
1677108476,152998997,0.449391,0.549927,0.467310,0.605766,0.090804,0.151242,0.775840
1677108476,162588959,0.449806,0.549689,0.465776,0.606573,0.090799,0.150721,0.775312
1677108476,172457768,0.450209,0.549541,0.464199,0.607513,0.090823,0.150684,0.774579
1677108476,182400082,0.450621,0.549243,0.462513,0.607588,0.090412,0.150539,0.774597
1677108476,192366435,0.450982,0.549131,0.460698,0.607971,0.089783,0.150519,0.774374
1677108476,202307901,0.451184,0.549659,0.458653,0.610392,0.089716,0.150742,0.772431
1677108476,212602381,0.451646,0.549243,0.456810,0.607610,0.089485,0.151106,0.774577
1677108476,222121341,0.452074,0.549380,0.454885,0.606437,0.089299,0.151164,0.775506
1677108476,232702960,0.452499,0.549574,0.453002,0.604965,0.089611,0.150833,0.776683
1677108476,243049686,0.452971,0.549747,0.451296,0.603358,0.090466,0.150285,0.777939
1677108476,252308471,0.453420,0.550097,0.449687,0.603212,0.091022,0.148522,0.778326
1677108476,262534866,0.454001,0.550139,0.448327,0.602396,0.091776,0.147656,0.779034
1677108476,272520184,0.454580,0.550192,0.447112,0.602601,0.091998,0.146321,0.779101
1677108476,282364692,0.455023,0.550162,0.445981,0.603349,0.092852,0.145067,0.778655
1677108476,292721259,0.455583,0.550034,0.444973,0.604148,0.092734,0.145104,0.778043
1677108476,302410976,0.455824,0.549832,0.444003,0.605114,0.093025,0.144657,0.777340
1677108476,313109898,0.455898,0.549659,0.442994,0.606330,0.093499,0.144500,0.776365
1677108476,322095681,0.455973,0.549602,0.442008,0.607814,0.092810,0.145350,0.775127
1677108476,332378641,0.456011,0.549322,0.440976,0.607838,0.092255,0.146606,0.774938
1677108476,342541756,0.456062,0.549230,0.439874,0.608297,0.090703,0.148193,0.774459
1677108476,352327645,0.455957,0.549237,0.438724,0.608519,0.089741,0.149638,0.774118
1677108476,362329392,0.455934,0.549452,0.437546,0.609102,0.089086,0.151770,0.773321
1677108476,372588788,0.455926,0.549426,0.436430,0.608287,0.088734,0.153417,0.773677
1677108476,382691204,0.455921,0.549602,0.435336,0.608590,0.088667,0.154747,0.773182
1677108476,393005329,0.455983,0.549723,0.434293,0.608574,0.088823,0.156091,0.772906
1677108476,402800964,0.456024,0.549818,0.433297,0.608835,0.089158,0.156535,0.772572
1677108476,412572726,0.456122,0.549944,0.432332,0.609271,0.089432,0.156974,0.772107
1677108476,422587313,0.456221,0.549914,0.431423,0.609009,0.090167,0.157619,0.772097
1677108476,433006094,0.456314,0.550042,0.430556,0.609693,0.090165,0.157624,0.771557
1677108476,442548254,0.456408,0.550099,0.429724,0.610193,0.089864,0.157644,0.771192
1677108476,452467048,0.456592,0.550228,0.428919,0.610781,0.089173,0.158472,0.770637
1677108476,462437217,0.456553,0.550157,0.428093,0.610750,0.088896,0.158718,0.770643
1677108476,472105817,0.456488,0.550320,0.427268,0.611122,0.088719,0.159843,0.770136
1677108476,482025168,0.456367,0.550599,0.426341,0.611481,0.087938,0.161033,0.769692
1677108476,492207306,0.456250,0.550810,0.425350,0.610482,0.087280,0.163265,0.770090
1677108476,502213168,0.455923,0.551088,0.424246,0.609070,0.087600,0.165097,0.770780
1677108476,511971289,0.455605,0.551357,0.423116,0.607538,0.087258,0.166746,0.771673
1677108476,521749233,0.455398,0.551546,0.421976,0.605612,0.086977,0.168983,0.772732
1677108476,531995479,0.455230,0.551898,0.420838,0.604937,0.086293,0.170819,0.772933
1677108476,542762867,0.455012,0.552139,0.419707,0.604571,0.086163,0.172132,0.772942
1677108476,552792162,0.454982,0.552386,0.418610,0.604595,0.085001,0.172827,0.772897
1677108476,562524266,0.455107,0.552290,0.417652,0.603574,0.084733,0.174122,0.773434
1677108476,572654953,0.455118,0.552518,0.416671,0.604236,0.084878,0.174613,0.772790
1677108476,582926803,0.455133,0.552624,0.415755,0.604838,0.085144,0.174172,0.772390
1677108476,592479488,0.455249,0.552433,0.414947,0.604287,0.085762,0.174092,0.772770
1677108476,602461515,0.455388,0.552766,0.414060,0.605903,0.085870,0.174072,0.771497
1677108476,612453980,0.455501,0.552956,0.413175,0.606721,0.086224,0.174279,0.770767
1677108476,622686243,0.455621,0.552948,0.412304,0.606427,0.086365,0.174391,0.770957
1677108476,632335352,0.455672,0.552969,0.411370,0.606207,0.086747,0.174249,0.771119
1677108476,642553384,0.455694,0.553193,0.410430,0.606869,0.086837,0.174472,0.770538
1677108476,652424128,0.455834,0.553407,0.409491,0.607225,0.086437,0.175135,0.770152
1677108476,662919051,0.455900,0.553609,0.408517,0.607458,0.086301,0.175707,0.769853
1677108476,673275672,0.455919,0.553833,0.407525,0.607364,0.086699,0.176352,0.769735
1677108476,683017938,0.455887,0.554125,0.406495,0.607816,0.086849,0.176324,0.769368
1677108476,692359652,0.455779,0.554199,0.405537,0.607484,0.087698,0.176240,0.769553
1677108476,702820067,0.455911,0.554483,0.404564,0.608322,0.087265,0.176928,0.768782
1677108476,712629584,0.455820,0.554542,0.403638,0.608541,0.088165,0.177236,0.768435
1677108476,722641693,0.455862,0.554565,0.402748,0.608672,0.088101,0.177717,0.768228
1677108476,732226802,0.455848,0.554842,0.401777,0.609860,0.087853,0.178153,0.767212
1677108476,742334217,0.455768,0.554962,0.400892,0.609827,0.088013,0.179216,0.766972
1677108476,753098700,0.455641,0.555114,0.399976,0.609810,0.087702,0.179493,0.766957
1677108476,762336735,0.455599,0.555379,0.399037,0.609708,0.087050,0.180794,0.766807
1677108476,772475649,0.455412,0.555438,0.398104,0.609163,0.086684,0.180877,0.767261
1677108476,782639229,0.455155,0.555689,0.397146,0.609643,0.085170,0.180391,0.767164
1677108476,792704399,0.454976,0.555875,0.396268,0.609701,0.085647,0.180951,0.766933
1677108476,802115963,0.455000,0.556031,0.395408,0.610045,0.085252,0.181768,0.766510
1677108476,812798778,0.454611,0.556781,0.394425,0.613832,0.085188,0.180695,0.763742
1677108476,822548650,0.454716,0.556729,0.393689,0.613249,0.085378,0.181542,0.763989
1677108476,831904665,0.454762,0.556776,0.393025,0.613510,0.085514,0.181823,0.763697
1677108476,842755571,0.454884,0.556595,0.392417,0.613190,0.085787,0.182628,0.763731
1677108476,852309545,0.454932,0.556321,0.391812,0.613161,0.085976,0.182631,0.763733
1677108476,862556695,0.455028,0.556184,0.391177,0.614051,0.085412,0.182615,0.763084
1677108476,872813783,0.454830,0.555646,0.390468,0.613268,0.086855,0.181888,0.763725
1677108476,882535894,0.455105,0.555533,0.389859,0.613780,0.085751,0.182859,0.763206
1677108476,892830940,0.455141,0.555527,0.389202,0.614609,0.085760,0.183305,0.762431
1677108476,902870752,0.455120,0.555535,0.388540,0.615538,0.086166,0.183536,0.761579
1677108476,913259278,0.455177,0.555522,0.387923,0.616259,0.085597,0.183840,0.760987
1677108476,922765945,0.455239,0.555510,0.387277,0.616904,0.085850,0.184365,0.760308
1677108476,932263007,0.455427,0.555500,0.386659,0.617281,0.085493,0.185412,0.759788
1677108476,942803723,0.455327,0.555489,0.385975,0.618023,0.086238,0.185263,0.759137
1677108476,952248731,0.455464,0.555310,0.385360,0.617931,0.086157,0.185929,0.759058
1677108476,962366304,0.455468,0.555174,0.384747,0.618122,0.086193,0.185732,0.758946
1677108476,972677640,0.455493,0.555086,0.384086,0.618618,0.086359,0.185620,0.758551
1677108476,982245446,0.455573,0.555178,0.383402,0.619480,0.086345,0.186348,0.757669
1677108476,992193131,0.455573,0.555030,0.382690,0.619220,0.086493,0.186091,0.757928
1677108477,1720720,0.455646,0.555076,0.381969,0.618846,0.088487,0.187603,0.757632
1677108477,12356475,0.455687,0.554988,0.381258,0.618071,0.088789,0.188104,0.758104
1677108477,22528540,0.455692,0.555153,0.380471,0.618490,0.088921,0.188205,0.757721
1677108477,32743486,0.455604,0.555255,0.379757,0.618744,0.089415,0.188112,0.757479
1677108477,42674826,0.455517,0.555175,0.379060,0.618406,0.090334,0.188278,0.757605
1677108477,51904479,0.455563,0.555411,0.378318,0.619269,0.090317,0.189063,0.756706
1677108477,61650847,0.455456,0.555260,0.377657,0.619188,0.090779,0.188798,0.756783
1677108477,71886725,0.455418,0.555287,0.377007,0.619939,0.090994,0.189031,0.756084
1677108477,82100279,0.455551,0.555148,0.376334,0.619755,0.090559,0.189886,0.756073
1677108477,92156278,0.455468,0.555201,0.375618,0.620448,0.090895,0.190199,0.755385
1677108477,102831201,0.455398,0.555284,0.374833,0.621481,0.089137,0.189100,0.755021
1677108477,112654179,0.455397,0.555343,0.374063,0.621536,0.089371,0.189292,0.754900
1677108477,122058663,0.455493,0.555350,0.373324,0.620887,0.090838,0.189753,0.755143
1677108477,132388005,0.455529,0.555467,0.372554,0.620972,0.090968,0.189037,0.755237
1677108477,142591460,0.455563,0.555463,0.371816,0.620718,0.091426,0.187995,0.755651
1677108477,152493369,0.455718,0.555654,0.371090,0.621062,0.091835,0.187645,0.755406
1677108477,162858281,0.455775,0.555709,0.370391,0.621191,0.092315,0.186669,0.755483
1677108477,172362255,0.455779,0.556033,0.369673,0.622841,0.092849,0.185174,0.754426
1677108477,182723757,0.455896,0.556116,0.368942,0.623027,0.093101,0.183983,0.754533
1677108477,192140188,0.455958,0.556235,0.368216,0.623008,0.094136,0.183476,0.754544
1677108477,201982641,0.455964,0.556471,0.367482,0.623320,0.094749,0.182436,0.754462
1677108477,212180360,0.456022,0.556685,0.366737,0.623643,0.094811,0.181532,0.754405
1677108477,222375698,0.456017,0.556857,0.366007,0.624007,0.095289,0.180967,0.754179
1677108477,232630459,0.456034,0.556845,0.365246,0.623463,0.095731,0.180687,0.754640
1677108477,242574806,0.455934,0.557018,0.364415,0.624175,0.096144,0.180227,0.754108
1677108477,252314996,0.455838,0.557025,0.363595,0.623885,0.096626,0.179931,0.754358
1677108477,262536858,0.455726,0.557153,0.362778,0.624047,0.097308,0.180767,0.753936
1677108477,272520273,0.455575,0.557117,0.361974,0.623986,0.098011,0.181083,0.753820
1677108477,282350057,0.455404,0.556999,0.361151,0.624069,0.098528,0.181729,0.753528
1677108477,292694929,0.455185,0.557018,0.360347,0.625181,0.098722,0.182137,0.752481
1677108477,302551887,0.454960,0.557085,0.359451,0.626560,0.097351,0.181646,0.751632
1677108477,312175245,0.454797,0.557001,0.358588,0.626618,0.097447,0.182627,0.751333
1677108477,322331229,0.454538,0.556920,0.357697,0.626889,0.097754,0.182647,0.751062
1677108477,332297333,0.454451,0.556985,0.356762,0.627361,0.097288,0.183153,0.750605
1677108477,342180777,0.454279,0.556993,0.355836,0.627396,0.097743,0.183573,0.750414
1677108477,352151341,0.454101,0.556759,0.354920,0.626638,0.098438,0.183046,0.751086
1677108477,362561503,0.454123,0.556692,0.354042,0.626630,0.098104,0.183076,0.751128
1677108477,372215295,0.454034,0.556575,0.353173,0.626828,0.098821,0.182962,0.750897
1677108477,381566474,0.454120,0.556532,0.352324,0.627354,0.098484,0.182890,0.750519
1677108477,391918437,0.454018,0.556239,0.351503,0.627020,0.099191,0.182518,0.750796
1677108477,401889505,0.453973,0.556277,0.350613,0.627771,0.099505,0.182569,0.750114
1677108477,411856751,0.453969,0.556191,0.349757,0.628067,0.099161,0.182612,0.749901
1677108477,422468283,0.453943,0.556008,0.348908,0.627543,0.099646,0.182959,0.750191
1677108477,432606222,0.453808,0.556036,0.348060,0.628320,0.099694,0.182498,0.749646
1677108477,442791316,0.453841,0.555895,0.347253,0.628381,0.099488,0.182924,0.749519
1677108477,452084642,0.453924,0.555828,0.346438,0.628944,0.098919,0.183280,0.749035
1677108477,462454646,0.453881,0.555789,0.345610,0.629981,0.099195,0.183197,0.748147
1677108477,472223626,0.453943,0.555518,0.344807,0.630010,0.098930,0.182871,0.748237
1677108477,482662863,0.453984,0.555554,0.344046,0.630954,0.098959,0.183047,0.747394
1677108477,492644563,0.454036,0.555574,0.343293,0.631486,0.099233,0.183102,0.746895
1677108477,502071556,0.453832,0.555069,0.342443,0.629450,0.101666,0.182638,0.748398
1677108477,512977048,0.453830,0.555169,0.341709,0.630293,0.101401,0.182295,0.747809
1677108477,522363418,0.453870,0.554936,0.341012,0.629557,0.101577,0.182734,0.748297
1677108477,532193645,0.453817,0.554949,0.340269,0.629855,0.102098,0.183520,0.747782
1677108477,542013805,0.453758,0.554975,0.339511,0.630197,0.102139,0.183877,0.747401
1677108477,552394757,0.453645,0.554948,0.338720,0.629957,0.102859,0.184464,0.747360
1677108477,562314748,0.453566,0.555101,0.337942,0.630287,0.103094,0.184955,0.746928
1677108477,572816393,0.453576,0.555133,0.337181,0.629522,0.102849,0.185456,0.747482
1677108477,582727559,0.453461,0.555343,0.336448,0.629843,0.103070,0.185244,0.747234
1677108477,592923555,0.453486,0.555508,0.335771,0.629698,0.103294,0.185786,0.747191
1677108477,601996638,0.453445,0.555486,0.335109,0.629202,0.104186,0.186046,0.747420
1677108477,612421797,0.453292,0.555738,0.334450,0.630491,0.104864,0.185773,0.746306
1677108477,622278200,0.453484,0.555531,0.333889,0.629619,0.104613,0.186502,0.746895
1677108477,632096180,0.453460,0.555700,0.333298,0.630501,0.104719,0.186786,0.746065
1677108477,642463217,0.453444,0.555722,0.332656,0.630571,0.105033,0.187363,0.745817
1677108477,652276934,0.453353,0.555651,0.332025,0.630008,0.105273,0.187492,0.746227
1677108477,662626583,0.453395,0.555876,0.331357,0.630632,0.104343,0.188080,0.745682
1677108477,673096341,0.453285,0.555831,0.330680,0.630161,0.105035,0.188476,0.745883
1677108477,682537227,0.453198,0.556034,0.329972,0.630854,0.105350,0.189101,0.745094
1677108477,692439598,0.453186,0.555853,0.329280,0.630290,0.105394,0.188779,0.745647
1677108477,702141271,0.453226,0.556046,0.328613,0.631320,0.105360,0.189382,0.744627
1677108477,712638658,0.453282,0.555847,0.327938,0.631095,0.105236,0.189287,0.744859
1677108477,722453522,0.453221,0.556040,0.327256,0.632640,0.105480,0.188994,0.743587
1677108477,732374295,0.453377,0.555914,0.326610,0.632529,0.105209,0.189232,0.743659
1677108477,742959847,0.453389,0.555943,0.326012,0.633269,0.105289,0.189169,0.743034
1677108477,752323746,0.453321,0.555997,0.325413,0.633936,0.105635,0.189327,0.742376
1677108477,762784239,0.453419,0.556144,0.324830,0.634804,0.104950,0.190383,0.741461
1677108477,772115681,0.453176,0.556043,0.324170,0.634870,0.105500,0.190498,0.741296
1677108477,782499576,0.452958,0.556041,0.323461,0.634925,0.105898,0.191433,0.740951
1677108477,792858279,0.452907,0.556257,0.322732,0.635629,0.104760,0.192626,0.740201
1677108477,802535244,0.452616,0.556408,0.321973,0.635512,0.105486,0.194033,0.739830
1677108477,813087232,0.452564,0.556485,0.321199,0.634976,0.104664,0.194835,0.740196
1677108477,822531628,0.452197,0.556818,0.320438,0.635599,0.105131,0.194786,0.739608
1677108477,832630967,0.452256,0.557019,0.319690,0.635318,0.104393,0.195680,0.739718
1677108477,842437234,0.452115,0.557340,0.318971,0.635695,0.105171,0.196215,0.739142
1677108477,852833201,0.451947,0.557471,0.318280,0.635377,0.106105,0.195684,0.739422
1677108477,862538869,0.452036,0.557750,0.317574,0.635273,0.106050,0.196494,0.739305
1677108477,872356412,0.451906,0.558065,0.316914,0.635411,0.106865,0.196823,0.738982
1677108477,882286707,0.451824,0.558303,0.316174,0.635199,0.107444,0.197155,0.738991
1677108477,892804172,0.451572,0.558519,0.315450,0.634800,0.108816,0.197891,0.738937
1677108477,902790469,0.451476,0.558801,0.314727,0.634920,0.107947,0.197970,0.738940
1677108477,912549106,0.451261,0.558985,0.313952,0.634641,0.108853,0.199408,0.738660
1677108477,922267513,0.451068,0.559278,0.313144,0.635285,0.108405,0.200015,0.738008
1677108477,932675014,0.450848,0.559400,0.312300,0.635295,0.108773,0.200865,0.737714
1677108477,942598166,0.450601,0.559526,0.311444,0.635782,0.109065,0.201128,0.737180
1677108477,952387722,0.450633,0.559668,0.310585,0.635798,0.108464,0.202072,0.736996
1677108477,961873113,0.450442,0.559639,0.309691,0.635664,0.109642,0.202120,0.736925
1677108477,972398049,0.450357,0.559647,0.308831,0.635723,0.110380,0.201900,0.736823
1677108477,982544274,0.450493,0.559697,0.308007,0.635965,0.110370,0.201892,0.736619
1677108477,992425563,0.450504,0.559796,0.307130,0.636605,0.111185,0.201232,0.736123
1677108478,2424887,0.450587,0.559842,0.306249,0.636665,0.111806,0.200781,0.736100
1677108478,12157622,0.450640,0.559873,0.305357,0.636924,0.112187,0.199898,0.736058
1677108478,22503611,0.450679,0.559945,0.304488,0.637287,0.112524,0.199669,0.735755
1677108478,32952056,0.450672,0.559996,0.303575,0.637565,0.113011,0.199559,0.735470
1677108478,42400782,0.450596,0.559821,0.302691,0.636922,0.113834,0.199465,0.735925
1677108478,52339386,0.450569,0.559950,0.301782,0.637857,0.113221,0.199231,0.735272
1677108478,62518237,0.450546,0.559932,0.300863,0.638276,0.112884,0.199284,0.734947
1677108478,72520582,0.450477,0.559954,0.299967,0.638742,0.113026,0.199702,0.734406
1677108478,81949918,0.450366,0.559937,0.299111,0.639200,0.113191,0.200019,0.733896
1677108478,92473732,0.450292,0.559891,0.298277,0.639389,0.113371,0.200376,0.733606
1677108478,102720345,0.450252,0.559849,0.297533,0.639426,0.113449,0.201439,0.733271
1677108478,112006740,0.450072,0.559943,0.296758,0.640571,0.113266,0.201243,0.732353
1677108478,122260011,0.449896,0.559984,0.295970,0.641185,0.113195,0.201464,0.731765
1677108478,132084794,0.449727,0.559924,0.295127,0.641263,0.113564,0.201861,0.731530
1677108478,142573425,0.449580,0.560043,0.294259,0.641823,0.113336,0.202456,0.730910
1677108478,152555071,0.449501,0.560088,0.293366,0.641715,0.113504,0.203218,0.730768
1677108478,162872612,0.449452,0.560226,0.292467,0.641852,0.113447,0.203696,0.730523
1677108478,172352112,0.449440,0.560479,0.291545,0.642145,0.113757,0.204074,0.730111
1677108478,182012218,0.449420,0.560728,0.290613,0.642506,0.113988,0.203701,0.729862
1677108478,192245132,0.449565,0.561030,0.289685,0.642627,0.114181,0.203881,0.729675
1677108478,202292937,0.449695,0.561242,0.288750,0.642741,0.114453,0.202591,0.729891
1677108478,212617744,0.449940,0.561659,0.287914,0.643772,0.113857,0.202218,0.729179
1677108478,222608952,0.450218,0.562177,0.287137,0.644990,0.113500,0.202295,0.728136
1677108478,232612697,0.449824,0.562145,0.286148,0.643974,0.117828,0.201826,0.728479
1677108478,242213139,0.449910,0.562335,0.285313,0.644281,0.118794,0.201718,0.728080
1677108478,252334618,0.449935,0.562575,0.284483,0.644769,0.119337,0.201696,0.727564
1677108478,262605956,0.449927,0.562851,0.283608,0.645221,0.119864,0.202148,0.726951
1677108478,272666364,0.449894,0.563000,0.282743,0.645154,0.119876,0.202359,0.726950
1677108478,282782923,0.449954,0.563380,0.281853,0.645479,0.119755,0.203539,0.726352
1677108478,292808796,0.449806,0.563441,0.280945,0.645267,0.120198,0.203451,0.726492
1677108478,302702312,0.449824,0.563809,0.280058,0.646013,0.119628,0.203582,0.725886
1677108478,312587587,0.449840,0.563878,0.279208,0.645773,0.120100,0.203827,0.725953
1677108478,322152754,0.449940,0.564251,0.278374,0.646650,0.120206,0.204085,0.725082
1677108478,332059747,0.450047,0.564474,0.277552,0.647093,0.120951,0.203778,0.724649
1677108478,342079234,0.450099,0.564633,0.276760,0.647333,0.121968,0.202949,0.724496
1677108478,352150207,0.450262,0.564848,0.275991,0.647722,0.122920,0.202596,0.724087
1677108478,362179688,0.450420,0.565154,0.275200,0.648560,0.123333,0.201625,0.723537
1677108478,371958957,0.450721,0.565412,0.274457,0.648376,0.123943,0.202476,0.723360
1677108478,381925040,0.450690,0.565621,0.273692,0.648763,0.125193,0.201234,0.723145
1677108478,392251904,0.450969,0.565867,0.272978,0.648750,0.125020,0.201624,0.723078
1677108478,402233959,0.451025,0.566104,0.272224,0.648831,0.125662,0.201473,0.722936
1677108478,413069342,0.451156,0.566365,0.271563,0.649090,0.125763,0.201703,0.722622
1677108478,422538012,0.451132,0.566635,0.270852,0.649650,0.126137,0.201475,0.722117
1677108478,432515949,0.451125,0.566845,0.270123,0.649940,0.126475,0.201417,0.721813
1677108478,442762315,0.451188,0.567160,0.269429,0.650609,0.126339,0.201529,0.721202
1677108478,452444578,0.451192,0.567347,0.268691,0.650108,0.127368,0.202532,0.721192
1677108478,462259197,0.451140,0.567645,0.267939,0.650205,0.127426,0.202175,0.721194
1677108478,472513534,0.451186,0.568116,0.267199,0.650668,0.127288,0.202709,0.720651
1677108478,482068122,0.451162,0.568400,0.266413,0.650121,0.128313,0.203195,0.720826
1677108478,492341260,0.451228,0.568865,0.265699,0.650441,0.128308,0.203248,0.720523
1677108478,502201985,0.451316,0.569332,0.264994,0.650704,0.128254,0.203351,0.720267
1677108478,512729282,0.451358,0.569502,0.264269,0.649718,0.129136,0.203145,0.721056
1677108478,522343486,0.451366,0.569980,0.263648,0.650273,0.129853,0.203237,0.720402
1677108478,532201448,0.451386,0.570257,0.263001,0.650524,0.130203,0.202942,0.720195
1677108478,542664333,0.451473,0.570421,0.262342,0.650545,0.130227,0.202743,0.720227
1677108478,552742452,0.451348,0.570719,0.261684,0.651603,0.131054,0.202634,0.719151
1677108478,562351951,0.451503,0.570685,0.261075,0.651178,0.130430,0.203246,0.719477
1677108478,573268111,0.451442,0.571164,0.260325,0.652507,0.131935,0.204631,0.717603
1677108478,582497041,0.451521,0.571049,0.259571,0.651356,0.132006,0.205378,0.718421
1677108478,593140668,0.451398,0.571349,0.258782,0.652245,0.130300,0.204364,0.718216
1677108478,601918156,0.451357,0.571855,0.257984,0.652931,0.130131,0.205028,0.717434
1677108478,612644787,0.451354,0.571993,0.257205,0.652204,0.130392,0.205340,0.717958
1677108478,621997811,0.451298,0.572414,0.256411,0.652651,0.130258,0.204880,0.717707
1677108478,632664314,0.451202,0.572654,0.255641,0.652139,0.131268,0.205076,0.717932
1677108478,643111089,0.451201,0.573163,0.254900,0.652957,0.131177,0.205068,0.717207
1677108478,652282423,0.451261,0.573407,0.254204,0.652348,0.131203,0.205651,0.717590
1677108478,662473702,0.451046,0.573833,0.253514,0.652693,0.131413,0.205733,0.717214
1677108478,672542656,0.450943,0.574190,0.252802,0.652270,0.131203,0.206157,0.717516
1677108478,682236888,0.450819,0.574564,0.252105,0.651895,0.130609,0.207219,0.717659
1677108478,692712342,0.450565,0.574922,0.251401,0.651773,0.130381,0.207685,0.717676
1677108478,703067882,0.450474,0.575178,0.250681,0.651089,0.129694,0.208974,0.718047
1677108478,712669133,0.450166,0.575723,0.249948,0.651982,0.129288,0.209546,0.717144
1677108478,722263314,0.450068,0.576110,0.249190,0.651816,0.128456,0.210158,0.717264
1677108478,732431182,0.449837,0.576728,0.248422,0.652558,0.128503,0.211303,0.716245
1677108478,742196090,0.450101,0.576919,0.247630,0.650993,0.126344,0.211935,0.717864
1677108478,752332897,0.449720,0.577462,0.246795,0.651309,0.127712,0.211852,0.717360
1677108478,762655672,0.449439,0.577950,0.245957,0.651074,0.129269,0.211910,0.717277
1677108478,772817359,0.449242,0.578595,0.245061,0.650917,0.130110,0.212093,0.717213
1677108478,782892527,0.449161,0.579318,0.244162,0.650973,0.130356,0.212395,0.717029
1677108478,792433754,0.449216,0.579811,0.243242,0.650085,0.130373,0.213030,0.717642
1677108478,802509924,0.449139,0.580364,0.242251,0.649646,0.131011,0.213196,0.717874
1677108478,812270258,0.449057,0.581062,0.241229,0.650164,0.131251,0.212928,0.717441
1677108478,822717103,0.449057,0.581755,0.240152,0.650142,0.131661,0.213202,0.717305
1677108478,832580441,0.448945,0.582425,0.239031,0.649771,0.132980,0.213020,0.717451
1677108478,842409706,0.448914,0.583114,0.237938,0.649152,0.134065,0.212288,0.718027
1677108478,852450286,0.448884,0.583966,0.236848,0.649181,0.135204,0.211639,0.717978
1677108478,862100026,0.449009,0.584718,0.235836,0.648535,0.136430,0.211546,0.718358
1677108478,872328227,0.449147,0.585477,0.234873,0.648370,0.137344,0.210998,0.718494
1677108478,882511287,0.449277,0.586075,0.233881,0.647988,0.138700,0.210573,0.718702
1677108478,893053773,0.449382,0.586770,0.232961,0.648420,0.139837,0.210046,0.718247
1677108478,902347532,0.449441,0.587183,0.232061,0.647973,0.141399,0.209519,0.718497
1677108478,912812757,0.449433,0.587912,0.231175,0.648382,0.142696,0.209980,0.717737
1677108478,922571513,0.449477,0.588477,0.230285,0.647879,0.142955,0.209858,0.718175
1677108478,932572561,0.449365,0.589205,0.229351,0.647750,0.143731,0.209990,0.718099
1677108478,942805526,0.449281,0.589745,0.228455,0.646732,0.144031,0.210110,0.718921
1677108478,952595605,0.449150,0.590372,0.227613,0.646250,0.144197,0.209954,0.719366
1677108478,962721628,0.448563,0.590815,0.226695,0.645497,0.145757,0.208887,0.720038
1677108478,972513972,0.448653,0.591673,0.225935,0.646040,0.145354,0.209706,0.719394
1677108478,982181256,0.448841,0.592104,0.225183,0.644841,0.146363,0.210926,0.719908
1677108478,992259205,0.448805,0.592740,0.224434,0.645021,0.146350,0.210610,0.719842
1677108479,2455632,0.448799,0.593349,0.223680,0.644909,0.146496,0.210291,0.720006
1677108479,12330959,0.448780,0.594086,0.222988,0.645252,0.146751,0.210318,0.719639
1677108479,22307673,0.448730,0.594652,0.222250,0.644821,0.147300,0.209991,0.720009
1677108479,32597640,0.448717,0.595240,0.221571,0.644650,0.147764,0.209948,0.720079
1677108479,42337954,0.448659,0.595799,0.220885,0.644509,0.147789,0.209499,0.720331
1677108479,52510511,0.448570,0.596381,0.220173,0.644410,0.147976,0.209196,0.720470
1677108479,61705375,0.448587,0.596814,0.219527,0.643424,0.147779,0.209267,0.721370
1677108479,72152893,0.448408,0.597510,0.218875,0.643135,0.148231,0.209512,0.721463
1677108479,82530837,0.448226,0.598137,0.218192,0.642723,0.148489,0.209384,0.721814
1677108479,92722485,0.448115,0.598798,0.217526,0.642157,0.148490,0.209853,0.722182
1677108479,102695668,0.447773,0.599374,0.216791,0.641653,0.149203,0.209111,0.722698
1677108479,113002123,0.447582,0.599948,0.216132,0.640711,0.149381,0.209409,0.723411
1677108479,122393950,0.447231,0.600943,0.215464,0.642081,0.148094,0.208755,0.722649
1677108479,132015036,0.446997,0.601458,0.214842,0.641559,0.148581,0.209269,0.722864
1677108479,142135212,0.446864,0.601913,0.214242,0.640959,0.148582,0.209873,0.723221
1677108479,152198143,0.446512,0.602323,0.213648,0.640686,0.149166,0.209462,0.723462
1677108479,161824460,0.446433,0.602832,0.213114,0.640241,0.149105,0.210995,0.723422
1677108479,171980108,0.446168,0.603354,0.212524,0.639814,0.149408,0.211068,0.723716
1677108479,182046836,0.445914,0.603776,0.211932,0.638834,0.149532,0.210973,0.724584
1677108479,193311012,0.445681,0.604293,0.211352,0.637805,0.150087,0.211385,0.725255
1677108479,203132941,0.445382,0.605012,0.210805,0.637452,0.150729,0.211991,0.725256
1677108479,212569613,0.445126,0.605437,0.210316,0.636551,0.151175,0.212081,0.725927
1677108479,222241690,0.444938,0.605897,0.209867,0.635960,0.150981,0.212154,0.726464
1677108479,232713748,0.444685,0.606134,0.209453,0.634705,0.151268,0.212580,0.727377
1677108479,242596586,0.444492,0.606641,0.209046,0.634685,0.150648,0.213182,0.727347
1677108479,252009777,0.444236,0.606922,0.208668,0.634159,0.149731,0.213398,0.727931
1677108479,262809384,0.443967,0.607194,0.208280,0.633614,0.149277,0.214053,0.728307
1677108479,272469789,0.443659,0.607409,0.207907,0.633205,0.148628,0.214151,0.728767
1677108479,282522973,0.443506,0.608332,0.207564,0.634587,0.148174,0.216725,0.726894
1677108479,292398818,0.443218,0.608543,0.207240,0.634442,0.147913,0.217070,0.726970
1677108479,302668580,0.442957,0.608712,0.206953,0.634258,0.147610,0.217532,0.727055
1677108479,312406209,0.442657,0.609052,0.206667,0.634945,0.147620,0.218187,0.726256
1677108479,321974617,0.442273,0.609478,0.206348,0.635788,0.147476,0.218852,0.725347
1677108479,331828382,0.442063,0.609719,0.205989,0.635067,0.146665,0.220174,0.725743
1677108479,342111532,0.441588,0.609974,0.205548,0.633860,0.146855,0.221163,0.726459
1677108479,352394745,0.440329,0.610371,0.205059,0.634118,0.149215,0.219879,0.726142
1677108479,361855573,0.439853,0.610920,0.204528,0.633481,0.148724,0.221160,0.726410
1677108479,372342053,0.439296,0.611433,0.204003,0.632383,0.148981,0.222475,0.726912
1677108479,382308819,0.438690,0.611849,0.203503,0.631362,0.149495,0.223393,0.727412
1677108479,392153110,0.438300,0.612241,0.203004,0.630344,0.149283,0.224629,0.727958
1677108479,402481720,0.437996,0.612648,0.202552,0.629918,0.148876,0.226322,0.727886
1677108479,412520013,0.437514,0.612871,0.202105,0.629578,0.149340,0.226613,0.727995
1677108479,422257463,0.437311,0.613185,0.201665,0.629340,0.149487,0.228252,0.727658
1677108479,432691536,0.436918,0.613292,0.201229,0.628876,0.150082,0.227902,0.728047
1677108479,442608172,0.436427,0.613049,0.200696,0.626342,0.152625,0.227473,0.729834
1677108479,452312554,0.436313,0.613430,0.200322,0.626200,0.152131,0.227821,0.729950
1677108479,462696147,0.436082,0.613769,0.199867,0.626219,0.152228,0.227240,0.730095
1677108479,472199389,0.436091,0.614109,0.199436,0.626119,0.151582,0.227405,0.730264
1677108479,482050580,0.435890,0.614503,0.198975,0.626586,0.151743,0.227069,0.729934
1677108479,492955716,0.435770,0.614915,0.198512,0.626807,0.151976,0.227018,0.729712
1677108479,502701976,0.435668,0.615208,0.197999,0.626369,0.151479,0.226440,0.730371
1677108479,512210275,0.435391,0.615688,0.197489,0.626094,0.152269,0.226463,0.730435
1677108479,522128493,0.435820,0.616040,0.196897,0.624253,0.150345,0.228203,0.731866
1677108479,532365428,0.435445,0.616568,0.196383,0.624166,0.150952,0.227983,0.731884
1677108479,542561229,0.435132,0.617028,0.195885,0.623995,0.151675,0.227987,0.731879
1677108479,552175271,0.434932,0.617216,0.195422,0.622665,0.151874,0.228448,0.732826
1677108479,562690527,0.434592,0.617496,0.194958,0.622509,0.152044,0.227938,0.733082
1677108479,572721357,0.434277,0.617635,0.194524,0.621798,0.152545,0.228107,0.733529
1677108479,582369885,0.433882,0.617987,0.194064,0.622412,0.152286,0.227839,0.733145
1677108479,591927454,0.433698,0.618166,0.193640,0.621904,0.152264,0.228602,0.733343
1677108479,602344285,0.433336,0.618417,0.193195,0.621995,0.152355,0.228365,0.733321
1677108479,612318490,0.433139,0.618588,0.192779,0.621715,0.151912,0.228537,0.733596
1677108479,622831713,0.432965,0.618811,0.192374,0.621393,0.151983,0.228998,0.733711
1677108479,632920931,0.432625,0.619085,0.191937,0.621532,0.152573,0.228764,0.733544
1677108479,642382187,0.432445,0.619269,0.191485,0.620829,0.152882,0.228755,0.734077
1677108479,652540300,0.432253,0.619626,0.191098,0.620684,0.152985,0.229364,0.733988
1677108479,662566557,0.432067,0.619995,0.190697,0.620670,0.152899,0.229562,0.733957
1677108479,672310159,0.431865,0.620226,0.190314,0.620187,0.153247,0.230082,0.734129
1677108479,682183823,0.431601,0.620406,0.189946,0.619964,0.153258,0.230046,0.734327
1677108479,692541269,0.431305,0.620667,0.189588,0.620479,0.153031,0.229645,0.734064
1677108479,702384622,0.431220,0.620708,0.189277,0.619658,0.152355,0.230485,0.734635
1677108479,712529209,0.430996,0.620877,0.188946,0.619683,0.152256,0.230724,0.734559
1677108479,722289864,0.430867,0.621136,0.188621,0.619875,0.151532,0.231088,0.734433
1677108479,732530454,0.430694,0.621268,0.188294,0.619213,0.151550,0.231430,0.734880
1677108479,742449343,0.430504,0.621520,0.187919,0.618780,0.151625,0.231568,0.735185
1677108479,752514374,0.430306,0.621866,0.187579,0.618783,0.151421,0.231197,0.735341
1677108479,762666810,0.430298,0.622080,0.187301,0.617881,0.151286,0.231587,0.736005
1677108479,772621478,0.430265,0.622334,0.187069,0.617552,0.150971,0.231517,0.736367
1677108479,781800257,0.430162,0.622468,0.186861,0.617247,0.150862,0.230954,0.736823
1677108479,792110749,0.430228,0.622662,0.186681,0.616741,0.150231,0.231055,0.737343
1677108479,801894082,0.430193,0.622887,0.186510,0.616383,0.149914,0.231487,0.737572
1677108479,811968820,0.429978,0.623242,0.186249,0.616808,0.149684,0.230983,0.737421
1677108479,822501558,0.429865,0.623495,0.185996,0.616244,0.149348,0.231249,0.737877
1677108479,832188444,0.429719,0.623737,0.185714,0.615203,0.149266,0.231835,0.738578
1677108479,842423617,0.429582,0.623987,0.185430,0.613853,0.148784,0.231872,0.739786
1677108479,852084834,0.429433,0.624359,0.185140,0.612821,0.148544,0.232138,0.740606
1677108479,862313655,0.429258,0.624761,0.184854,0.612401,0.148099,0.231780,0.741155
1677108479,872134089,0.429141,0.624944,0.184644,0.611374,0.148395,0.231685,0.741973
1677108479,882880423,0.429157,0.625190,0.184510,0.610894,0.148156,0.232128,0.742276
1677108479,892826653,0.429008,0.625344,0.184356,0.610585,0.148674,0.231503,0.742623
1677108479,902841386,0.429041,0.625614,0.184281,0.610578,0.148216,0.231898,0.742596
1677108479,912824325,0.429067,0.625684,0.184220,0.609731,0.147750,0.231764,0.743427
1677108479,922757348,0.428937,0.625908,0.184138,0.609632,0.147168,0.230980,0.743867
1677108479,932465597,0.428796,0.626115,0.184130,0.609515,0.146785,0.230741,0.744113
1677108479,942498402,0.428759,0.626289,0.184108,0.609344,0.145814,0.230811,0.744422
1677108479,952836026,0.428759,0.626398,0.184122,0.608945,0.144767,0.231010,0.744891
1677108479,962433702,0.428632,0.626545,0.184090,0.608360,0.144339,0.231170,0.745403
1677108479,971999101,0.428421,0.626787,0.183996,0.607623,0.144309,0.231406,0.745936
1677108479,982559476,0.428237,0.627009,0.183848,0.606436,0.143768,0.231530,0.746967
1677108479,992530440,0.428078,0.627449,0.183677,0.605605,0.143460,0.232179,0.747499
1677108480,2194328,0.427994,0.627818,0.183453,0.604013,0.142703,0.232471,0.748840
1677108480,13057582,0.427784,0.628245,0.183175,0.602784,0.142551,0.231678,0.750104
1677108480,22063399,0.427695,0.628654,0.182911,0.601055,0.142880,0.231547,0.751468
1677108480,31716261,0.427689,0.629044,0.182611,0.599596,0.142684,0.230673,0.752938
1677108480,42497105,0.427737,0.629631,0.182352,0.599336,0.142584,0.230081,0.753345
1677108480,52158364,0.427833,0.629794,0.182140,0.598133,0.142784,0.228852,0.754636
1677108480,62572562,0.427990,0.630027,0.181944,0.597686,0.143022,0.228074,0.755181
1677108480,72845311,0.428033,0.630307,0.181756,0.597864,0.143215,0.226915,0.755353
1677108480,82320191,0.428136,0.630493,0.181567,0.597464,0.142998,0.226438,0.755854
1677108480,92645806,0.428112,0.630838,0.181344,0.597427,0.143441,0.226370,0.755819
1677108480,102302913,0.428021,0.631070,0.181066,0.596881,0.143594,0.226153,0.756286
1677108480,112521560,0.427875,0.631405,0.180772,0.596142,0.143828,0.226268,0.756790
1677108480,122661339,0.427675,0.631835,0.180455,0.595787,0.143808,0.226308,0.757061
1677108480,132087811,0.427544,0.632134,0.180122,0.594628,0.143506,0.226968,0.757832
1677108480,142216746,0.427416,0.632490,0.179832,0.594214,0.142950,0.227008,0.758250
1677108480,151932873,0.427320,0.632696,0.179553,0.593349,0.142785,0.227525,0.758803
1677108480,161862947,0.427199,0.632936,0.179333,0.593313,0.142279,0.226870,0.759122
1677108480,172470017,0.427251,0.633176,0.179163,0.593316,0.141530,0.227352,0.759116
1677108480,182496343,0.427187,0.633385,0.178986,0.593717,0.141172,0.227189,0.758918
1677108480,191884567,0.427138,0.633426,0.178801,0.593349,0.141188,0.226936,0.759277
1677108480,202684358,0.427113,0.633646,0.178634,0.593592,0.140762,0.226941,0.759165
1677108480,212766863,0.427136,0.633802,0.178471,0.592922,0.140291,0.227366,0.759649
1677108480,222950320,0.427020,0.634032,0.178195,0.592606,0.140210,0.227444,0.759887
1677108480,232924440,0.426868,0.634164,0.177937,0.591822,0.140374,0.227340,0.760499
1677108480,242445868,0.426858,0.634467,0.177647,0.591290,0.140265,0.228322,0.760639
1677108480,252518916,0.426602,0.634709,0.177306,0.590759,0.140804,0.227944,0.761065
1677108480,262815874,0.426564,0.635096,0.177001,0.590244,0.140597,0.228467,0.761346
1677108480,272973053,0.426489,0.635396,0.176724,0.589436,0.140513,0.228638,0.761936
1677108480,282182823,0.426376,0.635634,0.176480,0.588667,0.140247,0.228006,0.762768
1677108480,292461976,0.426356,0.636039,0.176210,0.588513,0.139765,0.227845,0.763023
1677108480,302528256,0.426301,0.636369,0.175953,0.588078,0.139826,0.227872,0.763339
1677108480,312821891,0.426228,0.636734,0.175743,0.587738,0.139643,0.227532,0.763736
1677108480,322559723,0.426295,0.636881,0.175584,0.586082,0.139474,0.227844,0.764946
1677108480,332752078,0.426099,0.637312,0.175384,0.586119,0.140002,0.227466,0.764933
1677108480,342945171,0.426063,0.637447,0.175309,0.585042,0.140494,0.227686,0.765602
1677108480,352854619,0.425984,0.637636,0.175234,0.585230,0.140281,0.227418,0.765577
1677108480,362823358,0.425906,0.637721,0.175190,0.585152,0.140316,0.227357,0.765649
1677108480,372553957,0.425811,0.637901,0.175152,0.585281,0.139975,0.227964,0.765431
1677108480,382337703,0.425710,0.638210,0.175018,0.585232,0.139045,0.228707,0.765417
1677108480,391665237,0.425522,0.638389,0.174850,0.584133,0.138490,0.229086,0.766243
1677108480,401736753,0.425362,0.638611,0.174688,0.583024,0.137732,0.229581,0.767076
1677108480,411564910,0.425201,0.638949,0.174496,0.582473,0.137393,0.229857,0.767472
1677108480,421516051,0.425194,0.639148,0.174390,0.581346,0.136799,0.230104,0.768359
1677108480,431622350,0.425129,0.639481,0.174316,0.581374,0.136976,0.230260,0.768260
1677108480,442165817,0.425076,0.639656,0.174286,0.581320,0.137436,0.229853,0.768340
1677108480,451654057,0.425066,0.639732,0.174340,0.581590,0.137480,0.229386,0.768267
1677108480,461922179,0.425057,0.639787,0.174383,0.581847,0.138205,0.229323,0.767961
1677108480,472479520,0.425046,0.639799,0.174430,0.582245,0.138207,0.229151,0.767710
1677108480,482855767,0.425042,0.639879,0.174423,0.582805,0.137485,0.228956,0.767473
1677108480,492673882,0.425032,0.639948,0.174409,0.582600,0.136802,0.229283,0.767653
1677108480,502349615,0.424984,0.640064,0.174288,0.582297,0.136019,0.229670,0.767907
1677108480,512264122,0.424851,0.640095,0.174153,0.581278,0.135724,0.229638,0.768740
1677108480,521985728,0.424745,0.640238,0.173956,0.580418,0.135159,0.229549,0.769515
1677108480,532038160,0.424771,0.640242,0.173818,0.578680,0.134715,0.229552,0.770900
1677108480,542474703,0.424761,0.640591,0.173662,0.578580,0.134730,0.229808,0.770897
1677108480,552732907,0.424847,0.640770,0.173589,0.578278,0.134451,0.229678,0.771210
1677108480,562758685,0.424959,0.640823,0.173570,0.578043,0.134368,0.229280,0.771519
1677108480,572368182,0.424902,0.640849,0.173532,0.578523,0.134932,0.228610,0.771260
1677108480,582305409,0.424974,0.640783,0.173547,0.578666,0.134957,0.228440,0.771199
1677108480,592505771,0.424916,0.640799,0.173510,0.579341,0.135051,0.228452,0.770672
1677108480,602412852,0.424785,0.640873,0.173428,0.579670,0.135661,0.228972,0.770162
1677108480,612574265,0.424687,0.640978,0.173282,0.579401,0.135363,0.229455,0.770274
1677108480,622241322,0.424517,0.641203,0.173078,0.579030,0.134794,0.229857,0.770533
1677108480,632476047,0.424342,0.641309,0.172834,0.577315,0.134854,0.230410,0.771643
1677108480,642227686,0.424141,0.641567,0.172529,0.575918,0.134926,0.230249,0.772722
1677108480,652768368,0.424047,0.641855,0.172216,0.574822,0.134745,0.230457,0.773507
1677108480,662063717,0.423948,0.642180,0.171925,0.574211,0.135087,0.230301,0.773948
1677108480,672449827,0.423960,0.642461,0.171676,0.573977,0.135002,0.230145,0.774182
1677108480,682070369,0.423990,0.642744,0.171451,0.574027,0.135626,0.230202,0.774019
1677108480,692694135,0.424011,0.642729,0.171317,0.573144,0.136159,0.229240,0.774865
1677108480,702550703,0.424087,0.642948,0.171148,0.573067,0.136537,0.229094,0.774899
1677108480,712663743,0.424231,0.643242,0.170999,0.572915,0.136295,0.229198,0.775023
1677108480,722485432,0.424212,0.643475,0.170846,0.572487,0.136462,0.228934,0.775388
1677108480,732054748,0.424123,0.643697,0.170648,0.571941,0.136857,0.228655,0.775803
1677108480,742073004,0.423998,0.643906,0.170444,0.571234,0.137439,0.228539,0.776256
1677108480,752425294,0.423826,0.644202,0.170242,0.570962,0.137845,0.228489,0.776398
1677108480,762622409,0.423823,0.644530,0.170067,0.570603,0.137427,0.228968,0.776595
1677108480,772051586,0.423628,0.644796,0.169967,0.570777,0.137495,0.228852,0.776489
1677108480,782147289,0.423683,0.644935,0.169931,0.570553,0.136755,0.229355,0.776636
1677108480,792374965,0.423570,0.645030,0.169864,0.570916,0.136716,0.229503,0.776333
1677108480,802444102,0.423478,0.645019,0.169852,0.571402,0.136391,0.229557,0.776016
1677108480,812916358,0.423550,0.645012,0.169860,0.571612,0.135997,0.230406,0.775679
1677108480,822579572,0.423501,0.645001,0.169825,0.572444,0.135080,0.229918,0.775370
1677108480,832631728,0.423454,0.644981,0.169755,0.572542,0.135079,0.230005,0.775272
1677108480,842644850,0.423425,0.645131,0.169652,0.573126,0.134902,0.230353,0.774768
1677108480,852373642,0.423387,0.645197,0.169519,0.573279,0.134669,0.230203,0.774740
1677108480,861655735,0.423399,0.645387,0.169357,0.573427,0.134311,0.230287,0.774668
1677108480,871741443,0.423372,0.645358,0.169206,0.572767,0.134415,0.229873,0.775261
1677108480,881800573,0.423344,0.645470,0.169003,0.572485,0.134536,0.229402,0.775587
1677108480,891998248,0.423481,0.645610,0.168815,0.572139,0.134326,0.229762,0.775772
1677108480,902154058,0.423436,0.645735,0.168634,0.571877,0.134958,0.229397,0.775964
1677108480,912639291,0.423392,0.646009,0.168430,0.572571,0.135261,0.228864,0.775557
1677108480,921962534,0.423450,0.646051,0.168297,0.572118,0.135316,0.228612,0.775956
1677108480,932380837,0.423408,0.646110,0.168135,0.572030,0.135367,0.227842,0.776238
1677108480,942906870,0.423461,0.646180,0.168019,0.571933,0.135094,0.227884,0.776345
1677108480,952577274,0.423462,0.646172,0.167888,0.571673,0.135129,0.227858,0.776538
1677108480,962213184,0.423446,0.646332,0.167704,0.572000,0.135006,0.227708,0.776362
1677108480,972793902,0.423304,0.646357,0.167528,0.571764,0.135565,0.227328,0.776551
1677108480,982070053,0.423343,0.646609,0.167325,0.571950,0.134850,0.227447,0.776503
1677108480,992375656,0.423388,0.646758,0.167158,0.571800,0.134288,0.227483,0.776700
1677108481,2445501,0.423347,0.646807,0.167048,0.571377,0.134315,0.227478,0.777008
1677108481,12953861,0.423399,0.646879,0.166941,0.571494,0.134368,0.227726,0.776840
1677108481,22827019,0.423349,0.646880,0.166900,0.571934,0.134667,0.227774,0.776451
1677108481,31943438,0.423331,0.646934,0.166844,0.572742,0.134255,0.227637,0.775967
1677108481,42000864,0.423267,0.646839,0.166735,0.572733,0.134320,0.227581,0.775978
1677108481,51993541,0.423189,0.646830,0.166606,0.573031,0.133818,0.227321,0.775921
1677108481,62040758,0.423178,0.646579,0.166503,0.572519,0.133649,0.226696,0.776510
1677108481,72258117,0.423257,0.646465,0.166460,0.573426,0.133442,0.226229,0.776013
1677108481,82258734,0.423363,0.646520,0.166426,0.574616,0.133173,0.225930,0.775266
1677108481,92495317,0.423499,0.646460,0.166358,0.574822,0.133115,0.225211,0.775332
1677108481,102426886,0.423609,0.646512,0.166302,0.575363,0.133071,0.224135,0.775250
1677108481,112073576,0.423802,0.646417,0.166275,0.574767,0.133366,0.223506,0.775823
1677108481,122132161,0.423927,0.646437,0.166235,0.574895,0.133376,0.222438,0.776033
1677108481,132887885,0.424075,0.646616,0.166208,0.575665,0.133117,0.221603,0.775746
1677108481,142808063,0.424153,0.646670,0.166200,0.575922,0.133216,0.221038,0.775700
1677108481,153041231,0.424100,0.646642,0.166213,0.576033,0.133471,0.220275,0.775790
1677108481,162491954,0.424078,0.646716,0.166188,0.576257,0.133205,0.220365,0.775644
1677108481,172821596,0.424018,0.646743,0.166113,0.576205,0.132764,0.220602,0.775691
1677108481,182185497,0.423887,0.646629,0.166079,0.575626,0.132760,0.220883,0.776041
1677108481,192007842,0.423849,0.646653,0.166075,0.575846,0.132066,0.221757,0.775747
1677108481,202247649,0.423632,0.646552,0.166022,0.576137,0.132014,0.221403,0.775641
1677108481,212367034,0.423552,0.646625,0.165992,0.576934,0.130996,0.221475,0.775200
1677108481,223122105,0.423556,0.646492,0.165971,0.576959,0.129494,0.220891,0.775601
1677108481,233013915,0.423583,0.646576,0.165984,0.577479,0.128696,0.220606,0.775428
1677108481,242804133,0.423569,0.646569,0.165989,0.577505,0.128444,0.219763,0.775689
1677108481,252816825,0.423597,0.646765,0.165966,0.577826,0.128334,0.219336,0.775590
1677108481,262763242,0.423527,0.646976,0.165940,0.577864,0.128776,0.218566,0.775705
1677108481,272372363,0.423451,0.647233,0.165890,0.577959,0.129643,0.218249,0.775579
1677108481,282140262,0.423376,0.647544,0.165843,0.578301,0.130614,0.218145,0.775190
1677108481,292750337,0.423312,0.647774,0.165817,0.578219,0.131160,0.218114,0.775168
1677108481,302313131,0.423166,0.648044,0.165746,0.578417,0.131248,0.217636,0.775140
1677108481,312440605,0.423137,0.648115,0.165690,0.578056,0.130991,0.217660,0.775446
1677108481,322230394,0.423088,0.648297,0.165650,0.578643,0.130792,0.217798,0.775003
1677108481,332495717,0.423034,0.648217,0.165640,0.578151,0.130767,0.217454,0.775471
1677108481,342619290,0.422866,0.648333,0.165585,0.578791,0.130799,0.216955,0.775128
1677108481,352063684,0.422812,0.648458,0.165522,0.579144,0.130380,0.216851,0.774964
1677108481,362383194,0.422775,0.648702,0.165479,0.579859,0.130190,0.217167,0.774372
1677108481,372489601,0.422721,0.648885,0.165422,0.580285,0.129934,0.217227,0.774079
1677108481,382166716,0.422575,0.649174,0.165337,0.580792,0.130351,0.217338,0.773598
1677108481,392236797,0.422493,0.649292,0.165265,0.580713,0.130348,0.217558,0.773595
1677108481,402458556,0.422404,0.649362,0.165196,0.580725,0.130350,0.217527,0.773595
1677108481,412363260,0.422341,0.649499,0.165131,0.581203,0.130473,0.218079,0.773060
1677108481,422766903,0.422410,0.649382,0.165079,0.581066,0.129871,0.218366,0.773183
1677108481,432466515,0.422381,0.649390,0.164978,0.581887,0.129472,0.217815,0.772788
1677108481,442158767,0.422424,0.649302,0.164916,0.582157,0.129285,0.217357,0.772745
1677108481,452471445,0.422505,0.649450,0.164801,0.583275,0.128943,0.216647,0.772158
1677108481,462430696,0.422620,0.649516,0.164723,0.583702,0.129074,0.215784,0.772055
1677108481,473028217,0.422772,0.649592,0.164659,0.584344,0.128804,0.214578,0.771951
1677108481,482918312,0.422892,0.649721,0.164563,0.584915,0.129122,0.213307,0.771818
1677108481,492633333,0.423032,0.649808,0.164506,0.584882,0.129296,0.212402,0.772063
1677108481,502755135,0.423104,0.649985,0.164443,0.585180,0.129556,0.211864,0.771941
1677108481,512583100,0.423095,0.650037,0.164379,0.585158,0.129897,0.210897,0.772165
1677108481,522143244,0.423185,0.650052,0.164380,0.585367,0.129612,0.210700,0.772109
1677108481,532133034,0.423235,0.650098,0.164350,0.585819,0.129078,0.210283,0.771969
1677108481,542685902,0.423176,0.650163,0.164259,0.586323,0.129105,0.209849,0.771700
1677108481,552745391,0.423155,0.650191,0.164187,0.586484,0.128843,0.209462,0.771726
1677108481,562083723,0.423105,0.650312,0.164068,0.587282,0.128882,0.208941,0.771254
1677108481,572563512,0.423183,0.650250,0.164044,0.587399,0.128503,0.208458,0.771359
1677108481,582540042,0.423249,0.650312,0.163999,0.587720,0.128865,0.208161,0.771134
1677108481,592279522,0.423328,0.650499,0.163955,0.588546,0.128818,0.207398,0.770718
1677108481,601862807,0.423517,0.650633,0.163944,0.588777,0.128562,0.206533,0.770816
1677108481,612231060,0.423644,0.650881,0.163905,0.589178,0.128983,0.205526,0.770709
1677108481,622478770,0.423799,0.651025,0.163872,0.588966,0.129388,0.204799,0.770996
1677108481,632128647,0.423845,0.651387,0.163772,0.589910,0.129468,0.203338,0.770648
1677108481,642842512,0.423899,0.651700,0.163670,0.590461,0.129737,0.202725,0.770342
1677108481,652438327,0.423900,0.652020,0.163555,0.591440,0.129636,0.202083,0.769776
1677108481,661978841,0.423923,0.652103,0.163464,0.591348,0.129575,0.201433,0.770028
1677108481,672652377,0.423842,0.652164,0.163434,0.591697,0.129718,0.201265,0.769779
1677108481,682716652,0.423850,0.652267,0.163387,0.591941,0.129500,0.201767,0.769497
1677108481,692413191,0.423654,0.652358,0.163310,0.592318,0.129599,0.201912,0.769152
1677108481,702397731,0.423521,0.652568,0.163261,0.592854,0.128960,0.202483,0.768696
1677108481,712269677,0.423225,0.652752,0.163188,0.593493,0.128494,0.202446,0.768291
1677108481,722318935,0.423031,0.653052,0.163143,0.594200,0.127830,0.203879,0.767476
1677108481,732445157,0.422681,0.653166,0.163137,0.593925,0.127832,0.204544,0.767511
1677108481,742357942,0.422384,0.653484,0.163112,0.594481,0.126841,0.205682,0.766941
1677108481,752903932,0.422050,0.653673,0.163110,0.594214,0.126441,0.207027,0.766852
1677108481,762545182,0.421600,0.653970,0.163075,0.594647,0.125950,0.207891,0.766363
1677108481,772524431,0.421414,0.654021,0.163123,0.593733,0.124930,0.209569,0.766781
1677108481,782373359,0.421002,0.654201,0.163071,0.594112,0.124638,0.210233,0.766354
1677108481,792996860,0.420777,0.654552,0.163057,0.595100,0.123409,0.211509,0.765434
1677108481,802802746,0.420458,0.654767,0.163015,0.595564,0.123184,0.211685,0.765061
1677108481,812806687,0.420278,0.654828,0.163032,0.594937,0.122875,0.212303,0.765428
1677108481,822254441,0.420030,0.655229,0.163021,0.595885,0.122410,0.212315,0.764761
1677108481,832856666,0.419927,0.655587,0.163015,0.596245,0.121642,0.212747,0.764483
1677108481,843160732,0.419737,0.655877,0.162983,0.596006,0.121484,0.212784,0.764684
1677108481,852221472,0.419531,0.656330,0.162921,0.596260,0.121057,0.212689,0.764580
1677108481,862694086,0.419324,0.656523,0.162877,0.596008,0.121316,0.212693,0.764734
1677108481,872663955,0.419269,0.656714,0.162870,0.596006,0.120925,0.212827,0.764761
1677108481,882255932,0.419176,0.656863,0.162888,0.596039,0.120763,0.212183,0.764939
1677108481,892800338,0.419141,0.657098,0.162909,0.596634,0.120438,0.211717,0.764656
1677108481,902613901,0.419183,0.657381,0.162854,0.597312,0.120253,0.210855,0.764394
1677108481,912526757,0.419265,0.657646,0.162739,0.598009,0.119992,0.209315,0.764313
1677108481,922660791,0.419301,0.657889,0.162600,0.598928,0.120501,0.207043,0.764132
1677108481,932360079,0.419611,0.658156,0.162485,0.599105,0.120716,0.205525,0.764370
1677108481,942909180,0.419723,0.658359,0.162319,0.599570,0.121308,0.202496,0.764719
1677108481,952548048,0.420052,0.658813,0.162117,0.600805,0.121837,0.200528,0.764184
1677108481,962581917,0.420342,0.659005,0.161925,0.601559,0.123055,0.197766,0.764116
1677108481,972600995,0.420729,0.659210,0.161742,0.602323,0.124426,0.194819,0.764049
1677108481,982431570,0.421188,0.659509,0.161598,0.603485,0.125381,0.191313,0.763862
1677108481,992216023,0.421624,0.659834,0.161483,0.604547,0.126134,0.187102,0.763941
1677108482,2130169,0.422083,0.660178,0.161310,0.605069,0.127710,0.183667,0.764099
1677108482,12269772,0.422559,0.660572,0.161089,0.605960,0.128855,0.179841,0.764111
1677108482,22645429,0.423046,0.660783,0.160834,0.606700,0.130190,0.176223,0.764141
1677108482,32609594,0.423606,0.660984,0.160634,0.608144,0.130863,0.172449,0.763739
1677108482,42425454,0.424043,0.661329,0.160384,0.610236,0.131682,0.169041,0.762690
1677108482,52502603,0.424378,0.661664,0.160070,0.611907,0.132377,0.165505,0.762007
1677108482,62759260,0.424673,0.661862,0.159737,0.613135,0.132946,0.162281,0.761614
1677108482,72453081,0.424919,0.662097,0.159366,0.615216,0.133778,0.159280,0.760423
1677108482,82368623,0.425157,0.662251,0.159108,0.617073,0.134217,0.156306,0.759457
1677108482,92718044,0.425335,0.662402,0.158900,0.618663,0.134482,0.153555,0.758677
1677108482,102394063,0.425423,0.662719,0.158695,0.620302,0.134697,0.150932,0.757827
1677108482,112621446,0.425557,0.662948,0.158526,0.620970,0.134150,0.148782,0.757802
1677108482,122725029,0.425511,0.663223,0.158372,0.621795,0.133708,0.146750,0.757600
1677108482,132237702,0.425338,0.663381,0.158262,0.622229,0.133078,0.144939,0.757703
1677108482,142868495,0.425041,0.663655,0.158182,0.623284,0.132544,0.143790,0.757149
1677108482,152969370,0.424709,0.664060,0.158073,0.624982,0.130548,0.142618,0.756317
1677108482,162566200,0.424315,0.664253,0.157921,0.625631,0.128945,0.142137,0.756145
1677108482,172607780,0.423915,0.664281,0.157779,0.626112,0.127237,0.141657,0.756127
1677108482,182084365,0.423378,0.664440,0.157627,0.627420,0.126000,0.140609,0.755445
1677108482,192708755,0.422988,0.664571,0.157494,0.628654,0.124222,0.139537,0.754912
1677108482,202428973,0.422619,0.664854,0.157339,0.629825,0.122843,0.138346,0.754381
1677108482,212227479,0.422276,0.665119,0.157191,0.630686,0.121612,0.136568,0.754185
1677108482,222508519,0.421997,0.665558,0.157075,0.632128,0.120156,0.134479,0.753586
1677108482,232721259,0.421760,0.665714,0.156983,0.632222,0.119366,0.132631,0.753961
1677108482,242006186,0.421542,0.666050,0.156854,0.633127,0.117915,0.130354,0.753826
1677108482,252083412,0.421198,0.666644,0.156647,0.634948,0.117231,0.128403,0.752735
1677108482,262191831,0.420768,0.667079,0.156455,0.635714,0.116426,0.125793,0.752655
1677108482,272102313,0.420356,0.667496,0.156272,0.635856,0.116128,0.124308,0.752827
1677108482,282620842,0.419936,0.668183,0.156122,0.636947,0.115050,0.123586,0.752189
1677108482,292475098,0.419250,0.668705,0.156068,0.637538,0.114580,0.122382,0.751957
1677108482,302352019,0.418802,0.669218,0.156012,0.638271,0.112386,0.122133,0.751707
1677108482,311887271,0.418089,0.669844,0.155971,0.639636,0.110840,0.121336,0.750904
1677108482,321987987,0.417442,0.670409,0.155931,0.639964,0.109034,0.120574,0.751012
1677108482,331920135,0.416853,0.670966,0.155893,0.639737,0.107161,0.120193,0.751536
1677108482,341976645,0.416058,0.671754,0.155851,0.640458,0.105865,0.118732,0.751338
1677108482,352871492,0.415425,0.672546,0.155754,0.641251,0.104103,0.118040,0.751017
1677108482,362295212,0.414910,0.672978,0.155725,0.640793,0.102291,0.117308,0.751771
1677108482,372458176,0.414314,0.673776,0.155633,0.641916,0.100138,0.115969,0.751310
1677108482,382188503,0.413621,0.674560,0.155535,0.642932,0.098713,0.113757,0.750968
1677108482,392382556,0.413191,0.675328,0.155423,0.643989,0.096016,0.111890,0.750693
1677108482,401994282,0.412841,0.676063,0.155227,0.644992,0.094192,0.110141,0.750321
1677108482,412416949,0.412401,0.676713,0.155018,0.646107,0.092639,0.107553,0.749931
1677108482,422840046,0.411798,0.677417,0.154799,0.647425,0.091875,0.104294,0.749348
1677108482,431960349,0.411434,0.678315,0.154567,0.649058,0.090455,0.102556,0.748348
1677108482,441988317,0.410942,0.679186,0.154325,0.650419,0.089118,0.100738,0.747573
1677108482,452307775,0.410333,0.680015,0.154072,0.651298,0.088738,0.098852,0.747104
1677108482,462228097,0.409660,0.680744,0.153937,0.651941,0.087830,0.097293,0.746855
1677108482,472545762,0.409086,0.681741,0.153882,0.653546,0.085914,0.095869,0.745859
1677108482,482608294,0.408386,0.682519,0.153780,0.653858,0.084979,0.094662,0.745847
1677108482,492756958,0.407727,0.683690,0.153702,0.655400,0.083306,0.092932,0.744899
1677108482,502376694,0.407117,0.684594,0.153604,0.655609,0.081956,0.091440,0.745050
1677108482,512346603,0.406617,0.685557,0.153563,0.656177,0.080200,0.090294,0.744881
1677108482,522031877,0.406148,0.686372,0.153551,0.656228,0.078440,0.087915,0.745307
1677108482,532423114,0.405735,0.687304,0.153622,0.656604,0.077420,0.085850,0.745323
1677108482,542909469,0.405547,0.688204,0.153689,0.656151,0.076145,0.083736,0.746094
1677108482,552234335,0.405443,0.689428,0.153758,0.656436,0.074760,0.080846,0.746302
1677108482,562271733,0.405416,0.690485,0.153873,0.656120,0.073809,0.077737,0.747004
1677108482,572784989,0.405459,0.691613,0.154067,0.655588,0.073113,0.074222,0.747897
1677108482,582422954,0.405562,0.692930,0.154320,0.655484,0.071787,0.070020,0.748522
1677108482,593160854,0.405824,0.693931,0.154599,0.653499,0.070016,0.066051,0.750783
1677108482,602325534,0.406098,0.695105,0.154875,0.652325,0.068768,0.062221,0.752244
1677108482,612248486,0.406264,0.696203,0.155145,0.651418,0.067850,0.058272,0.753429
1677108482,622750045,0.406457,0.697250,0.155456,0.650728,0.066796,0.055057,0.754361
1677108482,632272471,0.406625,0.698224,0.155760,0.650551,0.064710,0.051778,0.754927
1677108482,642526506,0.406697,0.698816,0.156047,0.649758,0.063652,0.049571,0.755848
1677108482,652475297,0.406667,0.699403,0.156345,0.650163,0.062253,0.046959,0.755782
1677108482,662131427,0.406714,0.699841,0.156635,0.650863,0.060712,0.044938,0.755428
1677108482,672287495,0.406660,0.700110,0.156948,0.651591,0.059379,0.042927,0.755024
1677108482,682213902,0.406619,0.700253,0.157197,0.652090,0.057861,0.041344,0.754799
1677108482,692306260,0.406474,0.700354,0.157345,0.652277,0.057111,0.039738,0.754781
1677108482,702569880,0.406437,0.700563,0.157437,0.653060,0.055568,0.038563,0.754280
1677108482,712232680,0.406346,0.700446,0.157522,0.653309,0.054638,0.037939,0.754164
1677108482,722219987,0.406226,0.700504,0.157642,0.654428,0.053743,0.037551,0.753276
1677108482,731929108,0.406042,0.700420,0.157748,0.654657,0.053202,0.037121,0.753138
1677108482,742184610,0.405954,0.700323,0.157841,0.654452,0.051707,0.036969,0.753427
1677108482,752747068,0.405633,0.700426,0.157881,0.655272,0.050975,0.035622,0.752829
1677108482,762045697,0.405494,0.700222,0.157928,0.655645,0.049848,0.035014,0.752608
1677108482,772615664,0.405488,0.700030,0.157990,0.656614,0.048941,0.034933,0.751826
1677108482,781822950,0.405356,0.699717,0.158090,0.657734,0.048051,0.033240,0.750981
1677108482,791678893,0.405514,0.699370,0.158141,0.659154,0.045569,0.031455,0.749967
1677108482,801995536,0.405602,0.699092,0.158101,0.660600,0.043393,0.028737,0.748932
1677108482,812417545,0.405830,0.698750,0.158039,0.661442,0.041902,0.026263,0.748364
1677108482,822038443,0.406012,0.698468,0.157909,0.662467,0.041841,0.023574,0.747550
1677108482,832525578,0.406309,0.698317,0.157838,0.664355,0.041522,0.020912,0.745970
1677108482,842328728,0.406650,0.697878,0.157770,0.665094,0.041718,0.018824,0.745355
1677108482,852743486,0.406822,0.697560,0.157701,0.666206,0.042522,0.015954,0.744384
1677108482,862368398,0.407245,0.697191,0.157663,0.667048,0.042177,0.014443,0.743680
1677108482,872422021,0.407536,0.697060,0.157636,0.668873,0.042031,0.012392,0.742084
1677108482,882372622,0.407734,0.696647,0.157618,0.670083,0.041653,0.009540,0.741055
1677108482,892854667,0.408009,0.696115,0.157610,0.671029,0.041795,0.007453,0.740214
1677108482,902411072,0.408378,0.695920,0.157571,0.673205,0.041632,0.005540,0.738262
1677108482,912392237,0.408657,0.695494,0.157501,0.674263,0.042129,0.003305,0.737281
1677108482,922770928,0.409030,0.695195,0.157412,0.675342,0.043102,0.001631,0.736242
1677108482,932435870,0.409449,0.694851,0.157284,0.676153,0.043434,-0.000357,0.735480
1677108482,942153082,0.409732,0.694516,0.157164,0.677009,0.044464,-0.002777,0.734625
1677108482,952589640,0.410159,0.694230,0.157041,0.678457,0.044918,-0.004101,0.733255
1677108482,962781642,0.410408,0.693857,0.156992,0.679962,0.045249,-0.006082,0.731824
1677108482,972733737,0.410543,0.693370,0.156959,0.681262,0.045630,-0.008544,0.730566
1677108482,982372579,0.410929,0.692836,0.156944,0.683111,0.044993,-0.009435,0.728866
1677108482,992430689,0.411053,0.692286,0.156927,0.685029,0.045108,-0.011544,0.727026
1677108483,2594537,0.411218,0.691872,0.156940,0.687202,0.045200,-0.013050,0.724942
1677108483,12535814,0.411349,0.691424,0.156926,0.688669,0.045500,-0.014400,0.723503
1677108483,22506640,0.411510,0.691103,0.156897,0.689727,0.045843,-0.015479,0.722451
1677108483,32514061,0.411604,0.690785,0.156917,0.690865,0.045611,-0.016640,0.721352
1677108483,42627414,0.411658,0.690423,0.156943,0.692117,0.045247,-0.017343,0.720157
1677108483,52391087,0.411613,0.690054,0.157013,0.693511,0.044950,-0.017975,0.718817
1677108483,62316057,0.411540,0.689615,0.157113,0.694904,0.044398,-0.018192,0.717500
1677108483,71914243,0.411505,0.689243,0.157173,0.696260,0.043434,-0.018245,0.716242
1677108483,82649933,0.411453,0.688954,0.157240,0.697477,0.042472,-0.018275,0.715114
1677108483,92450880,0.411341,0.688677,0.157325,0.698443,0.042010,-0.018803,0.714184
1677108483,101905759,0.411314,0.688490,0.157370,0.699269,0.041462,-0.019176,0.713397
1677108483,112371358,0.411306,0.688269,0.157503,0.699789,0.040907,-0.019885,0.712900
1677108483,122162685,0.411283,0.688149,0.157678,0.700386,0.040640,-0.020819,0.712302
1677108483,131907029,0.411407,0.687956,0.157937,0.701178,0.040056,-0.021552,0.711534
1677108483,142080991,0.411540,0.687756,0.158237,0.702449,0.039664,-0.022340,0.710277
1677108483,152320887,0.411544,0.687198,0.158526,0.702873,0.040049,-0.023360,0.709803
1677108483,162284277,0.411744,0.686892,0.158841,0.705053,0.039530,-0.023500,0.707662
1677108483,172515636,0.411738,0.686339,0.159108,0.706691,0.039886,-0.024518,0.705972
1677108483,182776847,0.411886,0.685643,0.159331,0.708669,0.039273,-0.025266,0.703994
1677108483,192985999,0.412002,0.684932,0.159560,0.711762,0.038633,-0.025897,0.700879
1677108483,202339787,0.412053,0.683917,0.159801,0.714873,0.038225,-0.025945,0.697727
1677108483,212681783,0.412019,0.682947,0.159975,0.718351,0.037637,-0.026635,0.694151
1677108483,222617997,0.412045,0.681959,0.160060,0.721051,0.037155,-0.027039,0.691357
1677108483,232493996,0.412072,0.681226,0.160138,0.723612,0.036958,-0.027251,0.688678
1677108483,242618387,0.412127,0.680631,0.160137,0.725539,0.036913,-0.027930,0.686623
1677108483,252233382,0.412083,0.680225,0.160107,0.727318,0.037281,-0.029217,0.684664
1677108483,262861560,0.412160,0.679758,0.160078,0.728442,0.036742,-0.030047,0.683462
1677108483,273022467,0.411995,0.679306,0.160066,0.729458,0.037356,-0.031240,0.682290
1677108483,282448053,0.412131,0.678848,0.160096,0.730987,0.036070,-0.031195,0.680723
1677108483,292275169,0.412032,0.678263,0.160257,0.732943,0.035602,-0.031607,0.678622
1677108483,302608312,0.411839,0.677641,0.160475,0.735652,0.035245,-0.032073,0.675681
1677108483,312462013,0.411658,0.676852,0.160752,0.738510,0.034716,-0.031781,0.672598
1677108483,322270423,0.411468,0.675943,0.161070,0.741221,0.034118,-0.031690,0.669644
1677108483,332232154,0.411315,0.675126,0.161487,0.744354,0.033309,-0.031427,0.666213
1677108483,342483625,0.411148,0.674307,0.161954,0.747388,0.032622,-0.031500,0.662838
1677108483,352601997,0.411052,0.673309,0.162423,0.749247,0.031485,-0.031166,0.660807
1677108483,361955905,0.410927,0.672636,0.163054,0.752020,0.030715,-0.030778,0.657705
1677108483,372784361,0.410806,0.672036,0.163684,0.754281,0.029496,-0.030913,0.655160
1677108483,382700021,0.410691,0.671321,0.164349,0.755719,0.028616,-0.030245,0.653572
1677108483,392084719,0.410626,0.670841,0.165082,0.757967,0.027437,-0.029515,0.651046
1677108483,402311911,0.410424,0.670240,0.165891,0.760156,0.026666,-0.028801,0.648554
1677108483,413234603,0.410180,0.669470,0.166715,0.761769,0.025464,-0.029107,0.646694
1677108483,422204705,0.410169,0.668836,0.167655,0.764231,0.023274,-0.029012,0.643870
1677108483,432486143,0.410042,0.668007,0.168674,0.766752,0.023025,-0.028296,0.640906
1677108483,442779340,0.409968,0.667124,0.169753,0.769189,0.022637,-0.028096,0.638002
1677108483,452232915,0.410050,0.666375,0.170902,0.771635,0.021977,-0.027303,0.635099
1677108483,462553910,0.410033,0.665469,0.172095,0.773502,0.021320,-0.027881,0.632821
1677108483,472732069,0.410114,0.664672,0.173467,0.776406,0.020476,-0.027811,0.629287
1677108483,482176563,0.410190,0.663668,0.174899,0.779401,0.019378,-0.027719,0.625612
1677108483,492489823,0.410121,0.662423,0.176353,0.781841,0.019077,-0.026948,0.622603
1677108483,502335426,0.410201,0.661368,0.177896,0.784786,0.017235,-0.026580,0.618956
1677108483,512141320,0.410162,0.660438,0.179514,0.787493,0.015844,-0.026003,0.615571
1677108483,522243399,0.410036,0.659649,0.181120,0.789213,0.015008,-0.025010,0.613426
1677108483,532395002,0.410091,0.659180,0.182803,0.790963,0.013223,-0.023373,0.611274
1677108483,542778407,0.409929,0.658770,0.184512,0.791937,0.011877,-0.022571,0.610070
1677108483,552499610,0.409767,0.658262,0.186196,0.792561,0.010455,-0.021640,0.609319
1677108483,562225320,0.409644,0.657936,0.188059,0.794330,0.009205,-0.019599,0.607100
1677108483,572475267,0.409477,0.657420,0.189943,0.796029,0.007718,-0.018390,0.604930
1677108483,582497774,0.409252,0.656877,0.191923,0.798262,0.006721,-0.017193,0.602027
1677108483,592595004,0.409303,0.656132,0.193910,0.800048,0.004664,-0.014922,0.599732
1677108483,602730257,0.409246,0.655323,0.195944,0.801498,0.003339,-0.013615,0.597833
1677108483,612361889,0.409142,0.654746,0.198126,0.803333,0.002255,-0.012626,0.595392
1677108483,622250387,0.409111,0.654195,0.200293,0.804509,0.001387,-0.011492,0.593828
1677108483,632642545,0.409343,0.653778,0.202507,0.805550,-0.000823,-0.010095,0.592442
1677108483,642038209,0.409189,0.653241,0.204660,0.805721,-0.001064,-0.009617,0.592216
1677108483,652240971,0.409232,0.652940,0.206918,0.806589,-0.002094,-0.008534,0.591047
1677108483,662252042,0.409336,0.652493,0.209137,0.807025,-0.003560,-0.007415,0.590460
1677108483,671991165,0.409287,0.652131,0.211346,0.807544,-0.004077,-0.005989,0.589763
1677108483,681737257,0.408964,0.651512,0.213487,0.807659,-0.003994,-0.005465,0.589611
1677108483,692177078,0.408801,0.650829,0.215660,0.808134,-0.004931,-0.004885,0.588958
1677108483,702366715,0.408822,0.650419,0.218002,0.810004,-0.007010,-0.003668,0.586372
1677108483,712377917,0.408960,0.650132,0.220394,0.812031,-0.008805,-0.001322,0.583547
1677108483,722635867,0.408950,0.649691,0.222600,0.812763,-0.009792,0.000727,0.582512
1677108483,732357129,0.408793,0.649409,0.224884,0.813483,-0.009893,0.002056,0.581500
1677108483,742529738,0.408691,0.649133,0.227117,0.813643,-0.010160,0.003016,0.581269
1677108483,751837760,0.408738,0.648996,0.229443,0.814082,-0.011208,0.004064,0.580627
1677108483,762209340,0.408722,0.648825,0.231708,0.814370,-0.011662,0.005462,0.580203
1677108483,772615790,0.408645,0.648545,0.233883,0.814316,-0.011738,0.006434,0.580268
1677108483,782397806,0.408362,0.648176,0.235929,0.813943,-0.010885,0.006503,0.580806
1677108483,792845722,0.408598,0.648376,0.238366,0.815660,-0.012517,0.008777,0.578329
1677108483,802385670,0.408607,0.648415,0.240563,0.816789,-0.013168,0.009779,0.576703
1677108483,812527966,0.408518,0.647329,0.242484,0.814317,-0.014956,0.009854,0.580144
1677108483,822527400,0.407900,0.647051,0.244678,0.815213,-0.012574,0.009893,0.578940
1677108483,832814206,0.407999,0.646823,0.246911,0.816041,-0.014825,0.010565,0.577708
1677108483,842481240,0.408035,0.646793,0.249104,0.816996,-0.016105,0.011828,0.576297
1677108483,852597213,0.407592,0.647016,0.251200,0.817828,-0.014418,0.013136,0.575132
1677108483,862620281,0.407632,0.646675,0.253139,0.817290,-0.016740,0.013373,0.575828
1677108483,872328037,0.407476,0.646803,0.255106,0.817480,-0.017049,0.014136,0.575531
1677108483,882454781,0.407259,0.646910,0.257011,0.817510,-0.017179,0.014519,0.575475
1677108483,892789115,0.406976,0.646981,0.258824,0.817173,-0.016791,0.014841,0.575956
1677108483,903017565,0.406918,0.646978,0.260599,0.816746,-0.017213,0.015458,0.576533
1677108483,913039449,0.406854,0.647094,0.262374,0.817042,-0.017310,0.016002,0.576096
1677108483,922299586,0.406694,0.647077,0.263985,0.816875,-0.016589,0.016224,0.576349
1677108483,931964248,0.406669,0.647204,0.265661,0.817404,-0.016756,0.016190,0.575594
1677108483,942549318,0.406742,0.647191,0.267205,0.817398,-0.016592,0.016671,0.575593
1677108483,952768709,0.406744,0.647255,0.268650,0.817428,-0.016349,0.016654,0.575558
1677108483,962119609,0.406732,0.647147,0.270039,0.816839,-0.015958,0.016764,0.576402
1677108483,972545646,0.406847,0.647312,0.271482,0.817124,-0.016584,0.016211,0.575995
1677108483,982450487,0.406572,0.647529,0.272757,0.816731,-0.013338,0.017623,0.576595
1677108483,992600686,0.407114,0.647428,0.274166,0.816777,-0.017036,0.016021,0.576479
1677108484,2886600,0.407164,0.647367,0.275384,0.816435,-0.016847,0.015773,0.576976
1677108484,12789783,0.407287,0.647413,0.276658,0.816772,-0.016969,0.015518,0.576502
1677108484,22849430,0.407352,0.647258,0.277828,0.816814,-0.016258,0.015403,0.576466
1677108484,31994591,0.407273,0.647043,0.278989,0.816957,-0.015129,0.014700,0.576312
1677108484,42500081,0.407438,0.647027,0.280174,0.817761,-0.014512,0.015271,0.575173
1677108484,52436159,0.407597,0.647072,0.281326,0.818671,-0.014236,0.015026,0.573889
1677108484,62395023,0.407829,0.647464,0.282621,0.820365,-0.014584,0.014363,0.571474
1677108484,72663408,0.408236,0.647797,0.283781,0.821327,-0.015333,0.014210,0.570075
1677108484,82464551,0.408602,0.646279,0.284316,0.815937,-0.015651,0.013911,0.577762
1677108484,92364516,0.408941,0.646397,0.285329,0.815680,-0.015624,0.012218,0.578163
1677108484,102021767,0.409409,0.646365,0.286223,0.814859,-0.015287,0.010924,0.579354
1677108484,112149230,0.409963,0.646548,0.287219,0.815111,-0.014258,0.009840,0.579046
1677108484,121891322,0.410378,0.646566,0.288122,0.815289,-0.011896,0.008076,0.578876
1677108484,131696108,0.410765,0.646453,0.288923,0.815155,-0.009144,0.005758,0.579142
1677108484,142158977,0.411203,0.647125,0.289971,0.816963,-0.004650,0.005854,0.576642
1677108484,152545342,0.411828,0.647140,0.290766,0.817202,-0.002832,0.004931,0.576323
1677108484,162296662,0.412589,0.647056,0.291459,0.816769,-0.002713,0.004468,0.576941
1677108484,172954299,0.413105,0.647200,0.292143,0.816612,-0.002043,0.003894,0.577170
1677108484,182227620,0.413572,0.647106,0.292739,0.815603,-0.002367,0.004161,0.578593
1677108484,192086678,0.412549,0.647809,0.293901,0.817894,0.003861,0.001005,0.575355
1677108484,201572842,0.412597,0.647981,0.294596,0.817910,0.003326,0.001184,0.575335
1677108484,212095962,0.412627,0.648071,0.295271,0.817668,0.001999,0.001723,0.575683
1677108484,222411202,0.412480,0.648159,0.295936,0.817351,0.001375,0.002230,0.576134
1677108484,232467276,0.412403,0.648482,0.296710,0.817944,0.000893,0.003365,0.575288
1677108484,243098610,0.412388,0.648537,0.297332,0.817426,0.000247,0.004070,0.576019
1677108484,252360142,0.412275,0.648552,0.297996,0.817169,0.000332,0.004382,0.576381
1677108484,262857394,0.412347,0.648675,0.298747,0.817898,-0.000049,0.004886,0.575342
1677108484,272636270,0.412455,0.648540,0.299484,0.818154,-0.000284,0.005580,0.574972
1677108484,282212444,0.412423,0.648556,0.300259,0.819061,0.000059,0.005382,0.573681
1677108484,293057029,0.412512,0.648512,0.300993,0.819541,-0.000060,0.005786,0.572992
1677108484,302621225,0.412560,0.648539,0.301791,0.820023,0.000024,0.006246,0.572297
1677108484,312242927,0.412531,0.648650,0.302517,0.820000,-0.000027,0.006356,0.572328
1677108484,322094303,0.412458,0.648917,0.303270,0.819922,-0.000145,0.006601,0.572437
1677108484,332534402,0.412405,0.649070,0.303939,0.819363,-0.000382,0.007604,0.573224
1677108484,342890031,0.412236,0.649295,0.304611,0.819192,-0.000750,0.007922,0.573465
1677108484,352452324,0.411971,0.649362,0.305214,0.818903,-0.000517,0.008864,0.573864
1677108484,361655489,0.411800,0.649579,0.305831,0.819322,-0.001394,0.009604,0.573252
1677108484,372262643,0.411664,0.649695,0.306342,0.819606,-0.002269,0.010737,0.572822
1677108484,382360091,0.411367,0.649688,0.306794,0.819395,-0.002385,0.011560,0.573108
1677108484,392034651,0.411079,0.649900,0.307208,0.819543,-0.002261,0.012391,0.572879
1677108484,401963578,0.410827,0.649914,0.307552,0.818976,-0.002420,0.012654,0.573683
1677108484,411978422,0.410703,0.650001,0.307852,0.818751,-0.002631,0.013175,0.573992
1677108484,422080835,0.410625,0.650044,0.308149,0.818567,-0.002774,0.013519,0.574245
1677108484,432474281,0.410528,0.650138,0.308374,0.818581,-0.002363,0.013621,0.574224
1677108484,442325510,0.410501,0.650194,0.308564,0.818414,-0.001825,0.013452,0.574468
1677108484,452186185,0.410578,0.650476,0.308861,0.818845,-0.001474,0.012993,0.573865
1677108484,462319725,0.410742,0.650529,0.308982,0.818348,-0.001201,0.012819,0.574579
1677108484,472413083,0.410926,0.650892,0.309234,0.818940,-0.001043,0.011934,0.573754
1677108484,482269974,0.411091,0.650943,0.309367,0.818702,-0.000757,0.011314,0.574107
1677108484,492371152,0.411335,0.650823,0.309390,0.817963,-0.000546,0.011360,0.575158
1677108484,502191080,0.411371,0.650871,0.309504,0.818309,0.000283,0.011001,0.574674
1677108484,511964341,0.411334,0.650858,0.309569,0.818256,0.001550,0.010817,0.574750
1677108484,522674342,0.411378,0.651034,0.309721,0.818752,0.002277,0.010898,0.574039
