secs,nsecs,tx,ty,tz,rx,ry,rz,rw
1677108215,73131972,0.273167,0.564480,0.556922,0.345722,-0.092061,-0.061141,0.931806
1677108215,83551684,0.273320,0.564967,0.556656,0.344996,-0.091557,-0.060959,0.932137
1677108215,93982134,0.273386,0.565446,0.556377,0.344511,-0.091325,-0.060819,0.932348
1677108215,103380313,0.273403,0.565826,0.556213,0.343223,-0.091522,-0.060557,0.932821
1677108215,113449442,0.273439,0.566320,0.556014,0.342593,-0.091168,-0.059466,0.933157
1677108215,123710860,0.273426,0.566703,0.555897,0.341626,-0.091455,-0.058619,0.933537
1677108215,133978338,0.273370,0.567073,0.555852,0.340566,-0.091253,-0.057753,0.933998
1677108215,144160508,0.273318,0.567485,0.555776,0.340489,-0.091486,-0.057099,0.934044
1677108215,154104689,0.273251,0.567754,0.555869,0.339958,-0.091425,-0.056173,0.934299
1677108215,163655607,0.273194,0.568044,0.555933,0.340158,-0.091301,-0.055604,0.934272
1677108215,173844343,0.273091,0.568208,0.556061,0.340293,-0.090727,-0.055269,0.934299
1677108215,184101682,0.273099,0.568328,0.556224,0.340348,-0.090744,-0.054748,0.934308
1677108215,193421991,0.273201,0.568552,0.556284,0.341572,-0.090949,-0.054186,0.933874
1677108215,203506276,0.273318,0.568719,0.556364,0.342222,-0.090855,-0.053726,0.933672
1677108215,213769341,0.273427,0.568750,0.556496,0.341944,-0.090290,-0.053443,0.933845
1677108215,223861953,0.273504,0.568835,0.556544,0.341946,-0.089453,-0.053615,0.933915
1677108215,234241939,0.273781,0.568957,0.556506,0.342057,-0.089396,-0.053491,0.933887
1677108215,244081018,0.273994,0.568970,0.556518,0.341228,-0.089275,-0.054073,0.934168
1677108215,253975074,0.274181,0.569108,0.556430,0.341009,-0.089030,-0.054888,0.934224
1677108215,263644319,0.274491,0.569200,0.556393,0.340371,-0.088948,-0.054997,0.934458
1677108215,273447627,0.274707,0.569285,0.556353,0.339913,-0.088494,-0.055125,0.934660
1677108215,284096422,0.274960,0.569411,0.556272,0.340058,-0.088813,-0.055430,0.934559
1677108215,293605670,0.275119,0.569443,0.556294,0.340050,-0.088477,-0.055344,0.934599
1677108215,303290019,0.275126,0.569381,0.556395,0.339806,-0.088742,-0.055984,0.934624
1677108215,313475889,0.275222,0.569359,0.556465,0.340434,-0.088604,-0.055604,0.934432
1677108215,323593941,0.275304,0.569311,0.556555,0.341075,-0.088891,-0.055183,0.934195
1677108215,333157546,0.275405,0.569301,0.556596,0.341974,-0.088938,-0.054705,0.933890
1677108215,343544297,0.275499,0.569249,0.556607,0.342639,-0.089416,-0.054327,0.933623
1677108215,353655276,0.275664,0.569340,0.556475,0.343713,-0.089234,-0.053734,0.933280
1677108215,364087783,0.275840,0.569202,0.556504,0.342793,-0.089208,-0.053472,0.933636
1677108215,374055022,0.276036,0.569188,0.556403,0.342235,-0.088556,-0.053282,0.933913
1677108215,384314035,0.276336,0.569291,0.556190,0.342278,-0.088366,-0.053414,0.933908
1677108215,393975284,0.276615,0.569361,0.556032,0.342148,-0.088143,-0.053587,0.933967
1677108215,403449080,0.277039,0.569487,0.555847,0.342232,-0.087758,-0.053180,0.933995
1677108215,413768893,0.277242,0.569522,0.555729,0.342185,-0.087867,-0.054005,0.933955
1677108215,424018560,0.277451,0.569505,0.555692,0.342158,-0.087823,-0.054441,0.933944
1677108215,433979135,0.277742,0.569514,0.555689,0.342645,-0.087916,-0.054417,0.933758
1677108215,444050199,0.278013,0.569473,0.555724,0.343122,-0.088370,-0.053981,0.933565
1677108215,453729565,0.278174,0.569525,0.555702,0.343860,-0.088545,-0.053986,0.933277
1677108215,464090811,0.278337,0.569563,0.555686,0.344397,-0.088388,-0.053689,0.933111
1677108215,473918242,0.278409,0.569598,0.555647,0.344463,-0.088224,-0.053596,0.933107
1677108215,483960539,0.278574,0.569732,0.555531,0.344732,-0.088551,-0.052911,0.933016
1677108215,493779379,0.278552,0.569849,0.555364,0.344673,-0.088620,-0.053068,0.933023
1677108215,504010146,0.278756,0.570026,0.555155,0.344624,-0.088725,-0.051897,0.933096
1677108215,513820362,0.278779,0.570191,0.554882,0.344825,-0.088489,-0.051471,0.933068
1677108215,523773304,0.278858,0.570268,0.554651,0.344449,-0.088899,-0.050752,0.933207
1677108215,534291872,0.278905,0.570415,0.554294,0.344567,-0.088904,-0.050323,0.933187
1677108215,543701866,0.279074,0.570596,0.553875,0.345067,-0.088720,-0.049423,0.933067
1677108215,553720961,0.279143,0.570708,0.553446,0.345386,-0.088207,-0.049183,0.933011
1677108215,564029928,0.279344,0.570740,0.553033,0.345556,-0.087409,-0.048379,0.933065
1677108215,574109321,0.279653,0.570858,0.552517,0.346779,-0.087608,-0.047508,0.932637
1677108215,584160874,0.279908,0.570870,0.551988,0.347539,-0.087789,-0.047220,0.932352
1677108215,593870238,0.280213,0.570865,0.551401,0.348300,-0.087374,-0.046862,0.932125
1677108215,603609082,0.280544,0.570824,0.550808,0.348668,-0.087507,-0.046786,0.931979
1677108215,613494092,0.280872,0.570698,0.550267,0.348298,-0.087472,-0.046851,0.932117
1677108215,623458947,0.281157,0.570623,0.549598,0.348255,-0.087261,-0.047178,0.932136
1677108215,633900212,0.281547,0.570704,0.548672,0.350115,-0.087240,-0.047564,0.931422
1677108215,643466230,0.281941,0.570704,0.547814,0.350861,-0.086918,-0.047309,0.931184
1677108215,653013479,0.282391,0.570692,0.546921,0.351584,-0.087047,-0.046889,0.930920
1677108215,663536062,0.282767,0.570617,0.546066,0.352119,-0.087120,-0.046500,0.930731
1677108215,673446475,0.283097,0.570538,0.545143,0.352786,-0.087183,-0.046569,0.930469
1677108215,684013986,0.283321,0.570543,0.544083,0.353962,-0.086796,-0.047073,0.930033
1677108215,693966292,0.283778,0.570507,0.542968,0.354951,-0.086781,-0.046318,0.929695
1677108215,704301758,0.284175,0.570587,0.541694,0.356068,-0.086396,-0.046057,0.929317
1677108215,713439475,0.284495,0.570647,0.540328,0.356660,-0.085331,-0.046111,0.929186
1677108215,724076061,0.284629,0.570776,0.538897,0.357102,-0.084668,-0.047795,0.928991
1677108215,734167665,0.285241,0.570739,0.537453,0.356620,-0.087287,-0.048763,0.928884
1677108215,743730186,0.285735,0.570672,0.536088,0.356167,-0.087558,-0.049221,0.929008
1677108215,753380405,0.286117,0.570555,0.534732,0.355622,-0.088419,-0.050388,0.929073
1677108215,763868058,0.286580,0.570731,0.532953,0.357538,-0.087462,-0.050851,0.928403
1677108215,774097589,0.287046,0.570653,0.531413,0.357864,-0.086899,-0.050815,0.928332
1677108215,784296936,0.287395,0.570651,0.529783,0.358627,-0.085990,-0.051150,0.928103
1677108215,793951354,0.287822,0.570624,0.528110,0.359328,-0.086340,-0.050987,0.927809
1677108215,803651623,0.288042,0.570526,0.526518,0.358920,-0.086177,-0.051376,0.927960
1677108215,813756151,0.288308,0.570405,0.524929,0.358759,-0.086937,-0.051077,0.927968
1677108215,824351242,0.288551,0.570215,0.523354,0.358668,-0.088258,-0.050638,0.927903
1677108215,833855588,0.288633,0.569877,0.522026,0.357990,-0.089035,-0.050028,0.928123
1677108215,844044357,0.288763,0.569740,0.520442,0.360313,-0.090127,-0.049077,0.927169
1677108215,854065896,0.288837,0.569403,0.519061,0.362131,-0.090683,-0.047718,0.926478
1677108215,864102850,0.288786,0.568980,0.517811,0.363986,-0.091261,-0.046824,0.925739
1677108215,873837737,0.288960,0.568638,0.516425,0.366774,-0.092110,-0.044670,0.924661
1677108215,884349933,0.289124,0.568285,0.514959,0.369606,-0.092787,-0.042782,0.923554
1677108215,893985241,0.289253,0.567826,0.513552,0.371233,-0.093355,-0.041254,0.922913
1677108215,904250140,0.289460,0.567426,0.512017,0.372663,-0.093283,-0.039488,0.922421
1677108215,913439313,0.289703,0.567127,0.510327,0.374394,-0.093505,-0.038155,0.921754
1677108215,923821815,0.290119,0.566817,0.508628,0.375554,-0.094686,-0.037017,0.921208
1677108215,933904363,0.290316,0.566454,0.506960,0.375980,-0.093907,-0.036759,0.921124
1677108215,944390875,0.290865,0.566176,0.505180,0.377528,-0.094737,-0.035974,0.920436
1677108215,953873707,0.291313,0.565776,0.503597,0.378094,-0.095286,-0.035881,0.920151
1677108215,963548690,0.291898,0.565447,0.501925,0.379859,-0.095139,-0.035018,0.919472
1677108215,973980606,0.292353,0.565029,0.500302,0.381391,-0.095248,-0.035153,0.918821
1677108215,984135107,0.292739,0.564550,0.498709,0.382642,-0.094915,-0.035458,0.918324
1677108215,993654427,0.293344,0.564049,0.497133,0.384164,-0.094614,-0.034557,0.917754
1677108216,4044631,0.293911,0.563659,0.495463,0.386260,-0.094533,-0.034352,0.916890
1677108216,14055271,0.294548,0.563181,0.493799,0.387798,-0.094345,-0.034031,0.916272
1677108216,23934511,0.295232,0.562785,0.492088,0.389503,-0.094002,-0.033654,0.915597
1677108216,34119147,0.295902,0.562367,0.490404,0.390782,-0.093848,-0.034042,0.915053
1677108216,43887105,0.296589,0.561935,0.488793,0.391729,-0.093697,-0.034469,0.914648
1677108216,54126854,0.297354,0.561599,0.487128,0.393103,-0.093305,-0.034394,0.914101
1677108216,64146420,0.298033,0.561212,0.485490,0.394295,-0.093133,-0.034790,0.913591
1677108216,73422827,0.298687,0.560909,0.483822,0.395814,-0.092528,-0.034719,0.912998
1677108216,84045973,0.299256,0.560513,0.482234,0.396781,-0.092636,-0.034951,0.912558
1677108216,93699061,0.299821,0.560159,0.480672,0.397852,-0.092251,-0.034023,0.912166
1677108216,103583604,0.300315,0.559854,0.479091,0.398893,-0.092338,-0.033581,0.911718
1677108216,113510105,0.300819,0.559540,0.477541,0.400008,-0.092176,-0.032484,0.911286
1677108216,123519905,0.301152,0.559315,0.475978,0.401368,-0.092123,-0.032244,0.910701
1677108216,133620306,0.301414,0.558870,0.474474,0.401677,-0.091579,-0.032233,0.910621
1677108216,144029782,0.301910,0.558607,0.473063,0.402923,-0.091955,-0.030736,0.910084
1677108216,153818127,0.302450,0.558566,0.471454,0.405535,-0.092100,-0.029580,0.908947
1677108216,163505401,0.302806,0.558223,0.470138,0.406064,-0.091701,-0.028927,0.908772
1677108216,174024752,0.303223,0.557981,0.468714,0.407321,-0.091513,-0.028461,0.908243
1677108216,183943270,0.303725,0.557877,0.467255,0.409508,-0.091467,-0.027732,0.907286
1677108216,193642938,0.304116,0.557571,0.465946,0.410457,-0.091234,-0.027219,0.906896
1677108216,203540391,0.304501,0.557416,0.464517,0.411888,-0.091100,-0.026954,0.906269
1677108216,214163171,0.304997,0.557320,0.463056,0.413435,-0.090870,-0.025621,0.905626
1677108216,223541214,0.305352,0.557122,0.461625,0.413735,-0.090943,-0.025314,0.905490
1677108216,233572255,0.305792,0.557135,0.460025,0.415120,-0.090996,-0.024514,0.904872
1677108216,244252526,0.306113,0.557004,0.458533,0.415420,-0.090601,-0.024195,0.904783
1677108216,253703028,0.306638,0.557061,0.456890,0.416921,-0.090510,-0.023195,0.904127
1677108216,263911981,0.307108,0.557030,0.455385,0.417451,-0.090207,-0.022427,0.903933
1677108216,273564753,0.307519,0.557079,0.453778,0.418691,-0.089466,-0.022330,0.903435
1677108216,283932589,0.307972,0.557099,0.452223,0.419815,-0.089159,-0.022289,0.902945
1677108216,293685075,0.308461,0.557102,0.450690,0.420571,-0.088238,-0.021650,0.902699
1677108216,304143278,0.308943,0.557070,0.449136,0.421044,-0.087155,-0.021355,0.902591
1677108216,314029716,0.309588,0.557498,0.447192,0.424166,-0.085809,-0.020548,0.901276
1677108216,323540707,0.310062,0.557358,0.445775,0.423346,-0.085340,-0.020519,0.901706
1677108216,334575565,0.310861,0.557187,0.444286,0.422701,-0.085211,-0.018717,0.902060
1677108216,344049256,0.311248,0.557326,0.442641,0.423521,-0.083830,-0.019186,0.901795
1677108216,354453010,0.311881,0.557591,0.440910,0.425287,-0.082750,-0.018840,0.901071
1677108216,364313774,0.312486,0.557592,0.439363,0.425372,-0.081572,-0.018318,0.901149
1677108216,373861131,0.312997,0.557647,0.437764,0.425864,-0.080266,-0.018745,0.901025
1677108216,384324296,0.313552,0.557823,0.436104,0.427115,-0.078820,-0.019132,0.900552
1677108216,394173743,0.314215,0.557871,0.434585,0.427354,-0.077861,-0.018961,0.900526
1677108216,404136304,0.314798,0.558053,0.432970,0.428779,-0.076538,-0.019421,0.899952
1677108216,413841198,0.315439,0.558214,0.431467,0.429862,-0.075295,-0.019340,0.899542
1677108216,424264282,0.316312,0.558453,0.429965,0.431918,-0.075700,-0.018757,0.898534
1677108216,434182207,0.316565,0.558379,0.428625,0.431764,-0.073413,-0.019920,0.898774
1677108216,443624235,0.317773,0.559119,0.427049,0.436124,-0.074394,-0.016506,0.896654
1677108216,453427421,0.318320,0.559169,0.425707,0.436846,-0.073790,-0.016273,0.896357
1677108216,463866487,0.318835,0.559261,0.424372,0.437805,-0.073212,-0.016242,0.895937
1677108216,474020947,0.319020,0.559681,0.422866,0.440786,-0.069985,-0.016380,0.894730
1677108216,483502308,0.319983,0.559706,0.421556,0.441249,-0.071081,-0.014725,0.894444
1677108216,494237208,0.320406,0.560053,0.420189,0.442495,-0.071186,-0.015390,0.893809
1677108216,503732731,0.321081,0.560141,0.418896,0.443363,-0.069922,-0.013833,0.893504
1677108216,513330944,0.321578,0.560357,0.417576,0.444276,-0.068998,-0.013378,0.893129
1677108216,523454746,0.322054,0.560579,0.416271,0.445183,-0.068215,-0.013191,0.892740
1677108216,533907997,0.322637,0.560790,0.415047,0.445686,-0.067805,-0.012092,0.892536
1677108216,544021749,0.323112,0.561014,0.413791,0.446070,-0.067022,-0.011678,0.892408
1677108216,554253163,0.323631,0.561277,0.412537,0.446638,-0.066524,-0.011036,0.892170
1677108216,564308507,0.324190,0.561654,0.411244,0.447711,-0.066007,-0.010364,0.891678
1677108216,573630296,0.324602,0.561933,0.410013,0.448570,-0.065003,-0.010446,0.891319
1677108216,584370552,0.325110,0.562115,0.408898,0.448901,-0.064152,-0.009852,0.891221
1677108216,593890496,0.325623,0.562305,0.407794,0.449618,-0.063449,-0.009386,0.890915
1677108216,603811819,0.326134,0.562643,0.406644,0.451273,-0.063306,-0.009277,0.890089
1677108216,613515405,0.326578,0.562750,0.405618,0.451707,-0.062650,-0.009181,0.889916
1677108216,624426813,0.327078,0.562866,0.404633,0.452314,-0.062635,-0.008814,0.889613
1677108216,633708316,0.327460,0.563068,0.403604,0.453318,-0.061809,-0.008681,0.889161
1677108216,643621013,0.327828,0.563217,0.402605,0.454308,-0.061189,-0.008388,0.888701
1677108216,653921816,0.328199,0.563331,0.401657,0.455114,-0.060691,-0.007976,0.888327
1677108216,663524355,0.328616,0.563392,0.400714,0.455594,-0.060661,-0.007448,0.888087
1677108216,673539745,0.328952,0.563549,0.399737,0.456603,-0.060276,-0.007054,0.887598
1677108216,684620754,0.329281,0.563863,0.398601,0.458329,-0.059367,-0.006446,0.886774
1677108216,693720733,0.329698,0.564071,0.397556,0.459258,-0.059440,-0.005434,0.886296
1677108216,704274848,0.329906,0.564126,0.396543,0.459464,-0.058528,-0.005083,0.886251
1677108216,714345980,0.330203,0.564215,0.395485,0.460125,-0.058633,-0.004928,0.885902
1677108216,724189925,0.330547,0.564277,0.394395,0.460815,-0.058695,-0.004380,0.885542
1677108216,734160992,0.330935,0.564248,0.393357,0.461192,-0.058985,-0.003880,0.885329
1677108216,743376739,0.331341,0.564385,0.392160,0.462713,-0.058903,-0.003280,0.884543
1677108216,754176154,0.331830,0.564397,0.391040,0.463581,-0.058874,-0.002484,0.884093
1677108216,763824410,0.332142,0.564383,0.389886,0.464325,-0.057882,-0.002671,0.883767
1677108216,773307527,0.332595,0.564384,0.388708,0.465295,-0.057116,-0.002240,0.883308
1677108216,784047543,0.333017,0.564415,0.387443,0.466578,-0.056695,-0.002913,0.882656
1677108216,794115740,0.333492,0.564398,0.386236,0.467889,-0.055770,-0.002888,0.882021
1677108216,803600591,0.334139,0.564239,0.385113,0.468163,-0.055976,-0.002658,0.881863
1677108216,813609628,0.334588,0.564256,0.383874,0.469381,-0.054999,-0.003160,0.881275
1677108216,823778514,0.335052,0.564344,0.382603,0.470956,-0.053959,-0.003422,0.880498
1677108216,833269272,0.335624,0.564307,0.381417,0.471747,-0.054324,-0.003685,0.880051
1677108216,843607704,0.336042,0.564311,0.380194,0.472714,-0.053572,-0.004077,0.879576
1677108216,854028169,0.336633,0.564315,0.378991,0.473732,-0.053628,-0.003720,0.879027
1677108216,863429217,0.336974,0.564242,0.377795,0.474362,-0.053121,-0.004471,0.878714
1677108216,873438760,0.337508,0.564288,0.376600,0.475774,-0.053265,-0.003787,0.877945
1677108216,884225538,0.337893,0.564188,0.375448,0.476493,-0.053204,-0.003536,0.877560
1677108216,893906685,0.338291,0.564131,0.374328,0.477902,-0.053426,-0.003191,0.876781
1677108216,904456754,0.338651,0.564018,0.373216,0.478920,-0.053410,-0.002827,0.876228
1677108216,913632532,0.338931,0.564029,0.372017,0.480659,-0.053491,-0.002916,0.875270
1677108216,924103441,0.339345,0.564097,0.370797,0.482351,-0.053336,-0.002046,0.874350
1677108216,934019185,0.339619,0.564101,0.369529,0.483537,-0.053013,-0.002194,0.873714
1677108216,944398508,0.339952,0.564077,0.368298,0.484319,-0.052627,-0.001701,0.873306
1677108216,953687445,0.340377,0.564219,0.366911,0.485789,-0.052842,-0.001540,0.872476
1677108216,964172922,0.340688,0.564299,0.365541,0.486579,-0.052295,-0.001562,0.872068
1677108216,974798688,0.341207,0.564427,0.364130,0.487365,-0.052881,-0.001035,0.871595
1677108216,984128121,0.341662,0.564588,0.362677,0.488382,-0.053259,-0.001136,0.871003
1677108216,994232580,0.342119,0.564637,0.361292,0.488850,-0.053932,-0.001233,0.870698
1677108217,3252872,0.342618,0.564754,0.359860,0.489852,-0.055270,-0.001591,0.870050
1677108217,13868247,0.343302,0.564873,0.358425,0.491034,-0.056646,-0.000717,0.869296
1677108217,24240873,0.343758,0.565038,0.356911,0.492475,-0.057021,-0.000660,0.868456
1677108217,33519019,0.343415,0.565165,0.355240,0.492982,-0.051001,-0.000704,0.868543
1677108217,44264742,0.343721,0.565291,0.353721,0.494073,-0.050453,-0.000605,0.867955
1677108217,53382189,0.344102,0.565492,0.352140,0.495569,-0.050249,-0.000262,0.867114
1677108217,63247902,0.344474,0.565546,0.350684,0.496058,-0.050638,-0.000288,0.866812
1677108217,73564687,0.344713,0.565633,0.349160,0.496803,-0.049987,-0.000398,0.866422
1677108217,83744232,0.345091,0.565776,0.347633,0.498201,-0.050445,0.000075,0.865593
1677108217,93665876,0.345341,0.565826,0.346126,0.499237,-0.050114,0.000276,0.865015
1677108217,104126659,0.345712,0.565683,0.344735,0.499703,-0.050282,0.001289,0.864735
1677108217,114014789,0.345962,0.565694,0.343296,0.500887,-0.050256,0.001736,0.864051
1677108217,123554067,0.346221,0.565744,0.341797,0.502443,-0.050383,0.001760,0.863139
1677108217,134201747,0.346462,0.565633,0.340377,0.502802,-0.049801,0.002419,0.862962
1677108217,143908809,0.346783,0.565822,0.338849,0.504446,-0.049545,0.003280,0.862015
1677108217,153878298,0.347179,0.566029,0.337231,0.506104,-0.049578,0.003834,0.861038
1677108217,164022735,0.347605,0.566004,0.335747,0.506333,-0.049973,0.004110,0.860879
1677108217,174122077,0.347816,0.566229,0.333981,0.506982,-0.047105,0.004418,0.860657
1677108217,184263472,0.348381,0.566245,0.332473,0.507060,-0.048107,0.004646,0.860555
1677108217,193398459,0.349028,0.566394,0.330907,0.507341,-0.049458,0.004944,0.860311
1677108217,204156818,0.349335,0.566385,0.329357,0.506574,-0.047938,0.004318,0.860852
1677108217,213627114,0.349786,0.566360,0.327847,0.505474,-0.046729,0.004230,0.861565
1677108217,224215174,0.350272,0.567104,0.325901,0.507913,-0.046289,0.003660,0.860156
1677108217,233885917,0.351046,0.567678,0.324078,0.509548,-0.045153,0.004692,0.859244
1677108217,243950176,0.351540,0.567879,0.322452,0.509530,-0.044064,0.004489,0.859312
1677108217,253797050,0.352005,0.568057,0.320841,0.509425,-0.042879,0.004391,0.859435
1677108217,263972408,0.352494,0.568397,0.319198,0.510219,-0.041921,0.004461,0.859011
1677108217,273640556,0.353019,0.568635,0.317603,0.510521,-0.041202,0.005145,0.858862
1677108217,283420360,0.353486,0.569139,0.315895,0.512036,-0.040809,0.006054,0.857973
1677108217,293624302,0.353787,0.569265,0.314310,0.511381,-0.040077,0.006585,0.858394
1677108217,304159831,0.354076,0.569700,0.312599,0.511965,-0.039981,0.007373,0.858044
1677108217,314335186,0.354375,0.570232,0.310935,0.512662,-0.039742,0.008647,0.857627
1677108217,324026559,0.354641,0.570593,0.309300,0.512478,-0.039527,0.009929,0.857732
1677108217,334814133,0.354919,0.571083,0.307637,0.512513,-0.039160,0.011527,0.857709
1677108217,343725388,0.355153,0.571678,0.305957,0.513076,-0.039171,0.012826,0.857353
1677108217,353831551,0.355468,0.572140,0.304408,0.512514,-0.039170,0.014807,0.857657
1677108217,363990385,0.355785,0.572901,0.302731,0.513456,-0.039324,0.016805,0.857049
1677108217,373831864,0.355910,0.573361,0.301170,0.513319,-0.039560,0.017431,0.857109
1677108217,384035732,0.356118,0.573904,0.299574,0.513705,-0.039178,0.019314,0.856854
1677108217,393990199,0.356238,0.574443,0.298014,0.514383,-0.039115,0.020245,0.856429
1677108217,403922234,0.356522,0.575037,0.296544,0.515534,-0.039804,0.022139,0.855658
1677108217,414251864,0.356730,0.575443,0.295102,0.515876,-0.039793,0.023321,0.855421
1677108217,424344388,0.357107,0.575961,0.293670,0.516721,-0.039986,0.025159,0.854850
1677108217,433953490,0.357350,0.576477,0.292218,0.517690,-0.039814,0.025719,0.854254
1677108217,443701321,0.357571,0.577559,0.290393,0.519923,-0.036963,0.027063,0.852984
1677108217,454093288,0.357985,0.577676,0.289212,0.519051,-0.038689,0.027099,0.853437
1677108217,464669135,0.358254,0.578038,0.287905,0.518854,-0.039154,0.027063,0.853537
1677108217,473612135,0.358742,0.578668,0.286507,0.519515,-0.039645,0.028164,0.853077
1677108217,483260291,0.359129,0.579290,0.285015,0.520149,-0.039734,0.028859,0.852662
1677108217,493743312,0.359400,0.579671,0.283648,0.519632,-0.039968,0.028730,0.852971
1677108217,503439767,0.359879,0.580113,0.282306,0.519781,-0.041504,0.029090,0.852795
1677108217,513777386,0.360198,0.580985,0.280664,0.521015,-0.037667,0.030844,0.852158
1677108217,523638698,0.360569,0.581505,0.279285,0.521403,-0.037131,0.030976,0.851939
1677108217,533621357,0.361015,0.582016,0.277915,0.521739,-0.036196,0.031345,0.851760
1677108217,543025882,0.361143,0.582654,0.276469,0.522686,-0.032359,0.031638,0.851323
1677108217,553505917,0.362059,0.583178,0.275226,0.523751,-0.034917,0.031489,0.850573
1677108217,563913682,0.362507,0.583542,0.273978,0.524208,-0.033958,0.030904,0.850352
1677108217,574291138,0.363089,0.584088,0.272701,0.525526,-0.032900,0.031115,0.849572
1677108217,584401928,0.363582,0.584575,0.271452,0.526760,-0.032269,0.030568,0.848851
1677108217,593940248,0.364095,0.585027,0.270264,0.527667,-0.032334,0.030027,0.848305
1677108217,604509974,0.364664,0.585408,0.269126,0.527556,-0.031769,0.030501,0.848378
1677108217,614523287,0.364964,0.586153,0.267739,0.528661,-0.028699,0.031132,0.847776
1677108217,624097829,0.365478,0.586708,0.266603,0.529310,-0.029964,0.030737,0.847342
1677108217,634658294,0.365885,0.587201,0.265507,0.529193,-0.030002,0.030642,0.847417
1677108217,644115465,0.366199,0.587823,0.264331,0.529326,-0.029515,0.030437,0.847358
1677108217,654065975,0.366491,0.588466,0.263219,0.529238,-0.029291,0.030639,0.847414
1677108217,663682318,0.366824,0.589090,0.262063,0.528744,-0.028629,0.031289,0.847721
1677108217,674197992,0.367237,0.589672,0.260972,0.528309,-0.028869,0.032252,0.847948
1677108217,684070560,0.367424,0.590390,0.259866,0.528923,-0.029208,0.031624,0.847577
1677108217,693947923,0.367721,0.590946,0.258787,0.528998,-0.028427,0.032171,0.847536
1677108217,703953671,0.368154,0.591432,0.257841,0.528782,-0.028458,0.033327,0.847626
1677108217,714317474,0.368437,0.592053,0.256801,0.529461,-0.028224,0.033361,0.847208
1677108217,724088345,0.368785,0.592629,0.255783,0.529448,-0.027384,0.034204,0.847210
1677108217,734823961,0.369243,0.593821,0.254439,0.532761,-0.021775,0.037200,0.845167
1677108217,743748076,0.369573,0.594292,0.253527,0.532550,-0.022266,0.037421,0.845278
1677108217,753800983,0.369842,0.594782,0.252619,0.531945,-0.022272,0.037709,0.845645
1677108217,763358480,0.370086,0.595333,0.251641,0.531268,-0.022902,0.037782,0.846051
1677108217,774393217,0.370352,0.595825,0.250661,0.530680,-0.022797,0.038426,0.846394
1677108217,784040403,0.370539,0.596561,0.249505,0.530816,-0.021820,0.039280,0.846295
1677108217,793889960,0.370787,0.597305,0.248397,0.531009,-0.021973,0.039695,0.846150
1677108217,803982694,0.371118,0.598176,0.247224,0.531240,-0.022152,0.040788,0.845949
1677108217,814000604,0.371425,0.598996,0.246091,0.531012,-0.021656,0.042309,0.846030
1677108217,823780302,0.371825,0.599650,0.245010,0.529588,-0.022853,0.042768,0.846868
1677108217,834062700,0.372173,0.600721,0.243793,0.530794,-0.022254,0.044381,0.846045
1677108217,844139992,0.372380,0.601582,0.242649,0.530925,-0.021137,0.045240,0.845947
1677108217,853989010,0.372687,0.602357,0.241559,0.530876,-0.020382,0.046119,0.845948
1677108217,863599726,0.372962,0.603334,0.240420,0.531897,-0.019741,0.046421,0.845305
1677108217,873407587,0.373325,0.604275,0.239292,0.532124,-0.018147,0.047818,0.845120
1677108217,883801694,0.373554,0.604891,0.238320,0.531772,-0.016908,0.048038,0.845355
1677108217,893384269,0.373938,0.605785,0.237256,0.532779,-0.016120,0.048948,0.844684
1677108217,903991836,0.374227,0.606515,0.236237,0.532686,-0.015420,0.049098,0.844747
1677108217,913934309,0.374654,0.607525,0.235156,0.533650,-0.014480,0.050311,0.844084
1677108217,923543730,0.375023,0.608380,0.234103,0.533565,-0.013891,0.050662,0.844126
1677108217,933756339,0.375403,0.609394,0.233026,0.533653,-0.012802,0.051416,0.844042
1677108217,943789149,0.375732,0.610440,0.231915,0.533450,-0.011201,0.052022,0.844156
1677108217,953261784,0.376219,0.611477,0.230856,0.533148,-0.010924,0.052615,0.844314
1677108217,964215920,0.376449,0.612511,0.229758,0.533128,-0.009416,0.052142,0.844374
1677108217,974151820,0.377004,0.613511,0.228752,0.532624,-0.008967,0.052723,0.844661
1677108217,983936885,0.377377,0.614547,0.227747,0.532667,-0.007297,0.053207,0.844619
1677108217,993511723,0.377747,0.615434,0.226807,0.531824,-0.005803,0.053440,0.845147
1677108218,4023203,0.378133,0.616645,0.225780,0.532746,-0.005031,0.053990,0.844536
1677108218,13771598,0.378420,0.617686,0.224821,0.532805,-0.003843,0.054791,0.844454
1677108218,23973298,0.378628,0.618486,0.223969,0.531728,-0.002648,0.055637,0.845082
1677108218,34060994,0.378884,0.619627,0.223001,0.532524,-0.002020,0.057243,0.844474
1677108218,43780425,0.379014,0.620647,0.222086,0.532907,-0.001714,0.058517,0.844146
1677108218,53590835,0.379084,0.621724,0.221185,0.533720,-0.001152,0.060293,0.843508
1677108218,63808439,0.379077,0.622486,0.220424,0.533341,-0.000666,0.061844,0.843636
1677108218,73502989,0.379118,0.623509,0.219573,0.534136,-0.000184,0.063802,0.842988
1677108218,84108950,0.379106,0.624359,0.218797,0.533902,0.000473,0.065571,0.843000
1677108218,93416303,0.379189,0.625451,0.217970,0.534490,0.000587,0.067128,0.842505
1677108218,103638091,0.379306,0.626494,0.217131,0.534408,0.001213,0.068799,0.842421
1677108218,113813836,0.379361,0.627550,0.216247,0.534396,0.001771,0.069710,0.842353
1677108218,124072993,0.379481,0.628564,0.215340,0.534146,0.002316,0.070882,0.842413
1677108218,134150780,0.379668,0.629585,0.214498,0.533968,0.002414,0.071679,0.842458
1677108218,143764958,0.379826,0.630435,0.213637,0.533236,0.002964,0.072103,0.842883
1677108218,153649668,0.380030,0.631571,0.212695,0.533768,0.003616,0.072960,0.842470
1677108218,163862471,0.380288,0.632509,0.211821,0.533111,0.004345,0.074130,0.842780
1677108218,173926735,0.380456,0.633488,0.210924,0.532402,0.005239,0.074487,0.843192
1677108218,184580588,0.380606,0.634506,0.209973,0.531894,0.006315,0.075254,0.843437
1677108218,193577844,0.380755,0.635685,0.208974,0.532210,0.007162,0.075974,0.843166
1677108218,204068941,0.380929,0.636772,0.207980,0.532132,0.007799,0.076830,0.843132
1677108218,213897027,0.381098,0.637793,0.206997,0.531840,0.008287,0.077871,0.843216
1677108218,223906615,0.381119,0.638724,0.205995,0.531101,0.009295,0.078454,0.843617
1677108218,234001296,0.381203,0.639687,0.204977,0.530516,0.010697,0.080067,0.843817
1677108218,243701584,0.381418,0.640729,0.203967,0.530489,0.011062,0.081396,0.843703
1677108218,253817101,0.381506,0.641672,0.202979,0.529995,0.011804,0.081972,0.843947
1677108218,263772857,0.381654,0.642492,0.201982,0.529168,0.012637,0.082649,0.844388
1677108218,274208439,0.381925,0.643361,0.200968,0.528632,0.012762,0.083089,0.844678
1677108218,284119020,0.382071,0.644332,0.199911,0.528489,0.013429,0.082554,0.844810
1677108218,293727029,0.382514,0.645276,0.198928,0.527496,0.013695,0.083410,0.845342
1677108218,303558653,0.382778,0.646207,0.197896,0.526720,0.014823,0.083324,0.845815
1677108218,314054708,0.383212,0.647155,0.196929,0.526151,0.015113,0.083411,0.846156
1677108218,324072175,0.383442,0.647864,0.196059,0.524820,0.016614,0.082604,0.847033
1677108218,334066436,0.383760,0.648721,0.195180,0.524702,0.017404,0.081871,0.847161
1677108218,343595159,0.384100,0.649430,0.194406,0.524204,0.018538,0.081334,0.847497
1677108218,354147365,0.384495,0.650139,0.193700,0.523853,0.019745,0.081956,0.847627
1677108218,363464927,0.384854,0.650933,0.192969,0.523995,0.020582,0.081931,0.847521
1677108218,373861053,0.384994,0.651562,0.192343,0.523361,0.022147,0.081595,0.847906
1677108218,384236448,0.385311,0.652279,0.191701,0.523038,0.022319,0.082120,0.848050
1677108218,393594923,0.385563,0.652865,0.191134,0.522052,0.022670,0.082915,0.848571
1677108218,403591742,0.385690,0.653476,0.190534,0.521461,0.023411,0.083838,0.848824
1677108218,413487845,0.385640,0.654062,0.189979,0.521113,0.024122,0.084083,0.848993
1677108218,423991357,0.385564,0.654612,0.189453,0.520995,0.024528,0.084206,0.849042
1677108218,433429543,0.385571,0.655198,0.188997,0.521132,0.025373,0.085666,0.848787
1677108218,444272672,0.385640,0.655662,0.188565,0.520959,0.025209,0.087109,0.848751
1677108218,453985637,0.385550,0.656079,0.188163,0.520769,0.025508,0.087867,0.848781
1677108218,464159365,0.385530,0.656616,0.187743,0.521163,0.025167,0.089207,0.848409
1677108218,473597358,0.385514,0.656997,0.187340,0.520775,0.025277,0.090219,0.848537
1677108218,484256987,0.385528,0.657461,0.186915,0.520588,0.025353,0.091433,0.848519
1677108218,494006170,0.385486,0.658013,0.186431,0.520965,0.025541,0.091939,0.848228
1677108218,504122603,0.385571,0.658447,0.185990,0.520632,0.025293,0.092648,0.848363
1677108218,513812923,0.385604,0.658933,0.185485,0.520382,0.025753,0.093182,0.848444
1677108218,524121819,0.385587,0.659495,0.184951,0.520565,0.026234,0.093208,0.848314
1677108218,533298674,0.385574,0.659918,0.184462,0.519925,0.026838,0.093493,0.848656
1677108218,544670085,0.385661,0.660457,0.183947,0.519897,0.026974,0.094204,0.848590
1677108218,553862525,0.385687,0.660874,0.183465,0.519400,0.027493,0.095032,0.848785
1677108218,564027578,0.385614,0.661225,0.182977,0.518796,0.027906,0.095407,0.849099
1677108218,574526679,0.385596,0.661784,0.182435,0.519498,0.027942,0.096540,0.848541
1677108218,584551872,0.385526,0.662210,0.181940,0.519511,0.028469,0.097758,0.848376
1677108218,593816232,0.385302,0.662580,0.181453,0.519358,0.028657,0.098176,0.848415
1677108218,603749181,0.385309,0.663050,0.180915,0.519239,0.028168,0.100309,0.848254
1677108218,614194564,0.385114,0.663464,0.180365,0.518735,0.028400,0.101303,0.848437
1677108218,624545947,0.384834,0.664046,0.179730,0.519024,0.028720,0.102320,0.848128
1677108218,633980920,0.384650,0.664546,0.179145,0.518539,0.029349,0.103908,0.848210
1677108218,644272337,0.384538,0.664925,0.178667,0.517388,0.028928,0.105032,0.848788
1677108218,653490133,0.384466,0.665514,0.178078,0.517171,0.029176,0.106683,0.848706
1677108218,664027344,0.384343,0.665901,0.177508,0.515937,0.028902,0.107616,0.849349
1677108218,673723700,0.384119,0.666454,0.176938,0.516004,0.029083,0.108309,0.849213
1677108218,683832226,0.383965,0.666737,0.176508,0.515144,0.029331,0.108410,0.849714
1677108218,693458081,0.384035,0.667176,0.176150,0.515208,0.029957,0.110266,0.849415
1677108218,704007535,0.384025,0.667534,0.175851,0.515481,0.029514,0.110545,0.849228
1677108218,713766556,0.383990,0.667993,0.175513,0.516178,0.029711,0.110970,0.848742
1677108218,724302912,0.383967,0.668370,0.175197,0.516195,0.029376,0.111272,0.848704
1677108218,733150114,0.383937,0.668728,0.174866,0.515915,0.029643,0.111858,0.848788
1677108218,743379977,0.383861,0.669091,0.174467,0.515725,0.029686,0.111978,0.848886
1677108218,753962774,0.383853,0.669348,0.174078,0.514891,0.029905,0.112275,0.849345
1677108218,763426297,0.383907,0.669783,0.173625,0.514984,0.029764,0.112255,0.849296
1677108218,773860625,0.384043,0.670143,0.173284,0.515391,0.029874,0.112214,0.849051
1677108218,783232315,0.384162,0.670217,0.173192,0.517308,0.030335,0.111571,0.847953
1677108218,793394760,0.384432,0.670048,0.173311,0.519045,0.030616,0.111772,0.846854
1677108218,803652745,0.384594,0.670110,0.173235,0.521202,0.030608,0.111319,0.845588
1677108218,813825279,0.384619,0.670257,0.172999,0.522216,0.030960,0.110629,0.845040
1677108218,824446951,0.384762,0.670474,0.172765,0.523217,0.030514,0.110607,0.844440
1677108218,834132481,0.384800,0.670629,0.172601,0.524945,0.030770,0.110635,0.843354
1677108218,844177474,0.384941,0.670531,0.172522,0.526353,0.030706,0.111287,0.842393
1677108218,853532954,0.384847,0.670715,0.172299,0.529036,0.030842,0.110937,0.840751
1677108218,864070783,0.384835,0.670929,0.172025,0.531651,0.030861,0.111462,0.839030
1677108218,873568584,0.384795,0.670950,0.171785,0.533363,0.030882,0.111826,0.837893
1677108218,883394384,0.384901,0.670946,0.171558,0.535649,0.029577,0.112032,0.836454
1677108218,893330928,0.384939,0.670989,0.171312,0.538671,0.029365,0.112046,0.834516
1677108218,903916170,0.384916,0.671006,0.171059,0.541785,0.029291,0.111223,0.832611
1677108218,914304813,0.385057,0.671275,0.170797,0.545446,0.029178,0.110877,0.830267
1677108218,924152660,0.385121,0.671430,0.170513,0.548130,0.030339,0.109911,0.828585
1677108218,934038293,0.385237,0.671917,0.170139,0.551627,0.031299,0.108659,0.826390
1677108218,943708609,0.385440,0.672227,0.169768,0.553994,0.032372,0.107621,0.824900
1677108218,953930605,0.385708,0.672635,0.169428,0.556658,0.032835,0.106340,0.823253
1677108218,964067123,0.385872,0.672957,0.169149,0.559340,0.033308,0.104613,0.821636
1677108218,973939221,0.386072,0.673323,0.168849,0.562668,0.033334,0.103294,0.819527
1677108218,984067202,0.386236,0.673711,0.168377,0.566155,0.033397,0.102243,0.817251
1677108218,993741657,0.386271,0.673829,0.167783,0.569052,0.033639,0.100881,0.815397
1677108219,3750580,0.386377,0.673907,0.167139,0.572673,0.032691,0.099772,0.813033
1677108219,13730903,0.386461,0.673748,0.166662,0.577628,0.032142,0.098431,0.809707
1677108219,24022932,0.386624,0.673591,0.166119,0.583529,0.031767,0.096562,0.805705
1677108219,33981310,0.386700,0.673504,0.165474,0.588307,0.032311,0.094379,0.802461
1677108219,44143361,0.387000,0.673635,0.164715,0.591669,0.032559,0.092373,0.800209
1677108219,54154426,0.387267,0.674023,0.163995,0.595418,0.033366,0.089593,0.797707
1677108219,63260623,0.387555,0.674391,0.163474,0.599312,0.034224,0.086524,0.795090
1677108219,73106931,0.387914,0.674747,0.163123,0.602763,0.034965,0.083691,0.792748
1677108219,83103487,0.388187,0.675137,0.162817,0.605814,0.034828,0.080379,0.790769
1677108219,93383454,0.388517,0.675740,0.162469,0.608950,0.034170,0.078091,0.788615
1677108219,103963567,0.388697,0.676280,0.162122,0.611147,0.033579,0.075552,0.787187
1677108219,114299412,0.388907,0.676792,0.161858,0.612597,0.032716,0.073328,0.786306
1677108219,124227746,0.389233,0.677580,0.161574,0.614990,0.031459,0.070888,0.784711
1677108219,134161281,0.389570,0.678228,0.161356,0.616739,0.030449,0.067272,0.783697
1677108219,143599286,0.390126,0.678822,0.161227,0.617914,0.029801,0.063773,0.783088
1677108219,154168904,0.390854,0.679633,0.161083,0.619588,0.029290,0.060059,0.782078
1677108219,164112877,0.391395,0.680395,0.161056,0.620309,0.029670,0.054788,0.781879
1677108219,174444090,0.392342,0.681522,0.161057,0.621161,0.028642,0.050002,0.781561
1677108219,184526542,0.393353,0.682871,0.161037,0.621708,0.027872,0.044204,0.781504
1677108219,193583138,0.394419,0.684375,0.160948,0.622250,0.028015,0.037822,0.781402
1677108219,204297963,0.395608,0.685711,0.160887,0.622562,0.028778,0.031962,0.781388
1677108219,213686698,0.396653,0.686819,0.160830,0.623092,0.030216,0.025712,0.781142
1677108219,223934323,0.397771,0.688033,0.160678,0.624436,0.030919,0.020144,0.780204
1677108219,233717884,0.398647,0.688884,0.160486,0.624663,0.032645,0.014801,0.780071
1677108219,244322767,0.399574,0.689999,0.160248,0.626789,0.033443,0.010337,0.778402
1677108219,253641539,0.400601,0.690707,0.160027,0.627973,0.032862,0.007022,0.777509
1677108219,263021744,0.401197,0.691337,0.159795,0.629560,0.033672,0.003432,0.776214
1677108219,273372720,0.401894,0.692027,0.159556,0.631845,0.033404,0.000294,0.774375
1677108219,283546146,0.402403,0.692506,0.159317,0.633214,0.033804,-0.002374,0.773235
1677108219,293860550,0.402869,0.693145,0.159032,0.634849,0.033539,-0.005263,0.771890
1677108219,304379712,0.403465,0.693683,0.158778,0.636124,0.032724,-0.006760,0.770863
1677108219,313679667,0.403766,0.694341,0.158572,0.638358,0.032479,-0.009042,0.769001
1677108219,323839072,0.404151,0.694928,0.158364,0.640107,0.032223,-0.009972,0.767545
1677108219,333204543,0.404192,0.695475,0.158137,0.641512,0.032890,-0.011610,0.766319
1677108219,343803611,0.404340,0.695926,0.157837,0.642378,0.032727,-0.012310,0.765590
1677108219,353670598,0.404412,0.696558,0.157508,0.644661,0.032302,-0.012196,0.763688
1677108219,363370347,0.404358,0.696782,0.157195,0.646180,0.031734,-0.011619,0.762436
1677108219,373641256,0.404036,0.696961,0.156900,0.647634,0.032280,-0.011110,0.761186
1677108219,383326249,0.403914,0.697487,0.156623,0.650030,0.030966,-0.009560,0.759217
1677108219,393257421,0.403596,0.697755,0.156409,0.650878,0.030118,-0.008422,0.758538
1677108219,404068568,0.403332,0.698141,0.156295,0.652358,0.028413,-0.006686,0.757349
1677108219,413939204,0.402882,0.698256,0.156255,0.653545,0.027127,-0.005427,0.756382
1677108219,423148282,0.402642,0.698400,0.156265,0.654758,0.024773,-0.003901,0.755422
1677108219,433205439,0.402359,0.698549,0.156260,0.656270,0.022561,-0.002697,0.754184
1677108219,443770718,0.401963,0.698479,0.156349,0.658473,0.021471,-0.002354,0.752295
1677108219,453723437,0.401751,0.698052,0.156501,0.661132,0.019968,-0.001761,0.750002
1677108219,463459016,0.401653,0.697683,0.156616,0.664228,0.018348,-0.002203,0.747302
1677108219,473666607,0.401649,0.697273,0.156615,0.665385,0.017758,-0.002989,0.746284
1677108219,483639334,0.401818,0.697230,0.156525,0.666956,0.017069,-0.004566,0.744888
1677108219,493369729,0.402121,0.696858,0.156428,0.666950,0.017727,-0.006038,0.744867
1677108219,504543198,0.402545,0.696684,0.156335,0.668442,0.017932,-0.008460,0.743500
1677108219,513749012,0.403039,0.696409,0.156261,0.670130,0.018478,-0.011498,0.741924
1677108219,523607312,0.403560,0.695932,0.156130,0.671061,0.018978,-0.015348,0.741000
1677108219,534182345,0.404305,0.695317,0.155969,0.672166,0.019052,-0.018204,0.739932
1677108219,543926630,0.404904,0.694891,0.155799,0.674914,0.019727,-0.021793,0.737310
1677108219,554162933,0.405358,0.694060,0.155637,0.676807,0.020676,-0.026061,0.735409
1677108219,564121868,0.405933,0.693286,0.155449,0.679497,0.020932,-0.029180,0.732799
1677108219,574116778,0.406301,0.692525,0.155168,0.682159,0.021798,-0.032173,0.730170
1677108219,584450592,0.406573,0.691671,0.154829,0.684610,0.022217,-0.034877,0.727735
1677108219,594625262,0.406765,0.690750,0.154481,0.686902,0.022801,-0.037152,0.725442
1677108219,604050993,0.406969,0.689997,0.154185,0.689971,0.022506,-0.039174,0.722426
1677108219,614005328,0.407169,0.689215,0.153911,0.693095,0.022116,-0.040659,0.719358
1677108219,623656446,0.407319,0.688340,0.153694,0.695281,0.022516,-0.041807,0.717167
1677108219,633991218,0.407291,0.687655,0.153600,0.697481,0.023417,-0.043830,0.714878
1677108219,643421379,0.407505,0.687187,0.153539,0.699940,0.023663,-0.044404,0.712427
1677108219,653941747,0.407630,0.686617,0.153506,0.701433,0.023783,-0.045357,0.710893
1677108219,664001504,0.407716,0.686096,0.153445,0.702860,0.024005,-0.045966,0.709435
1677108219,673511470,0.407589,0.685527,0.153463,0.704202,0.024840,-0.047035,0.708005
1677108219,683669907,0.407764,0.684976,0.153443,0.706093,0.023957,-0.046725,0.706170
1677108219,694010579,0.407780,0.684542,0.153472,0.708458,0.023996,-0.046705,0.703797
1677108219,703725169,0.407824,0.683905,0.153467,0.710039,0.023886,-0.046592,0.702213
1677108219,713889149,0.407844,0.683577,0.153445,0.712289,0.023506,-0.047153,0.699906
1677108219,723767894,0.407842,0.683036,0.153361,0.712879,0.023563,-0.047808,0.699258
1677108219,733803135,0.408029,0.682803,0.153243,0.713991,0.022843,-0.047896,0.698141
1677108219,744300740,0.408066,0.682628,0.153123,0.715125,0.022830,-0.048379,0.696947
1677108219,753421711,0.408045,0.682335,0.152966,0.715970,0.023092,-0.049109,0.696019
1677108219,763985390,0.408221,0.682064,0.152836,0.717194,0.022005,-0.049087,0.694794
1677108219,774034086,0.408164,0.681644,0.152690,0.717824,0.022114,-0.049618,0.694102
1677108219,784063861,0.408328,0.681214,0.152527,0.718410,0.021227,-0.048937,0.693572
1677108219,794011140,0.408287,0.681124,0.152383,0.719697,0.021055,-0.049345,0.692212
1677108219,803756450,0.408237,0.680750,0.152123,0.720022,0.021094,-0.049307,0.691875
1677108219,813409528,0.408257,0.680639,0.151924,0.721475,0.020638,-0.049083,0.690390
1677108219,823910643,0.408272,0.680125,0.151711,0.721600,0.020457,-0.048701,0.690292
1677108219,833340441,0.408444,0.679959,0.151560,0.723221,0.019170,-0.048710,0.688630
1677108219,843432418,0.408407,0.679750,0.151397,0.724318,0.019232,-0.049470,0.687420
1677108219,853448086,0.408551,0.679517,0.151249,0.724959,0.018860,-0.049488,0.686753
1677108219,863928069,0.408658,0.679319,0.151120,0.725313,0.018809,-0.049736,0.686363
1677108219,874252721,0.408670,0.679151,0.150978,0.725339,0.019622,-0.050225,0.686277
1677108219,883890658,0.408763,0.679027,0.150918,0.725700,0.019244,-0.051117,0.685840
1677108219,893492534,0.408833,0.678854,0.150896,0.726366,0.019350,-0.051200,0.685125
1677108219,903423527,0.408942,0.678705,0.150891,0.727658,0.018681,-0.051221,0.683769
1677108219,913982770,0.408855,0.678288,0.150939,0.728088,0.018365,-0.051502,0.683299
1677108219,923760955,0.408878,0.677993,0.151043,0.729494,0.017635,-0.051278,0.681834
1677108219,933810696,0.408810,0.677614,0.151154,0.730668,0.017442,-0.050892,0.680610
1677108219,943824449,0.408722,0.677348,0.151312,0.731620,0.017655,-0.050701,0.679596
1677108219,953463618,0.408642,0.677328,0.151467,0.732596,0.017611,-0.051206,0.678507
1677108219,964212029,0.408649,0.677302,0.151613,0.732659,0.017633,-0.051059,0.678448
1677108219,973981283,0.408666,0.677286,0.151726,0.732436,0.017702,-0.050994,0.678692
1677108219,984359679,0.408719,0.677232,0.151839,0.732318,0.017454,-0.050679,0.678850
1677108219,993771750,0.408581,0.677234,0.151955,0.732188,0.017370,-0.051393,0.678939
1677108220,3750375,0.408558,0.677215,0.152142,0.732526,0.016975,-0.050949,0.678617
1677108220,13781738,0.408498,0.677163,0.152353,0.733028,0.016572,-0.050549,0.678115
1677108220,23723144,0.408377,0.677079,0.152602,0.733603,0.016315,-0.049731,0.677560
1677108220,33831575,0.408257,0.677062,0.152844,0.734186,0.015696,-0.049419,0.676966
1677108220,44185931,0.408098,0.677102,0.153091,0.734542,0.015095,-0.049045,0.676621
1677108220,53609918,0.407903,0.677031,0.153231,0.734113,0.014934,-0.048276,0.677144
1677108220,63592742,0.407727,0.676857,0.153338,0.733359,0.014272,-0.047721,0.678015
1677108220,73786133,0.407543,0.676831,0.153477,0.733574,0.013337,-0.047340,0.677828
1677108220,83903561,0.407439,0.676844,0.153644,0.734413,0.011885,-0.047022,0.676968
1677108220,93823212,0.407280,0.676486,0.153802,0.734427,0.011577,-0.046021,0.677027
1677108220,104197278,0.407061,0.676192,0.154007,0.734981,0.011297,-0.045884,0.676439
1677108220,113570043,0.407036,0.675843,0.154178,0.735511,0.010514,-0.045242,0.675919
1677108220,123660477,0.407020,0.675619,0.154360,0.736655,0.009907,-0.045059,0.674693
1677108220,133254556,0.407028,0.675350,0.154555,0.737544,0.009392,-0.045097,0.673726
1677108220,143438795,0.406967,0.674841,0.154695,0.737606,0.009791,-0.045107,0.673652
1677108220,153543265,0.406976,0.674530,0.154841,0.738311,0.009936,-0.045244,0.672867
1677108220,163834488,0.407045,0.674284,0.155002,0.739261,0.009792,-0.045539,0.671806
1677108220,173769013,0.407087,0.673919,0.155138,0.739614,0.009534,-0.046196,0.671376
1677108220,184023271,0.407081,0.673659,0.155323,0.740393,0.009932,-0.046570,0.670485
1677108220,193917121,0.407170,0.673164,0.155478,0.740363,0.009834,-0.046731,0.670509
1677108220,203923611,0.407292,0.672945,0.155695,0.741305,0.009494,-0.046984,0.669455
1677108220,213831058,0.407211,0.672445,0.155915,0.741130,0.010248,-0.047222,0.669620
1677108220,223821888,0.407175,0.672192,0.156188,0.741641,0.010417,-0.047385,0.669041
1677108220,233355601,0.407339,0.672031,0.156506,0.742357,0.009674,-0.046686,0.668306
1677108220,243635138,0.407233,0.671760,0.156827,0.742580,0.009438,-0.047170,0.668027
1677108220,253703600,0.407224,0.671608,0.157219,0.743491,0.008482,-0.046964,0.667041
1677108220,263249917,0.407055,0.671319,0.157623,0.744069,0.008441,-0.046574,0.666424
1677108220,273434132,0.406985,0.671200,0.158108,0.745238,0.007661,-0.046281,0.665147
1677108220,284108752,0.406830,0.671001,0.158599,0.745807,0.007411,-0.045736,0.664549
1677108220,293672526,0.406707,0.670835,0.159147,0.745988,0.007208,-0.045138,0.664389
1677108220,304865780,0.406633,0.670831,0.159744,0.746244,0.006099,-0.044973,0.664124
1677108220,313742315,0.406526,0.670706,0.160332,0.745909,0.005566,-0.044074,0.664564
1677108220,323513078,0.406347,0.670826,0.161000,0.746462,0.004928,-0.043521,0.663985
1677108220,333690438,0.406217,0.670665,0.161678,0.746772,0.003789,-0.042418,0.663715
1677108220,343929302,0.406004,0.670461,0.162388,0.747141,0.002850,-0.041488,0.663363
1677108220,354436291,0.405782,0.670209,0.163178,0.747670,0.002244,-0.040310,0.662842
1677108220,363467282,0.405638,0.670005,0.164009,0.748469,0.001136,-0.039083,0.662016
1677108220,374235968,0.405457,0.669933,0.164926,0.749345,0.000304,-0.038438,0.661063
1677108220,383381109,0.405361,0.669872,0.165832,0.750128,-0.000496,-0.037144,0.660248
1677108220,393003748,0.405191,0.669662,0.166703,0.749860,-0.001197,-0.036765,0.660574
1677108220,403540414,0.405094,0.669538,0.167632,0.749980,-0.001434,-0.035631,0.660499
1677108220,413738348,0.404971,0.669411,0.168646,0.750482,-0.002056,-0.035397,0.659939
1677108220,424152413,0.404902,0.669157,0.169655,0.750726,-0.002545,-0.034506,0.659708
1677108220,434225643,0.404818,0.669004,0.170726,0.751835,-0.003030,-0.034064,0.658464
1677108220,443643281,0.404684,0.668817,0.171824,0.752854,-0.002772,-0.033108,0.657349
1677108220,453340571,0.404609,0.668466,0.172939,0.753576,-0.003489,-0.032952,0.656526
1677108220,463560439,0.404566,0.668140,0.174123,0.754380,-0.003666,-0.032264,0.655634
1677108220,473452341,0.404491,0.667917,0.175322,0.755533,-0.003915,-0.032581,0.654289
1677108220,483474495,0.404614,0.667600,0.176591,0.756459,-0.004377,-0.031719,0.653257
1677108220,493657527,0.404622,0.667337,0.177873,0.757441,-0.004264,-0.031740,0.652118
1677108220,503475587,0.404685,0.667119,0.179210,0.758528,-0.003958,-0.031404,0.650871
1677108220,513738023,0.404861,0.666813,0.180511,0.758999,-0.004355,-0.031370,0.650321
1677108220,523618643,0.404956,0.666518,0.181832,0.759371,-0.004201,-0.031289,0.649892
1677108220,534001591,0.404940,0.666331,0.183181,0.759801,-0.003487,-0.031625,0.649377
1677108220,544054317,0.405117,0.666183,0.184532,0.760168,-0.004095,-0.031334,0.648957
1677108220,553742532,0.405133,0.666005,0.185920,0.760375,-0.003909,-0.031176,0.648724
1677108220,563595424,0.405212,0.665883,0.187306,0.760762,-0.004269,-0.030330,0.648308
1677108220,573512900,0.405186,0.665656,0.188681,0.760720,-0.004359,-0.030049,0.648370
1677108220,583203206,0.405252,0.665473,0.190169,0.761311,-0.005436,-0.029300,0.647702
1677108220,593768559,0.405217,0.665319,0.191643,0.762138,-0.005843,-0.028615,0.646756
1677108220,603467087,0.405214,0.665033,0.193139,0.762796,-0.006608,-0.027853,0.646006
1677108220,613111575,0.405232,0.664661,0.194641,0.763284,-0.007040,-0.027010,0.645460
1677108220,623809735,0.405259,0.664366,0.196147,0.763971,-0.007403,-0.026503,0.644663
1677108220,634070214,0.405298,0.664043,0.197697,0.764585,-0.007938,-0.026819,0.643916
1677108220,643986965,0.405543,0.663584,0.199240,0.764956,-0.008869,-0.026611,0.643472
1677108220,653857502,0.405666,0.663325,0.200878,0.766565,-0.008771,-0.026747,0.641549
1677108220,664176807,0.405819,0.662722,0.202435,0.767082,-0.008906,-0.027645,0.640892
1677108220,673737737,0.406037,0.662233,0.204053,0.768496,-0.008469,-0.027964,0.639187
1677108220,683948245,0.406301,0.661572,0.205634,0.769530,-0.008216,-0.028617,0.637916
1677108220,693571734,0.406673,0.660978,0.207239,0.770694,-0.008324,-0.029285,0.636478
1677108220,703608275,0.406935,0.660505,0.208916,0.772168,-0.007202,-0.029996,0.634669
1677108220,714024396,0.407071,0.659731,0.210450,0.771916,-0.005735,-0.031105,0.634937
1677108220,723691989,0.407750,0.659568,0.212249,0.773679,-0.006863,-0.031131,0.632775
1677108220,733863570,0.407982,0.659008,0.213873,0.773635,-0.006111,-0.031716,0.632808
1677108220,743469490,0.408422,0.658707,0.215557,0.774354,-0.006191,-0.031120,0.631957
1677108220,753500806,0.408588,0.658379,0.217214,0.774682,-0.005509,-0.031507,0.631541
1677108220,763311153,0.408892,0.658221,0.218941,0.775312,-0.005763,-0.031556,0.630763
1677108220,773664722,0.409145,0.657988,0.220605,0.775562,-0.005755,-0.031168,0.630476
1677108220,784145455,0.409283,0.657872,0.222300,0.775848,-0.005063,-0.030607,0.630157
1677108220,793720327,0.409478,0.657070,0.223974,0.773994,-0.006471,-0.030611,0.632420
1677108220,803384047,0.409670,0.656726,0.225715,0.773925,-0.006936,-0.029944,0.632531
1677108220,813920484,0.410025,0.656383,0.227537,0.774017,-0.008383,-0.028529,0.632466
1677108220,824086418,0.410477,0.655654,0.229263,0.772989,-0.010160,-0.026067,0.633802
1677108220,833319510,0.410295,0.655528,0.231256,0.773726,-0.009937,-0.028393,0.632806
1677108220,843968278,0.410391,0.655210,0.233210,0.773738,-0.010149,-0.028120,0.632800
1677108220,853147922,0.410677,0.654965,0.235226,0.773732,-0.011142,-0.027208,0.632831
1677108220,864116118,0.410734,0.654527,0.237193,0.772770,-0.011245,-0.026696,0.634025
1677108220,873848431,0.411048,0.654460,0.239310,0.773175,-0.012704,-0.025366,0.633558
1677108220,884192185,0.411055,0.654265,0.241366,0.773123,-0.013150,-0.025060,0.633625
1677108220,893570569,0.410863,0.653908,0.243329,0.772239,-0.012199,-0.024374,0.634747
1677108220,903895618,0.410451,0.653540,0.245232,0.771508,-0.010384,-0.023991,0.635683
1677108220,914129886,0.411233,0.653382,0.247528,0.772787,-0.016518,-0.022616,0.634047
1677108220,923448739,0.411399,0.653068,0.249563,0.773107,-0.018103,-0.021236,0.633662
1677108220,933371966,0.411325,0.652716,0.251560,0.773443,-0.018681,-0.020932,0.633244
1677108220,943590468,0.411407,0.652229,0.253551,0.773835,-0.019387,-0.020112,0.632771
1677108220,954008402,0.411428,0.651874,0.255511,0.774478,-0.019850,-0.019836,0.631979
1677108220,963149455,0.411570,0.651692,0.257445,0.775300,-0.020041,-0.018926,0.630991
1677108220,973326589,0.411675,0.651274,0.259201,0.774803,-0.019916,-0.018682,0.631612
1677108220,984276974,0.411769,0.651185,0.260978,0.774593,-0.019049,-0.018225,0.631910
1677108220,994183329,0.412011,0.651181,0.262731,0.774287,-0.019174,-0.018060,0.632286
1677108221,3856992,0.412265,0.651331,0.264436,0.774001,-0.019379,-0.017759,0.632638
1677108221,13582502,0.412357,0.651391,0.266094,0.773453,-0.018782,-0.017554,0.633332
1677108221,23911108,0.412430,0.651387,0.267695,0.772838,-0.018620,-0.017167,0.634097
1677108221,33443840,0.412526,0.651396,0.269272,0.772480,-0.018647,-0.016387,0.634553
1677108221,43675772,0.412422,0.651504,0.270846,0.772823,-0.018629,-0.016677,0.634129
1677108221,53820025,0.412599,0.651351,0.272283,0.772172,-0.019782,-0.015568,0.634914
1677108221,63531712,0.412580,0.651459,0.273765,0.772273,-0.020004,-0.014984,0.634799
1677108221,73915287,0.412614,0.651442,0.275175,0.771736,-0.020251,-0.014083,0.635465
1677108221,84045058,0.412727,0.651649,0.276563,0.771579,-0.020748,-0.013308,0.635656
1677108221,94552833,0.412765,0.651706,0.277892,0.770983,-0.020644,-0.012584,0.636396
1677108221,104170624,0.412826,0.651922,0.279215,0.770786,-0.020543,-0.012087,0.636648
1677108221,113657903,0.412893,0.652118,0.280455,0.770472,-0.020128,-0.011779,0.637048
1677108221,123586913,0.413031,0.652276,0.281688,0.770027,-0.020064,-0.011404,0.637594
1677108221,134196557,0.413193,0.652528,0.282910,0.769921,-0.019905,-0.011131,0.637731
1677108221,143820439,0.413343,0.652779,0.284069,0.769748,-0.019661,-0.011056,0.637949
1677108221,153765464,0.413486,0.652932,0.285171,0.769142,-0.019171,-0.011091,0.638694
1677108221,163915333,0.413717,0.653139,0.286273,0.768945,-0.018839,-0.010640,0.638949
1677108221,173660901,0.413772,0.653360,0.287338,0.768940,-0.017905,-0.011150,0.638972
1677108221,183878131,0.414032,0.653524,0.288358,0.768916,-0.017974,-0.010858,0.639005
1677108221,193687806,0.414175,0.653857,0.289439,0.769606,-0.018111,-0.011440,0.638160
1677108221,203575284,0.414318,0.654163,0.290457,0.770012,-0.017805,-0.010895,0.637688
1677108221,213632912,0.414475,0.654719,0.291551,0.771234,-0.018173,-0.010722,0.636202
1677108221,223707806,0.414514,0.655161,0.292564,0.771896,-0.018756,-0.011171,0.635373
1677108221,233671315,0.414490,0.655650,0.293564,0.772605,-0.019298,-0.011041,0.634497
1677108221,243618405,0.414405,0.654011,0.294237,0.766395,-0.019532,-0.010155,0.641993
1677108221,253645402,0.414483,0.654263,0.295209,0.766871,-0.020787,-0.009279,0.641397
1677108221,263551984,0.414251,0.654328,0.296087,0.767077,-0.020747,-0.009001,0.641156
1677108221,273437042,0.413361,0.654761,0.297106,0.769528,-0.015107,-0.007677,0.638388
1677108221,283880764,0.413106,0.654720,0.297788,0.769347,-0.014779,-0.007343,0.638618
1677108221,293898673,0.412967,0.654970,0.298430,0.769954,-0.014632,-0.006318,0.637901
1677108221,304109274,0.412837,0.655043,0.298960,0.769502,-0.014859,-0.006191,0.638441
1677108221,314426979,0.412785,0.655196,0.299410,0.769146,-0.015023,-0.005454,0.638874
1677108221,323248806,0.412722,0.655304,0.299770,0.768486,-0.014895,-0.004859,0.639674
1677108221,334157927,0.412517,0.655494,0.300122,0.768510,-0.014522,-0.005424,0.639651
1677108221,343251779,0.412433,0.655581,0.300409,0.768367,-0.014737,-0.005848,0.639813
1677108221,353895810,0.412484,0.655476,0.300592,0.767955,-0.015136,-0.005668,0.640300
1677108221,363373609,0.412415,0.655466,0.300751,0.768064,-0.014416,-0.005586,0.640186
1677108221,374196406,0.412348,0.655487,0.300847,0.768111,-0.013536,-0.005744,0.640148
1677108221,383928916,0.412293,0.655478,0.300922,0.768129,-0.012739,-0.006174,0.640139
1677108221,393806154,0.412359,0.655581,0.300954,0.768111,-0.012151,-0.005944,0.640174
