secs,nsecs,tx,ty,tz,rx,ry,rz,rw
1677108542,701996719,0.264561,0.576525,0.548339,0.531724,-0.210369,-0.184422,0.799377
1677108542,713121667,0.264565,0.576594,0.548254,0.531772,-0.210611,-0.184063,0.799364
1677108542,722752551,0.264613,0.576588,0.548183,0.531800,-0.210555,-0.183681,0.799448
1677108542,731784851,0.264739,0.576598,0.548123,0.531978,-0.210307,-0.183537,0.799428
1677108542,742372920,0.265018,0.576604,0.548031,0.532431,-0.210087,-0.183285,0.799242
1677108542,752592720,0.265200,0.576667,0.547886,0.533146,-0.208833,-0.183497,0.799045
1677108542,762613291,0.265476,0.576582,0.547807,0.533109,-0.207899,-0.183656,0.799277
1677108542,772882022,0.265780,0.576488,0.547708,0.532904,-0.206939,-0.184220,0.799532
1677108542,782738415,0.266122,0.576531,0.547569,0.533344,-0.206193,-0.184835,0.799290
1677108542,792561268,0.266438,0.576407,0.547462,0.532968,-0.205518,-0.185551,0.799549
1677108542,802689986,0.266861,0.576397,0.547339,0.533189,-0.205483,-0.186059,0.799292
1677108542,812009149,0.267175,0.576203,0.547253,0.532573,-0.205185,-0.186608,0.799651
1677108542,822146060,0.267527,0.576190,0.547096,0.532835,-0.204849,-0.186905,0.799494
1677108542,832641158,0.267806,0.576165,0.546945,0.532977,-0.204354,-0.187257,0.799443
1677108542,842144188,0.268082,0.576132,0.546800,0.533083,-0.204310,-0.187686,0.799283
1677108542,852044846,0.268404,0.576112,0.546680,0.533612,-0.203962,-0.187288,0.799113
1677108542,862235483,0.268606,0.576068,0.546571,0.533711,-0.203350,-0.187201,0.799223
1677108542,872134863,0.268815,0.576100,0.546435,0.533729,-0.202788,-0.187174,0.799360
1677108542,881838010,0.269103,0.576197,0.546256,0.533975,-0.202657,-0.187010,0.799267
1677108542,892174592,0.269335,0.576286,0.546086,0.533748,-0.202167,-0.186917,0.799565
1677108542,902216528,0.269795,0.576557,0.545859,0.534128,-0.202879,-0.186640,0.799195
1677108542,912248917,0.270002,0.576671,0.545637,0.533368,-0.202178,-0.186505,0.799911
1677108542,921492371,0.270334,0.576897,0.545326,0.532946,-0.201650,-0.186122,0.800415
1677108542,932120415,0.270748,0.577156,0.544991,0.532530,-0.201562,-0.185724,0.800807
1677108542,942537627,0.270974,0.577381,0.544639,0.531635,-0.200663,-0.186053,0.801550
1677108542,952332398,0.271519,0.577715,0.544246,0.531718,-0.200702,-0.185660,0.801577
1677108542,962212017,0.271909,0.577918,0.543902,0.531232,-0.200237,-0.185676,0.802011
1677108542,972544721,0.272409,0.578119,0.543539,0.530906,-0.200443,-0.185721,0.802166
1677108542,982268402,0.272916,0.578401,0.543158,0.531205,-0.200020,-0.185543,0.802114
1677108542,992639175,0.273385,0.578509,0.542785,0.530717,-0.200429,-0.185690,0.802301
1677108543,2392604,0.273862,0.578700,0.542369,0.530632,-0.201067,-0.185688,0.802198
1677108543,12327250,0.273887,0.578758,0.541844,0.529087,-0.198863,-0.187015,0.803458
1677108543,22448557,0.274176,0.578786,0.541391,0.527622,-0.199180,-0.187340,0.804268
1677108543,32221383,0.274428,0.578910,0.540788,0.526472,-0.199074,-0.187500,0.805009
1677108543,42195484,0.274762,0.579057,0.540151,0.525406,-0.199566,-0.187380,0.805612
1677108543,52692934,0.275328,0.579658,0.539158,0.527037,-0.198288,-0.185860,0.805214
1677108543,62237469,0.275810,0.580017,0.538243,0.527018,-0.198241,-0.185069,0.805421
1677108543,71940417,0.276204,0.580276,0.537333,0.525965,-0.198146,-0.184880,0.806175
1677108543,82106722,0.276712,0.580524,0.536353,0.525145,-0.198038,-0.184245,0.806881
1677108543,92391083,0.277208,0.580859,0.535314,0.524851,-0.197776,-0.183971,0.807199
1677108543,102415505,0.277785,0.581256,0.534206,0.525193,-0.197630,-0.183751,0.807063
1677108543,112752902,0.278355,0.581447,0.533130,0.524667,-0.197488,-0.183090,0.807590
1677108543,122468002,0.278943,0.581828,0.531923,0.525149,-0.196614,-0.182373,0.807652
1677108543,132452369,0.279634,0.582261,0.530698,0.525775,-0.196288,-0.181890,0.807433
1677108543,142708529,0.280225,0.582449,0.529520,0.524814,-0.195929,-0.181715,0.808184
1677108543,152477343,0.280836,0.582777,0.528310,0.524575,-0.195543,-0.181876,0.808396
1677108543,162003567,0.281532,0.583055,0.527083,0.524255,-0.195274,-0.181694,0.808710
1677108543,172394997,0.282199,0.583299,0.525846,0.523911,-0.195146,-0.181798,0.808941
1677108543,182417544,0.282858,0.583709,0.524557,0.524549,-0.194590,-0.182085,0.808596
1677108543,192184821,0.283479,0.584138,0.523286,0.525298,-0.193883,-0.182213,0.808251
1677108543,202225211,0.284168,0.584368,0.522014,0.524975,-0.194181,-0.182597,0.808303
1677108543,212370773,0.284771,0.584625,0.520752,0.524806,-0.193760,-0.182688,0.808493
1677108543,222505664,0.285297,0.584904,0.519476,0.524936,-0.193272,-0.182615,0.808542
1677108543,232237412,0.285872,0.585067,0.518224,0.524470,-0.193488,-0.182122,0.808904
1677108543,241868039,0.286575,0.585687,0.516707,0.526434,-0.193661,-0.181709,0.807678
1677108543,252663715,0.287365,0.586043,0.515318,0.526553,-0.194045,-0.180201,0.807847
1677108543,262078860,0.287837,0.586561,0.513846,0.526690,-0.193278,-0.180244,0.807931
1677108543,272724710,0.288445,0.587049,0.512355,0.526561,-0.193111,-0.179749,0.808166
1677108543,281906202,0.288992,0.587369,0.510889,0.525715,-0.192308,-0.179223,0.809025
1677108543,292092112,0.289715,0.587723,0.509374,0.525451,-0.192607,-0.178675,0.809246
1677108543,302571892,0.290390,0.588116,0.507880,0.525581,-0.192252,-0.178334,0.809321
1677108543,312122820,0.290979,0.588473,0.506338,0.526027,-0.191230,-0.178481,0.809241
1677108543,322231926,0.291645,0.588770,0.504841,0.526587,-0.190704,-0.178583,0.808978
1677108543,331914931,0.292356,0.588958,0.503370,0.526593,-0.190110,-0.178486,0.809136
1677108543,341788730,0.293154,0.589218,0.501871,0.527076,-0.189642,-0.178307,0.808970
1677108543,351983126,0.293800,0.589573,0.500356,0.527564,-0.188435,-0.179148,0.808749
1677108543,362230065,0.294553,0.589740,0.498873,0.526962,-0.187807,-0.179578,0.809191
1677108543,372730071,0.295322,0.590049,0.497397,0.527041,-0.186494,-0.179812,0.809392
1677108543,382311963,0.296083,0.590404,0.495901,0.527269,-0.185688,-0.180578,0.809258
1677108543,392933474,0.296803,0.590602,0.494521,0.527009,-0.184797,-0.180940,0.809551
1677108543,402615150,0.297426,0.590741,0.493159,0.526517,-0.184631,-0.182367,0.809588
1677108543,412045442,0.297998,0.590955,0.491839,0.526592,-0.183817,-0.183343,0.809505
1677108543,422133938,0.298802,0.591178,0.490543,0.526995,-0.184152,-0.183252,0.809187
1677108543,432028964,0.299370,0.591444,0.489275,0.527299,-0.183936,-0.183785,0.808917
1677108543,442446488,0.299884,0.591670,0.488040,0.527111,-0.183408,-0.183859,0.809142
1677108543,452475374,0.300277,0.591878,0.486843,0.526635,-0.182848,-0.184084,0.809528
1677108543,461967968,0.300742,0.592218,0.485612,0.526925,-0.182628,-0.183662,0.809484
1677108543,472509877,0.301047,0.592368,0.484446,0.526119,-0.182750,-0.183790,0.809952
1677108543,481939543,0.301487,0.592696,0.483217,0.526836,-0.182857,-0.182789,0.809688
1677108543,491941787,0.301715,0.592815,0.482089,0.526375,-0.182699,-0.182528,0.810083
1677108543,501924447,0.302040,0.593044,0.480901,0.526961,-0.182812,-0.181666,0.809870
1677108543,512118238,0.302371,0.593124,0.479736,0.527147,-0.183227,-0.181012,0.809801
1677108543,521602310,0.302623,0.593125,0.478599,0.526814,-0.183271,-0.181005,0.810010
1677108543,531677583,0.303011,0.593176,0.477425,0.526951,-0.183243,-0.180484,0.810044
1677108543,542091310,0.303344,0.593240,0.476246,0.526932,-0.183107,-0.180990,0.809974
1677108543,551490148,0.303751,0.593264,0.475086,0.526840,-0.182640,-0.181428,0.810041
1677108543,561501759,0.304338,0.593379,0.473855,0.527309,-0.182417,-0.181645,0.809737
1677108543,571923316,0.304625,0.593309,0.472744,0.526201,-0.180953,-0.182903,0.810503
1677108543,582550853,0.305295,0.593408,0.471547,0.526142,-0.180469,-0.183053,0.810615
1677108543,592492980,0.305824,0.593689,0.470215,0.526427,-0.178115,-0.183951,0.810748
1677108543,602069725,0.306535,0.593807,0.469028,0.526345,-0.178230,-0.184153,0.810729
1677108543,612500387,0.307032,0.593698,0.467923,0.525124,-0.177350,-0.184910,0.811542
1677108543,622993266,0.307499,0.593818,0.466784,0.525286,-0.176222,-0.185822,0.811475
1677108543,632477842,0.308073,0.593733,0.465735,0.525158,-0.175791,-0.185920,0.811629
1677108543,642642778,0.308412,0.593627,0.464743,0.524861,-0.174767,-0.186556,0.811896
1677108543,652471320,0.308797,0.593614,0.463767,0.525260,-0.174461,-0.187035,0.811593
1677108543,662078095,0.309129,0.593533,0.462824,0.525682,-0.173702,-0.186956,0.811500
1677108543,672198495,0.309507,0.593562,0.461879,0.526804,-0.173513,-0.186561,0.810904
1677108543,681866682,0.309516,0.593351,0.461064,0.526224,-0.172804,-0.187551,0.811204
1677108543,692477562,0.309746,0.593322,0.460169,0.527055,-0.172347,-0.187295,0.810821
1677108543,702646622,0.310029,0.593296,0.459294,0.527667,-0.172606,-0.187021,0.810431
1677108543,712497738,0.310137,0.593304,0.458393,0.528129,-0.172319,-0.187411,0.810101
1677108543,722285611,0.310348,0.593264,0.457502,0.528094,-0.172560,-0.187383,0.810079
1677108543,732436113,0.310559,0.593278,0.456616,0.527885,-0.172511,-0.187121,0.810286
1677108543,743117813,0.310761,0.593285,0.455677,0.527421,-0.172470,-0.186965,0.810632
1677108543,752374254,0.310911,0.593389,0.454680,0.527166,-0.172042,-0.186943,0.810894
1677108543,761925704,0.311052,0.593364,0.453734,0.526001,-0.171472,-0.186950,0.811770
1677108543,772591327,0.311244,0.593417,0.452741,0.525129,-0.171629,-0.187401,0.812197
1677108543,781947264,0.311367,0.593603,0.451704,0.525029,-0.171045,-0.187976,0.812252
1677108543,792434772,0.311548,0.593601,0.450766,0.524308,-0.170715,-0.188299,0.812712
1677108543,801989035,0.311811,0.593575,0.449839,0.523941,-0.171088,-0.188394,0.812849
1677108543,812544507,0.312009,0.593570,0.448913,0.523987,-0.170994,-0.188807,0.812742
1677108543,821964958,0.312149,0.593518,0.447990,0.524034,-0.170641,-0.189169,0.812703
1677108543,832839907,0.312291,0.593391,0.447085,0.523502,-0.170423,-0.189638,0.812981
1677108543,842430212,0.312416,0.593293,0.446187,0.522929,-0.169788,-0.189954,0.813410
1677108543,852401253,0.312637,0.593336,0.445219,0.523066,-0.168958,-0.189866,0.813515
1677108543,862158057,0.313273,0.593261,0.444139,0.522815,-0.169541,-0.188942,0.813770
1677108543,872056030,0.313062,0.593415,0.443312,0.523128,-0.166869,-0.189912,0.813895
1677108543,882265922,0.313294,0.593004,0.442489,0.521394,-0.167689,-0.190096,0.814795
1677108543,892444550,0.313306,0.592760,0.441693,0.520776,-0.166794,-0.190273,0.815333
1677108543,902172033,0.313354,0.592592,0.440860,0.520581,-0.166092,-0.190616,0.815521
1677108543,912294025,0.313483,0.592435,0.440036,0.520618,-0.165933,-0.190486,0.815560
1677108543,922368486,0.313535,0.592184,0.439215,0.520247,-0.165500,-0.190583,0.815862
1677108543,931988106,0.313559,0.591912,0.438410,0.520019,-0.164920,-0.190718,0.816093
1677108543,942179241,0.313683,0.591819,0.437582,0.520808,-0.165006,-0.191075,0.815489
1677108543,952491581,0.313776,0.591452,0.436792,0.520866,-0.164549,-0.191041,0.815552
1677108543,961971459,0.313854,0.591054,0.436054,0.520808,-0.164571,-0.191316,0.815520
1677108543,972253226,0.313981,0.590683,0.435323,0.521329,-0.164746,-0.191570,0.815093
1677108543,982235034,0.313974,0.590326,0.434599,0.521694,-0.164355,-0.192585,0.814699
1677108543,992222480,0.314084,0.589925,0.433904,0.522085,-0.164041,-0.192855,0.814448
1677108544,2085429,0.314122,0.589428,0.433212,0.522140,-0.163336,-0.193205,0.814471
1677108544,11968971,0.314296,0.589021,0.432507,0.522608,-0.163486,-0.193511,0.814068
1677108544,22212575,0.314267,0.588551,0.431835,0.522471,-0.162888,-0.194381,0.814069
1677108544,32714816,0.314471,0.588321,0.431029,0.523800,-0.163091,-0.194609,0.813119
1677108544,42604860,0.314405,0.587849,0.430346,0.523410,-0.162639,-0.195497,0.813248
1677108544,52504481,0.314532,0.587373,0.429629,0.523169,-0.162756,-0.195589,0.813357
1677108544,62506382,0.314652,0.587028,0.428909,0.523288,-0.163003,-0.196157,0.813094
1677108544,72376888,0.314613,0.586793,0.428166,0.523792,-0.162068,-0.196737,0.812816
1677108544,81846681,0.314625,0.586457,0.427472,0.523642,-0.161489,-0.197081,0.812945
1677108544,92288709,0.314785,0.586195,0.426761,0.524053,-0.161529,-0.196893,0.812718
1677108544,102477351,0.314769,0.585971,0.426037,0.524201,-0.161163,-0.197422,0.812566
1677108544,112443440,0.314768,0.585683,0.425382,0.523993,-0.160775,-0.197436,0.812775
1677108544,122132521,0.314781,0.585493,0.424695,0.524019,-0.160556,-0.197462,0.812795
1677108544,132281734,0.314628,0.585272,0.424012,0.523751,-0.159951,-0.197837,0.812996
1677108544,142395588,0.314598,0.585124,0.423320,0.523826,-0.159978,-0.197555,0.813010
1677108544,152346166,0.314600,0.584986,0.422618,0.523912,-0.160815,-0.197738,0.812745
1677108544,161854872,0.314507,0.584843,0.421962,0.524057,-0.160474,-0.197371,0.812809
1677108544,172419729,0.314518,0.584710,0.421302,0.524306,-0.161215,-0.197253,0.812529
1677108544,182222552,0.314210,0.584513,0.420694,0.523776,-0.160450,-0.198055,0.812828
1677108544,191996411,0.314299,0.584435,0.419999,0.524135,-0.161380,-0.197679,0.812503
1677108544,202639497,0.314307,0.584305,0.419323,0.523803,-0.161942,-0.197730,0.812593
1677108544,212086312,0.314264,0.584183,0.418658,0.523079,-0.161829,-0.197729,0.813083
1677108544,222231742,0.314273,0.584216,0.417957,0.522945,-0.162014,-0.198330,0.812985
1677108544,232406035,0.314179,0.584016,0.417350,0.521977,-0.161483,-0.198521,0.813666
1677108544,242497027,0.314272,0.583776,0.416746,0.521895,-0.161649,-0.197821,0.813856
1677108544,252444172,0.314147,0.583669,0.416175,0.522432,-0.161891,-0.198856,0.813211
1677108544,262402393,0.314131,0.583268,0.415725,0.522338,-0.162525,-0.198682,0.813188
1677108544,272385895,0.313974,0.582935,0.415228,0.522948,-0.162440,-0.199051,0.812722
1677108544,282134667,0.314038,0.582787,0.414663,0.524704,-0.163026,-0.198599,0.811583
1677108544,292179138,0.313862,0.582487,0.414092,0.525319,-0.163113,-0.198958,0.811079
1677108544,302105735,0.313798,0.582159,0.413525,0.525688,-0.163164,-0.198571,0.810925
1677108544,312189418,0.313661,0.581930,0.412923,0.525942,-0.162973,-0.198661,0.810777
1677108544,322459483,0.313719,0.581867,0.412189,0.526901,-0.162973,-0.198161,0.810276
1677108544,331978346,0.313806,0.581738,0.411468,0.527214,-0.163307,-0.197980,0.810050
1677108544,342378280,0.313823,0.581624,0.410750,0.527315,-0.163356,-0.198035,0.809960
1677108544,352274526,0.313801,0.581425,0.410087,0.527153,-0.163169,-0.198137,0.810078
1677108544,361981612,0.313804,0.581295,0.409340,0.527318,-0.163302,-0.198709,0.809804
1677108544,372348381,0.313766,0.581139,0.408610,0.527944,-0.162726,-0.198496,0.809564
1677108544,382236974,0.313745,0.581107,0.407800,0.529463,-0.162257,-0.198917,0.808562
1677108544,392283210,0.313806,0.580914,0.406998,0.529334,-0.163277,-0.198752,0.808482
1677108544,402193020,0.313799,0.580808,0.406124,0.529553,-0.163199,-0.198678,0.808373
1677108544,412619021,0.313794,0.580802,0.405185,0.530300,-0.162433,-0.198706,0.808030
1677108544,422244635,0.313905,0.580848,0.404193,0.530750,-0.162342,-0.198602,0.807779
1677108544,432065858,0.313895,0.580725,0.403296,0.529562,-0.163095,-0.199438,0.808201
1677108544,442187441,0.314007,0.580761,0.402298,0.530538,-0.162764,-0.199369,0.807644
1677108544,452867511,0.314210,0.580533,0.401366,0.530398,-0.163378,-0.199332,0.807621
1677108544,462449341,0.314289,0.580480,0.400406,0.531717,-0.162347,-0.199786,0.806850
1677108544,472403227,0.314506,0.580394,0.399440,0.532374,-0.162112,-0.199866,0.806443
1677108544,482387366,0.314648,0.580401,0.398468,0.533025,-0.161736,-0.200521,0.805926
1677108544,492678846,0.314758,0.580354,0.397472,0.533412,-0.161208,-0.201231,0.805599
1677108544,502273769,0.314979,0.580230,0.396473,0.533505,-0.160704,-0.201149,0.805659
1677108544,512153238,0.315195,0.580276,0.395450,0.534167,-0.160633,-0.201503,0.805146
1677108544,522632409,0.315333,0.580248,0.394431,0.534419,-0.160365,-0.202075,0.804889
1677108544,532387113,0.315571,0.580228,0.393416,0.534906,-0.160573,-0.202347,0.804455
1677108544,542394619,0.315797,0.580128,0.392424,0.535052,-0.160831,-0.202731,0.804209
1677108544,552585350,0.315893,0.580064,0.391442,0.535298,-0.160233,-0.203352,0.804008
1677108544,562154173,0.316089,0.579965,0.390454,0.535678,-0.160013,-0.203217,0.803833
1677108544,572095378,0.316272,0.579965,0.389389,0.536459,-0.160362,-0.203804,0.803094
1677108544,581539892,0.316293,0.579951,0.388362,0.537017,-0.159925,-0.204323,0.802676
1677108544,591788755,0.316468,0.579896,0.387308,0.537482,-0.160397,-0.204704,0.802173
1677108544,601812445,0.316617,0.579891,0.386250,0.538102,-0.160194,-0.204557,0.801836
1677108544,612424837,0.316807,0.579788,0.385231,0.538362,-0.160594,-0.204450,0.801608
1677108544,622401746,0.316884,0.579640,0.384214,0.538389,-0.160829,-0.204913,0.801425
1677108544,632529200,0.317013,0.579523,0.383222,0.538987,-0.161144,-0.204818,0.800984
1677108544,641796444,0.316883,0.579271,0.382278,0.538981,-0.161104,-0.205916,0.800714
1677108544,652608815,0.317011,0.579046,0.381315,0.539637,-0.162015,-0.205871,0.800100
1677108544,662216945,0.317072,0.578813,0.380372,0.540385,-0.162826,-0.205817,0.799444
1677108544,671863563,0.317182,0.578593,0.379393,0.541409,-0.163008,-0.205191,0.798875
1677108544,682288383,0.317160,0.578407,0.378429,0.542113,-0.163311,-0.205415,0.798278
1677108544,692182629,0.317183,0.578208,0.377471,0.542860,-0.163642,-0.205385,0.797710
1677108544,702080016,0.317142,0.578018,0.376521,0.543552,-0.163715,-0.205416,0.797216
1677108544,712464174,0.317085,0.577823,0.375575,0.544320,-0.164114,-0.205572,0.796569
1677108544,721727185,0.317088,0.577486,0.374654,0.544757,-0.164714,-0.205096,0.796269
1677108544,731840290,0.317080,0.577171,0.373660,0.545497,-0.165509,-0.204903,0.795647
1677108544,741593924,0.317163,0.577024,0.372609,0.546954,-0.166383,-0.204513,0.794565
1677108544,751642734,0.317106,0.576784,0.371567,0.547660,-0.166834,-0.204319,0.794033
1677108544,761989761,0.317041,0.576471,0.370544,0.547885,-0.166891,-0.204188,0.793900
1677108544,771952484,0.317002,0.576307,0.369462,0.548638,-0.166928,-0.204199,0.793369
1677108544,782427679,0.317175,0.576167,0.368362,0.549396,-0.167784,-0.203854,0.792752
1677108544,792327611,0.317178,0.576138,0.367206,0.550250,-0.167460,-0.204206,0.792137
1677108544,801621235,0.317369,0.575954,0.366089,0.550360,-0.167789,-0.203959,0.792055
1677108544,811980824,0.317578,0.575896,0.364936,0.550513,-0.168156,-0.204404,0.791756
1677108544,822195138,0.317761,0.575782,0.363816,0.550026,-0.167988,-0.204767,0.792037
1677108544,832549860,0.317935,0.575777,0.362615,0.549929,-0.167515,-0.205434,0.792031
1677108544,842028745,0.318215,0.575713,0.361440,0.549622,-0.167155,-0.205704,0.792250
1677108544,852571231,0.318400,0.575714,0.360288,0.549431,-0.166195,-0.206584,0.792356
1677108544,862848863,0.318679,0.575786,0.359130,0.549764,-0.165665,-0.207498,0.791997
1677108544,873013722,0.319101,0.575682,0.358006,0.549652,-0.165522,-0.207504,0.792103
1677108544,882230633,0.319411,0.575617,0.356902,0.549708,-0.164560,-0.207636,0.792230
1677108544,892906233,0.319626,0.575521,0.355821,0.549550,-0.163243,-0.208470,0.792393
1677108544,902328657,0.320072,0.575599,0.354700,0.550218,-0.162701,-0.208946,0.791915
1677108544,912298366,0.320471,0.575681,0.353605,0.550717,-0.161605,-0.209377,0.791679
1677108544,922137976,0.320848,0.575686,0.352549,0.550477,-0.160676,-0.209854,0.791909
1677108544,932242141,0.321206,0.575700,0.351483,0.550050,-0.159484,-0.210668,0.792230
1677108544,942557061,0.321545,0.575784,0.350417,0.549903,-0.158458,-0.211579,0.792295
1677108544,952514512,0.321965,0.575743,0.349356,0.549415,-0.158451,-0.212134,0.792487
1677108544,962455989,0.322456,0.575803,0.348281,0.549573,-0.158803,-0.212651,0.792168
1677108544,972868167,0.322902,0.575840,0.347247,0.549792,-0.159040,-0.213243,0.791810
1677108544,981752664,0.323371,0.575705,0.346238,0.549594,-0.159732,-0.213405,0.791764
1677108544,991802960,0.323828,0.575694,0.345237,0.550211,-0.160283,-0.213799,0.791118
1677108545,2145837,0.324209,0.575608,0.344294,0.550589,-0.160581,-0.214113,0.790709
1677108545,12014890,0.324584,0.575495,0.343340,0.551143,-0.160790,-0.214115,0.790280
1677108545,22230197,0.324202,0.575742,0.342263,0.552350,-0.155103,-0.214941,0.790350
1677108545,31997891,0.324365,0.575648,0.341326,0.552681,-0.154894,-0.215818,0.789920
1677108545,42368215,0.324449,0.575622,0.340367,0.553288,-0.154195,-0.216456,0.789457
1677108545,52085656,0.324579,0.575620,0.339400,0.553695,-0.153747,-0.216987,0.789114
1677108545,61487527,0.324770,0.575444,0.338539,0.553448,-0.153874,-0.217026,0.789251
1677108545,71673942,0.324981,0.575292,0.337636,0.553535,-0.154852,-0.217470,0.788877
1677108545,81683709,0.324871,0.575199,0.336776,0.553861,-0.154271,-0.218616,0.788445
1677108545,91972808,0.325039,0.574997,0.335911,0.554464,-0.155510,-0.218546,0.787797
1677108545,102181255,0.324989,0.574718,0.335119,0.554303,-0.156199,-0.219059,0.787631
1677108545,112450271,0.325047,0.574597,0.334259,0.555431,-0.156729,-0.218753,0.786816
1677108545,122544619,0.324852,0.574445,0.333432,0.556036,-0.156119,-0.218509,0.786578
1677108545,131595392,0.324782,0.574245,0.332563,0.556225,-0.156396,-0.217779,0.786591
1677108545,141869209,0.324707,0.574212,0.331663,0.557042,-0.156964,-0.217517,0.785973
1677108545,151729913,0.324816,0.574213,0.330745,0.557978,-0.158203,-0.216450,0.785354
1677108545,162461067,0.324723,0.574000,0.329879,0.557904,-0.158723,-0.215643,0.785524
1677108545,172908807,0.324581,0.573902,0.329032,0.558198,-0.160031,-0.216127,0.784917
1677108545,182823314,0.324502,0.573567,0.328244,0.558316,-0.161298,-0.215924,0.784629
1677108545,192765659,0.324463,0.573325,0.327477,0.559055,-0.162450,-0.215397,0.784010
1677108545,202097632,0.324324,0.572953,0.326731,0.559662,-0.162973,-0.215257,0.783507
1677108545,212558960,0.324255,0.572676,0.325968,0.560857,-0.163548,-0.214820,0.782652
1677108545,222837587,0.324215,0.572503,0.325183,0.562523,-0.163857,-0.213863,0.781653
1677108545,232428406,0.324088,0.572299,0.324376,0.563700,-0.163695,-0.213339,0.780982
1677108545,242196407,0.324032,0.572232,0.323529,0.564699,-0.163969,-0.213013,0.780291
1677108545,252344035,0.323960,0.572100,0.322678,0.564778,-0.163873,-0.212533,0.780385
1677108545,262939757,0.323943,0.572046,0.321764,0.564574,-0.163975,-0.212362,0.780558
1677108545,272172985,0.324051,0.572138,0.320825,0.564615,-0.164688,-0.212334,0.780385
1677108545,282955984,0.324241,0.572162,0.319900,0.564347,-0.165737,-0.212193,0.780396
1677108545,292380488,0.324306,0.572217,0.318966,0.564054,-0.166026,-0.212816,0.780377
1677108545,301979060,0.324413,0.572259,0.318049,0.564361,-0.165742,-0.212647,0.780261
1677108545,311688753,0.324518,0.572277,0.317138,0.564759,-0.165475,-0.212625,0.780036
1677108545,322056663,0.324470,0.572318,0.316208,0.565367,-0.164459,-0.213416,0.779594
1677108545,331825019,0.324738,0.572286,0.315295,0.566171,-0.164090,-0.212621,0.779305
1677108545,341830463,0.324724,0.572294,0.314377,0.566725,-0.163153,-0.213508,0.778857
1677108545,352181851,0.325064,0.572329,0.313469,0.567651,-0.163016,-0.212795,0.778407
1677108545,362147095,0.325206,0.572351,0.312548,0.567891,-0.162010,-0.213066,0.778368
1677108545,372321170,0.325422,0.572380,0.311585,0.568077,-0.162099,-0.213602,0.778066
1677108545,382225448,0.325605,0.572483,0.310601,0.568094,-0.161623,-0.214289,0.777964
1677108545,392222765,0.325809,0.572557,0.309653,0.567936,-0.161541,-0.215204,0.777844
1677108545,401940486,0.326025,0.572618,0.308718,0.567637,-0.161430,-0.215691,0.777950
1677108545,411949520,0.326175,0.572765,0.307772,0.567888,-0.160743,-0.216278,0.777746
1677108545,422111409,0.326468,0.572852,0.306849,0.567958,-0.161297,-0.216711,0.777459
1677108545,432471711,0.326665,0.572945,0.305881,0.567978,-0.161000,-0.216963,0.777436
1677108545,442027388,0.326749,0.573014,0.304950,0.567537,-0.160539,-0.217733,0.777638
1677108545,452654396,0.326863,0.573154,0.304003,0.567102,-0.160059,-0.218505,0.777838
1677108545,462456894,0.327096,0.573359,0.302994,0.566805,-0.159818,-0.218607,0.778075
1677108545,472140020,0.327141,0.573774,0.301853,0.566777,-0.157878,-0.219234,0.778315
1677108545,482142045,0.327417,0.573802,0.300877,0.565742,-0.158656,-0.219508,0.778833
1677108545,492515650,0.327655,0.574026,0.299905,0.565210,-0.159560,-0.220429,0.778774
1677108545,502371756,0.327859,0.574099,0.298946,0.564436,-0.160008,-0.221071,0.779061
1677108545,512531583,0.328032,0.574249,0.297947,0.564040,-0.160603,-0.221815,0.779014
1677108545,522094039,0.328191,0.574396,0.296958,0.563965,-0.161134,-0.222452,0.778777
1677108545,531787844,0.328226,0.574427,0.296009,0.563242,-0.161866,-0.223628,0.778812
1677108545,541415033,0.328402,0.574532,0.295055,0.562934,-0.162648,-0.224026,0.778757
1677108545,551808044,0.328668,0.575006,0.293873,0.564095,-0.161221,-0.223521,0.778359
1677108545,562065518,0.328879,0.575278,0.292743,0.564009,-0.161289,-0.223792,0.778330
1677108545,571727211,0.329160,0.575509,0.291620,0.563491,-0.161699,-0.223583,0.778679
1677108545,582168670,0.329253,0.575862,0.290433,0.563203,-0.157231,-0.222525,0.780105
1677108545,592255928,0.329485,0.576218,0.289275,0.563091,-0.156412,-0.222481,0.780363
1677108545,601861107,0.329825,0.576539,0.288114,0.562928,-0.156347,-0.222712,0.780428
1677108545,612075190,0.329971,0.576605,0.287004,0.561842,-0.155098,-0.222948,0.781391
1677108545,622439304,0.330279,0.576865,0.285888,0.562040,-0.154172,-0.222632,0.781523
1677108545,631812392,0.330610,0.577103,0.284744,0.562183,-0.153619,-0.222746,0.781496
1677108545,642012293,0.330918,0.577364,0.283636,0.562436,-0.152642,-0.222968,0.781442
1677108545,652542989,0.331193,0.577477,0.282596,0.562160,-0.151750,-0.222901,0.781833
1677108545,661593487,0.331641,0.577855,0.281512,0.561982,-0.154283,-0.226240,0.780505
1677108545,671566018,0.331935,0.578133,0.280522,0.562154,-0.153835,-0.226698,0.780337
1677108545,681678456,0.332116,0.578347,0.279587,0.561833,-0.153591,-0.227696,0.780326
1677108545,691641369,0.332357,0.578620,0.278648,0.562071,-0.153602,-0.228239,0.779993
1677108545,701675553,0.332636,0.578959,0.277704,0.562638,-0.153673,-0.228079,0.779617
1677108545,712185503,0.332699,0.579038,0.276882,0.561549,-0.153572,-0.228071,0.780424
1677108545,722176363,0.333034,0.579077,0.275986,0.560652,-0.154800,-0.226293,0.781344
1677108545,731583593,0.333072,0.579591,0.275097,0.561216,-0.154749,-0.226958,0.780756
1677108545,741734432,0.332971,0.580028,0.274194,0.561482,-0.153930,-0.227116,0.780680
1677108545,752072981,0.333056,0.580306,0.273360,0.561302,-0.155005,-0.226895,0.780662
1677108545,762003469,0.332997,0.580609,0.272510,0.561038,-0.155491,-0.226775,0.780790
1677108545,772565990,0.332974,0.580769,0.271699,0.560788,-0.156254,-0.226377,0.780932
1677108545,781860834,0.332914,0.580720,0.270982,0.559950,-0.157120,-0.225266,0.781680
1677108545,792221247,0.332855,0.581030,0.270200,0.560800,-0.157645,-0.224922,0.781064
1677108545,802699963,0.332841,0.581245,0.269349,0.561590,-0.158195,-0.223984,0.780655
1677108545,812462480,0.332860,0.581402,0.268584,0.561888,-0.159324,-0.223640,0.780310
1677108545,822356832,0.332953,0.581741,0.267759,0.563072,-0.159775,-0.222988,0.779550
1677108545,831730940,0.333130,0.581828,0.266928,0.563070,-0.160218,-0.221927,0.779763
1677108545,842549660,0.333224,0.582035,0.266117,0.563114,-0.160243,-0.222021,0.779700
1677108545,852351157,0.333442,0.582401,0.265189,0.563765,-0.159936,-0.222060,0.779281
1677108545,862269471,0.333744,0.582668,0.264276,0.563607,-0.160227,-0.222291,0.779270
1677108545,872433500,0.333993,0.582906,0.263421,0.563330,-0.159477,-0.222637,0.779525
1677108545,882010792,0.334460,0.583322,0.262468,0.563733,-0.160003,-0.223184,0.778969
1677108545,892521341,0.334659,0.583467,0.261625,0.562639,-0.158880,-0.223936,0.779774
1677108545,902619775,0.335188,0.583768,0.260710,0.562791,-0.159353,-0.224217,0.779487
1677108545,912308346,0.335849,0.584170,0.259823,0.563410,-0.158506,-0.223719,0.779355
1677108545,922287854,0.336132,0.584443,0.259062,0.563495,-0.157496,-0.224474,0.779282
1677108545,932382529,0.336284,0.584647,0.258314,0.563217,-0.155821,-0.225610,0.779491
1677108545,942553225,0.336592,0.584928,0.257627,0.563480,-0.155116,-0.225892,0.779360
1677108545,952181452,0.336783,0.585103,0.256971,0.562950,-0.154582,-0.226896,0.779558
1677108545,962371021,0.337041,0.585626,0.256268,0.563964,-0.154043,-0.227745,0.778683
1677108545,971897371,0.337337,0.585798,0.255693,0.563614,-0.153906,-0.227731,0.778968
1677108545,982314650,0.337478,0.586226,0.255052,0.564068,-0.153127,-0.228435,0.778586
1677108545,991677619,0.337635,0.586542,0.254464,0.563828,-0.152592,-0.228763,0.778769
1677108546,2101190,0.337929,0.586989,0.253879,0.564145,-0.152401,-0.228340,0.778701
1677108546,12086732,0.338110,0.587444,0.253314,0.564110,-0.152534,-0.228828,0.778557
1677108546,21584086,0.338268,0.587756,0.252802,0.563363,-0.152068,-0.228627,0.779247
1677108546,31807240,0.338417,0.588169,0.252276,0.563291,-0.151237,-0.228118,0.779611
1677108546,41844004,0.338588,0.588599,0.251775,0.562870,-0.151721,-0.228282,0.779773
1677108546,51598839,0.338926,0.588961,0.251262,0.562634,-0.152169,-0.227268,0.780151
1677108546,61997579,0.339121,0.589457,0.250712,0.562435,-0.152409,-0.227392,0.780212
1677108546,72399021,0.339247,0.589698,0.250266,0.561471,-0.152274,-0.227206,0.780987
1677108546,81608712,0.339421,0.590096,0.249810,0.561179,-0.152694,-0.227465,0.781039
1677108546,91629590,0.339587,0.590484,0.249350,0.560929,-0.152182,-0.227157,0.781408
1677108546,102155089,0.339886,0.590814,0.248871,0.560522,-0.152554,-0.226739,0.781749
1677108546,111785632,0.340108,0.591124,0.248373,0.559838,-0.152117,-0.226506,0.782392
1677108546,121383263,0.340353,0.591473,0.247877,0.559329,-0.151857,-0.226390,0.782840
1677108546,131395950,0.340769,0.591998,0.247273,0.559589,-0.152019,-0.225865,0.782774
1677108546,141410777,0.341034,0.592413,0.246755,0.559021,-0.151404,-0.225808,0.783316
1677108546,151614550,0.341268,0.592825,0.246211,0.558542,-0.150920,-0.225939,0.783713
1677108546,162266586,0.341572,0.593208,0.245665,0.557922,-0.150404,-0.225607,0.784349
1677108546,172051864,0.341890,0.593646,0.245081,0.557631,-0.150574,-0.225768,0.784477
1677108546,182131484,0.342115,0.594049,0.244437,0.556951,-0.149863,-0.225822,0.785080
1677108546,192514289,0.342565,0.594555,0.243744,0.557006,-0.150101,-0.225215,0.785170
1677108546,201852333,0.342854,0.594957,0.243059,0.556334,-0.149648,-0.224998,0.785795
1677108546,212131083,0.343103,0.595313,0.242403,0.555219,-0.148856,-0.224556,0.786860
1677108546,222059394,0.343369,0.596219,0.241556,0.556341,-0.146776,-0.223684,0.786706
1677108546,232107514,0.343529,0.596496,0.240876,0.555028,-0.146595,-0.224187,0.787524
1677108546,242525230,0.344069,0.596701,0.240112,0.553405,-0.149502,-0.224931,0.787907
1677108546,252580375,0.344576,0.597658,0.239209,0.555766,-0.150966,-0.224961,0.785956
1677108546,262553934,0.344702,0.597956,0.238580,0.555415,-0.150058,-0.224952,0.786380
1677108546,272338114,0.344758,0.598097,0.237993,0.554512,-0.148698,-0.224747,0.787334
1677108546,281928758,0.344972,0.598350,0.237365,0.554321,-0.148612,-0.224607,0.787524
1677108546,292010429,0.345148,0.598651,0.236748,0.554451,-0.147848,-0.224304,0.787663
1677108546,302588699,0.345261,0.598893,0.236156,0.554181,-0.147595,-0.224583,0.787820
1677108546,312326624,0.345409,0.599300,0.235503,0.554754,-0.146899,-0.224172,0.787665
1677108546,322340761,0.345769,0.599783,0.234813,0.555643,-0.147535,-0.223783,0.787029
1677108546,332229524,0.345788,0.600116,0.234185,0.555409,-0.146484,-0.223838,0.787375
1677108546,342006338,0.345942,0.600610,0.233540,0.555952,-0.145652,-0.223699,0.787186
1677108546,352034276,0.346071,0.601029,0.232854,0.555851,-0.144741,-0.223364,0.787520
1677108546,362020850,0.346327,0.601497,0.232178,0.556038,-0.144985,-0.223234,0.787380
1677108546,371971940,0.346368,0.601937,0.231499,0.555611,-0.144116,-0.223485,0.787770
1677108546,382108732,0.346661,0.602419,0.230772,0.555718,-0.144134,-0.223132,0.787791
1677108546,392014265,0.346768,0.602873,0.230094,0.555489,-0.143790,-0.223460,0.787923
1677108546,402345321,0.346965,0.603378,0.229419,0.555421,-0.143121,-0.223280,0.788144
1677108546,412347975,0.347259,0.603818,0.228735,0.555190,-0.143629,-0.223212,0.788233
1677108546,422563811,0.347428,0.604284,0.228048,0.554890,-0.142840,-0.223156,0.788603
1677108546,432142735,0.347673,0.604762,0.227357,0.554800,-0.142615,-0.222951,0.788766
1677108546,441383111,0.347911,0.605282,0.226692,0.554788,-0.142661,-0.223275,0.788673
1677108546,451544687,0.348060,0.605682,0.226044,0.554216,-0.142393,-0.223617,0.789028
1677108546,461409313,0.348296,0.606189,0.225415,0.554481,-0.142078,-0.223488,0.788934
1677108546,471444935,0.348676,0.607034,0.224591,0.556124,-0.142356,-0.223470,0.787732
1677108546,481528396,0.348889,0.607247,0.224049,0.555130,-0.142508,-0.223426,0.788418
1677108546,492348025,0.349116,0.607630,0.223473,0.554941,-0.142275,-0.223094,0.788687
1677108546,502464486,0.349190,0.608058,0.222883,0.554742,-0.141615,-0.223862,0.788729
1677108546,512265505,0.349428,0.608439,0.222306,0.554564,-0.141460,-0.223738,0.788917
1677108546,522113934,0.349665,0.608744,0.221821,0.554251,-0.140886,-0.223190,0.789394
1677108546,532585471,0.349871,0.609047,0.221289,0.553707,-0.141054,-0.223344,0.789703
1677108546,542171079,0.350007,0.609387,0.220822,0.553602,-0.139926,-0.223172,0.790025
1677108546,551994765,0.350094,0.609569,0.220389,0.552582,-0.139223,-0.223216,0.790850
1677108546,561691264,0.350254,0.609731,0.219967,0.551780,-0.139094,-0.223277,0.791416
1677108546,572001344,0.350566,0.610103,0.219492,0.552358,-0.139307,-0.222887,0.791085
1677108546,581905296,0.350629,0.610171,0.219120,0.551170,-0.138678,-0.223019,0.791986
1677108546,591811107,0.350708,0.610285,0.218724,0.550347,-0.138175,-0.223229,0.792587
1677108546,602309091,0.351047,0.610642,0.218246,0.550840,-0.138797,-0.223143,0.792160
1677108546,611993260,0.351267,0.610910,0.217781,0.550634,-0.138509,-0.223083,0.792371
1677108546,622161216,0.351385,0.610994,0.217334,0.549450,-0.138027,-0.223309,0.793213
1677108546,631953989,0.351598,0.611359,0.216813,0.549297,-0.137369,-0.223228,0.793456
1677108546,642436278,0.351904,0.611744,0.216263,0.549372,-0.137486,-0.223232,0.793383
1677108546,652590583,0.352046,0.611960,0.215769,0.548367,-0.136871,-0.223558,0.794092
1677108546,661792033,0.352241,0.612208,0.215259,0.547414,-0.136674,-0.223582,0.794776
1677108546,672008931,0.352638,0.612670,0.214678,0.547590,-0.137255,-0.223442,0.794594
1677108546,682001436,0.352783,0.613005,0.214179,0.547113,-0.136715,-0.223586,0.794975
1677108546,691547370,0.352917,0.613233,0.213685,0.546051,-0.136530,-0.223910,0.795646
1677108546,701830569,0.353203,0.613553,0.213168,0.545910,-0.136921,-0.223817,0.795702
1677108546,712067541,0.353346,0.613849,0.212682,0.545545,-0.136565,-0.224039,0.795951
1677108546,721624135,0.353466,0.614059,0.212251,0.544806,-0.136098,-0.224304,0.796462
1677108546,731702763,0.353703,0.614376,0.211756,0.544595,-0.135940,-0.224371,0.796614
1677108546,741709309,0.353967,0.614740,0.211262,0.544897,-0.135747,-0.224160,0.796500
1677108546,751788466,0.354043,0.614983,0.210827,0.544273,-0.135560,-0.224758,0.796790
1677108546,761686009,0.354165,0.615215,0.210407,0.543921,-0.134729,-0.224563,0.797226
1677108546,772020963,0.354372,0.615523,0.209949,0.544051,-0.135079,-0.224561,0.797079
1677108546,782087068,0.354554,0.615936,0.209445,0.544246,-0.134945,-0.224568,0.796966
1677108546,792736968,0.354642,0.616232,0.209006,0.543806,-0.134773,-0.224837,0.797220
1677108546,802337830,0.354718,0.616469,0.208552,0.543172,-0.134242,-0.224842,0.797740
1677108546,812508105,0.354907,0.616807,0.208091,0.543055,-0.134384,-0.224613,0.797861
1677108546,822489560,0.355142,0.617190,0.207648,0.543211,-0.134130,-0.223900,0.797997
1677108546,832182337,0.355367,0.617570,0.207168,0.543237,-0.134066,-0.223715,0.798042
1677108546,842285570,0.355352,0.617945,0.206723,0.543004,-0.133302,-0.224151,0.798206
1677108546,852395102,0.355493,0.618296,0.206266,0.542797,-0.133106,-0.224169,0.798375
1677108546,862599310,0.355714,0.618681,0.205797,0.542828,-0.133408,-0.224059,0.798334
1677108546,872090756,0.355808,0.619118,0.205351,0.543006,-0.132796,-0.223877,0.798366
1677108546,882549569,0.355937,0.619456,0.204896,0.542517,-0.133015,-0.223883,0.798660
1677108546,892525956,0.356017,0.619764,0.204530,0.541914,-0.132644,-0.223404,0.799265
1677108546,902169271,0.356113,0.620205,0.204065,0.541815,-0.133003,-0.223426,0.799267
1677108546,912078160,0.356363,0.620564,0.203701,0.541740,-0.133488,-0.222312,0.799548
1677108546,922670479,0.356348,0.620977,0.203367,0.541356,-0.133220,-0.222322,0.799850
1677108546,932253616,0.356316,0.621328,0.203026,0.540951,-0.133395,-0.222570,0.800025
1677108546,942134740,0.356484,0.621792,0.202687,0.541190,-0.133701,-0.221629,0.800074
1677108546,952419070,0.356529,0.622089,0.202393,0.540384,-0.133792,-0.221449,0.800653
1677108546,962133633,0.356565,0.622555,0.202094,0.540441,-0.133761,-0.221182,0.800694
1677108546,972026649,0.356611,0.622931,0.201822,0.540192,-0.134078,-0.220935,0.800877
1677108546,982567841,0.356712,0.623285,0.201535,0.540004,-0.134466,-0.220534,0.801049
1677108546,992430665,0.356674,0.623488,0.201334,0.539015,-0.134400,-0.220425,0.801756
1677108547,1783077,0.356752,0.623902,0.201023,0.539262,-0.134486,-0.219994,0.801693
1677108547,12471650,0.356782,0.624270,0.200739,0.538988,-0.134308,-0.219903,0.801933
1677108547,22049051,0.356932,0.624497,0.200500,0.538292,-0.134465,-0.219145,0.802581
1677108547,32059299,0.357007,0.624821,0.200198,0.538195,-0.134064,-0.218862,0.802791
1677108547,41935002,0.357107,0.625136,0.199918,0.537999,-0.133920,-0.218672,0.802997
1677108547,51666889,0.357234,0.625493,0.199587,0.538294,-0.133744,-0.218449,0.802890
1677108547,62381671,0.357280,0.625720,0.199289,0.537916,-0.132871,-0.218384,0.803306
1677108547,72475304,0.357376,0.625894,0.199041,0.537519,-0.132619,-0.218408,0.803607
1677108547,82447469,0.357572,0.626158,0.198706,0.537913,-0.132636,-0.218455,0.803327
1677108547,92350247,0.357746,0.626254,0.198442,0.537524,-0.132428,-0.218425,0.803630
1677108547,101843633,0.357797,0.626421,0.198181,0.537733,-0.131930,-0.219121,0.803382
1677108547,112766586,0.357908,0.626472,0.197935,0.537597,-0.131072,-0.219271,0.803573
1677108547,122240174,0.358193,0.626730,0.197624,0.538818,-0.130945,-0.219127,0.802815
1677108547,132029093,0.358272,0.626790,0.197349,0.538710,-0.130098,-0.219507,0.802921
1677108547,142710252,0.358382,0.626908,0.197057,0.538755,-0.129936,-0.220167,0.802737
1677108547,152369199,0.358517,0.627146,0.196716,0.539231,-0.129233,-0.220436,0.802457
1677108547,161878552,0.358703,0.627336,0.196383,0.539384,-0.128884,-0.220298,0.802448
1677108547,172669036,0.358772,0.627397,0.196075,0.538850,-0.128432,-0.220567,0.802805
1677108547,182321394,0.358855,0.627578,0.195746,0.538834,-0.128068,-0.220630,0.802857
1677108547,192465433,0.358958,0.627751,0.195399,0.538718,-0.128305,-0.220706,0.802876
1677108547,202341503,0.359155,0.628026,0.194971,0.539303,-0.128441,-0.220244,0.802588
1677108547,212230821,0.359153,0.628119,0.194635,0.538638,-0.128328,-0.220460,0.802993
1677108547,222146844,0.359293,0.628371,0.194244,0.538993,-0.128298,-0.220073,0.802866
1677108547,231828420,0.359325,0.628558,0.193887,0.538570,-0.128121,-0.220403,0.803088
1677108547,242924899,0.359363,0.628704,0.193561,0.538313,-0.127845,-0.220481,0.803282
1677108547,252362970,0.359398,0.628797,0.193224,0.537851,-0.127750,-0.220660,0.803558
1677108547,262126174,0.359577,0.629060,0.192890,0.538425,-0.127858,-0.220390,0.803230
1677108547,272462950,0.359590,0.629244,0.192630,0.538569,-0.127244,-0.220754,0.803131
1677108547,282421059,0.359745,0.629378,0.192355,0.538570,-0.127315,-0.220647,0.803149
1677108547,292297779,0.359866,0.629480,0.192112,0.538440,-0.127129,-0.220633,0.803269
1677108547,301972530,0.359973,0.629648,0.191862,0.538672,-0.126613,-0.220433,0.803250
1677108547,312049730,0.360098,0.629766,0.191646,0.538505,-0.126942,-0.220731,0.803229
1677108547,322393180,0.360228,0.629884,0.191433,0.538161,-0.126691,-0.220596,0.803535
1677108547,332189183,0.360370,0.630016,0.191227,0.537927,-0.126547,-0.220655,0.803699
1677108547,342117799,0.360534,0.630175,0.191070,0.537861,-0.126267,-0.220450,0.803843
1677108547,352415391,0.360649,0.630269,0.190942,0.537524,-0.126124,-0.220525,0.804070
1677108547,361729310,0.360755,0.630488,0.190794,0.537776,-0.125950,-0.220593,0.803911
1677108547,372634568,0.360906,0.630653,0.190654,0.537878,-0.125906,-0.220563,0.803857
1677108547,382186034,0.361045,0.630796,0.190543,0.537733,-0.126270,-0.220800,0.803832
1677108547,391820812,0.361130,0.630954,0.190464,0.537529,-0.126323,-0.221085,0.803882
1677108547,402365488,0.361284,0.631123,0.190359,0.537518,-0.126122,-0.220652,0.804040
1677108547,411943752,0.361375,0.631307,0.190283,0.537307,-0.125936,-0.220766,0.804179
1677108547,421886599,0.361554,0.631526,0.190200,0.537301,-0.126315,-0.220703,0.804141
1677108547,432099533,0.361686,0.631695,0.190139,0.537094,-0.126518,-0.220613,0.804272
1677108547,442532479,0.361801,0.632019,0.190049,0.537495,-0.126283,-0.220544,0.804060
1677108547,452698730,0.361961,0.632219,0.190001,0.537230,-0.126157,-0.219908,0.804431
1677108547,462789438,0.362055,0.632547,0.189912,0.537347,-0.126082,-0.219773,0.804401
1677108547,472668267,0.362265,0.632862,0.189824,0.537440,-0.126046,-0.218845,0.804598
1677108547,482069599,0.362320,0.633158,0.189753,0.537021,-0.125811,-0.218615,0.804977
1677108547,492432741,0.362449,0.633523,0.189648,0.537042,-0.126221,-0.218363,0.804967
1677108547,502390656,0.362565,0.633935,0.189539,0.537363,-0.126348,-0.217873,0.804865
1677108547,511842163,0.362643,0.634196,0.189455,0.536936,-0.126492,-0.217276,0.805289
1677108547,522546286,0.362589,0.634508,0.189323,0.536671,-0.125959,-0.217063,0.805607
1677108547,531819973,0.362560,0.634839,0.189207,0.536663,-0.125707,-0.216954,0.805680
1677108547,542563073,0.362630,0.635001,0.189096,0.535967,-0.125933,-0.216280,0.806290
1677108547,552436021,0.362820,0.635366,0.188906,0.536501,-0.126280,-0.215345,0.806131
1677108547,562477158,0.362829,0.635591,0.188771,0.536263,-0.126403,-0.215186,0.806312
1677108547,572516761,0.362879,0.636063,0.188582,0.537643,-0.126092,-0.214086,0.805735
1677108547,582259477,0.362920,0.636322,0.188478,0.538186,-0.126736,-0.212496,0.805692
1677108547,592305887,0.362794,0.636621,0.188372,0.538575,-0.127057,-0.211308,0.805694
1677108547,602314492,0.362642,0.637005,0.188261,0.539226,-0.127699,-0.209781,0.805556
1677108547,611961455,0.362467,0.637241,0.188176,0.539055,-0.128492,-0.208062,0.805990
1677108547,622083017,0.362261,0.637580,0.188025,0.539028,-0.129402,-0.206210,0.806338
1677108547,632185189,0.362071,0.637969,0.187850,0.538756,-0.130414,-0.204341,0.806833
1677108547,642110631,0.361892,0.638503,0.187589,0.538861,-0.131307,-0.202985,0.806960
1677108547,651915769,0.361854,0.638964,0.187341,0.538636,-0.132422,-0.201024,0.807419
1677108547,661985211,0.361628,0.639366,0.187105,0.537473,-0.133231,-0.200300,0.808240
1677108547,672342821,0.361547,0.639881,0.186756,0.537249,-0.133865,-0.199191,0.808558
1677108547,681878619,0.361469,0.640365,0.186417,0.536925,-0.134221,-0.198457,0.808895
1677108547,692659912,0.361435,0.640703,0.186148,0.536159,-0.134279,-0.197827,0.809548
1677108547,702322126,0.361570,0.641020,0.185836,0.535689,-0.135307,-0.197263,0.809825
1677108547,711894440,0.361570,0.641289,0.185596,0.535011,-0.134757,-0.197108,0.810402
1677108547,722486908,0.361618,0.641568,0.185330,0.534668,-0.134851,-0.197517,0.810514
1677108547,732417679,0.361774,0.641731,0.185100,0.534230,-0.135325,-0.197681,0.810683
1677108547,742022048,0.362005,0.642025,0.184813,0.534760,-0.135435,-0.197699,0.810311
1677108547,752072406,0.362066,0.642177,0.184536,0.534691,-0.134469,-0.197725,0.810512
1677108547,762244273,0.362127,0.642351,0.184260,0.534473,-0.134101,-0.198458,0.810537
1677108547,772510978,0.362202,0.642460,0.183965,0.533911,-0.133830,-0.198935,0.810835
1677108547,781979166,0.362372,0.642693,0.183674,0.533990,-0.134091,-0.199211,0.810672
1677108547,792504665,0.362404,0.642792,0.183403,0.533517,-0.133768,-0.199371,0.810998
1677108547,802460705,0.362392,0.643011,0.183080,0.533483,-0.133436,-0.199638,0.811009
1677108547,812365926,0.362470,0.643174,0.182746,0.533334,-0.134318,-0.199873,0.810903
1677108547,821894570,0.362424,0.643426,0.182383,0.533496,-0.134429,-0.200331,0.810665
1677108547,832181125,0.362392,0.643416,0.182086,0.532479,-0.134685,-0.199948,0.811386
1677108547,841723311,0.362289,0.643536,0.181782,0.532020,-0.135018,-0.200031,0.811611
1677108547,851733913,0.362225,0.643759,0.181464,0.532241,-0.135146,-0.199683,0.811530
1677108547,861965389,0.362161,0.643966,0.181125,0.532403,-0.135390,-0.199359,0.811463
1677108547,871806338,0.362065,0.644143,0.180805,0.532331,-0.135650,-0.199123,0.811525
1677108547,881576613,0.361981,0.644378,0.180413,0.532372,-0.135961,-0.198920,0.811496
1677108547,891906880,0.361781,0.644577,0.180055,0.531847,-0.135740,-0.199031,0.811850
1677108547,901677239,0.361832,0.644619,0.179747,0.531077,-0.136244,-0.197857,0.812556
1677108547,911817279,0.361868,0.645003,0.179336,0.531794,-0.136835,-0.197333,0.812115
1677108547,921708828,0.361803,0.645237,0.178975,0.531617,-0.137132,-0.197307,0.812187
1677108547,931855614,0.361688,0.645355,0.178660,0.530812,-0.137330,-0.197416,0.812654
1677108547,942425484,0.361572,0.645612,0.178351,0.530805,-0.137044,-0.197203,0.812758
1677108547,952292649,0.361624,0.645738,0.178071,0.530599,-0.137941,-0.196428,0.812929
1677108547,962118577,0.361467,0.646076,0.177796,0.531376,-0.137637,-0.196364,0.812488
1677108547,972533322,0.361323,0.646298,0.177528,0.531548,-0.138175,-0.196029,0.812365
1677108547,982444176,0.361257,0.646606,0.177264,0.532206,-0.138564,-0.195245,0.812057
1677108547,992122024,0.361008,0.646837,0.177047,0.532356,-0.138348,-0.194556,0.812160
1677108548,2653414,0.360943,0.647144,0.176781,0.532738,-0.139409,-0.193659,0.811943
1677108548,12127620,0.360897,0.647469,0.176473,0.533107,-0.140182,-0.192193,0.811916
1677108548,22276133,0.360633,0.647777,0.176168,0.533010,-0.140055,-0.191891,0.812073
1677108548,31728334,0.360642,0.648116,0.175797,0.533008,-0.141222,-0.190945,0.812095
1677108548,42302124,0.360568,0.648402,0.175437,0.532840,-0.141614,-0.190101,0.812336
1677108548,52201822,0.360368,0.648593,0.175134,0.531861,-0.142230,-0.190474,0.812782
1677108548,62269581,0.360324,0.648920,0.174818,0.532154,-0.142747,-0.190266,0.812548
1677108548,71766681,0.360348,0.649007,0.174569,0.531859,-0.143548,-0.189758,0.812718
1677108548,82233732,0.360456,0.649110,0.174339,0.532179,-0.144408,-0.189366,0.812449
1677108548,92079827,0.360419,0.649075,0.174193,0.532346,-0.144648,-0.189428,0.812282
1677108548,102007506,0.360337,0.649109,0.173997,0.532745,-0.144144,-0.190048,0.811965
1677108548,112292925,0.360407,0.649118,0.173813,0.533414,-0.144102,-0.190068,0.811528
1677108548,122073427,0.360497,0.649218,0.173594,0.534302,-0.143941,-0.190623,0.810842
1677108548,132358179,0.360622,0.649179,0.173378,0.534208,-0.143949,-0.191155,0.810777
1677108548,142375819,0.360698,0.649294,0.173122,0.534500,-0.143532,-0.192273,0.810395
1677108548,152115169,0.360740,0.649391,0.172834,0.534691,-0.142389,-0.193072,0.810280
1677108548,161569871,0.360977,0.649462,0.172581,0.534964,-0.142934,-0.193519,0.809898
1677108548,171878217,0.361079,0.649541,0.172300,0.535358,-0.142573,-0.194373,0.809496
1677108548,182094563,0.361196,0.649619,0.172030,0.535923,-0.142461,-0.194885,0.809018
1677108548,192505401,0.361356,0.649791,0.171739,0.536908,-0.142218,-0.195112,0.808353
1677108548,202506210,0.361407,0.649731,0.171507,0.536526,-0.142170,-0.195679,0.808479
1677108548,212191871,0.361467,0.649887,0.171196,0.537010,-0.141940,-0.196162,0.808081
1677108548,221670420,0.361454,0.650041,0.170850,0.537399,-0.141288,-0.196574,0.807836
1677108548,232166405,0.361544,0.650058,0.170542,0.537132,-0.141580,-0.196631,0.807948
1677108548,242350467,0.361591,0.650251,0.170256,0.538123,-0.141995,-0.196881,0.807155
1677108548,252197404,0.361478,0.650151,0.170141,0.538990,-0.142088,-0.196890,0.806557
1677108548,261995811,0.361345,0.650176,0.170078,0.541348,-0.142414,-0.196762,0.804950
1677108548,272147502,0.361215,0.650148,0.169951,0.542781,-0.142634,-0.196340,0.804049
1677108548,281852351,0.361193,0.650224,0.169724,0.543459,-0.142724,-0.195845,0.803696
1677108548,292082753,0.361107,0.650262,0.169547,0.543858,-0.143072,-0.195731,0.803392
1677108548,302013700,0.361041,0.650371,0.169424,0.545257,-0.143665,-0.195351,0.802430
1677108548,312319140,0.360893,0.650347,0.169330,0.546288,-0.143911,-0.194849,0.801806
1677108548,322681767,0.360899,0.650439,0.169164,0.547629,-0.145275,-0.194083,0.800830
1677108548,332247945,0.360857,0.650517,0.168986,0.548318,-0.145653,-0.193139,0.800519
1677108548,342294157,0.360750,0.650682,0.168770,0.549303,-0.145703,-0.192392,0.800014
1677108548,352140151,0.360565,0.650707,0.168657,0.549977,-0.145826,-0.191956,0.799633
1677108548,361517167,0.360583,0.650811,0.168515,0.551853,-0.146496,-0.190626,0.798535
1677108548,372185271,0.360528,0.650910,0.168345,0.553281,-0.146738,-0.189808,0.797698
1677108548,382182539,0.360404,0.650911,0.168217,0.553868,-0.146574,-0.189406,0.797416
1677108548,392639953,0.360439,0.650963,0.168048,0.554955,-0.146621,-0.188535,0.796857
1677108548,402506913,0.360459,0.651104,0.167837,0.556516,-0.146477,-0.188093,0.795899
1677108548,412166533,0.360660,0.651190,0.167690,0.558217,-0.146560,-0.186758,0.795006
1677108548,422263300,0.360808,0.651217,0.167558,0.559549,-0.146441,-0.186210,0.794220
1677108548,431950144,0.361035,0.651288,0.167429,0.560987,-0.146143,-0.185715,0.793376
1677108548,442535255,0.361312,0.651306,0.167322,0.561890,-0.145609,-0.185425,0.792903
1677108548,451649417,0.361855,0.651401,0.167142,0.563073,-0.146117,-0.185038,0.792060
1677108548,461778992,0.362244,0.651568,0.166998,0.564310,-0.145429,-0.185384,0.791225
1677108548,472457239,0.362758,0.651746,0.166898,0.565494,-0.144660,-0.185604,0.790469
1677108548,481675680,0.363224,0.651795,0.166835,0.566002,-0.143399,-0.186237,0.790187
1677108548,492368267,0.363974,0.652123,0.166772,0.567525,-0.142907,-0.186545,0.789109
1677108548,502458187,0.364545,0.652384,0.166710,0.567976,-0.141516,-0.188109,0.788664
1677108548,512293033,0.365372,0.652624,0.166704,0.568181,-0.140840,-0.188752,0.788484
1677108548,522345258,0.366159,0.653072,0.166732,0.568687,-0.139757,-0.190311,0.787937
1677108548,532111329,0.367026,0.653514,0.166709,0.568841,-0.138864,-0.191571,0.787678
1677108548,542146981,0.367938,0.653949,0.166723,0.568747,-0.137885,-0.192417,0.787712
1677108548,552676258,0.368890,0.654454,0.166741,0.568885,-0.137058,-0.192813,0.787660
1677108548,562442486,0.369650,0.654970,0.166773,0.568971,-0.135418,-0.193183,0.787791
1677108548,572096797,0.370183,0.655477,0.166797,0.568680,-0.133877,-0.194288,0.787993
1677108548,582546970,0.371025,0.656127,0.166758,0.569203,-0.133299,-0.193353,0.787942
1677108548,592426175,0.371731,0.656809,0.166748,0.569469,-0.132336,-0.192557,0.788108
1677108548,602199801,0.372351,0.657316,0.166796,0.569279,-0.132356,-0.192033,0.788369
1677108548,612279609,0.372892,0.657961,0.166801,0.569593,-0.131456,-0.191156,0.788506
1677108548,622231496,0.373640,0.658610,0.166743,0.570074,-0.131487,-0.189322,0.788597
1677108548,632246850,0.374182,0.659291,0.166695,0.570268,-0.130411,-0.188316,0.788875
1677108548,641662630,0.374977,0.659984,0.166607,0.571073,-0.129991,-0.186435,0.788809
1677108548,652035314,0.375491,0.660586,0.166589,0.571237,-0.128403,-0.185305,0.789216
1677108548,662097734,0.376442,0.661218,0.166511,0.572030,-0.128646,-0.183088,0.789120
1677108548,672586285,0.377104,0.661918,0.166467,0.572835,-0.127837,-0.182536,0.788795
1677108548,682135752,0.377883,0.662356,0.166428,0.572784,-0.127061,-0.181159,0.789275
1677108548,691967164,0.378617,0.662875,0.166324,0.573120,-0.125646,-0.180087,0.789503
1677108548,702155416,0.379498,0.663535,0.166206,0.574242,-0.124610,-0.179004,0.789098
1677108548,712586112,0.380263,0.664065,0.166100,0.574885,-0.123217,-0.178135,0.789046
1677108548,722545404,0.381113,0.664748,0.165987,0.576246,-0.121735,-0.176847,0.788572
1677108548,731950052,0.382036,0.665367,0.165895,0.577058,-0.120653,-0.174992,0.788559
1677108548,741941935,0.382922,0.666333,0.165730,0.578890,-0.119549,-0.173381,0.787740
1677108548,752870597,0.383674,0.667031,0.165625,0.579343,-0.117416,-0.171026,0.788242
1677108548,761983863,0.384381,0.667996,0.165484,0.580976,-0.115083,-0.167936,0.788048
1677108548,771982859,0.384982,0.668920,0.165330,0.582030,-0.112751,-0.164806,0.788268
1677108548,782587725,0.385591,0.669942,0.165223,0.583717,-0.111019,-0.160895,0.788075
1677108548,792392107,0.386079,0.670755,0.165154,0.584520,-0.109120,-0.156819,0.788566
1677108548,801968699,0.386599,0.671695,0.165075,0.585849,-0.108187,-0.152862,0.788485
1677108548,812374000,0.387121,0.672643,0.165017,0.586682,-0.107327,-0.149324,0.788661
1677108548,822071761,0.387689,0.673458,0.165008,0.586332,-0.106141,-0.145646,0.789770
1677108548,832114038,0.388179,0.674524,0.164932,0.587156,-0.103951,-0.142471,0.790028
1677108548,841878536,0.388887,0.675434,0.164920,0.587278,-0.102405,-0.138711,0.790808
1677108548,852314648,0.389521,0.676463,0.164921,0.587433,-0.100742,-0.135770,0.791417
1677108548,862179341,0.390223,0.677670,0.164848,0.587732,-0.099142,-0.133171,0.791838
1677108548,872407621,0.390926,0.678855,0.164826,0.587963,-0.096991,-0.129718,0.792505
1677108548,881906594,0.391591,0.680099,0.164795,0.588702,-0.095080,-0.126100,0.792772
1677108548,891757154,0.392114,0.681193,0.164782,0.589074,-0.092981,-0.122585,0.793297
1677108548,901896516,0.392686,0.682413,0.164773,0.590286,-0.090745,-0.117975,0.793353
1677108548,912613313,0.393240,0.683597,0.164753,0.591407,-0.088527,-0.113287,0.793453
1677108548,922166455,0.393666,0.684420,0.164836,0.591300,-0.086869,-0.109669,0.794224
1677108548,932359648,0.394160,0.685341,0.164840,0.591840,-0.084262,-0.105756,0.794633
1677108548,942313286,0.394947,0.686323,0.164831,0.592447,-0.083149,-0.102497,0.794725
1677108548,952165290,0.395640,0.687087,0.164808,0.591675,-0.080609,-0.100297,0.795841
1677108548,961783686,0.396264,0.687302,0.165048,0.588424,-0.075376,-0.097621,0.799091
1677108548,972171039,0.397692,0.689176,0.164766,0.593554,-0.076840,-0.096667,0.795264
1677108548,981878665,0.398759,0.690021,0.164794,0.593966,-0.074068,-0.095363,0.795377
1677108548,992631713,0.399363,0.690051,0.164959,0.590739,-0.067558,-0.094551,0.798451
1677108549,2316232,0.400510,0.691096,0.164858,0.592681,-0.064844,-0.093508,0.797359
1677108549,12016643,0.401359,0.691963,0.164770,0.593741,-0.060741,-0.093180,0.796932
1677108549,21896978,0.402267,0.692965,0.164659,0.595127,-0.056436,-0.091582,0.796399
1677108549,32060335,0.403245,0.693922,0.164563,0.596119,-0.053611,-0.089794,0.796056
1677108549,42295470,0.404048,0.694864,0.164500,0.597380,-0.050443,-0.087444,0.795579
1677108549,52491501,0.404693,0.695614,0.164462,0.598129,-0.048568,-0.085882,0.795303
1677108549,61922114,0.405285,0.696073,0.164479,0.597877,-0.046428,-0.083204,0.795905
1677108549,71726629,0.405824,0.696690,0.164451,0.598177,-0.045050,-0.081013,0.795985
1677108549,81757436,0.406189,0.697112,0.164511,0.597743,-0.043150,-0.078911,0.796627
1677108549,91798070,0.406647,0.697808,0.164433,0.598840,-0.041871,-0.076655,0.796092
1677108549,101746223,0.406865,0.698049,0.164487,0.597652,-0.039837,-0.074685,0.797275
1677108549,112310256,0.407163,0.698432,0.164549,0.597200,-0.038080,-0.072155,0.797932
1677108549,122031797,0.407434,0.699005,0.164570,0.598320,-0.037574,-0.070186,0.797292
1677108549,132439464,0.407640,0.699388,0.164539,0.599321,-0.036132,-0.067163,0.796867
1677108549,142168342,0.407540,0.699844,0.164409,0.600866,-0.033345,-0.064626,0.796035
1677108549,152611781,0.407891,0.700941,0.164130,0.605496,-0.032378,-0.060499,0.792885
1677108549,161789104,0.407789,0.701303,0.163981,0.606063,-0.029390,-0.057506,0.792790
1677108549,172418657,0.407364,0.701602,0.163766,0.606847,-0.025321,-0.055090,0.792503
1677108549,182587732,0.407230,0.702017,0.163512,0.608393,-0.023733,-0.052453,0.791545
1677108549,191606250,0.407093,0.702153,0.163219,0.609156,-0.022790,-0.049350,0.791186
1677108549,202183047,0.406955,0.702254,0.163057,0.610078,-0.022589,-0.046526,0.790652
1677108549,211744444,0.406912,0.702349,0.162889,0.611399,-0.022399,-0.043074,0.789832
1677108549,222805520,0.406865,0.702239,0.162842,0.611597,-0.022402,-0.040036,0.789838
1677108549,231374354,0.406830,0.702111,0.162773,0.611381,-0.021892,-0.037548,0.790142
1677108549,241350296,0.406810,0.702232,0.162643,0.612375,-0.021284,-0.035928,0.789464
1677108549,251490787,0.406896,0.702212,0.162481,0.613823,-0.020791,-0.034163,0.788430
1677108549,261295309,0.406918,0.702035,0.162259,0.615732,-0.019893,-0.032976,0.787014
1677108549,272070920,0.407005,0.701855,0.162008,0.617707,-0.018483,-0.031647,0.785554
1677108549,282315669,0.407115,0.701718,0.161712,0.619358,-0.016840,-0.030564,0.784333
1677108549,292527808,0.407297,0.701766,0.161402,0.621547,-0.014616,-0.029456,0.782686
1677108549,302242635,0.407453,0.701617,0.161100,0.622723,-0.012388,-0.028296,0.781833
1677108549,312222935,0.407654,0.701661,0.160793,0.624553,-0.010153,-0.026881,0.780453
1677108549,321755382,0.407823,0.701788,0.160516,0.626377,-0.008077,-0.025291,0.779068
1677108549,332408919,0.407927,0.701794,0.160336,0.627530,-0.005788,-0.023491,0.778216
1677108549,342327490,0.407873,0.701855,0.160137,0.628459,-0.003149,-0.022004,0.777525
1677108549,352548474,0.407942,0.702103,0.159977,0.629707,-0.001341,-0.019570,0.776585
1677108549,361937368,0.407856,0.702403,0.159781,0.631007,0.000585,-0.017122,0.775588
1677108549,372358389,0.407696,0.702603,0.159604,0.632120,0.002333,-0.014446,0.774732
1677108549,382495758,0.407451,0.702765,0.159417,0.633377,0.004544,-0.011333,0.773747
1677108549,392374074,0.407213,0.703082,0.159225,0.635460,0.006176,-0.007747,0.772070
1677108549,401891157,0.406836,0.703063,0.159029,0.636527,0.007335,-0.004732,0.771205
1677108549,411954488,0.406468,0.703180,0.158868,0.638710,0.008037,-0.001603,0.769404
1677108549,422031786,0.406075,0.702990,0.158743,0.639990,0.009153,0.002259,0.768326
1677108549,432148692,0.405743,0.702866,0.158629,0.641907,0.009199,0.005384,0.766709
1677108549,441877335,0.405330,0.702470,0.158529,0.642861,0.010199,0.008308,0.765870
1677108549,451834737,0.405029,0.702051,0.158318,0.643549,0.009800,0.010509,0.765270
1677108549,461888758,0.404735,0.701898,0.158108,0.645101,0.009672,0.012803,0.763929
1677108549,472811781,0.404629,0.701502,0.157994,0.646329,0.008604,0.014662,0.762869
1677108549,482140535,0.404445,0.701016,0.157870,0.648231,0.008748,0.016168,0.761221
1677108549,491778021,0.404286,0.700321,0.157745,0.649614,0.009179,0.017022,0.760018
1677108549,502851904,0.404297,0.699903,0.157513,0.652173,0.009923,0.017849,0.757795
1677108549,512381266,0.404433,0.699523,0.157292,0.654983,0.010855,0.018875,0.755330
1677108549,522216018,0.404547,0.698877,0.157051,0.657272,0.012023,0.018726,0.753325
1677108549,531778490,0.404598,0.698205,0.156806,0.659552,0.014020,0.018176,0.751308
1677108549,541571252,0.404900,0.697449,0.156647,0.661670,0.015215,0.017977,0.749426
1677108549,551653160,0.405106,0.696910,0.156443,0.663764,0.016954,0.016166,0.747575
1677108549,561636165,0.405642,0.696407,0.156237,0.665150,0.017933,0.014925,0.746345
1677108549,571468986,0.406183,0.696061,0.156025,0.666870,0.019504,0.013154,0.744802
1677108549,581361588,0.406779,0.695462,0.155819,0.667714,0.021618,0.010774,0.744026
1677108549,592459867,0.407395,0.695116,0.155676,0.670087,0.024364,0.008116,0.741839
1677108549,602350542,0.408166,0.694536,0.155613,0.672282,0.026973,0.005351,0.739785
1677108549,612176071,0.408994,0.693807,0.155541,0.674225,0.029980,0.002738,0.737912
1677108549,622639328,0.409897,0.693189,0.155451,0.676881,0.032655,-0.000637,0.735368
1677108549,631817470,0.410823,0.692722,0.155355,0.679852,0.036061,-0.004142,0.732450
1677108549,642135466,0.411832,0.692204,0.155217,0.682395,0.039541,-0.007335,0.729876
1677108549,652266434,0.412743,0.691657,0.155089,0.684049,0.043665,-0.011180,0.728042
1677108549,662285345,0.413745,0.691129,0.154921,0.684913,0.047321,-0.014643,0.726939
1677108549,672809754,0.414789,0.690894,0.154748,0.686227,0.050163,-0.018164,0.725428
1677108549,681983863,0.415671,0.690567,0.154555,0.686819,0.053279,-0.022148,0.724535
1677108549,692088336,0.416710,0.690284,0.154369,0.687453,0.055731,-0.024818,0.723662
1677108549,702567405,0.417574,0.689955,0.154143,0.687991,0.058540,-0.027404,0.722835
1677108549,711998186,0.418257,0.689747,0.153950,0.688988,0.061538,-0.029997,0.721532
1677108549,722178852,0.419202,0.689435,0.153790,0.689554,0.062981,-0.031294,0.720812
1677108549,732487421,0.419873,0.689113,0.153731,0.690178,0.065148,-0.032917,0.719949
1677108549,741891514,0.420511,0.688801,0.153770,0.691759,0.066343,-0.034312,0.718255
1677108549,751957855,0.421068,0.688386,0.153937,0.693950,0.067147,-0.035703,0.715996
1677108549,762101491,0.421438,0.687773,0.154111,0.696175,0.068127,-0.037240,0.713661
1677108549,772439894,0.421818,0.687077,0.154278,0.698501,0.068759,-0.037601,0.711305
1677108549,781724787,0.422099,0.686446,0.154411,0.700460,0.069403,-0.037445,0.709322
1677108549,792753842,0.422302,0.686062,0.154508,0.702078,0.069678,-0.037178,0.707707
1677108549,802659499,0.422339,0.685927,0.154487,0.702823,0.069954,-0.037317,0.706932
1677108549,811861083,0.422515,0.685895,0.154380,0.702732,0.069306,-0.036557,0.707127
1677108549,823178324,0.422529,0.685917,0.154257,0.702659,0.069588,-0.035515,0.707224
1677108549,832405320,0.422429,0.685952,0.154199,0.703181,0.069274,-0.035177,0.706754
1677108549,842164932,0.422373,0.685791,0.154143,0.703720,0.069022,-0.033704,0.706314
1677108549,852777775,0.422236,0.685456,0.154103,0.704136,0.068744,-0.032826,0.705967
1677108549,862875133,0.422109,0.685141,0.154024,0.704845,0.068206,-0.032381,0.705332
1677108549,872889501,0.422057,0.684940,0.153921,0.706251,0.067503,-0.032120,0.704004
1677108549,882466980,0.421952,0.684472,0.153793,0.707075,0.067513,-0.032125,0.703175
1677108549,892257132,0.422033,0.684052,0.153708,0.708617,0.066863,-0.032037,0.701687
1677108549,902588361,0.421959,0.683522,0.153628,0.710014,0.067312,-0.032499,0.700209
1677108549,912521914,0.422039,0.683108,0.153554,0.711801,0.067268,-0.032633,0.698391
1677108549,922614969,0.422136,0.682536,0.153453,0.712783,0.067062,-0.033338,0.697374
1677108549,932785969,0.422167,0.682221,0.153477,0.714540,0.067624,-0.033929,0.695491
1677108549,942451904,0.422352,0.681804,0.153481,0.716065,0.067235,-0.034487,0.693931
1677108549,952155246,0.422382,0.681197,0.153602,0.717374,0.067689,-0.035207,0.692498
1677108549,962572676,0.422464,0.680694,0.153774,0.719758,0.067852,-0.035659,0.689980
1677108549,972187148,0.422547,0.680044,0.153963,0.722064,0.068008,-0.035905,0.687539
1677108549,982483291,0.422577,0.679347,0.154241,0.724216,0.068450,-0.036265,0.685209
1677108549,991511651,0.422708,0.678714,0.154496,0.726576,0.067965,-0.036806,0.682725
1677108550,2121543,0.422783,0.678083,0.154804,0.728838,0.068037,-0.036888,0.680298
1677108550,11893642,0.422833,0.677448,0.155122,0.730667,0.067731,-0.037601,0.678325
1677108550,23014482,0.422905,0.676834,0.155442,0.732435,0.067423,-0.038080,0.676420
1677108550,32445039,0.423027,0.676214,0.155753,0.733839,0.067081,-0.038005,0.674934
1677108550,42409078,0.423103,0.675671,0.156083,0.735343,0.066717,-0.038569,0.673300
1677108550,52016761,0.423217,0.675093,0.156451,0.736773,0.065569,-0.039543,0.671791
1677108550,62950493,0.423257,0.674594,0.156913,0.738686,0.065318,-0.039854,0.669692
1677108550,72468477,0.423257,0.673899,0.157375,0.740269,0.065294,-0.040174,0.667926
1677108550,82185717,0.423407,0.673230,0.157880,0.742476,0.064317,-0.040165,0.665567
1677108550,92213603,0.423419,0.672389,0.158430,0.744441,0.064099,-0.040498,0.663369
1677108550,102549503,0.423484,0.671707,0.159004,0.747187,0.064037,-0.040098,0.660306
1677108550,111876888,0.423540,0.670964,0.159572,0.749378,0.064001,-0.040108,0.657821
1677108550,121718167,0.423653,0.670406,0.160188,0.752026,0.063658,-0.040313,0.654812
1677108550,132612733,0.423771,0.669696,0.160716,0.753612,0.063473,-0.040502,0.652993
1677108550,141859291,0.423918,0.669136,0.161343,0.755343,0.063556,-0.040844,0.650960
1677108550,151922644,0.424000,0.668670,0.161964,0.756901,0.063800,-0.041235,0.649099
1677108550,162239150,0.424215,0.668217,0.162631,0.757940,0.063416,-0.041687,0.647895
1677108550,172522239,0.424368,0.667786,0.163381,0.759221,0.062957,-0.042532,0.646382
1677108550,182409417,0.424569,0.667265,0.164195,0.760595,0.062640,-0.042920,0.644771
1677108550,192339440,0.424773,0.666646,0.165148,0.762546,0.062459,-0.042841,0.642485
1677108550,202148407,0.425005,0.665903,0.166157,0.764768,0.061996,-0.043106,0.639866
1677108550,212219841,0.425178,0.665089,0.167224,0.767345,0.062412,-0.043017,0.636739
1677108550,222311265,0.425503,0.664347,0.168416,0.770257,0.062162,-0.042681,0.633260
1677108550,232248973,0.425590,0.663690,0.169595,0.772518,0.063182,-0.043308,0.630355
1677108550,242057163,0.425884,0.663175,0.170834,0.774411,0.063342,-0.043191,0.628021
1677108550,252728598,0.426114,0.662858,0.172084,0.775672,0.063948,-0.043466,0.626382
1677108550,262359836,0.426284,0.662658,0.173361,0.776053,0.064499,-0.044011,0.625815
1677108550,272532563,0.426578,0.662648,0.174706,0.776514,0.064448,-0.044026,0.625247
1677108550,281686977,0.426834,0.662509,0.176069,0.776452,0.064163,-0.044076,0.625350
1677108550,291621998,0.426913,0.662577,0.177645,0.777627,0.064650,-0.043595,0.623872
1677108550,301938943,0.426973,0.662376,0.179328,0.778635,0.064984,-0.042770,0.622635
1677108550,311514291,0.427014,0.662056,0.181107,0.780014,0.064720,-0.042064,0.620983
1677108550,321922358,0.427000,0.661630,0.183001,0.781821,0.064507,-0.040402,0.618839
1677108550,331940869,0.426937,0.661103,0.184978,0.783559,0.063790,-0.039387,0.616778
1677108550,341564292,0.426808,0.660511,0.187030,0.785409,0.063150,-0.038170,0.614563
1677108550,352092657,0.426511,0.659792,0.189034,0.786309,0.063574,-0.036866,0.613447
1677108550,361648875,0.425934,0.659075,0.190988,0.786537,0.065382,-0.035849,0.613025
1677108550,371529173,0.426506,0.659422,0.193293,0.789695,0.061550,-0.032496,0.609539
1677108550,382334375,0.426287,0.659250,0.195428,0.789762,0.060763,-0.032311,0.609541
1677108550,392269000,0.426198,0.659132,0.197583,0.789911,0.059265,-0.030896,0.609568
1677108550,402308857,0.426018,0.658888,0.199842,0.790216,0.058076,-0.030067,0.609329
1677108550,412353833,0.425772,0.658657,0.202165,0.791421,0.057417,-0.028537,0.607899
1677108550,422428237,0.425599,0.658165,0.204429,0.792154,0.056359,-0.026383,0.607141
1677108550,432015717,0.425353,0.657764,0.206769,0.793331,0.055449,-0.024627,0.605759
1677108550,442547690,0.425280,0.657254,0.209047,0.793828,0.053760,-0.022011,0.605362
1677108550,452292952,0.425571,0.656707,0.211216,0.793671,0.050920,-0.017429,0.605962
1677108550,462317148,0.424729,0.656838,0.213825,0.795256,0.052286,-0.020148,0.603678
1677108550,471995326,0.424632,0.656570,0.216087,0.794522,0.050695,-0.018879,0.604822
1677108550,482143181,0.424480,0.656632,0.218496,0.794768,0.049273,-0.017718,0.604651
1677108550,492039804,0.424100,0.656512,0.220863,0.794277,0.049203,-0.016996,0.605322
1677108550,502403923,0.423807,0.656426,0.223315,0.794509,0.048653,-0.015796,0.605094
1677108550,512351706,0.423514,0.656241,0.225738,0.795276,0.047823,-0.014740,0.604179
1677108550,522287644,0.423371,0.655750,0.228077,0.795530,0.045870,-0.013325,0.604028
1677108550,532439691,0.423017,0.655098,0.230357,0.795636,0.045067,-0.011648,0.603984
1677108550,541952155,0.422787,0.654835,0.232673,0.796667,0.043078,-0.010924,0.602782
1677108550,552125562,0.422444,0.654666,0.234943,0.797315,0.041694,-0.010259,0.602034
1677108550,561960907,0.421887,0.654522,0.237089,0.797208,0.041681,-0.009835,0.602184
1677108550,572265885,0.421517,0.654545,0.239235,0.797163,0.040861,-0.008047,0.602327
1677108550,582072779,0.420928,0.654698,0.241335,0.796900,0.040344,-0.007811,0.602713
1677108550,592669574,0.420334,0.654816,0.243402,0.796346,0.039920,-0.006673,0.603486
1677108550,602264611,0.419902,0.654926,0.245406,0.795930,0.037660,-0.005830,0.604188
1677108550,612158218,0.419275,0.654977,0.247416,0.795937,0.036302,-0.004668,0.604272
1677108550,622674413,0.418715,0.654744,0.249324,0.795598,0.033957,-0.003449,0.604863
1677108550,631694899,0.418203,0.654653,0.251282,0.796302,0.031401,-0.001765,0.604081
1677108550,642202133,0.417518,0.654253,0.253058,0.796108,0.029848,-0.001205,0.604416
1677108550,651977836,0.417235,0.654291,0.254996,0.797621,0.027125,0.001572,0.602546
1677108550,661443092,0.416809,0.653637,0.256668,0.796364,0.024390,0.002324,0.604321
1677108550,672031930,0.416387,0.653551,0.258349,0.796215,0.022811,0.003339,0.604575
1677108550,681687993,0.416013,0.653703,0.259985,0.795980,0.021996,0.004673,0.604905
1677108550,691386199,0.415493,0.654028,0.261600,0.795661,0.021643,0.004580,0.605338
1677108550,701628892,0.415331,0.654173,0.263077,0.794699,0.020096,0.005741,0.606644
1677108550,711668904,0.415279,0.654158,0.264428,0.793400,0.017661,0.006339,0.608411
1677108550,722134136,0.414073,0.654696,0.266194,0.795356,0.021194,0.005218,0.605750
1677108550,732315889,0.413711,0.654530,0.267511,0.795066,0.020454,0.005903,0.606150
1677108550,741798013,0.413352,0.654511,0.268862,0.795723,0.019575,0.006159,0.605313
1677108550,751384914,0.413066,0.654333,0.270153,0.795815,0.018674,0.006943,0.605212
1677108550,761594774,0.412690,0.654250,0.271385,0.796050,0.017949,0.007020,0.604923
1677108550,772177626,0.412464,0.654252,0.272603,0.796318,0.016900,0.007805,0.604591
1677108550,781781047,0.412176,0.654264,0.273735,0.796435,0.016326,0.008465,0.604444
1677108550,792152842,0.411857,0.654309,0.274810,0.796325,0.015745,0.008503,0.604604
1677108550,802317811,0.411580,0.654381,0.275846,0.795820,0.015036,0.008567,0.605286
1677108550,811664128,0.411372,0.654511,0.276907,0.795707,0.013963,0.008840,0.605456
1677108550,821932034,0.411033,0.654541,0.277893,0.795498,0.014285,0.009008,0.605720
1677108550,832173189,0.410819,0.654543,0.278899,0.795547,0.013853,0.009642,0.605657
1677108550,842125348,0.410538,0.654506,0.279916,0.795846,0.013518,0.009789,0.605269
1677108550,852083699,0.410387,0.654517,0.280908,0.796591,0.012916,0.010781,0.604285
1677108550,861875486,0.410173,0.654348,0.281766,0.796534,0.012332,0.010858,0.604370
1677108550,872634109,0.409947,0.654192,0.282604,0.796576,0.011800,0.010969,0.604323
1677108550,881730398,0.409731,0.654166,0.283478,0.796965,0.011597,0.011433,0.603806
1677108550,891997970,0.409626,0.654070,0.284307,0.797079,0.010988,0.011897,0.603657
1677108550,902711070,0.409391,0.653993,0.285085,0.797107,0.011164,0.012350,0.603609
1677108550,912493829,0.409225,0.653998,0.285845,0.797180,0.011081,0.012441,0.603512
1677108550,922907406,0.409158,0.654232,0.286643,0.797806,0.010664,0.012452,0.602691
1677108550,932683133,0.409152,0.654243,0.287294,0.797330,0.010103,0.012726,0.603325
1677108550,942519075,0.409037,0.654412,0.287964,0.797578,0.010178,0.012650,0.602998
1677108550,952826778,0.408900,0.654758,0.288735,0.799063,0.010031,0.012023,0.601043
1677108550,962451750,0.408897,0.654772,0.289318,0.799514,0.009533,0.012199,0.600448
1677108550,972651164,0.408836,0.654965,0.290003,0.801002,0.009418,0.012082,0.598466
1677108550,982087416,0.408622,0.655107,0.290608,0.802275,0.010675,0.012003,0.596738
1677108550,991679709,0.408744,0.655227,0.291175,0.803223,0.010279,0.012616,0.595457
1677108551,1916774,0.408819,0.653584,0.291294,0.797998,0.010453,0.012751,0.602435
1677108551,11989909,0.408884,0.653707,0.291766,0.797900,0.010584,0.012798,0.602561
1677108551,22092184,0.409035,0.653883,0.292281,0.797914,0.010192,0.012383,0.602557
1677108551,32006675,0.408897,0.653864,0.292680,0.797262,0.011252,0.011335,0.603422
1677108551,41940723,0.409068,0.653904,0.293110,0.797050,0.011305,0.011805,0.603692
1677108551,52999879,0.409272,0.653975,0.293567,0.797221,0.010750,0.011616,0.603480
1677108551,62017355,0.409249,0.654063,0.294033,0.797755,0.011232,0.010731,0.602781
1677108551,71919980,0.409363,0.653934,0.294441,0.797583,0.011442,0.010848,0.603004
1677108551,82284087,0.410011,0.654098,0.295185,0.799111,0.008643,0.012624,0.600989
1677108551,92136076,0.409937,0.654193,0.295681,0.800042,0.010126,0.012256,0.599733
1677108551,102573181,0.409947,0.654137,0.296147,0.800564,0.011046,0.012285,0.599019
1677108551,111968914,0.410004,0.653937,0.296466,0.800333,0.012191,0.012810,0.599295
1677108551,122354952,0.409919,0.653979,0.296848,0.800614,0.013772,0.012379,0.598894
1677108551,132290781,0.410109,0.654144,0.297256,0.800783,0.013712,0.012020,0.598676
1677108551,142110509,0.410254,0.654084,0.297576,0.799554,0.013982,0.011876,0.600313
1677108551,152365514,0.410525,0.654198,0.297958,0.799133,0.013131,0.011605,0.600899
1677108551,161807458,0.410614,0.654258,0.298298,0.798681,0.013630,0.011885,0.601483
1677108551,172017210,0.410709,0.654207,0.298671,0.798393,0.013455,0.011785,0.601871
1677108551,182602829,0.410772,0.653905,0.298884,0.797702,0.013579,0.011803,0.602784
1677108551,192380218,0.410970,0.653449,0.299085,0.796935,0.013079,0.012574,0.603792
1677108551,202622268,0.410962,0.653020,0.299308,0.796341,0.013820,0.013192,0.604546
1677108551,212601374,0.411219,0.652876,0.299639,0.796615,0.012808,0.013445,0.604202
1677108551,222430749,0.411144,0.652636,0.299907,0.796002,0.013781,0.013090,0.604996
1677108551,232095752,0.411624,0.652685,0.300269,0.796041,0.011852,0.014131,0.604962
1677108551,242319947,0.409763,0.653200,0.301122,0.798493,0.023049,0.009846,0.601483
1677108551,252481332,0.410570,0.653421,0.301919,0.799941,0.018206,0.010009,0.599719
1677108551,262284154,0.410582,0.653468,0.302343,0.799843,0.018753,0.009721,0.599837
1677108551,272541851,0.410546,0.653502,0.302788,0.800012,0.019135,0.009561,0.599602
1677108551,282225944,0.410684,0.653441,0.303207,0.800182,0.018896,0.009982,0.599376
1677108551,292080514,0.410470,0.653228,0.303656,0.800278,0.020263,0.009530,0.599212
1677108551,301965065,0.410424,0.653081,0.304109,0.800582,0.020534,0.009649,0.598793
1677108551,312073729,0.410415,0.653048,0.304558,0.800965,0.020742,0.010132,0.598267
1677108551,322213488,0.410464,0.652914,0.304948,0.800602,0.020295,0.010166,0.598766
1677108551,332493794,0.410490,0.652909,0.305442,0.800538,0.020302,0.010949,0.598838
1677108551,342286039,0.410315,0.652924,0.305828,0.800455,0.020898,0.010679,0.598933
1677108551,352217383,0.410238,0.652910,0.306222,0.800329,0.020864,0.010669,0.599103
1677108551,361870300,0.410093,0.652764,0.306559,0.799977,0.021196,0.011163,0.599552
1677108551,372153687,0.410011,0.652761,0.306960,0.800309,0.020853,0.011530,0.599114
1677108551,381998441,0.409978,0.652637,0.307301,0.800383,0.020174,0.011679,0.599035
1677108551,392493002,0.409850,0.652480,0.307600,0.800267,0.019933,0.011837,0.599196
1677108551,402538454,0.409711,0.652326,0.307807,0.800142,0.020209,0.012492,0.599340
1677108551,412467537,0.409603,0.652154,0.308031,0.800100,0.019828,0.012544,0.599407
