secs,nsecs,tx,ty,tz,rx,ry,rz,rw
1677108304,543080238,0.468021,0.539793,0.529970,0.423990,-0.001001,0.095714,0.900595
1677108304,554064509,0.467982,0.540076,0.530144,0.423236,-0.000223,0.094728,0.901054
1677108304,563565363,0.467974,0.540482,0.530305,0.423841,-0.000191,0.094043,0.900841
1677108304,573038892,0.468159,0.540920,0.530561,0.424381,-0.000785,0.094485,0.900540
1677108304,583453439,0.468755,0.542431,0.530354,0.429191,-0.001223,0.099058,0.897765
1677108304,593583119,0.468565,0.543047,0.530411,0.429940,-0.000315,0.099530,0.897355
1677108304,603760019,0.468458,0.543543,0.530522,0.429167,-0.000663,0.100589,0.897606
1677108304,612918274,0.468290,0.544245,0.530532,0.428872,-0.001052,0.102175,0.897568
1677108304,623007728,0.468125,0.544939,0.530495,0.428188,-0.001877,0.104454,0.897631
1677108304,633331156,0.467746,0.545514,0.530463,0.426771,-0.002116,0.106030,0.898120
1677108304,643588497,0.467411,0.546031,0.530427,0.425025,-0.002741,0.108099,0.898700
1677108304,654103819,0.467142,0.546803,0.530203,0.424720,-0.003028,0.110827,0.898510
1677108304,663423198,0.466916,0.547237,0.530206,0.422629,-0.002596,0.113338,0.899184
1677108304,673020774,0.466790,0.547943,0.530029,0.422430,-0.002246,0.115958,0.898945
1677108304,682856095,0.466703,0.548329,0.530084,0.420371,-0.001531,0.118276,0.899609
1677108304,692785222,0.466682,0.548891,0.530027,0.419747,-0.000524,0.119987,0.899675
1677108304,702515117,0.466271,0.550062,0.529465,0.422883,-0.004733,0.116637,0.898634
1677108304,712444332,0.466365,0.550532,0.529516,0.422113,-0.004602,0.116842,0.898970
1677108304,722650762,0.466443,0.551009,0.529534,0.421862,-0.003947,0.116833,0.899092
1677108304,733031409,0.466621,0.551538,0.529520,0.422201,-0.004052,0.116569,0.898967
1677108304,743515696,0.466765,0.551862,0.529620,0.421477,-0.003601,0.116420,0.899328
1677108304,753920041,0.466775,0.552313,0.529548,0.422347,-0.003168,0.115204,0.899078
1677108304,763430468,0.466881,0.552661,0.529584,0.422414,-0.002804,0.115020,0.899071
1677108304,772727998,0.466908,0.552962,0.529565,0.422179,-0.002301,0.114986,0.899187
1677108304,782915071,0.467190,0.553279,0.529538,0.421250,-0.005943,0.114690,0.899644
1677108304,793178130,0.467106,0.553754,0.529326,0.421609,-0.004949,0.115200,0.899417
1677108304,802879521,0.467063,0.554315,0.528937,0.422210,-0.003448,0.116261,0.899005
1677108304,812884326,0.466944,0.554674,0.528739,0.421629,-0.002164,0.117117,0.899171
1677108304,823138577,0.466728,0.554952,0.528443,0.420938,0.000071,0.117879,0.899397
1677108304,832937416,0.466579,0.555345,0.528128,0.421168,0.001735,0.118750,0.899173
1677108304,843414647,0.466531,0.555707,0.527840,0.421424,0.003395,0.120280,0.898845
1677108304,853176825,0.466651,0.555990,0.527547,0.421186,-0.000607,0.120053,0.898993
1677108304,863236319,0.466645,0.556396,0.527185,0.422170,0.000165,0.120858,0.898424
1677108304,873676420,0.466622,0.556702,0.526870,0.422665,0.000398,0.120765,0.898204
1677108304,883505928,0.466677,0.557001,0.526587,0.422826,0.000925,0.121576,0.898018
1677108304,893033621,0.466673,0.557291,0.526244,0.423323,0.001142,0.121690,0.897768
1677108304,903117579,0.466681,0.557686,0.525799,0.424281,0.002070,0.122744,0.897171
1677108304,913350033,0.466668,0.558064,0.525327,0.425312,0.001652,0.123164,0.896626
1677108304,923130586,0.466566,0.558368,0.524831,0.425647,0.002418,0.123928,0.896360
1677108304,933060497,0.466416,0.558737,0.524308,0.426180,0.002835,0.125008,0.895955
1677108304,943627155,0.465459,0.558410,0.523853,0.422867,0.006569,0.123249,0.897747
1677108304,953338955,0.465656,0.559423,0.523048,0.426899,0.006332,0.126777,0.895346
1677108304,963414132,0.465688,0.559775,0.522696,0.428860,0.006881,0.127260,0.894336
1677108304,973427455,0.465725,0.560111,0.522329,0.430835,0.007188,0.127733,0.893316
1677108304,983418717,0.465739,0.560414,0.521970,0.432419,0.008040,0.128183,0.892479
1677108304,993285258,0.465867,0.560874,0.521453,0.434740,0.008817,0.129422,0.891164
1677108305,3801268,0.465973,0.561392,0.520889,0.437489,0.008935,0.130281,0.889691
1677108305,13704575,0.466093,0.561807,0.520327,0.439547,0.009472,0.131406,0.888505
1677108305,23008278,0.466200,0.562093,0.519741,0.441062,0.009686,0.132079,0.887652
1677108305,33577009,0.466362,0.562324,0.519140,0.442124,0.010182,0.132925,0.886992
1677108305,43243534,0.466503,0.562730,0.518400,0.444323,0.010148,0.133537,0.885800
1677108305,53910936,0.466607,0.562903,0.517805,0.445151,0.010693,0.134051,0.885300
1677108305,63686874,0.466486,0.563092,0.517047,0.446742,0.011755,0.134330,0.884443
1677108305,73351502,0.466546,0.562983,0.516382,0.448523,0.012683,0.136439,0.883205
1677108305,83328154,0.466600,0.562518,0.515851,0.452159,0.014611,0.138588,0.880983
1677108305,93374935,0.466720,0.561756,0.515472,0.459086,0.016056,0.139386,0.877242
1677108305,103660989,0.467254,0.560733,0.515334,0.467980,0.017110,0.139929,0.872423
1677108305,113348877,0.467385,0.559127,0.515404,0.476711,0.023076,0.137173,0.867985
1677108305,123098933,0.468529,0.557130,0.515534,0.481945,0.019504,0.132706,0.865874
1677108305,133670997,0.470079,0.556883,0.515224,0.494057,0.022051,0.132392,0.859008
1677108305,143343662,0.471586,0.555911,0.514824,0.499090,0.023319,0.128058,0.856719
1677108305,153485452,0.473125,0.555400,0.514032,0.503170,0.025154,0.122476,0.855095
1677108305,163699676,0.474632,0.555121,0.512997,0.504689,0.028273,0.116849,0.854889
1677108305,173093131,0.476164,0.555805,0.511475,0.508351,0.031981,0.112127,0.853220
1677108305,183756496,0.477375,0.555626,0.510250,0.505730,0.034613,0.106002,0.855455
1677108305,193536245,0.478626,0.556022,0.508700,0.504296,0.038567,0.102152,0.856600
1677108305,203548816,0.479697,0.556475,0.507048,0.502407,0.041413,0.099094,0.857935
1677108305,213762046,0.480513,0.557203,0.505347,0.501464,0.045401,0.098896,0.858308
1677108305,222678474,0.481057,0.557711,0.503690,0.499454,0.048456,0.099650,0.859225
1677108305,232738375,0.480267,0.556513,0.502376,0.491109,0.056062,0.097253,0.863835
1677108305,242892035,0.480810,0.557070,0.500797,0.492617,0.053823,0.100200,0.862781
1677108305,253251993,0.481076,0.557314,0.499398,0.494355,0.051206,0.102920,0.861625
1677108305,263117750,0.481021,0.556999,0.498243,0.494494,0.049799,0.105236,0.861348
1677108305,273426690,0.480771,0.556314,0.497305,0.493435,0.048608,0.107186,0.861783
1677108305,283197817,0.480824,0.555652,0.496508,0.492314,0.046991,0.110692,0.862071
1677108305,293743020,0.480548,0.555751,0.495221,0.496162,0.046068,0.112552,0.859670
1677108305,303674602,0.480452,0.555427,0.494244,0.497484,0.044960,0.114313,0.858732
1677108305,313721638,0.480564,0.555143,0.493321,0.498453,0.043954,0.116622,0.857911
1677108305,323169865,0.480517,0.554928,0.492328,0.499550,0.044294,0.117569,0.857126
1677108305,332922455,0.480589,0.555426,0.490951,0.503864,0.043070,0.117785,0.854630
1677108305,343527066,0.480883,0.555094,0.490089,0.501990,0.043875,0.118883,0.855539
1677108305,353225637,0.481189,0.554787,0.489133,0.500040,0.044789,0.119160,0.856595
1677108305,362910726,0.481569,0.554726,0.488056,0.499410,0.045380,0.119404,0.856897
1677108305,372897346,0.481997,0.554696,0.486863,0.499287,0.045855,0.119691,0.856904
1677108305,383380716,0.482357,0.554681,0.485583,0.499602,0.046000,0.119278,0.856770
1677108305,393229261,0.482950,0.554521,0.484404,0.498794,0.045499,0.119751,0.857201
1677108305,403014376,0.483398,0.554317,0.483174,0.497831,0.046169,0.120206,0.857662
1677108305,412601113,0.483844,0.554291,0.481906,0.497821,0.046248,0.120087,0.857680
1677108305,423419969,0.484237,0.554253,0.480628,0.497941,0.046483,0.120141,0.857590
1677108305,433598166,0.484708,0.554172,0.479380,0.497768,0.046691,0.120732,0.857596
1677108305,442970356,0.484764,0.553298,0.478326,0.494803,0.047160,0.118701,0.859567
1677108305,453694382,0.485208,0.553149,0.477110,0.494462,0.047004,0.119409,0.859674
1677108305,463137722,0.485606,0.553249,0.475828,0.495420,0.046372,0.120035,0.859069
1677108305,472878349,0.485981,0.553163,0.474615,0.495576,0.045950,0.120787,0.858897
1677108305,482977670,0.486309,0.553036,0.473438,0.495884,0.045326,0.121606,0.858637
1677108305,492625189,0.486632,0.552919,0.472301,0.496332,0.044749,0.123049,0.858203
1677108305,502910812,0.486881,0.552887,0.471112,0.497317,0.044038,0.124119,0.857514
1677108305,513205575,0.487118,0.552780,0.469955,0.497836,0.043013,0.125247,0.857101
1677108305,522936259,0.487264,0.552783,0.468758,0.498647,0.042184,0.126128,0.856542
1677108305,533116856,0.487498,0.552703,0.467584,0.498443,0.041347,0.127474,0.856502
1677108305,542579654,0.487665,0.552640,0.466373,0.498552,0.040866,0.128632,0.856288
1677108305,553315038,0.487859,0.552665,0.465074,0.498669,0.040581,0.129683,0.856075
1677108305,563056315,0.488078,0.552783,0.463774,0.498818,0.040386,0.130967,0.855802
1677108305,572723231,0.488333,0.552771,0.462523,0.498185,0.040039,0.131659,0.856081
1677108305,583040419,0.488567,0.552950,0.461139,0.498808,0.039645,0.131960,0.855690
1677108305,593554672,0.488913,0.552817,0.459944,0.498169,0.039145,0.132450,0.856009
1677108305,602787367,0.489207,0.552694,0.458719,0.498087,0.039135,0.132325,0.856077
1677108305,613427784,0.489565,0.552621,0.457499,0.498547,0.039173,0.132365,0.855801
1677108305,623015801,0.489986,0.552591,0.456281,0.499375,0.038947,0.132419,0.855321
1677108305,632698930,0.490382,0.552513,0.455100,0.500036,0.038895,0.132467,0.854929
1677108305,643003201,0.490785,0.552475,0.453904,0.500994,0.038827,0.132908,0.854303
1677108305,653343894,0.491156,0.552396,0.452671,0.501867,0.038501,0.133175,0.853763
1677108305,663306083,0.491409,0.552189,0.451479,0.501895,0.038087,0.133144,0.853770
1677108305,673043008,0.491659,0.552225,0.450124,0.502556,0.037716,0.133662,0.853317
1677108305,683445084,0.491873,0.552209,0.448819,0.502344,0.037757,0.134651,0.853285
1677108305,693357994,0.492061,0.552295,0.447468,0.502162,0.037793,0.135714,0.853222
1677108305,702869211,0.492207,0.552350,0.446151,0.501647,0.037401,0.136238,0.853458
1677108305,712851486,0.492318,0.552574,0.444762,0.502040,0.037498,0.137054,0.853092
1677108305,723137504,0.492568,0.552728,0.443453,0.501739,0.036801,0.138022,0.853143
1677108305,733526637,0.492750,0.552734,0.442190,0.501292,0.036771,0.138972,0.853253
1677108305,743650503,0.492933,0.552713,0.440928,0.501089,0.036295,0.139317,0.853336
1677108305,754098586,0.493082,0.552816,0.439623,0.501805,0.036324,0.139695,0.852852
1677108305,763963416,0.493301,0.552746,0.438369,0.502133,0.036416,0.140421,0.852536
1677108305,772815665,0.493607,0.552786,0.437079,0.502975,0.036293,0.141298,0.851900
1677108305,783683470,0.493732,0.552736,0.435784,0.503504,0.037038,0.141579,0.851509
1677108305,793606243,0.493926,0.552708,0.434432,0.503747,0.037295,0.142401,0.851217
1677108305,804199889,0.494100,0.552834,0.432972,0.504436,0.037084,0.143512,0.850631
1677108305,813546418,0.494282,0.552765,0.431520,0.503785,0.036448,0.144447,0.850886
1677108305,823740688,0.494340,0.552727,0.429990,0.503258,0.035831,0.145076,0.851118
1677108305,833439527,0.494396,0.552674,0.428467,0.502248,0.035507,0.145946,0.851579
1677108305,843073437,0.494468,0.552759,0.426879,0.501712,0.034951,0.146971,0.851741
1677108305,852870991,0.494511,0.552821,0.425315,0.500813,0.034451,0.147821,0.852144
1677108305,863598051,0.494557,0.552927,0.423762,0.500079,0.034160,0.149021,0.852377
1677108305,873277826,0.494553,0.553011,0.422234,0.499395,0.034642,0.150430,0.852511
1677108305,882862789,0.494579,0.553125,0.420743,0.499148,0.034956,0.151949,0.852374
1677108305,892991931,0.494480,0.553246,0.419239,0.499418,0.035455,0.152793,0.852044
1677108305,903340430,0.494528,0.553293,0.417820,0.499037,0.036076,0.154550,0.851924
1677108305,913270004,0.494493,0.553312,0.416414,0.499121,0.036289,0.155197,0.851748
1677108305,922720731,0.494527,0.553493,0.414972,0.499942,0.036571,0.156143,0.851081
1677108305,933053300,0.494533,0.553392,0.413652,0.499677,0.036533,0.156137,0.851240
1677108305,942811967,0.494697,0.553464,0.412350,0.500188,0.036515,0.156678,0.850841
1677108305,952994667,0.494788,0.553489,0.411040,0.500959,0.036459,0.156315,0.850457
1677108305,963024005,0.494940,0.553448,0.409766,0.501584,0.036765,0.156120,0.850110
1677108305,973346639,0.495174,0.553315,0.408499,0.501730,0.036994,0.156243,0.849992
1677108305,983158565,0.495341,0.553232,0.407231,0.502026,0.037771,0.156470,0.849741
1677108305,992490297,0.495466,0.553131,0.405869,0.502467,0.038454,0.156292,0.849483
1677108306,2771096,0.495474,0.553240,0.404462,0.503792,0.039268,0.155622,0.848784
1677108306,13262919,0.495572,0.553201,0.403086,0.504113,0.039950,0.155819,0.848525
1677108306,23046629,0.495704,0.553182,0.401752,0.504436,0.040140,0.156082,0.848275
1677108306,32972316,0.495793,0.553278,0.400364,0.505563,0.040405,0.156609,0.847495
1677108306,42977985,0.495770,0.552997,0.399091,0.505134,0.041107,0.156386,0.847758
1677108306,53036065,0.495815,0.553081,0.397680,0.506614,0.040769,0.156664,0.846839
1677108306,63252839,0.495854,0.553088,0.396221,0.507251,0.040927,0.157409,0.846312
1677108306,73393029,0.495803,0.553011,0.394733,0.507327,0.041212,0.157169,0.846297
1677108306,83375920,0.495746,0.553215,0.393095,0.508160,0.042479,0.157595,0.845656
1677108306,93555352,0.495853,0.553390,0.391447,0.507987,0.043434,0.158240,0.845591
1677108306,103827429,0.496080,0.553574,0.389861,0.507217,0.043560,0.158918,0.845918
1677108306,113454758,0.496043,0.553838,0.388210,0.506629,0.045412,0.158245,0.846300
1677108306,123425509,0.495887,0.554058,0.386568,0.505864,0.047011,0.156495,0.846995
1677108306,133554221,0.496003,0.554289,0.385065,0.504806,0.048014,0.156298,0.847606
1677108306,144072359,0.496049,0.554410,0.383663,0.503567,0.048575,0.155044,0.848541
1677108306,153608180,0.496093,0.554491,0.382365,0.502554,0.049508,0.154508,0.849185
1677108306,163460359,0.496136,0.554663,0.381084,0.502782,0.049677,0.153727,0.849182
1677108306,173495399,0.496156,0.554890,0.379909,0.504248,0.049811,0.153662,0.848316
1677108306,183579401,0.496182,0.554873,0.378851,0.505385,0.050123,0.154000,0.847560
1677108306,193297775,0.496210,0.554995,0.377815,0.507765,0.050346,0.154959,0.845948
1677108306,203051557,0.496238,0.555016,0.376792,0.509787,0.050171,0.156083,0.844534
1677108306,213182963,0.496079,0.555124,0.375676,0.511745,0.050756,0.157301,0.843088
1677108306,223208086,0.495928,0.555164,0.374532,0.512516,0.050881,0.158227,0.842438
1677108306,233412096,0.495523,0.556053,0.372900,0.517355,0.050764,0.158319,0.839465
1677108306,243480169,0.495433,0.555901,0.371766,0.515513,0.050643,0.158909,0.840494
1677108306,252748972,0.495436,0.555860,0.370594,0.513788,0.050751,0.160147,0.841308
1677108306,263869907,0.495420,0.556006,0.369299,0.513206,0.051577,0.160992,0.841451
1677108306,273047386,0.495332,0.556108,0.368048,0.513200,0.052167,0.160449,0.841523
1677108306,283385911,0.495423,0.556164,0.366873,0.513026,0.052960,0.160740,0.841524
1677108306,292671810,0.495470,0.556329,0.365667,0.513986,0.053951,0.160468,0.840927
1677108306,302838990,0.495567,0.556489,0.364505,0.515195,0.054853,0.160184,0.840182
1677108306,312460253,0.495678,0.556565,0.363411,0.516034,0.055553,0.159701,0.839713
1677108306,322690768,0.495855,0.556736,0.362331,0.517328,0.056016,0.159998,0.838829
1677108306,333530092,0.495943,0.556619,0.361298,0.516853,0.056792,0.159604,0.839145
1677108306,343519175,0.496084,0.556932,0.360145,0.518206,0.057217,0.160263,0.838155
1677108306,353677681,0.496077,0.556913,0.359076,0.517948,0.057814,0.159699,0.838381
1677108306,363725947,0.496081,0.556904,0.358006,0.517389,0.058337,0.159451,0.838738
1677108306,373034862,0.495946,0.556989,0.356884,0.517383,0.059318,0.158950,0.838767
1677108306,384073191,0.495813,0.557131,0.355800,0.517150,0.060239,0.158216,0.838984
1677108306,393482754,0.496074,0.557205,0.354779,0.515990,0.058018,0.157767,0.839939
1677108306,402978752,0.496442,0.558383,0.353531,0.518920,0.057958,0.160360,0.837644
1677108306,412631135,0.496491,0.558901,0.352405,0.519292,0.058722,0.160625,0.837310
1677108306,422950829,0.496548,0.559396,0.351354,0.519160,0.060078,0.161312,0.837163
1677108306,433427677,0.496406,0.559897,0.350178,0.518768,0.062022,0.161164,0.837293
1677108306,443674045,0.496415,0.560275,0.349144,0.517122,0.062853,0.161499,0.838184
1677108306,453485005,0.496300,0.560938,0.347950,0.516468,0.063869,0.161169,0.838574
1677108306,463643364,0.496294,0.561676,0.346765,0.515213,0.065308,0.162378,0.839001
1677108306,473364455,0.496272,0.562259,0.345637,0.513321,0.065403,0.162749,0.840082
1677108306,483560190,0.496116,0.562837,0.344499,0.511253,0.066318,0.162802,0.841260
1677108306,492969192,0.496078,0.563462,0.343405,0.509439,0.066784,0.163937,0.842102
1677108306,503375845,0.495920,0.564173,0.342324,0.508664,0.066870,0.164586,0.842438
1677108306,513670885,0.495768,0.564643,0.341365,0.507459,0.067914,0.165700,0.842862
1677108306,523165472,0.495658,0.565204,0.340451,0.507560,0.068085,0.166459,0.842638
1677108306,532552723,0.495605,0.565466,0.339752,0.507174,0.068893,0.167816,0.842535
1677108306,542675298,0.495482,0.565792,0.339026,0.508144,0.068902,0.168296,0.841855
1677108306,552986970,0.495427,0.565965,0.338413,0.508738,0.069110,0.168824,0.841373
1677108306,563555564,0.495436,0.566210,0.337755,0.509804,0.069698,0.169962,0.840449
1677108306,573546538,0.495450,0.566464,0.337099,0.510915,0.069879,0.170682,0.839613
1677108306,583251778,0.495461,0.566639,0.336439,0.511295,0.069822,0.170665,0.839390
1677108306,593596016,0.495644,0.566991,0.335694,0.511819,0.069288,0.171467,0.838951
1677108306,603745341,0.495550,0.567363,0.334853,0.512263,0.069943,0.171092,0.838703
1677108306,613363849,0.495645,0.567649,0.334071,0.511374,0.070167,0.171583,0.839126
1677108306,623212652,0.495766,0.568139,0.333157,0.511341,0.070199,0.172107,0.839036
1677108306,632569613,0.495687,0.568452,0.332278,0.510651,0.071526,0.172019,0.839363
1677108306,643292648,0.495779,0.568746,0.331435,0.509984,0.072153,0.172591,0.839597
1677108306,653035220,0.495782,0.569129,0.330602,0.510247,0.072704,0.172584,0.839391
1677108306,663603727,0.495776,0.569408,0.329820,0.510373,0.073448,0.172844,0.839196
1677108306,673030412,0.495948,0.569836,0.329030,0.510963,0.073412,0.173918,0.838618
1677108306,683329536,0.496123,0.570200,0.328244,0.511216,0.073028,0.174630,0.838349
1677108306,693251155,0.496080,0.570448,0.327474,0.511388,0.072933,0.173983,0.838387
1677108306,703620796,0.496160,0.570687,0.326753,0.511044,0.072861,0.174474,0.838501
1677108306,713781153,0.496311,0.571018,0.326003,0.511164,0.072708,0.175551,0.838216
1677108306,722947736,0.496305,0.571413,0.325208,0.511757,0.072852,0.175943,0.837760
1677108306,733265463,0.496367,0.571546,0.324517,0.511109,0.072873,0.176397,0.838058
1677108306,743144700,0.496352,0.571887,0.323750,0.511537,0.073309,0.177075,0.837616
1677108306,753109005,0.496400,0.572242,0.323013,0.512250,0.073506,0.177774,0.837015
1677108306,763785917,0.496494,0.572437,0.322297,0.512313,0.073132,0.178358,0.836884
1677108306,773096188,0.496463,0.572677,0.321542,0.512394,0.073794,0.178532,0.836740
1677108306,783170176,0.496912,0.573295,0.320698,0.513655,0.071495,0.179301,0.836001
1677108306,793339520,0.496864,0.573508,0.319901,0.512976,0.072957,0.179380,0.836275
1677108306,803543810,0.496890,0.573979,0.319066,0.513057,0.074199,0.180044,0.835973
1677108306,813657203,0.496868,0.574411,0.318219,0.512814,0.075334,0.180300,0.835966
1677108306,823225960,0.496786,0.574811,0.317388,0.512042,0.076799,0.180307,0.836304
1677108306,833566683,0.496909,0.575195,0.316605,0.511305,0.076855,0.180692,0.836666
1677108306,843385432,0.496921,0.575659,0.315793,0.511192,0.077623,0.180937,0.836612
1677108306,853023437,0.497145,0.576240,0.315023,0.511530,0.077673,0.182376,0.836088
1677108306,863336581,0.497070,0.576612,0.314224,0.511597,0.078583,0.182159,0.836009
1677108306,873056740,0.497096,0.576985,0.313449,0.511325,0.079463,0.182487,0.836021
1677108306,882990715,0.497156,0.577413,0.312678,0.511027,0.080176,0.183082,0.836005
1677108306,892817286,0.497251,0.578001,0.311857,0.510981,0.080916,0.183849,0.835794
1677108306,902834005,0.497269,0.578495,0.311049,0.510707,0.081761,0.184143,0.835814
1677108306,913079395,0.497414,0.578922,0.310314,0.509888,0.082251,0.184827,0.836115
1677108306,923199546,0.497326,0.579365,0.309488,0.509573,0.083484,0.184392,0.836281
1677108306,933258076,0.497292,0.579852,0.308654,0.509473,0.084648,0.184726,0.836151
1677108306,942801602,0.497318,0.580316,0.307882,0.509169,0.085566,0.185031,0.836175
1677108306,953174736,0.497613,0.580823,0.307091,0.508577,0.083750,0.186053,0.836492
1677108306,963480747,0.497666,0.581424,0.306244,0.508858,0.083582,0.186497,0.836240
1677108306,973236126,0.497740,0.581835,0.305489,0.507871,0.084556,0.188054,0.836393
1677108306,982716150,0.497594,0.582164,0.304696,0.507225,0.085415,0.188184,0.836669
1677108306,993422408,0.497758,0.582820,0.303834,0.507968,0.085735,0.190416,0.835679
1677108307,3218872,0.497654,0.583150,0.302982,0.507872,0.086910,0.191221,0.835432
1677108307,13206583,0.497650,0.583621,0.302029,0.508658,0.087449,0.192328,0.834643
1677108307,23235991,0.497724,0.583946,0.301099,0.508019,0.088264,0.194138,0.834528
1677108307,33257875,0.497388,0.584454,0.299938,0.508740,0.086433,0.191684,0.834847
1677108307,42786123,0.497398,0.585069,0.298709,0.508501,0.086813,0.192840,0.834688
1677108307,53047396,0.497281,0.585709,0.297437,0.508310,0.087808,0.193389,0.834573
1677108307,63157534,0.497479,0.586194,0.296242,0.506367,0.088198,0.195117,0.835310
1677108307,72981924,0.497555,0.586853,0.294919,0.506072,0.088880,0.195755,0.835267
1677108307,83552144,0.497578,0.587473,0.293635,0.505772,0.089498,0.195628,0.835413
1677108307,92872002,0.497728,0.588068,0.292429,0.505519,0.090312,0.196089,0.835370
1677108307,102984637,0.497992,0.588749,0.291269,0.505348,0.091693,0.197680,0.834948
1677108307,113704937,0.498080,0.589330,0.290071,0.505477,0.093003,0.197514,0.834764
1677108307,123033807,0.498237,0.589804,0.288994,0.504971,0.095261,0.198687,0.834537
1677108307,133342555,0.498373,0.590402,0.287871,0.504934,0.097013,0.199669,0.834124
1677108307,143544182,0.499256,0.591323,0.286714,0.505982,0.090190,0.199090,0.834393
1677108307,153744555,0.499120,0.591759,0.285660,0.505168,0.092910,0.199647,0.834454
1677108307,163511950,0.498941,0.592416,0.284464,0.505228,0.094794,0.199666,0.834201
1677108307,173075939,0.498910,0.592985,0.283405,0.505128,0.095211,0.199911,0.834156
1677108307,183342929,0.498837,0.593493,0.282378,0.504677,0.096629,0.200678,0.834082
1677108307,193526914,0.498795,0.594123,0.281372,0.505246,0.097774,0.201537,0.833396
1677108307,203478456,0.498769,0.594833,0.280404,0.506455,0.098067,0.202406,0.832417
1677108307,213393844,0.498775,0.595226,0.279555,0.505866,0.097933,0.203020,0.832641
1677108307,223227053,0.498634,0.595660,0.278661,0.505429,0.099045,0.203712,0.832606
1677108307,233215579,0.498637,0.596379,0.277687,0.506070,0.098911,0.205359,0.831828
1677108307,243259049,0.498522,0.596658,0.276852,0.505031,0.099272,0.205305,0.832429
1677108307,253513414,0.498511,0.597221,0.275979,0.505199,0.099633,0.206753,0.831926
1677108307,263101782,0.498392,0.597620,0.275201,0.505221,0.099929,0.206808,0.831863
1677108307,272975058,0.498452,0.598030,0.274417,0.505781,0.099799,0.207807,0.831290
1677108307,283194823,0.498386,0.598342,0.273671,0.505951,0.100499,0.208082,0.831033
1677108307,293081429,0.498398,0.598692,0.272903,0.506575,0.100882,0.208730,0.830443
1677108307,303203176,0.498496,0.599043,0.272184,0.506516,0.100814,0.209432,0.830311
1677108307,313773604,0.498458,0.599507,0.271350,0.507044,0.101421,0.209642,0.829861
1677108307,323359640,0.498431,0.599969,0.270625,0.507296,0.101742,0.209849,0.829616
1677108307,333829500,0.498379,0.600298,0.269868,0.507077,0.102020,0.209152,0.829892
1677108307,343559324,0.498425,0.600778,0.269110,0.507568,0.102360,0.209819,0.829381
1677108307,353349078,0.498335,0.601205,0.268326,0.508217,0.102867,0.209624,0.828970
1677108307,363746794,0.498319,0.601535,0.267639,0.508433,0.103177,0.209618,0.828801
1677108307,373564016,0.498346,0.601877,0.266936,0.508545,0.102935,0.209896,0.828692
1677108307,383360961,0.498309,0.602278,0.266171,0.508788,0.102744,0.210010,0.828538
1677108307,393489622,0.498113,0.602589,0.265456,0.508590,0.103282,0.209846,0.828634
1677108307,403662644,0.498020,0.602966,0.264731,0.508626,0.103300,0.210280,0.828499
1677108307,413344352,0.497910,0.603377,0.264078,0.509018,0.103553,0.210788,0.828097
1677108307,423437479,0.497736,0.603570,0.263494,0.509197,0.104029,0.211061,0.827858
1677108307,433591156,0.497721,0.603861,0.262928,0.509958,0.103545,0.211529,0.827331
1677108307,444048132,0.497680,0.604098,0.262477,0.510436,0.103574,0.212144,0.826875
1677108307,453235950,0.497460,0.604328,0.261948,0.511109,0.103909,0.211924,0.826474
1677108307,462584520,0.497423,0.604404,0.261483,0.510254,0.104068,0.212593,0.826810
1677108307,473031761,0.497186,0.604437,0.260966,0.507850,0.106850,0.214260,0.827505
1677108307,483310827,0.497189,0.604989,0.260418,0.508735,0.105389,0.214767,0.827017
1677108307,493224005,0.497015,0.605363,0.259863,0.508679,0.105095,0.215210,0.826974
1677108307,503937724,0.496657,0.605766,0.259218,0.508329,0.106295,0.215784,0.826886
1677108307,513531327,0.496614,0.606105,0.258672,0.507746,0.105559,0.216533,0.827142
1677108307,522994554,0.496377,0.606492,0.258025,0.507378,0.106158,0.217107,0.827141
1677108307,533512015,0.496219,0.606968,0.257415,0.507311,0.106222,0.217531,0.827063
1677108307,543172529,0.496009,0.607464,0.256805,0.506790,0.107060,0.219015,0.826882
1677108307,552911052,0.495628,0.607932,0.256188,0.506680,0.108058,0.219139,0.826787
1677108307,563259384,0.495340,0.608349,0.255661,0.506756,0.108563,0.219135,0.826675
1677108307,573459187,0.495177,0.608710,0.255219,0.506252,0.109026,0.220784,0.826485
1677108307,583724243,0.494833,0.608860,0.254778,0.505694,0.109663,0.220759,0.826749
1677108307,593470219,0.494529,0.609499,0.254170,0.506917,0.108849,0.222033,0.825766
1677108307,603682961,0.494355,0.610139,0.253612,0.507867,0.108245,0.223311,0.824916
1677108307,613289344,0.493924,0.610386,0.253047,0.506601,0.109289,0.223844,0.825412
1677108307,622648490,0.493515,0.611066,0.252403,0.507337,0.109375,0.224670,0.824724
1677108307,633129766,0.493187,0.611786,0.251750,0.507131,0.109914,0.226813,0.824192
1677108307,642918300,0.492737,0.612142,0.251105,0.505928,0.110250,0.227991,0.824561
1677108307,653149828,0.492290,0.612907,0.250345,0.506113,0.110051,0.229873,0.823952
1677108307,663562676,0.491683,0.613625,0.249575,0.505600,0.110799,0.232048,0.823557
1677108307,672856397,0.491053,0.614479,0.248648,0.504347,0.112473,0.235843,0.823020
1677108307,683024242,0.490392,0.615006,0.247780,0.502381,0.112221,0.238246,0.823565
1677108307,693085852,0.489522,0.615941,0.246755,0.501960,0.112399,0.240886,0.823029
1677108307,702974703,0.488873,0.616738,0.245772,0.499937,0.112131,0.244670,0.823181
1677108307,712930586,0.488173,0.617244,0.244880,0.496889,0.112490,0.247737,0.824059
1677108307,722868196,0.487286,0.617993,0.243829,0.496040,0.113222,0.250107,0.823755
1677108307,733190796,0.486769,0.618839,0.242850,0.495463,0.112565,0.252909,0.823336
1677108307,743551546,0.486240,0.619395,0.242036,0.494013,0.112848,0.255084,0.823498
1677108307,753776300,0.485828,0.619997,0.241177,0.493220,0.113260,0.256780,0.823389
1677108307,763202183,0.485526,0.620677,0.240384,0.493141,0.113154,0.258045,0.823056
1677108307,773532555,0.485236,0.621214,0.239677,0.492956,0.113416,0.258249,0.823066
1677108307,783965365,0.485114,0.621752,0.239053,0.492773,0.114033,0.258787,0.822922
1677108307,793412671,0.484918,0.622210,0.238471,0.492897,0.114520,0.258066,0.823007
1677108307,803673717,0.484823,0.622811,0.237867,0.492927,0.115776,0.258482,0.822682
1677108307,813238489,0.484689,0.623482,0.237237,0.492930,0.116684,0.259111,0.822354
1677108307,822917850,0.484366,0.624171,0.236446,0.492875,0.117838,0.259080,0.822232
1677108307,833248988,0.484054,0.624979,0.235634,0.492519,0.118717,0.259495,0.822188
1677108307,843137642,0.483826,0.625744,0.234811,0.491218,0.118993,0.260966,0.822461
1677108307,853776036,0.483467,0.626487,0.233942,0.489613,0.119825,0.262021,0.822962
1677108307,863405836,0.483106,0.627397,0.233060,0.488855,0.120126,0.263269,0.822970
1677108307,873349257,0.482440,0.628365,0.232099,0.489340,0.120085,0.261893,0.823127
1677108307,883734076,0.482103,0.628909,0.231457,0.486888,0.121985,0.263573,0.823765
1677108307,893415831,0.481882,0.629662,0.230858,0.486355,0.122626,0.265395,0.823400
1677108307,903486872,0.481730,0.630311,0.230356,0.485903,0.123193,0.267187,0.823002
1677108307,913182599,0.481421,0.630928,0.229897,0.486400,0.123771,0.268054,0.822340
1677108307,923205220,0.481069,0.631526,0.229439,0.486986,0.124442,0.269027,0.821574
1677108307,933693707,0.480740,0.632097,0.229032,0.487224,0.124648,0.270096,0.821050
1677108307,943205641,0.480350,0.632614,0.228592,0.487147,0.124571,0.271117,0.820772
1677108307,953132367,0.480052,0.633232,0.228166,0.486687,0.124528,0.272947,0.820444
1677108307,963416908,0.479588,0.633911,0.227635,0.486833,0.124375,0.274076,0.820004
1677108307,973429652,0.479155,0.634436,0.227122,0.485864,0.124695,0.275358,0.820101
1677108307,983608893,0.478721,0.635217,0.226499,0.485968,0.124674,0.276560,0.819638
1677108307,993391935,0.478236,0.635880,0.225916,0.485312,0.125359,0.277830,0.819493
1677108308,2637311,0.477859,0.636584,0.225311,0.484562,0.126040,0.279114,0.819395
1677108308,13165692,0.477472,0.637318,0.224784,0.484429,0.126436,0.279894,0.819147
1677108308,22880204,0.477200,0.637913,0.224373,0.482682,0.128222,0.281669,0.819292
1677108308,32872355,0.476855,0.638668,0.223871,0.483534,0.128265,0.281951,0.818686
1677108308,43294163,0.476495,0.639360,0.223387,0.484091,0.128617,0.282336,0.818168
1677108308,52942119,0.476104,0.640056,0.222851,0.484552,0.128700,0.282422,0.817853
1677108308,63457103,0.475831,0.640668,0.222425,0.483822,0.129028,0.283721,0.817784
1677108308,73360694,0.475426,0.641483,0.221800,0.484129,0.129275,0.284804,0.817187
1677108308,84228406,0.475072,0.642025,0.221303,0.482941,0.129402,0.285520,0.817619
1677108308,93160373,0.474763,0.642661,0.220813,0.482140,0.129051,0.286903,0.817663
1677108308,103302042,0.474251,0.643378,0.220253,0.482488,0.129517,0.287539,0.817161
1677108308,113461619,0.473918,0.643741,0.219907,0.481122,0.130112,0.288893,0.817394
1677108308,123312117,0.473605,0.644304,0.219529,0.481523,0.130025,0.290188,0.816713
1677108308,133012163,0.473239,0.644674,0.219155,0.481353,0.130446,0.291115,0.816416
1677108308,143568572,0.472895,0.645098,0.218764,0.481261,0.130810,0.292236,0.816011
1677108308,153529331,0.472517,0.645599,0.218322,0.481576,0.131037,0.293313,0.815402
1677108308,163085541,0.472219,0.646156,0.217854,0.481553,0.130888,0.294682,0.814947
1677108308,173139627,0.471918,0.646438,0.217441,0.479861,0.131335,0.295502,0.815575
1677108308,183829185,0.471595,0.646968,0.216953,0.479726,0.130943,0.296066,0.815513
1677108308,193899297,0.471289,0.647274,0.216488,0.478436,0.131304,0.296525,0.816046
1677108308,204447016,0.471087,0.647805,0.216021,0.478039,0.130949,0.297495,0.815983
1677108308,213666212,0.470939,0.647926,0.215651,0.476324,0.130697,0.297727,0.816941
1677108308,223312050,0.470715,0.648422,0.215162,0.476731,0.131011,0.298488,0.816375
1677108308,233115243,0.470415,0.648779,0.214714,0.477142,0.131343,0.298450,0.816096
1677108308,243384301,0.470278,0.649037,0.214400,0.476871,0.131702,0.299081,0.815965
1677108308,253286305,0.470182,0.649289,0.214127,0.476654,0.131826,0.299687,0.815850
1677108308,263413925,0.469970,0.649510,0.213775,0.476770,0.131977,0.299753,0.815733
1677108308,273047945,0.469808,0.649813,0.213419,0.476729,0.132258,0.300439,0.815459
1677108308,283156023,0.469626,0.650049,0.213041,0.476254,0.132433,0.301000,0.815501
1677108308,293720277,0.469367,0.650214,0.212642,0.475888,0.132219,0.300641,0.815882
1677108308,304397740,0.469180,0.650542,0.212172,0.475688,0.132405,0.301362,0.815703
1677108308,313230793,0.469078,0.650733,0.211839,0.474456,0.132638,0.302374,0.816008
1677108308,323099179,0.469011,0.650931,0.211495,0.473402,0.132194,0.303127,0.816412
1677108308,332858926,0.468740,0.651356,0.211000,0.473736,0.132483,0.303416,0.816064
1677108308,343094322,0.468585,0.651594,0.210607,0.473046,0.132649,0.304038,0.816206
1677108308,352950337,0.468334,0.651814,0.210125,0.472542,0.133345,0.304356,0.816266
1677108308,363318222,0.468344,0.652004,0.209794,0.472037,0.132867,0.305508,0.816206
1677108308,373336404,0.468078,0.652133,0.209412,0.472398,0.133267,0.305472,0.815945
1677108308,383329242,0.467990,0.652285,0.209082,0.472490,0.133244,0.306446,0.815530
1677108308,392996682,0.467728,0.652399,0.208711,0.472774,0.133699,0.306885,0.815126
1677108308,403293334,0.467568,0.652509,0.208321,0.472697,0.134103,0.307791,0.814763
1677108308,413187794,0.467344,0.652652,0.207907,0.472877,0.134014,0.308515,0.814399
1677108308,423170588,0.467159,0.652798,0.207483,0.472619,0.134634,0.309558,0.814051
1677108308,433710703,0.466907,0.652989,0.207011,0.472541,0.135154,0.310812,0.813532
1677108308,443336559,0.466535,0.653201,0.206494,0.472897,0.135760,0.311431,0.812988
1677108308,452789692,0.466237,0.653489,0.205944,0.472605,0.136795,0.313183,0.812310
1677108308,462943453,0.465981,0.653530,0.205469,0.471602,0.136612,0.314015,0.812603
1677108308,473048068,0.465665,0.653798,0.204960,0.471303,0.136571,0.315253,0.812304
1677108308,482818872,0.465456,0.653854,0.204503,0.470096,0.136836,0.316409,0.812509
1677108308,493929694,0.465062,0.654086,0.203987,0.470441,0.137330,0.317017,0.811989
1677108308,503550187,0.464985,0.654325,0.203576,0.470132,0.137038,0.318740,0.811543
1677108308,513210411,0.464749,0.654536,0.203080,0.470144,0.137231,0.319566,0.811178
1677108308,523422442,0.464543,0.654664,0.202596,0.469506,0.137726,0.320415,0.811129
1677108308,533516866,0.464339,0.654950,0.202079,0.469497,0.137825,0.321194,0.810809
1677108308,543898899,0.464170,0.655196,0.201554,0.469185,0.137980,0.322025,0.810634
1677108308,553708624,0.463785,0.655406,0.200955,0.469356,0.139360,0.322039,0.810293
1677108308,563757155,0.463793,0.655649,0.200519,0.468913,0.138795,0.323263,0.810159
1677108308,573613580,0.463593,0.655874,0.199993,0.468851,0.139404,0.323764,0.809890
1677108308,583500749,0.463373,0.656108,0.199416,0.468735,0.139974,0.324048,0.809745
1677108308,593663835,0.463253,0.656353,0.198893,0.467907,0.140086,0.324856,0.809881
1677108308,603281083,0.463048,0.656779,0.198235,0.467868,0.140587,0.325578,0.809527
1677108308,613197414,0.462721,0.657063,0.197604,0.467261,0.141100,0.325394,0.809862
1677108308,622580770,0.462708,0.657445,0.197104,0.466219,0.140718,0.326554,0.810062
1677108308,632717594,0.462539,0.657865,0.196507,0.466226,0.140989,0.327194,0.809753
1677108308,642534349,0.462357,0.658016,0.196079,0.465343,0.141895,0.327266,0.810073
1677108308,652691693,0.462304,0.658287,0.195697,0.465171,0.142013,0.327683,0.809983
1677108308,663191098,0.462168,0.658626,0.195285,0.465870,0.142109,0.327947,0.809457
1677108308,673112764,0.461993,0.658849,0.194899,0.465621,0.143013,0.328150,0.809359
1677108308,682959604,0.461950,0.659078,0.194545,0.465001,0.142683,0.328747,0.809531
1677108308,693164568,0.461788,0.659452,0.194175,0.465316,0.142759,0.329227,0.809141
1677108308,703650282,0.461710,0.659783,0.193850,0.465559,0.142532,0.329784,0.808815
1677108308,713741062,0.461501,0.660031,0.193506,0.466134,0.142919,0.329848,0.808389
1677108308,723431896,0.461452,0.660222,0.193260,0.466008,0.143186,0.330397,0.808191
1677108308,733405880,0.461335,0.660456,0.192980,0.466289,0.143573,0.330635,0.807863
1677108308,742744757,0.461218,0.660701,0.192712,0.466113,0.144098,0.330943,0.807744
1677108308,753022599,0.461183,0.661049,0.192423,0.466002,0.144060,0.331641,0.807529
1677108308,763475931,0.461005,0.661304,0.192106,0.465693,0.144646,0.331649,0.807599
1677108308,773456914,0.460804,0.661698,0.191805,0.466008,0.145195,0.331679,0.807307
1677108308,783427885,0.460708,0.661929,0.191602,0.465716,0.145336,0.331558,0.807500
1677108308,793300166,0.460611,0.662228,0.191427,0.465757,0.146129,0.332065,0.807124
1677108308,802766443,0.460450,0.662427,0.191236,0.465631,0.146687,0.331809,0.807200
1677108308,813068815,0.460370,0.662709,0.191100,0.465487,0.146516,0.332157,0.807172
1677108308,823076030,0.460223,0.662982,0.190933,0.465164,0.146741,0.332419,0.807210
1677108308,832736890,0.460127,0.663270,0.190785,0.464820,0.146831,0.333205,0.807067
1677108308,843171753,0.460000,0.663457,0.190677,0.464325,0.146927,0.333521,0.807204
1677108308,853210960,0.459866,0.663746,0.190601,0.464807,0.147114,0.334036,0.806680
1677108308,862967560,0.459676,0.663974,0.190531,0.465083,0.147646,0.334460,0.806247
1677108308,873370177,0.459619,0.664095,0.190551,0.464774,0.147518,0.334906,0.806264
1677108308,883272732,0.459497,0.664279,0.190509,0.464597,0.147727,0.335371,0.806135
1677108308,892970546,0.459332,0.664565,0.190405,0.464796,0.147986,0.336221,0.805618
1677108308,903573776,0.459117,0.664836,0.190246,0.464725,0.148349,0.336472,0.805487
1677108308,913261149,0.458965,0.665099,0.190073,0.464518,0.148303,0.336993,0.805397
1677108308,922947742,0.458813,0.665328,0.189932,0.463568,0.148665,0.337591,0.805627
1677108308,933034291,0.458573,0.665627,0.189713,0.463432,0.149380,0.337759,0.805503
1677108308,942940315,0.458465,0.665898,0.189520,0.462853,0.149584,0.338343,0.805553
1677108308,953388368,0.458309,0.666180,0.189309,0.462204,0.150372,0.338905,0.805542
1677108308,963294382,0.458121,0.666500,0.189082,0.462114,0.150643,0.339094,0.805464
1677108308,972809353,0.457964,0.666806,0.188867,0.461544,0.150951,0.339367,0.805618
1677108308,983125717,0.457717,0.667242,0.188574,0.462127,0.151450,0.339474,0.805145
1677108308,992628097,0.457605,0.667350,0.188453,0.461003,0.152158,0.339877,0.805486
1677108309,3167070,0.457452,0.667496,0.188251,0.461081,0.152215,0.339303,0.805672
1677108309,13180352,0.457363,0.667755,0.188109,0.461429,0.152165,0.339608,0.805354
1677108309,23694631,0.457203,0.667983,0.187943,0.461691,0.152516,0.339646,0.805121
1677108309,33547494,0.457031,0.668181,0.187792,0.461851,0.152601,0.339627,0.805022
1677108309,43469992,0.456866,0.668343,0.187649,0.461339,0.153129,0.339756,0.805161
1677108309,53354416,0.456791,0.668628,0.187490,0.460849,0.153106,0.340326,0.805205
1677108309,62775751,0.456589,0.668811,0.187328,0.460223,0.153599,0.340552,0.805373
1677108309,73186067,0.456438,0.669155,0.187073,0.460071,0.153862,0.340992,0.805224
1677108309,83475058,0.456187,0.669404,0.186805,0.459670,0.154329,0.341033,0.805346
1677108309,93242813,0.455965,0.669758,0.186507,0.459051,0.154924,0.341684,0.805309
1677108309,103686421,0.455712,0.670041,0.186191,0.458406,0.155601,0.341819,0.805489
1677108309,113377904,0.455511,0.670320,0.185964,0.458038,0.155490,0.341703,0.805769
1677108309,123257315,0.455369,0.670496,0.185817,0.457448,0.156079,0.341937,0.805891
1677108309,133993006,0.455293,0.670669,0.185760,0.457385,0.156378,0.342236,0.805742
1677108309,142958965,0.455189,0.670863,0.185715,0.458372,0.156327,0.342510,0.805074
1677108309,152892970,0.455138,0.670940,0.185691,0.458825,0.156622,0.342708,0.804674
1677108309,163691082,0.454978,0.670992,0.185639,0.459396,0.157137,0.342801,0.804208
1677108309,173420424,0.454789,0.671108,0.185490,0.459764,0.157397,0.342707,0.803987
1677108309,183027491,0.454504,0.671440,0.185203,0.460115,0.157944,0.343293,0.803429
1677108309,193166358,0.454248,0.671780,0.184847,0.459596,0.158630,0.344275,0.803170
1677108309,203661960,0.453871,0.672234,0.184349,0.459504,0.159437,0.344435,0.802995
1677108309,213692343,0.453630,0.672433,0.183961,0.458037,0.159570,0.344510,0.803774
1677108309,223014175,0.453404,0.672677,0.183544,0.456538,0.160411,0.344521,0.804455
1677108309,233589151,0.453233,0.673092,0.183118,0.455794,0.161184,0.345071,0.804486
1677108309,243590399,0.453064,0.673451,0.182771,0.455389,0.161565,0.345011,0.804665
1677108309,253260746,0.452878,0.673706,0.182455,0.455122,0.162210,0.344778,0.804786
1677108309,263620199,0.452769,0.673918,0.182214,0.454851,0.162737,0.344830,0.804810
1677108309,273464669,0.452656,0.674192,0.181933,0.455598,0.163031,0.344859,0.804316
1677108309,283802348,0.452581,0.674347,0.181711,0.455864,0.163466,0.345077,0.803983
1677108309,292951314,0.452477,0.674448,0.181525,0.455990,0.163857,0.345395,0.803696
1677108309,303735031,0.452293,0.674600,0.181255,0.456560,0.164140,0.345337,0.803339
1677108309,312718408,0.452036,0.674827,0.180909,0.456917,0.165261,0.345605,0.802791
1677108309,322769638,0.451804,0.674974,0.180540,0.456861,0.165636,0.345217,0.802912
1677108309,333019554,0.451649,0.675337,0.180186,0.457420,0.165594,0.345638,0.802421
1677108309,343383080,0.451585,0.675463,0.179887,0.456737,0.165944,0.345591,0.802758
1677108309,353658029,0.451526,0.675761,0.179583,0.457147,0.165996,0.345621,0.802501
1677108309,363661916,0.451451,0.675926,0.179309,0.457094,0.166995,0.345751,0.802268
1677108309,373566323,0.451412,0.676007,0.179088,0.457128,0.167167,0.345025,0.802525
1677108309,383933076,0.451232,0.676330,0.178772,0.458168,0.168170,0.344957,0.801752
1677108309,393143176,0.451122,0.676327,0.178537,0.457880,0.168964,0.344289,0.802037
1677108309,402835847,0.451083,0.676523,0.178305,0.458337,0.168912,0.344330,0.801768
1677108309,412473061,0.451065,0.676601,0.178111,0.458002,0.169143,0.344624,0.801785
1677108309,423050015,0.451019,0.676834,0.177856,0.458576,0.169299,0.344992,0.801266
1677108309,433432413,0.450982,0.676987,0.177636,0.458592,0.169613,0.345225,0.801090
1677108309,443338803,0.450966,0.677085,0.177411,0.458330,0.169993,0.345134,0.801198
1677108309,453717122,0.450978,0.677086,0.177194,0.457846,0.170251,0.344594,0.801653
1677108309,463248949,0.450981,0.677289,0.176978,0.458552,0.170518,0.344283,0.801326
1677108309,472699182,0.451046,0.677460,0.176803,0.459072,0.170919,0.344100,0.801021
1677108309,482741819,0.451218,0.677517,0.176715,0.458900,0.171169,0.343868,0.801166
1677108309,492770391,0.451318,0.677644,0.176615,0.459275,0.171715,0.343775,0.800874
1677108309,503509531,0.451469,0.677754,0.176567,0.459836,0.171593,0.343388,0.800744
1677108309,513638415,0.451595,0.677732,0.176530,0.459773,0.171859,0.343052,0.800867
1677108309,523379454,0.451669,0.677798,0.176456,0.460288,0.172243,0.342744,0.800621
1677108309,533361826,0.451724,0.677946,0.176315,0.461094,0.172753,0.342614,0.800103
1677108309,542946438,0.451691,0.678078,0.176134,0.461969,0.173643,0.342162,0.799598
1677108309,553361073,0.451860,0.678231,0.176019,0.461992,0.173866,0.342618,0.799342
1677108309,563516437,0.451859,0.678371,0.175825,0.462406,0.174359,0.342131,0.799203
1677108309,573446205,0.451853,0.678615,0.175574,0.462803,0.175066,0.342033,0.798861
1677108309,583669516,0.451901,0.678724,0.175477,0.462095,0.175337,0.341886,0.799274
1677108309,593618813,0.451916,0.678983,0.175235,0.462041,0.175863,0.342042,0.799123
1677108309,603241359,0.451983,0.679229,0.175044,0.462071,0.175657,0.342000,0.799169
1677108309,613531632,0.451993,0.679426,0.174866,0.462011,0.176269,0.342172,0.798995
1677108309,623213865,0.452003,0.679616,0.174701,0.462655,0.176620,0.341952,0.798639
1677108309,633265517,0.452074,0.679554,0.174697,0.463053,0.177277,0.341221,0.798575
1677108309,643230490,0.452246,0.679740,0.174663,0.464585,0.177539,0.341277,0.797603
1677108309,653022590,0.452284,0.680004,0.174530,0.466099,0.178270,0.341142,0.796614
1677108309,662930736,0.452374,0.680108,0.174443,0.466116,0.178441,0.340932,0.796656
1677108309,672959004,0.452476,0.680305,0.174364,0.466205,0.178887,0.341130,0.796419
1677108309,683047730,0.452451,0.680436,0.174311,0.466915,0.179586,0.340399,0.796158
1677108309,692847449,0.452583,0.680535,0.174336,0.466925,0.180221,0.340497,0.795967
1677108309,702715798,0.452617,0.680840,0.174280,0.467803,0.180488,0.340549,0.795369
1677108309,713303733,0.452533,0.681136,0.174194,0.468465,0.181320,0.340662,0.794741
1677108309,722979181,0.452501,0.681452,0.174103,0.469123,0.181690,0.340978,0.794133
1677108309,732525737,0.452465,0.681603,0.174072,0.469374,0.181975,0.340823,0.793985
1677108309,742930904,0.452559,0.681727,0.174083,0.469005,0.182054,0.341418,0.793930
1677108309,753605067,0.452513,0.681887,0.174047,0.469182,0.182681,0.341588,0.793608
1677108309,763221486,0.452480,0.682119,0.173978,0.469987,0.182633,0.341440,0.793206
1677108309,773609653,0.452524,0.682417,0.173955,0.470532,0.182781,0.341804,0.792692
1677108309,783574823,0.452499,0.682564,0.173957,0.470693,0.183585,0.341629,0.792486
1677108309,793053930,0.452498,0.682860,0.173882,0.471214,0.184660,0.341959,0.791784
1677108309,803591548,0.452485,0.683121,0.173855,0.471471,0.185164,0.341785,0.791589
1677108309,813295340,0.452404,0.683432,0.173768,0.472169,0.185753,0.341272,0.791256
1677108309,822968124,0.452413,0.683631,0.173802,0.471770,0.186476,0.341163,0.791370
1677108309,833501661,0.452572,0.684037,0.173800,0.472022,0.186556,0.341926,0.790872
1677108309,843069795,0.452561,0.684212,0.173825,0.471928,0.187001,0.341420,0.791042
1677108309,852938398,0.452490,0.684581,0.173741,0.472951,0.187327,0.340873,0.790590
1677108309,863364241,0.452403,0.684715,0.173699,0.472839,0.188472,0.340179,0.790683
1677108309,873761912,0.452392,0.685150,0.173658,0.473679,0.188677,0.340190,0.790127
1677108309,883130696,0.452516,0.685368,0.173718,0.473149,0.188711,0.340539,0.790286
1677108309,893214662,0.452497,0.685480,0.173740,0.472485,0.189315,0.340211,0.790680
1677108309,903931209,0.452379,0.685842,0.173662,0.473088,0.189845,0.340201,0.790196
1677108309,913230485,0.452320,0.686145,0.173622,0.473471,0.190105,0.340228,0.789893
1677108309,923006808,0.452354,0.686315,0.173674,0.473352,0.190152,0.340473,0.789847
1677108309,933386725,0.452232,0.686546,0.173630,0.474136,0.190628,0.340181,0.789388
1677108309,942850131,0.452127,0.686729,0.173585,0.474455,0.191308,0.340169,0.789037
1677108309,953574408,0.452063,0.686863,0.173536,0.474611,0.191551,0.339942,0.788982
1677108309,963406287,0.452059,0.686911,0.173534,0.473978,0.191926,0.340031,0.789233
1677108309,973649637,0.451981,0.687196,0.173446,0.474715,0.192280,0.340058,0.788692
1677108309,983354334,0.451984,0.687265,0.173454,0.474332,0.192640,0.339965,0.788874
1677108309,993709285,0.451976,0.687369,0.173447,0.474433,0.192846,0.339663,0.788894
1677108310,3292221,0.451888,0.687563,0.173355,0.475208,0.193446,0.339249,0.788458
1677108310,13198357,0.451813,0.687694,0.173331,0.475730,0.193986,0.338719,0.788239
1677108310,23317412,0.451864,0.687888,0.173285,0.475986,0.194392,0.338953,0.787883
1677108310,33548095,0.451813,0.688109,0.173184,0.476882,0.194738,0.338596,0.787409
1677108310,43032943,0.451752,0.688226,0.173138,0.477447,0.195100,0.337959,0.787251
1677108310,52760447,0.451738,0.688391,0.173061,0.477951,0.195840,0.337917,0.786779
1677108310,63689584,0.451693,0.688376,0.173012,0.478118,0.196410,0.337195,0.786846
1677108310,73169712,0.451676,0.688665,0.172935,0.479168,0.196898,0.337480,0.785962
1677108310,83222676,0.451534,0.688775,0.172859,0.479862,0.197632,0.336647,0.785711
1677108310,93335685,0.451605,0.688945,0.172862,0.479945,0.197948,0.337159,0.785362
1677108310,103385480,0.451621,0.689006,0.172842,0.479875,0.198167,0.336915,0.785454
1677108310,113443630,0.451530,0.689259,0.172777,0.480684,0.198383,0.336676,0.785008
1677108310,123536820,0.451538,0.689435,0.172757,0.480791,0.198603,0.336677,0.784886
1677108310,133640856,0.451484,0.689563,0.172709,0.481116,0.199047,0.336315,0.784729
1677108310,143116008,0.451425,0.689799,0.172672,0.482203,0.199008,0.335817,0.784285
1677108310,153127117,0.451400,0.689838,0.172693,0.481881,0.199561,0.335584,0.784442
1677108310,163437402,0.451300,0.690040,0.172639,0.482551,0.199681,0.335255,0.784140
1677108310,173155413,0.451205,0.690246,0.172586,0.482883,0.200043,0.335270,0.783837
1677108310,183492546,0.451138,0.690346,0.172577,0.482763,0.200131,0.335311,0.783871
1677108310,193290210,0.451037,0.690509,0.172540,0.483201,0.200524,0.335432,0.783449
1677108310,203096060,0.451014,0.690649,0.172559,0.483451,0.200298,0.335527,0.783312
1677108310,213538345,0.450873,0.690688,0.172544,0.483703,0.200650,0.335049,0.783271
1677108310,223243622,0.450838,0.690827,0.172507,0.483912,0.200623,0.335078,0.783136
1677108310,233344724,0.450725,0.690947,0.172459,0.484280,0.200918,0.334773,0.782964
1677108310,242969706,0.450643,0.691056,0.172423,0.484806,0.201042,0.334213,0.782845
1677108310,253417130,0.450554,0.691333,0.172364,0.486017,0.201111,0.333927,0.782199
1677108310,263452642,0.450553,0.691371,0.172360,0.485741,0.201390,0.334082,0.782232
1677108310,273468655,0.450488,0.691473,0.172316,0.485864,0.201719,0.333777,0.782201
1677108310,283953611,0.450318,0.691799,0.172175,0.487213,0.202169,0.333914,0.781186
1677108310,293497728,0.450215,0.691993,0.172114,0.487928,0.202268,0.333865,0.780736
1677108310,303507596,0.450071,0.692055,0.172054,0.488412,0.202422,0.333112,0.780714
1677108310,313613727,0.449960,0.692194,0.171984,0.488893,0.202611,0.333165,0.780342
1677108310,323754815,0.449762,0.692338,0.171886,0.489453,0.203131,0.332720,0.780045
1677108310,333177314,0.449637,0.692482,0.171801,0.489942,0.203159,0.332287,0.779916
1677108310,343357561,0.449454,0.692756,0.171727,0.490805,0.203393,0.331758,0.779537
1677108310,353500403,0.449233,0.693141,0.171620,0.491730,0.204158,0.331600,0.778821
1677108310,363780470,0.448876,0.693381,0.171531,0.491996,0.204960,0.330967,0.778712
1677108310,373609258,0.448437,0.693879,0.171423,0.492675,0.206245,0.331370,0.777771
1677108310,384112992,0.447851,0.694524,0.171234,0.495066,0.206560,0.331068,0.776297
1677108310,393651018,0.447230,0.694957,0.171126,0.495655,0.207986,0.331384,0.775404
1677108310,403252667,0.446567,0.695518,0.170964,0.496898,0.209154,0.332102,0.773987
1677108310,413590541,0.445847,0.695989,0.170807,0.497527,0.209855,0.332500,0.773221
1677108310,423143175,0.444942,0.696539,0.170612,0.498800,0.211039,0.332727,0.771980
1677108310,433118585,0.444099,0.697242,0.170406,0.500584,0.211308,0.333517,0.770410
1677108310,443269000,0.443131,0.697735,0.170237,0.501892,0.211669,0.333272,0.769565
1677108310,453596794,0.442254,0.698167,0.170070,0.503040,0.212096,0.333407,0.768639
1677108310,463461337,0.441212,0.698690,0.169861,0.505779,0.211947,0.332365,0.767333
1677108310,473356525,0.440309,0.699123,0.169666,0.507743,0.212010,0.331941,0.766201
1677108310,483428524,0.439412,0.699504,0.169450,0.510036,0.212364,0.330872,0.765041
1677108310,493277948,0.438342,0.699967,0.169138,0.513989,0.212855,0.328246,0.763389
1677108310,503915398,0.437449,0.700436,0.168869,0.517145,0.213166,0.326038,0.762116
1677108310,513668117,0.436564,0.700899,0.168560,0.520583,0.212920,0.323642,0.760864
1677108310,523612627,0.435415,0.701452,0.168207,0.525331,0.214250,0.320803,0.758426
1677108310,534150135,0.434335,0.701925,0.167855,0.527747,0.214747,0.318530,0.757566
1677108310,543282891,0.433034,0.702727,0.167357,0.530910,0.214510,0.316523,0.756263
1677108310,553002255,0.431497,0.703406,0.166821,0.535031,0.214920,0.313442,0.754523
1677108310,562908524,0.430387,0.703625,0.166416,0.538709,0.213531,0.310210,0.753636
1677108310,573382823,0.429299,0.703854,0.166012,0.543594,0.212319,0.306840,0.751848
1677108310,583593655,0.428416,0.703906,0.165617,0.548325,0.209314,0.302154,0.751152
1677108310,593220865,0.427531,0.704187,0.165163,0.552805,0.206600,0.297513,0.750472
1677108310,603348524,0.426527,0.704492,0.164690,0.557137,0.204299,0.291560,0.750235
1677108310,613280918,0.425669,0.704836,0.164340,0.560627,0.202086,0.285987,0.750380
1677108310,623400665,0.424662,0.705579,0.163924,0.565559,0.200031,0.279687,0.749603
1677108310,633462100,0.423579,0.706353,0.163463,0.569869,0.198646,0.273534,0.748978
1677108310,643602483,0.422447,0.707114,0.162977,0.572939,0.197957,0.267645,0.748946
1677108310,653497943,0.421521,0.707888,0.162583,0.575659,0.196256,0.262086,0.749274
1677108310,663740624,0.420570,0.708655,0.162227,0.579320,0.195217,0.255196,0.749102
1677108310,673064727,0.419859,0.709371,0.161885,0.582804,0.193590,0.247813,0.749300
1677108310,683593848,0.419245,0.709856,0.161570,0.585323,0.191710,0.239688,0.750462
1677108310,693009169,0.418633,0.710431,0.161282,0.588165,0.189707,0.231372,0.751359
1677108310,703394665,0.418153,0.710876,0.161135,0.590545,0.187484,0.223666,0.752383
1677108310,713268617,0.417748,0.711380,0.160984,0.593586,0.184648,0.216231,0.752864
1677108310,723617380,0.417182,0.711748,0.160780,0.596222,0.182273,0.208888,0.753433
1677108310,733570814,0.416494,0.711989,0.160462,0.598999,0.179510,0.201426,0.753926
1677108310,742960052,0.415877,0.711868,0.160221,0.600756,0.177034,0.195527,0.754666
1677108310,753083088,0.415073,0.711790,0.160081,0.604090,0.173834,0.190017,0.754156
1677108310,763290594,0.414314,0.711221,0.160135,0.606089,0.170470,0.186059,0.754307
1677108310,773255573,0.413563,0.710591,0.160190,0.608236,0.166375,0.183080,0.754221
1677108310,783244303,0.412497,0.710016,0.160197,0.610005,0.162266,0.179652,0.754513
1677108310,793252918,0.411498,0.709719,0.160070,0.611278,0.157019,0.177336,0.755140
1677108310,803626470,0.410437,0.709223,0.159978,0.612510,0.152375,0.175067,0.755622
1677108310,812914056,0.409412,0.708387,0.159869,0.614377,0.148119,0.172831,0.755467
1677108310,823269070,0.408542,0.707326,0.159727,0.617316,0.143247,0.170395,0.754564
1677108310,833380173,0.407716,0.706208,0.159447,0.620775,0.137721,0.167302,0.753447
1677108310,843409491,0.406845,0.705280,0.159089,0.624468,0.132416,0.163817,0.752110
1677108310,853224620,0.406127,0.704356,0.158672,0.627334,0.126533,0.160470,0.751459
1677108310,863882038,0.405463,0.703510,0.158204,0.629696,0.121345,0.157633,0.750940
1677108310,872960815,0.404660,0.702689,0.157780,0.632579,0.117871,0.154531,0.749714
1677108310,883168896,0.404071,0.701887,0.157384,0.636187,0.113588,0.151276,0.747983
1677108310,893382116,0.403447,0.700948,0.156999,0.639278,0.110691,0.147789,0.746478
1677108310,903164140,0.403039,0.700041,0.156594,0.642558,0.107325,0.144657,0.744765
1677108310,913151258,0.402558,0.699142,0.156170,0.645829,0.105015,0.141380,0.742892
1677108310,923497187,0.402298,0.698230,0.155795,0.648600,0.102175,0.138575,0.741401
1677108310,933567920,0.401889,0.697393,0.155426,0.651087,0.099710,0.134758,0.740260
1677108310,943522822,0.401605,0.696801,0.155144,0.652890,0.096428,0.131010,0.739779
1677108310,953352054,0.401342,0.696482,0.154960,0.654248,0.092942,0.127216,0.739687
1677108310,963550621,0.401205,0.696349,0.154823,0.655937,0.089825,0.124246,0.739081
1677108310,973120216,0.400886,0.696057,0.154725,0.657234,0.087498,0.120146,0.738887
1677108310,983762320,0.400630,0.695786,0.154757,0.658637,0.085334,0.116660,0.738448
1677108310,993342164,0.400471,0.695698,0.154832,0.660089,0.082372,0.113565,0.737970
1677108311,2959336,0.400222,0.695708,0.154877,0.661164,0.079989,0.110746,0.737699
1677108311,13344624,0.399940,0.695503,0.154990,0.660696,0.077353,0.107741,0.738843
1677108311,23181868,0.399604,0.695677,0.155148,0.661199,0.074948,0.105386,0.738981
1677108311,33498607,0.399276,0.695851,0.155341,0.661687,0.072040,0.103357,0.739120
1677108311,43221504,0.398853,0.695882,0.155532,0.661818,0.069257,0.101378,0.739542
1677108311,52977390,0.398532,0.696009,0.155660,0.662438,0.065274,0.100317,0.739495
1677108311,63318501,0.398102,0.696034,0.155773,0.662780,0.061384,0.098950,0.739705
1677108311,73861814,0.397567,0.696041,0.155788,0.663700,0.057959,0.097673,0.739326
1677108311,83349075,0.397180,0.695854,0.155828,0.665112,0.053692,0.097442,0.738409
1677108311,93249860,0.396608,0.695386,0.155809,0.666653,0.050569,0.096924,0.737308
1677108311,103490200,0.396083,0.694828,0.155812,0.668680,0.046983,0.096853,0.735717
1677108311,113634644,0.395528,0.694430,0.155829,0.671164,0.043125,0.096526,0.733732
1677108311,123402136,0.395022,0.694157,0.155793,0.673465,0.039412,0.096774,0.731797
1677108311,133571241,0.394431,0.693770,0.155695,0.674393,0.037294,0.097662,0.730935
1677108311,142945833,0.393901,0.693382,0.155545,0.674562,0.034914,0.098124,0.730835
1677108311,153026879,0.393418,0.693203,0.155361,0.675664,0.032554,0.098830,0.729829
1677108311,163390280,0.392880,0.692770,0.155098,0.676286,0.031074,0.098590,0.729350
1677108311,173334634,0.392528,0.692390,0.154875,0.677661,0.029458,0.098544,0.728146
1677108311,183709634,0.392346,0.691853,0.154599,0.678979,0.028392,0.098815,0.726923
1677108311,193687365,0.392246,0.691307,0.154297,0.680352,0.027680,0.097805,0.725802
1677108311,202816340,0.392345,0.690953,0.154017,0.682630,0.027124,0.096701,0.723830
1677108311,213184489,0.392600,0.690253,0.153722,0.683191,0.027210,0.094505,0.723587
1677108311,223212127,0.392780,0.690118,0.153483,0.684966,0.026928,0.090494,0.722431
1677108311,233799981,0.393373,0.689929,0.153200,0.684015,0.026000,0.087405,0.723745
1677108311,243838295,0.393999,0.690346,0.152899,0.684098,0.025318,0.084055,0.724089
1677108311,253192826,0.394497,0.690372,0.152664,0.682904,0.025475,0.079529,0.725719
1677108311,263236466,0.395146,0.690190,0.152536,0.683070,0.025944,0.075723,0.725953
1677108311,273717716,0.395748,0.689871,0.152504,0.685071,0.026718,0.071773,0.724440
1677108311,283034635,0.396448,0.689287,0.152493,0.686600,0.027348,0.068213,0.723312
1677108311,293544118,0.396970,0.688770,0.152467,0.688758,0.028847,0.064675,0.721525
1677108311,303594909,0.397447,0.688113,0.152440,0.690402,0.030325,0.061583,0.720161
1677108311,313256668,0.397985,0.687873,0.152439,0.693090,0.030605,0.058920,0.717787
1677108311,322726796,0.398381,0.687397,0.152372,0.693786,0.031685,0.057006,0.717222
1677108311,332829045,0.398662,0.687288,0.152311,0.694760,0.032584,0.055344,0.716368
1677108311,342926872,0.398924,0.687167,0.152168,0.694240,0.032356,0.053724,0.717006
1677108311,353508657,0.399098,0.687189,0.152089,0.693575,0.032070,0.053477,0.717681
1677108311,363477251,0.399188,0.687332,0.152028,0.693598,0.030573,0.053266,0.717739
1677108311,373372761,0.398930,0.687156,0.151924,0.693314,0.030211,0.052830,0.718061
1677108311,383319607,0.398714,0.687003,0.151825,0.694295,0.028522,0.052968,0.717172
1677108311,392542566,0.398481,0.686751,0.151767,0.695380,0.026872,0.054065,0.716102
1677108311,403028675,0.398172,0.686358,0.151742,0.696740,0.025497,0.054933,0.714762
1677108311,413293321,0.397915,0.686057,0.151725,0.698280,0.024422,0.056250,0.713193
1677108311,423260152,0.397651,0.685742,0.151693,0.699377,0.023793,0.056775,0.712097
1677108311,433405699,0.397555,0.685528,0.151684,0.699931,0.023085,0.057371,0.711528
1677108311,443667958,0.397627,0.685467,0.151607,0.700210,0.022382,0.057488,0.711267
1677108311,452949878,0.397625,0.685403,0.151491,0.700780,0.021956,0.056122,0.710828
1677108311,463478617,0.397774,0.685288,0.151420,0.701567,0.021571,0.055172,0.710137
1677108311,473705281,0.397916,0.685022,0.151387,0.702429,0.021813,0.054032,0.709365
1677108311,482958917,0.398261,0.684619,0.151438,0.703558,0.021587,0.053711,0.708277
1677108311,493280580,0.398520,0.684500,0.151510,0.705893,0.022001,0.052685,0.706013
1677108311,503157703,0.398670,0.684149,0.151562,0.707062,0.023245,0.051236,0.704910
1677108311,513219626,0.399097,0.683914,0.151626,0.707709,0.023588,0.050180,0.704325
1677108311,523025202,0.399367,0.683954,0.151676,0.708847,0.024447,0.048721,0.703253
1677108311,533584335,0.399635,0.683826,0.151686,0.708628,0.025543,0.047400,0.703524
1677108311,543300499,0.399971,0.683889,0.151714,0.708783,0.025801,0.045910,0.703458
1677108311,553321991,0.400213,0.683920,0.151747,0.709112,0.026008,0.044685,0.703197
1677108311,563703459,0.400293,0.683844,0.151773,0.709355,0.026960,0.043099,0.703015
1677108311,573072141,0.400486,0.683662,0.151822,0.709858,0.026747,0.042325,0.702563
1677108311,582974548,0.400589,0.683531,0.151895,0.711270,0.026552,0.041782,0.701174
1677108311,592648854,0.400699,0.683256,0.151959,0.712295,0.026394,0.041807,0.700137
1677108311,602674532,0.400607,0.682865,0.151998,0.713018,0.026720,0.041119,0.699429
1677108311,612567464,0.400690,0.682692,0.151976,0.714206,0.026227,0.041202,0.698229
1677108311,622762053,0.400671,0.682389,0.151922,0.714273,0.026375,0.041071,0.698164
1677108311,633000932,0.400704,0.682197,0.151856,0.714130,0.026293,0.041123,0.698309
1677108311,643586226,0.400745,0.682247,0.151790,0.714482,0.025816,0.040776,0.697987
1677108311,653269017,0.400773,0.682264,0.151728,0.714919,0.025041,0.040378,0.697591
1677108311,663376719,0.400671,0.682032,0.151631,0.714650,0.025045,0.039681,0.697906
1677108311,673078972,0.400665,0.681853,0.151568,0.715343,0.024613,0.039675,0.697212
1677108311,683204537,0.400667,0.681349,0.151521,0.715344,0.024404,0.040044,0.697197
1677108311,693388833,0.400673,0.681032,0.151473,0.716616,0.023902,0.040115,0.695903
1677108311,703122995,0.400618,0.680437,0.151483,0.717515,0.023324,0.039608,0.695025
1677108311,713380778,0.400681,0.680201,0.151543,0.719788,0.022734,0.039711,0.692684
1677108311,723354225,0.400649,0.679600,0.151572,0.720271,0.023103,0.039418,0.692186
1677108311,734057824,0.400750,0.679241,0.151639,0.721345,0.022896,0.038976,0.691099
1677108311,743366651,0.400837,0.678978,0.151644,0.722143,0.023249,0.038277,0.690292
1677108311,752707766,0.401085,0.678674,0.151703,0.722433,0.022754,0.037938,0.690024
1677108311,763148356,0.401172,0.678314,0.151730,0.722177,0.023102,0.036831,0.690341
1677108311,772809634,0.401241,0.678051,0.151834,0.722741,0.023005,0.035720,0.689812
1677108311,782676534,0.401379,0.677681,0.151868,0.723437,0.022732,0.035046,0.689126
1677108311,793100391,0.401479,0.677304,0.151968,0.724743,0.022573,0.035038,0.687758
1677108311,802931680,0.401504,0.676825,0.152108,0.726256,0.022483,0.034454,0.686193
1677108311,813630940,0.401487,0.676584,0.152330,0.728720,0.022918,0.033619,0.683602
1677108311,823114048,0.401641,0.675962,0.152526,0.729114,0.023603,0.033779,0.683150
1677108311,833306636,0.401875,0.675571,0.152722,0.729582,0.023857,0.033294,0.682666
1677108311,843211944,0.401916,0.675503,0.152976,0.730391,0.024856,0.031825,0.681834
1677108311,853535666,0.402213,0.675333,0.153265,0.730150,0.024603,0.030801,0.682148
1677108311,863417758,0.402487,0.675310,0.153660,0.730397,0.024513,0.030463,0.681903
1677108311,872975545,0.402572,0.675202,0.154105,0.730794,0.024745,0.029381,0.681516
1677108311,883534779,0.402730,0.675080,0.154643,0.731737,0.024280,0.028863,0.680542
1677108311,893387892,0.402721,0.674537,0.155160,0.731810,0.024619,0.028862,0.680452
1677108311,903297313,0.402718,0.674103,0.155780,0.733165,0.024427,0.028744,0.679003
1677108311,913676520,0.402751,0.673689,0.156431,0.734627,0.024101,0.028966,0.677424
1677108311,923548581,0.402829,0.673273,0.157148,0.736221,0.023697,0.028906,0.675708
1677108311,933257698,0.402921,0.672959,0.157878,0.737543,0.023463,0.029011,0.674268
1677108311,943081019,0.402923,0.672633,0.158608,0.738134,0.023876,0.028313,0.673637
1677108311,952983725,0.403183,0.672459,0.159387,0.738527,0.022789,0.027941,0.673259
1677108311,963064747,0.403330,0.672337,0.160182,0.738632,0.023056,0.027864,0.673138
1677108311,973308161,0.403427,0.672115,0.160977,0.738347,0.023201,0.027442,0.673463
1677108311,983466376,0.403404,0.671972,0.161824,0.738657,0.023450,0.026794,0.673140
1677108311,993431474,0.403514,0.671720,0.162701,0.738906,0.023385,0.027402,0.672845
1677108312,3467748,0.403579,0.671610,0.163650,0.740282,0.022685,0.027781,0.671339
1677108312,13574684,0.403520,0.671271,0.164603,0.741116,0.022721,0.028408,0.670391
1677108312,23131230,0.403438,0.670751,0.165563,0.741636,0.022266,0.028484,0.669828
1677108312,32975409,0.403497,0.670423,0.166609,0.742760,0.021629,0.029806,0.668544
1677108312,43184657,0.403507,0.669975,0.167678,0.743419,0.021200,0.030588,0.667790
1677108312,53286173,0.403455,0.669580,0.168759,0.744249,0.020817,0.030481,0.666881
1677108312,63586260,0.403642,0.669300,0.169973,0.745222,0.020098,0.031573,0.665765
1677108312,73348651,0.403652,0.668712,0.171113,0.745043,0.019954,0.031545,0.665972
1677108312,83544964,0.403830,0.668564,0.172404,0.746465,0.019457,0.031895,0.664375
1677108312,93660672,0.404000,0.668292,0.173730,0.747367,0.019243,0.032269,0.663348
1677108312,103299128,0.404125,0.667929,0.175010,0.747696,0.019239,0.032210,0.662981
1677108312,113534732,0.404270,0.667542,0.176346,0.748084,0.019115,0.032303,0.662541
1677108312,123195809,0.404381,0.667091,0.177741,0.748503,0.019173,0.032406,0.662061
1677108312,133063050,0.404468,0.666680,0.179183,0.749493,0.019195,0.032479,0.660936
1677108312,143240637,0.404693,0.666043,0.180675,0.750006,0.018460,0.032801,0.660360
1677108312,153324220,0.404870,0.665735,0.182356,0.752083,0.018104,0.033496,0.657967
1677108312,163171808,0.405030,0.665033,0.183946,0.752551,0.017947,0.034023,0.657410
1677108312,173763610,0.405140,0.664544,0.185637,0.753877,0.017634,0.034021,0.655897
1677108312,183611996,0.405293,0.664014,0.187384,0.754960,0.017059,0.034168,0.654658
1677108312,193163322,0.405442,0.663390,0.189101,0.755544,0.016424,0.034142,0.654002
1677108312,202826289,0.405599,0.662947,0.190893,0.756744,0.015891,0.034422,0.652610
1677108312,212952077,0.405749,0.662368,0.192676,0.757150,0.015497,0.034846,0.652127
1677108312,223217649,0.405774,0.661916,0.194556,0.758151,0.015214,0.034915,0.650966
1677108312,233097447,0.405827,0.661396,0.196429,0.758866,0.014327,0.034855,0.650156
1677108312,243486931,0.405873,0.660895,0.198294,0.759595,0.013731,0.035630,0.649274
1677108312,252845994,0.405835,0.660429,0.200207,0.760613,0.013148,0.036098,0.648068
1677108312,263689530,0.405932,0.659879,0.202099,0.761223,0.012006,0.037217,0.647310
1677108312,272969865,0.405836,0.659326,0.204034,0.762161,0.011782,0.037418,0.646198
1677108312,284101167,0.405840,0.658851,0.206006,0.763286,0.011358,0.037790,0.644855
1677108312,292877082,0.405872,0.658377,0.207989,0.764217,0.011077,0.038162,0.643733
1677108312,303213625,0.405972,0.657938,0.209951,0.765062,0.010554,0.037934,0.642751
1677108312,313059758,0.406013,0.657471,0.211855,0.765350,0.011108,0.038294,0.642379
1677108312,323129916,0.406031,0.657060,0.213758,0.765845,0.011355,0.038130,0.641793
1677108312,332740604,0.405609,0.656525,0.215544,0.765710,0.014060,0.037357,0.641946
1677108312,343188540,0.406337,0.656013,0.217751,0.766153,0.009826,0.038693,0.641417
1677108312,352851309,0.406430,0.655225,0.219742,0.766113,0.009378,0.039201,0.641441
1677108312,363629769,0.406354,0.654684,0.221810,0.767430,0.009664,0.039086,0.639868
1677108312,373258758,0.406479,0.653916,0.223833,0.768157,0.009340,0.039660,0.638964
1677108312,383509128,0.406533,0.653309,0.225930,0.769485,0.009002,0.039229,0.637396
1677108312,393117502,0.406781,0.652543,0.227978,0.769764,0.008187,0.039627,0.637045
1677108312,403536396,0.406938,0.651913,0.230050,0.769929,0.007943,0.039710,0.636843
1677108312,413240614,0.407197,0.651457,0.232134,0.770430,0.007137,0.039939,0.636233
1677108312,422818821,0.407374,0.650979,0.234219,0.770797,0.006941,0.039939,0.635789
1677108312,433530602,0.407632,0.650488,0.236290,0.770897,0.006928,0.040604,0.635627
1677108312,442992687,0.407633,0.649792,0.238177,0.769773,0.009085,0.041717,0.636889
1677108312,453320506,0.408548,0.649546,0.240460,0.771041,0.006027,0.044609,0.635192
1677108312,463698492,0.408591,0.649157,0.242497,0.770674,0.005212,0.040848,0.635898
1677108312,473090135,0.408999,0.648951,0.244534,0.771075,0.004488,0.040858,0.635416
1677108312,483647714,0.409228,0.648690,0.246521,0.771025,0.005123,0.041071,0.635458
1677108312,493380619,0.409650,0.648425,0.248488,0.771073,0.005008,0.041754,0.635356
1677108312,503274243,0.409752,0.648152,0.250554,0.771776,0.007256,0.043151,0.634387
1677108312,513359177,0.410096,0.647796,0.252579,0.771956,0.006900,0.043083,0.634177
1677108312,523653128,0.410479,0.647365,0.254620,0.772095,0.006492,0.043396,0.633990
1677108312,533719428,0.410977,0.646991,0.256658,0.772280,0.004933,0.043166,0.633795
1677108312,543775992,0.411460,0.646666,0.258595,0.772368,0.003741,0.043333,0.633685
1677108312,553166234,0.411958,0.646384,0.260582,0.772064,0.002356,0.043840,0.634027
1677108312,563443662,0.412284,0.646196,0.262542,0.772178,0.004229,0.047210,0.633636
1677108312,572902981,0.412123,0.646431,0.264593,0.773330,0.005554,0.044022,0.632449
1677108312,583765718,0.412280,0.646408,0.266454,0.772685,0.006304,0.044176,0.633219
1677108312,593090736,0.412524,0.646550,0.268318,0.772532,0.006019,0.044052,0.633418
1677108312,603643824,0.412680,0.646584,0.270070,0.771739,0.006392,0.044662,0.634337
1677108312,613425000,0.412917,0.646712,0.271857,0.771515,0.005780,0.045043,0.634589
1677108312,623279979,0.413101,0.646787,0.273639,0.771731,0.005179,0.045963,0.634265
1677108312,633248183,0.413175,0.646877,0.275389,0.772327,0.005256,0.047013,0.633461
1677108312,643315357,0.413326,0.646728,0.277063,0.772380,0.004553,0.047853,0.633340
1677108312,653539802,0.413366,0.646600,0.278661,0.772358,0.004464,0.048524,0.633316
1677108312,663335695,0.413531,0.646727,0.280203,0.772677,0.004242,0.049042,0.632888
1677108312,673095036,0.413786,0.646799,0.281619,0.771997,0.003810,0.049643,0.633673
1677108312,683305315,0.413927,0.647321,0.283058,0.772213,0.004551,0.049714,0.633399
1677108312,693219392,0.414237,0.647958,0.284475,0.772651,0.004314,0.049276,0.632902
1677108312,703234188,0.414458,0.648576,0.285868,0.773223,0.004487,0.048579,0.632255
1677108312,713480907,0.414653,0.649301,0.287298,0.774666,0.004792,0.047707,0.630551
1677108312,723180651,0.415167,0.648013,0.288473,0.769964,0.004400,0.048878,0.636197
1677108312,733458071,0.415365,0.648134,0.289792,0.770369,0.005410,0.049418,0.635658
1677108312,743323275,0.415452,0.648077,0.291012,0.770362,0.005802,0.049159,0.635682
1677108312,753153459,0.415558,0.648125,0.292188,0.770600,0.006401,0.049629,0.635351
1677108312,764039529,0.415740,0.648301,0.293316,0.770766,0.006087,0.049875,0.635134
1677108312,773371773,0.415738,0.648692,0.294387,0.771350,0.006968,0.050699,0.634351
1677108312,783831674,0.415767,0.648866,0.295319,0.770771,0.006790,0.050704,0.635055
1677108312,793614339,0.416385,0.649104,0.296393,0.770775,0.002623,0.051173,0.635044
1677108312,803392150,0.416436,0.649548,0.297219,0.770437,0.002390,0.051779,0.635406
1677108312,812628368,0.415816,0.649897,0.297668,0.768888,0.006861,0.052328,0.637201
1677108312,822592566,0.415745,0.650353,0.298336,0.768777,0.006976,0.052807,0.637295
1677108312,833086558,0.415762,0.650683,0.298940,0.768795,0.006449,0.053119,0.637253
1677108312,843430154,0.415748,0.650564,0.299387,0.767746,0.007049,0.053725,0.638459
1677108312,853450833,0.415710,0.650711,0.299969,0.768530,0.007321,0.053711,0.637514
1677108312,863437885,0.415810,0.650866,0.300506,0.769587,0.007506,0.053841,0.636223
1677108312,873015240,0.416000,0.650811,0.300961,0.769810,0.007919,0.054128,0.635924
1677108312,883297495,0.416269,0.650795,0.301360,0.769574,0.008045,0.053771,0.636239
1677108312,893092923,0.416679,0.650844,0.301689,0.769096,0.007655,0.053315,0.636860
1677108312,902855151,0.416991,0.651134,0.302030,0.768852,0.007998,0.052675,0.637203
1677108312,913006599,0.417412,0.651092,0.302257,0.767414,0.007733,0.052025,0.638991
1677108312,923270335,0.417862,0.651384,0.302563,0.767627,0.006707,0.051471,0.638792
1677108312,933004868,0.418177,0.651227,0.302745,0.766964,0.006394,0.051148,0.639616
1677108312,942648821,0.418482,0.650899,0.302943,0.766694,0.005853,0.051405,0.639925
1677108312,952905105,0.418942,0.650637,0.303154,0.766902,0.003734,0.051493,0.639684
1677108312,963434668,0.419124,0.650393,0.303373,0.767033,0.003840,0.051950,0.639490
1677108312,973498360,0.419383,0.650206,0.303635,0.766963,0.002951,0.051890,0.639583
1677108312,983536088,0.419533,0.650303,0.303988,0.767223,0.002899,0.052192,0.639247
