secs,nsecs,tx,ty,tz,rx,ry,rz,rw
1677109333,580475315,0.438557,0.557772,0.483913,0.581553,0.042387,0.220626,0.781872
1677109333,591244448,0.438374,0.558145,0.483932,0.581982,0.042067,0.221374,0.781358
1677109333,601136458,0.438140,0.558260,0.483973,0.580948,0.042338,0.221956,0.781948
1677109333,610492332,0.437998,0.558541,0.484011,0.580408,0.041782,0.222898,0.782111
1677109333,621238560,0.437659,0.558806,0.484034,0.579891,0.041770,0.223145,0.782424
1677109333,630860031,0.437436,0.559223,0.484071,0.579643,0.041473,0.223991,0.782382
1677109333,640726524,0.437173,0.559461,0.484156,0.578868,0.041452,0.224706,0.782752
1677109333,651179039,0.437023,0.559727,0.484346,0.578177,0.040910,0.225614,0.783030
1677109333,660291657,0.436769,0.559931,0.484504,0.577787,0.040866,0.225644,0.783312
1677109333,670153460,0.436599,0.560169,0.484749,0.577529,0.040653,0.226663,0.783219
1677109333,681176776,0.436449,0.560397,0.484958,0.577573,0.040357,0.227193,0.783048
1677109333,690763377,0.436234,0.560523,0.485190,0.577514,0.040449,0.227378,0.783033
1677109333,701166632,0.436002,0.560661,0.485406,0.577529,0.040419,0.227405,0.783015
1677109333,710535884,0.435859,0.560837,0.485583,0.577529,0.040355,0.227966,0.782856
1677109333,720735697,0.435750,0.560929,0.485750,0.576908,0.040458,0.228662,0.783105
1677109333,731308888,0.435589,0.561066,0.485898,0.576797,0.040357,0.228903,0.783122
1677109333,740423424,0.435401,0.561189,0.485986,0.576648,0.040561,0.228966,0.783203
1677109333,750628657,0.435275,0.561397,0.486022,0.576724,0.040939,0.229611,0.782938
1677109333,760519850,0.435281,0.561425,0.486090,0.575949,0.040544,0.230294,0.783328
1677109333,770832049,0.435147,0.561665,0.486006,0.576281,0.040745,0.230347,0.783058
1677109333,780494342,0.435166,0.561747,0.485979,0.575745,0.040955,0.230998,0.783250
1677109333,791102974,0.435165,0.561806,0.485885,0.575560,0.041099,0.231085,0.783353
1677109333,800546057,0.435252,0.561709,0.485827,0.575166,0.041056,0.230616,0.783783
1677109333,810865216,0.435359,0.561762,0.485740,0.575814,0.041096,0.230089,0.783459
1677109333,821004018,0.435604,0.561639,0.485669,0.575819,0.040867,0.229549,0.783626
1677109333,831167186,0.435845,0.561605,0.485552,0.576212,0.041195,0.229130,0.783443
1677109333,841147599,0.436034,0.561601,0.485431,0.576652,0.041646,0.228494,0.783280
1677109333,850220494,0.436295,0.561574,0.485338,0.576564,0.041716,0.227920,0.783509
1677109333,860511979,0.436406,0.561784,0.485159,0.577243,0.041934,0.226991,0.783267
1677109333,870025745,0.436550,0.561723,0.485015,0.576356,0.042145,0.226098,0.784166
1677109333,880192925,0.436618,0.561917,0.484864,0.576278,0.042802,0.226029,0.784208
1677109333,890147223,0.436717,0.562023,0.484732,0.575934,0.042477,0.225606,0.784600
1677109333,900199374,0.436670,0.562107,0.484584,0.575601,0.043179,0.225604,0.784807
1677109333,910738661,0.436602,0.562299,0.484417,0.576067,0.043328,0.225441,0.784504
1677109333,920369256,0.436520,0.562326,0.484275,0.576077,0.043603,0.225529,0.784456
1677109333,930351588,0.436487,0.562638,0.484095,0.577269,0.043512,0.226650,0.783261
1677109333,940679417,0.436363,0.562616,0.483868,0.577192,0.043916,0.227208,0.783133
1677109333,950848226,0.436160,0.562838,0.483574,0.577873,0.044078,0.227650,0.782493
1677109333,960370674,0.435933,0.563127,0.483209,0.578392,0.044287,0.228077,0.781973
1677109333,971087794,0.435821,0.563329,0.482823,0.578169,0.044132,0.228793,0.781938
1677109333,980458618,0.435629,0.563617,0.482325,0.578225,0.044628,0.229600,0.781632
1677109333,990729359,0.435430,0.563768,0.481802,0.578290,0.044608,0.229409,0.781641
1677109334,1176412,0.435402,0.563982,0.481270,0.578355,0.044608,0.230218,0.781355
1677109334,10801389,0.435349,0.564109,0.480698,0.578555,0.045102,0.230530,0.781087
1677109334,21109488,0.435336,0.564251,0.480104,0.579274,0.045335,0.230387,0.780582
1677109334,30858154,0.435362,0.564286,0.479448,0.579561,0.045608,0.229895,0.780498
1677109334,41031851,0.435466,0.564452,0.478788,0.580354,0.045958,0.230136,0.779817
1677109334,50658714,0.435493,0.564381,0.478065,0.580404,0.046629,0.229356,0.779969
1677109334,60694559,0.435702,0.564568,0.477362,0.581189,0.046660,0.229670,0.779291
1677109334,70753129,0.435804,0.564530,0.476601,0.580913,0.047477,0.229363,0.779537
1677109334,80341380,0.435835,0.564665,0.475755,0.581335,0.048118,0.228920,0.779313
1677109334,90609261,0.435897,0.564738,0.474877,0.581696,0.048395,0.228262,0.779220
1677109334,100572887,0.435997,0.564861,0.473973,0.582255,0.048790,0.228133,0.778816
1677109334,110616612,0.436114,0.564700,0.473083,0.581850,0.049420,0.228059,0.779100
1677109334,120517720,0.436188,0.564691,0.472160,0.582603,0.049911,0.227899,0.778553
1677109334,130473915,0.436306,0.564722,0.471227,0.583856,0.049834,0.227719,0.777671
1677109334,140699420,0.436331,0.564744,0.470237,0.585311,0.050360,0.227332,0.776656
1677109334,150409799,0.436405,0.564546,0.469218,0.585528,0.051133,0.227276,0.776459
1677109334,160649875,0.436535,0.564568,0.468183,0.586313,0.051365,0.227532,0.775775
1677109334,170637649,0.436600,0.564602,0.467135,0.586662,0.052213,0.227764,0.775387
1677109334,180542911,0.436726,0.564611,0.466083,0.586597,0.052312,0.227907,0.775388
1677109334,190665323,0.436736,0.564744,0.464969,0.586762,0.052698,0.227384,0.775390
1677109334,200426348,0.436726,0.564893,0.463832,0.586435,0.053791,0.227160,0.775628
1677109334,210507411,0.436866,0.565101,0.462772,0.586316,0.054061,0.227310,0.775655
1677109334,221068579,0.436913,0.565223,0.461693,0.586263,0.054877,0.227068,0.775709
1677109334,230482719,0.436969,0.565244,0.460706,0.586292,0.055320,0.226588,0.775796
1677109334,240200043,0.436928,0.565204,0.459737,0.586480,0.056294,0.225772,0.775822
1677109334,250862177,0.437092,0.565209,0.458827,0.587037,0.056371,0.225711,0.775412
1677109334,260796617,0.437273,0.565281,0.457956,0.588102,0.056067,0.226459,0.774409
1677109334,270946543,0.437254,0.565095,0.457054,0.588821,0.056689,0.226159,0.773905
1677109334,281254587,0.437231,0.565056,0.456128,0.590193,0.056867,0.226368,0.772784
1677109334,291208291,0.437349,0.564764,0.455213,0.590257,0.056912,0.227296,0.772460
1677109334,300536220,0.437232,0.564599,0.454183,0.590954,0.057302,0.227299,0.771897
1677109334,309843499,0.437269,0.564533,0.453124,0.591550,0.056900,0.227685,0.771356
1677109334,320080030,0.437344,0.564541,0.452046,0.591691,0.056663,0.228609,0.770992
1677109334,330094237,0.437392,0.564550,0.450885,0.591541,0.057096,0.229268,0.770880
1677109334,340021369,0.437440,0.564624,0.449783,0.591712,0.055634,0.228785,0.770999
1677109334,350236404,0.437584,0.564606,0.448689,0.591170,0.055747,0.228961,0.771354
1677109334,360704983,0.437658,0.564709,0.447600,0.591364,0.056687,0.228782,0.771190
1677109334,370416370,0.437948,0.564591,0.446667,0.590578,0.056900,0.228592,0.771833
1677109334,380859127,0.438146,0.564590,0.445748,0.590764,0.057596,0.228115,0.771780
1677109334,390389682,0.438411,0.564926,0.444854,0.592422,0.058982,0.228372,0.770327
1677109334,401630301,0.438527,0.564782,0.444061,0.592255,0.058721,0.227415,0.770758
1677109334,411293461,0.438623,0.565020,0.443176,0.593765,0.060246,0.227476,0.769460
1677109334,421585443,0.438757,0.565075,0.442366,0.594335,0.060361,0.227797,0.768916
1677109334,430945159,0.438622,0.565213,0.441479,0.595412,0.059543,0.226862,0.768423
1677109334,441535702,0.438619,0.565405,0.440549,0.594897,0.062087,0.229914,0.767712
1677109334,450935358,0.438536,0.565733,0.439535,0.595315,0.060151,0.229785,0.767581
1677109334,460651142,0.438477,0.566104,0.438453,0.593977,0.060066,0.231370,0.768148
1677109334,470431810,0.438300,0.566620,0.437276,0.592899,0.059624,0.232242,0.768752
1677109334,480789743,0.438134,0.567171,0.436074,0.590810,0.059265,0.233211,0.770094
1677109334,490839353,0.437884,0.567889,0.434871,0.589271,0.059496,0.234431,0.770884
1677109334,500808521,0.437693,0.568310,0.433765,0.587112,0.059289,0.234804,0.772433
1677109334,510966573,0.437549,0.568728,0.432759,0.585772,0.059730,0.235863,0.773093
1677109334,520858509,0.437480,0.568973,0.431881,0.585360,0.059568,0.236251,0.773298
1677109334,530591411,0.437597,0.568930,0.431136,0.584725,0.059450,0.237312,0.773463
1677109334,540595649,0.437582,0.568856,0.430443,0.585427,0.059358,0.237384,0.772917
1677109334,550995225,0.437561,0.568816,0.429758,0.586581,0.059564,0.237683,0.771934
1677109334,560689199,0.437612,0.568576,0.429114,0.586841,0.059682,0.238302,0.771536
1677109334,570827768,0.437621,0.568521,0.428393,0.587685,0.059567,0.238846,0.770734
1677109334,581250675,0.437607,0.568331,0.427678,0.587353,0.059262,0.238762,0.771036
1677109334,590566465,0.437701,0.568491,0.426976,0.587479,0.058677,0.239755,0.770677
1677109334,600344471,0.437524,0.568775,0.426151,0.587740,0.059640,0.239985,0.770332
1677109334,611121600,0.437632,0.568899,0.425454,0.586729,0.059528,0.240632,0.770910
1677109334,620507940,0.437626,0.569063,0.424718,0.585726,0.059695,0.240822,0.771600
1677109334,630450233,0.437497,0.569420,0.423945,0.585927,0.060511,0.240730,0.771413
1677109334,641152095,0.437651,0.569733,0.423350,0.585698,0.060078,0.241976,0.771230
1677109334,651085921,0.437490,0.569694,0.422704,0.584646,0.061094,0.241639,0.772054
1677109334,660973508,0.437476,0.569953,0.422121,0.585265,0.061398,0.242492,0.771293
1677109334,670784940,0.437449,0.569885,0.421537,0.585031,0.061418,0.242592,0.771438
1677109334,680595024,0.437254,0.570008,0.420928,0.585782,0.061902,0.243120,0.770662
1677109334,690692740,0.437234,0.569906,0.420355,0.585305,0.061856,0.244052,0.770734
1677109334,701408847,0.436961,0.570068,0.419639,0.586146,0.062714,0.244794,0.769790
1677109334,711117887,0.436953,0.569871,0.419050,0.584979,0.062366,0.245934,0.770342
1677109334,721129020,0.436723,0.570170,0.418292,0.585862,0.062913,0.247205,0.769219
1677109334,729973680,0.436725,0.570287,0.417595,0.585110,0.062544,0.248730,0.769330
1677109334,740364813,0.436425,0.570363,0.416760,0.584619,0.063559,0.249064,0.769512
1677109334,750343865,0.436302,0.570498,0.416015,0.584065,0.063737,0.249804,0.769678
1677109334,760483400,0.436365,0.570775,0.415297,0.583849,0.063247,0.251337,0.769383
1677109334,771247077,0.436173,0.570904,0.414511,0.583845,0.063955,0.251562,0.769254
1677109334,781175511,0.436206,0.570773,0.413792,0.582900,0.064012,0.251879,0.769862
1677109334,790810174,0.436206,0.570994,0.413050,0.584012,0.063884,0.252373,0.768867
1677109334,801035503,0.436219,0.570885,0.412332,0.584020,0.064497,0.252496,0.768770
1677109334,810676035,0.436226,0.570852,0.411626,0.584350,0.065356,0.252969,0.768290
1677109334,820565302,0.436312,0.570813,0.410864,0.584617,0.065755,0.253174,0.767986
1677109334,830313057,0.436322,0.570745,0.410080,0.584731,0.065689,0.252537,0.768115
1677109334,840785461,0.436480,0.570769,0.409271,0.583998,0.066177,0.253481,0.768319
1677109334,849991427,0.436470,0.570889,0.408380,0.583871,0.066889,0.253214,0.768442
1677109334,860236228,0.436544,0.571149,0.407520,0.584058,0.066899,0.253210,0.768301
1677109334,871107731,0.436625,0.571265,0.406629,0.583509,0.067666,0.253380,0.768594
1677109334,880647215,0.436673,0.571281,0.405776,0.582761,0.068160,0.252599,0.769375
1677109334,890503548,0.436794,0.571430,0.404977,0.582536,0.069080,0.253008,0.769328
1677109334,900993829,0.436905,0.571356,0.404206,0.581936,0.069508,0.252370,0.769954
1677109334,910527639,0.436987,0.571554,0.403441,0.582928,0.069795,0.251797,0.769365
1677109334,920866953,0.437229,0.571515,0.402779,0.582781,0.069900,0.251704,0.769496
1677109334,930665001,0.437197,0.571465,0.402060,0.583108,0.071034,0.250859,0.769421
1677109334,940806878,0.437390,0.571427,0.401387,0.583322,0.071129,0.250754,0.769284
1677109334,951031755,0.437481,0.571409,0.400698,0.583914,0.070885,0.250160,0.769051
1677109334,960585006,0.437495,0.571357,0.399970,0.584159,0.071498,0.250044,0.768846
1677109334,970726840,0.437637,0.571358,0.399250,0.584484,0.071022,0.250489,0.768498
1677109334,980106218,0.437635,0.571289,0.398470,0.584519,0.071389,0.250630,0.768391
1677109334,990006279,0.437627,0.571191,0.397679,0.584464,0.071234,0.250535,0.768479
1677109335,1048356,0.437628,0.571202,0.396905,0.584904,0.071284,0.250746,0.768070
1677109335,10993890,0.437563,0.571266,0.396087,0.585697,0.071498,0.250740,0.767448
1677109335,20877644,0.437664,0.571246,0.395320,0.585725,0.071764,0.251570,0.767130
1677109335,30948001,0.437706,0.571224,0.394544,0.586065,0.071758,0.251495,0.766895
1677109335,40652895,0.437594,0.571080,0.393700,0.585821,0.072963,0.250826,0.767188
1677109335,51072454,0.437801,0.571321,0.392921,0.586667,0.072296,0.251213,0.766478
1677109335,60853694,0.437906,0.571325,0.392121,0.586397,0.072803,0.251096,0.766674
1677109335,71056178,0.437934,0.571482,0.391292,0.586648,0.073696,0.250909,0.766458
1677109335,81044263,0.437984,0.571605,0.390444,0.586930,0.073971,0.250137,0.766468
1677109335,90969133,0.438049,0.571647,0.389617,0.586653,0.074492,0.249817,0.766734
1677109335,100654343,0.438100,0.571819,0.388769,0.587083,0.074986,0.249623,0.766419
1677109335,110697728,0.438170,0.571910,0.387926,0.587204,0.075518,0.249610,0.766279
1677109335,120492969,0.438300,0.572007,0.387058,0.587479,0.075147,0.249629,0.766098
1677109335,130160044,0.438370,0.572137,0.386162,0.587569,0.075139,0.249662,0.766019
1677109335,139822315,0.438397,0.572167,0.385242,0.587145,0.075589,0.249777,0.766262
1677109335,149963532,0.438450,0.572279,0.384301,0.586830,0.075902,0.250146,0.766352
1677109335,160825148,0.438420,0.572363,0.383344,0.586547,0.076260,0.250165,0.766527
1677109335,170376058,0.438422,0.572542,0.382449,0.586472,0.076703,0.250423,0.766457
1677109335,181295386,0.438358,0.572811,0.381522,0.587022,0.077173,0.250429,0.765986
1677109335,190469747,0.438295,0.573018,0.380634,0.587116,0.077442,0.250179,0.765969
1677109335,200675592,0.438241,0.573178,0.379737,0.586781,0.078019,0.250569,0.766040
1677109335,210795125,0.438200,0.573351,0.378909,0.586403,0.078489,0.251452,0.765991
1677109335,221031219,0.438011,0.573283,0.378073,0.585344,0.079098,0.251218,0.766815
1677109335,231010416,0.438006,0.573390,0.377278,0.585142,0.078207,0.251494,0.766970
1677109335,240050214,0.437805,0.573433,0.376488,0.584917,0.078693,0.252202,0.766860
1677109335,250535833,0.437778,0.573289,0.375765,0.584187,0.078086,0.252866,0.767260
1677109335,260320389,0.437620,0.573050,0.375021,0.584058,0.077979,0.253204,0.767257
1677109335,270287321,0.437490,0.572924,0.374302,0.585080,0.077388,0.253781,0.766347
1677109335,280805650,0.437364,0.572602,0.373555,0.585716,0.077505,0.254619,0.765571
1677109335,290455231,0.437319,0.572122,0.372851,0.585974,0.077332,0.255460,0.765111
1677109335,300762261,0.437219,0.571825,0.372084,0.587297,0.077054,0.256341,0.763828
1677109335,310979172,0.437168,0.571367,0.371247,0.587553,0.076660,0.256827,0.763508
1677109335,320939737,0.437149,0.571160,0.370389,0.588280,0.076005,0.257591,0.762756
1677109335,330401358,0.437260,0.570793,0.369535,0.587746,0.075369,0.258393,0.762959
1677109335,340535596,0.437116,0.570593,0.368559,0.588138,0.076107,0.257847,0.762769
1677109335,350943766,0.437189,0.570333,0.367731,0.587861,0.075987,0.257699,0.763045
1677109335,361294622,0.437368,0.570410,0.366907,0.588897,0.075923,0.258220,0.762075
1677109335,370477973,0.437414,0.570189,0.366085,0.589220,0.076476,0.257194,0.762117
1677109335,380980605,0.437564,0.569963,0.365286,0.589191,0.077218,0.257010,0.762127
1677109335,390838061,0.437595,0.569976,0.364422,0.590339,0.077531,0.256247,0.761463
1677109335,400156649,0.437690,0.569947,0.363588,0.591014,0.077777,0.255874,0.761040
1677109335,410734587,0.437666,0.569737,0.362716,0.590804,0.078918,0.255654,0.761160
1677109335,420556694,0.437682,0.569680,0.361834,0.591196,0.079123,0.255478,0.760893
1677109335,430972450,0.437656,0.569583,0.360966,0.591388,0.079115,0.255613,0.760699
1677109335,441281908,0.437474,0.569516,0.360053,0.591578,0.079744,0.255371,0.760567
1677109335,450748098,0.437345,0.569447,0.359098,0.591514,0.080359,0.255681,0.760447
1677109335,460067227,0.437217,0.569363,0.358160,0.591596,0.080310,0.255357,0.760498
1677109335,470136021,0.437064,0.569510,0.357244,0.592419,0.080673,0.256104,0.759567
1677109335,480135582,0.437043,0.569370,0.356371,0.592072,0.080547,0.256816,0.759611
1677109335,490040823,0.436827,0.569148,0.355425,0.591927,0.081786,0.256593,0.759667
1677109335,500511417,0.436788,0.569053,0.354528,0.592352,0.081874,0.256963,0.759201
1677109335,511329270,0.436681,0.568978,0.353591,0.593262,0.082243,0.256941,0.758458
1677109335,521428999,0.436634,0.568672,0.352735,0.593406,0.082578,0.257180,0.758227
1677109335,531124540,0.436559,0.568445,0.351790,0.594261,0.082747,0.256483,0.757775
1677109335,541135213,0.436590,0.568075,0.350932,0.594433,0.082761,0.256407,0.757665
1677109335,551094504,0.436518,0.567787,0.350067,0.594869,0.083197,0.256079,0.757385
1677109335,560676005,0.436446,0.567510,0.349151,0.595435,0.083320,0.255581,0.757095
1677109335,571110432,0.436429,0.567274,0.348239,0.595841,0.083345,0.255541,0.756786
1677109335,581203480,0.436432,0.566877,0.347307,0.595327,0.083928,0.255493,0.757143
1677109335,590677300,0.436281,0.566607,0.346305,0.595319,0.084946,0.254873,0.757245
1677109335,600839309,0.436271,0.566537,0.345383,0.595384,0.085711,0.255621,0.756855
1677109335,610383270,0.436032,0.566427,0.344411,0.595582,0.086473,0.254750,0.756906
1677109335,620609772,0.436003,0.566321,0.343430,0.595098,0.086778,0.254627,0.757294
1677109335,631055256,0.436022,0.566124,0.342500,0.593773,0.087036,0.254969,0.758188
1677109335,640549763,0.436042,0.566215,0.341564,0.593744,0.086971,0.255307,0.758105
1677109335,650662550,0.435961,0.566127,0.340665,0.593571,0.086833,0.254464,0.758539
1677109335,661295559,0.435913,0.566015,0.339781,0.593250,0.087230,0.253898,0.758934
1677109335,670974347,0.435908,0.566049,0.338962,0.593656,0.087379,0.253909,0.758596
1677109335,680790168,0.435870,0.565854,0.338144,0.593479,0.087827,0.253019,0.758980
1677109335,690330389,0.435848,0.565699,0.337447,0.593571,0.088790,0.252666,0.758913
1677109335,700357643,0.435880,0.565651,0.336791,0.594458,0.089339,0.252453,0.758226
1677109335,710234695,0.435847,0.565508,0.336183,0.594821,0.090018,0.252292,0.757914
1677109335,720067179,0.435811,0.565493,0.335549,0.595536,0.090016,0.252192,0.757385
1677109335,730561353,0.435729,0.565294,0.334927,0.595391,0.089841,0.251599,0.757718
1677109335,740282790,0.435566,0.565425,0.334241,0.596089,0.089866,0.252003,0.757031
1677109335,750248083,0.435534,0.565312,0.333561,0.595690,0.089006,0.252298,0.757349
1677109335,760573590,0.435122,0.565442,0.332761,0.596687,0.090020,0.252213,0.756472
1677109335,770807865,0.435117,0.565382,0.332022,0.595960,0.089457,0.253368,0.756726
1677109335,781493630,0.434905,0.565646,0.331213,0.597069,0.089035,0.253752,0.755772
1677109335,790599931,0.434717,0.565672,0.330361,0.596456,0.089932,0.254657,0.755846
1677109335,801268821,0.434574,0.565756,0.329526,0.595943,0.090103,0.254944,0.756133
1677109335,810628883,0.434477,0.566042,0.328671,0.595691,0.090563,0.255689,0.756025
1677109335,821174445,0.434375,0.566396,0.327776,0.595780,0.091042,0.255515,0.755956
1677109335,831079944,0.434419,0.566580,0.326960,0.594861,0.091093,0.255434,0.756700
1677109335,840175940,0.434464,0.566790,0.326118,0.594008,0.091723,0.255245,0.757358
1677109335,851030782,0.434399,0.567041,0.325226,0.593764,0.092512,0.253987,0.757876
1677109335,860659917,0.434481,0.567510,0.324379,0.594522,0.092909,0.253481,0.757403
1677109335,870856826,0.434512,0.567764,0.323493,0.594342,0.094275,0.252797,0.757604
1677109335,880845468,0.434743,0.567891,0.322679,0.593392,0.094728,0.252707,0.758322
1677109335,890775589,0.434901,0.568194,0.321847,0.593105,0.095124,0.252431,0.758588
1677109335,900750921,0.434870,0.568480,0.320925,0.593050,0.095826,0.251214,0.758947
1677109335,910847461,0.435063,0.568848,0.320079,0.592552,0.096075,0.251451,0.759226
1677109335,920705632,0.435169,0.569109,0.319256,0.592025,0.096541,0.250899,0.759760
1677109335,931092084,0.435301,0.569566,0.318474,0.591961,0.097686,0.251516,0.759460
1677109335,940628083,0.435413,0.569826,0.317744,0.591734,0.097759,0.250433,0.759985
1677109335,950811857,0.435482,0.570151,0.317040,0.591714,0.098677,0.250044,0.760010
1677109335,960820395,0.435592,0.570420,0.316475,0.591446,0.099433,0.249814,0.760196
1677109335,970738288,0.435820,0.570738,0.315973,0.591165,0.099523,0.250224,0.760268
1677109335,981072036,0.435934,0.571033,0.315516,0.591012,0.099313,0.249573,0.760628
1677109335,990907318,0.435801,0.571374,0.315026,0.591229,0.100258,0.248729,0.760612
1677109336,532690,0.435941,0.571652,0.314625,0.590556,0.100189,0.249299,0.760957
1677109336,11061568,0.435960,0.572029,0.314243,0.590412,0.100454,0.249774,0.760878
1677109336,20662811,0.436009,0.572408,0.313849,0.590058,0.100088,0.250020,0.761120
1677109336,30594671,0.435967,0.572737,0.313468,0.589465,0.099787,0.250011,0.761622
1677109336,40198278,0.435989,0.572878,0.313093,0.587747,0.099099,0.250209,0.762974
1677109336,50608186,0.435961,0.573168,0.312697,0.586913,0.098399,0.250217,0.763703
1677109336,61354574,0.435900,0.573371,0.312290,0.586078,0.097902,0.249938,0.764499
1677109336,70687286,0.436009,0.573697,0.311926,0.586251,0.096506,0.250251,0.764442
1677109336,80915651,0.435792,0.574512,0.311438,0.587550,0.099273,0.253077,0.762156
1677109336,90361690,0.435697,0.574528,0.311073,0.587388,0.099956,0.252821,0.762277
1677109336,100857432,0.435710,0.574803,0.310691,0.587910,0.100282,0.253631,0.761562
1677109336,110406850,0.435747,0.575003,0.310235,0.588100,0.099995,0.253840,0.761384
1677109336,120884039,0.435768,0.575468,0.309716,0.588746,0.100126,0.254721,0.760573
1677109336,130435626,0.435815,0.575840,0.309163,0.588501,0.099933,0.255145,0.760645
1677109336,140885465,0.435809,0.576187,0.308474,0.587651,0.100142,0.254789,0.761393
1677109336,150734814,0.435848,0.576674,0.307815,0.586624,0.100763,0.254993,0.762035
1677109336,160884434,0.435985,0.577348,0.307072,0.585956,0.101046,0.255443,0.762361
1677109336,170967170,0.436012,0.578016,0.306317,0.585423,0.102123,0.255214,0.762704
1677109336,181134743,0.436193,0.578672,0.305613,0.584850,0.102585,0.254956,0.763167
1677109336,190841638,0.436317,0.579218,0.304929,0.584416,0.103829,0.254570,0.763461
1677109336,199983452,0.436509,0.579674,0.304305,0.584257,0.104723,0.253856,0.763697
1677109336,210832817,0.436773,0.580228,0.303666,0.584621,0.105528,0.254012,0.763256
1677109336,220427467,0.436889,0.580546,0.303014,0.584268,0.106163,0.253075,0.763749
1677109336,231008683,0.437059,0.581058,0.302326,0.584310,0.106588,0.253192,0.763620
1677109336,240837732,0.437089,0.581623,0.301547,0.583841,0.107355,0.253269,0.763845
1677109336,250754074,0.437130,0.582328,0.300717,0.583130,0.107506,0.253663,0.764236
1677109336,260786390,0.437060,0.582870,0.299883,0.581227,0.108214,0.253814,0.765535
1677109336,270937216,0.436898,0.583737,0.299017,0.581082,0.108908,0.253896,0.765519
1677109336,280828112,0.436711,0.584254,0.298241,0.579737,0.110389,0.254089,0.766262
1677109336,290566821,0.436250,0.584659,0.297325,0.578328,0.114130,0.253288,0.767043
1677109336,301026924,0.436202,0.585160,0.296701,0.578167,0.114596,0.253513,0.767022
1677109336,311334228,0.436165,0.585729,0.296046,0.578695,0.114915,0.253629,0.766537
1677109336,320620077,0.435964,0.586248,0.295374,0.579334,0.115380,0.252783,0.766264
1677109336,330369005,0.436697,0.586788,0.294748,0.578073,0.112409,0.254908,0.766954
1677109336,340632438,0.436717,0.587343,0.294068,0.577650,0.112641,0.255830,0.766931
1677109336,350774530,0.436594,0.587724,0.293373,0.576800,0.112897,0.255808,0.767540
1677109336,361280463,0.436439,0.588165,0.292611,0.576087,0.113333,0.255940,0.767968
1677109336,371710315,0.436394,0.588563,0.291893,0.575218,0.112790,0.256238,0.768599
1677109336,381344623,0.436310,0.589120,0.291104,0.574920,0.112620,0.256881,0.768632
1677109336,391457374,0.436237,0.589490,0.290324,0.574215,0.112538,0.257186,0.769069
1677109336,401016260,0.436107,0.589833,0.289533,0.573355,0.112754,0.257541,0.769560
1677109336,410867549,0.436149,0.590267,0.288713,0.572844,0.112067,0.258146,0.769839
1677109336,421231535,0.436009,0.590562,0.287852,0.571522,0.112775,0.258595,0.770566
1677109336,431262304,0.435833,0.591268,0.286894,0.571905,0.113139,0.259292,0.769995
1677109336,441244336,0.435798,0.591558,0.285995,0.570057,0.113153,0.259443,0.771311
1677109336,450827336,0.435675,0.591979,0.285032,0.568676,0.113911,0.259540,0.772186
1677109336,461088878,0.435506,0.592699,0.284082,0.568336,0.114411,0.259476,0.772384
1677109336,471009888,0.435973,0.593035,0.283213,0.565693,0.110928,0.259121,0.774947
1677109336,480959107,0.435658,0.593428,0.282273,0.564400,0.112996,0.258331,0.775854
1677109336,491243452,0.435463,0.593626,0.281417,0.562523,0.115212,0.257769,0.777078
1677109336,501217252,0.435342,0.594944,0.280470,0.564755,0.117299,0.259324,0.774625
1677109336,511193518,0.435339,0.595359,0.279667,0.565072,0.117769,0.258883,0.774470
1677109336,520758702,0.435409,0.595589,0.278960,0.564507,0.118592,0.259223,0.774643
1677109336,530858962,0.435374,0.596019,0.278248,0.565475,0.119041,0.259175,0.773883
1677109336,540105462,0.435301,0.596228,0.277543,0.565530,0.119362,0.258858,0.773900
1677109336,550550501,0.435193,0.596485,0.276827,0.565546,0.119490,0.258983,0.773827
1677109336,560490313,0.435137,0.596690,0.276139,0.564944,0.119404,0.259261,0.774186
1677109336,570433114,0.434882,0.596934,0.275326,0.565038,0.119543,0.258625,0.774309
1677109336,580603206,0.434829,0.597145,0.274613,0.564403,0.119162,0.259065,0.774684
1677109336,590383517,0.434771,0.597388,0.273893,0.562521,0.118982,0.259771,0.775843
1677109336,600669505,0.434732,0.597680,0.273140,0.561256,0.119100,0.260494,0.776498
1677109336,610341596,0.434522,0.597997,0.272338,0.560196,0.119897,0.260152,0.777255
1677109336,621076477,0.434189,0.599101,0.271304,0.561664,0.121830,0.260913,0.775638
1677109336,630795638,0.434202,0.599122,0.270704,0.559317,0.121939,0.260434,0.777476
1677109336,640799622,0.434219,0.599335,0.270134,0.557913,0.121687,0.259881,0.778709
1677109336,651172283,0.434266,0.599706,0.269523,0.557509,0.121569,0.259746,0.779062
1677109336,660717820,0.434231,0.599920,0.268911,0.556677,0.121925,0.259060,0.779829
1677109336,670376107,0.434235,0.600368,0.268310,0.556827,0.122387,0.259333,0.779559
1677109336,680828412,0.434292,0.600497,0.267736,0.555698,0.122476,0.259061,0.780440
1677109336,690935062,0.434172,0.600889,0.267077,0.556007,0.122807,0.258656,0.780302
1677109336,700773645,0.434184,0.601001,0.266563,0.554664,0.123225,0.258899,0.781111
1677109336,710598151,0.434106,0.601293,0.266027,0.554354,0.123187,0.258874,0.781346
1677109336,720815105,0.434077,0.601617,0.265538,0.554608,0.122913,0.258917,0.781194
1677109336,730791440,0.433965,0.601789,0.265076,0.554328,0.123289,0.258996,0.781307
1677109336,740902468,0.433976,0.601986,0.264655,0.554185,0.122807,0.259341,0.781370
1677109336,750712346,0.433724,0.602145,0.264148,0.554297,0.123345,0.258847,0.781370
1677109336,760688310,0.433668,0.602441,0.263647,0.553964,0.123505,0.259612,0.781327
1677109336,771122342,0.433595,0.602683,0.263099,0.552938,0.123441,0.260197,0.781869
1677109336,780988877,0.433316,0.603162,0.262413,0.552556,0.124133,0.260399,0.781962
1677109336,790932182,0.433197,0.603550,0.261781,0.551327,0.124281,0.260915,0.782634
1677109336,800800893,0.433097,0.604023,0.261154,0.551141,0.124249,0.261051,0.782725
1677109336,811258192,0.432929,0.604304,0.260589,0.550658,0.125256,0.260418,0.783115
1677109336,821347379,0.432908,0.604510,0.260106,0.549852,0.126242,0.260308,0.783560
1677109336,830917850,0.432929,0.604764,0.259629,0.549484,0.127158,0.260375,0.783647
1677109336,841017367,0.432848,0.605017,0.259134,0.549210,0.128050,0.259660,0.783931
1677109336,850922384,0.432762,0.605736,0.258492,0.550425,0.128889,0.259817,0.782889
1677109336,860699262,0.432736,0.605979,0.257933,0.549120,0.129166,0.259475,0.783872
1677109336,870558075,0.432584,0.606448,0.257258,0.548187,0.130430,0.259312,0.784370
1677109336,881000462,0.432458,0.606874,0.256584,0.546815,0.130688,0.258716,0.785481
1677109336,890756136,0.432319,0.607535,0.255852,0.546037,0.131256,0.258953,0.785849
1677109336,900434253,0.432238,0.607944,0.255258,0.544249,0.131289,0.258449,0.787248
1677109336,910851439,0.432111,0.608466,0.254665,0.543326,0.132040,0.258252,0.787825
1677109336,920816184,0.431997,0.608872,0.254190,0.542669,0.132937,0.258054,0.788192
1677109336,931127997,0.431871,0.609388,0.253775,0.543539,0.133226,0.257469,0.787734
1677109336,940951294,0.431782,0.610051,0.253447,0.544165,0.134904,0.259241,0.786435
1677109336,950645942,0.432174,0.610315,0.253232,0.544069,0.131473,0.259138,0.787116
1677109336,960836902,0.432070,0.610463,0.252986,0.544437,0.131364,0.259043,0.786911
1677109336,971499447,0.431913,0.610457,0.252775,0.544378,0.131540,0.259203,0.786869
1677109336,981055246,0.431810,0.610422,0.252556,0.544272,0.131216,0.259599,0.786867
1677109336,990707755,0.431824,0.610621,0.252342,0.545018,0.129806,0.260664,0.786231
1677109337,946889,0.431629,0.610673,0.252027,0.545324,0.130103,0.261009,0.785856
1677109337,10955028,0.431543,0.610705,0.251745,0.545116,0.129840,0.261676,0.785822
1677109337,20730532,0.431318,0.610757,0.251446,0.544883,0.130109,0.261670,0.785941
1677109337,31009355,0.431171,0.610849,0.251118,0.544321,0.130581,0.261837,0.786196
1677109337,41396478,0.431016,0.611205,0.250741,0.544774,0.131512,0.262232,0.785596
1677109337,50968627,0.431087,0.611386,0.250433,0.544229,0.132020,0.262604,0.785764
1677109337,60757519,0.431197,0.611483,0.250110,0.543082,0.132919,0.263043,0.786259
1677109337,70955018,0.431153,0.611916,0.249682,0.543526,0.134263,0.262943,0.785757
1677109337,81052143,0.431173,0.612307,0.249225,0.543320,0.135185,0.262595,0.785857
1677109337,90662771,0.431208,0.612760,0.248696,0.542816,0.136238,0.262141,0.786175
1677109337,101209822,0.431255,0.613203,0.248167,0.541513,0.136856,0.261941,0.787033
1677109337,110924461,0.431288,0.613776,0.247577,0.540888,0.137326,0.261579,0.787501
1677109337,122035186,0.431205,0.614072,0.247002,0.539220,0.138715,0.260728,0.788683
1677109337,130308114,0.431231,0.614546,0.246475,0.538671,0.139415,0.260520,0.789003
1677109337,140947280,0.431444,0.614923,0.245983,0.537994,0.139386,0.260948,0.789329
1677109337,151010602,0.431412,0.615150,0.245514,0.537617,0.140264,0.260616,0.789540
1677109337,160100937,0.431550,0.615377,0.245082,0.537324,0.140976,0.261333,0.789376
1677109337,170423733,0.431588,0.615628,0.244616,0.537947,0.141095,0.261325,0.788932
1677109337,180368317,0.431505,0.615791,0.244120,0.538548,0.142077,0.260831,0.788509
1677109337,190713308,0.431569,0.616008,0.243701,0.538524,0.142309,0.261430,0.788285
1677109337,200843754,0.431531,0.616212,0.243191,0.538226,0.142560,0.261696,0.788356
1677109337,210542564,0.431570,0.616626,0.242595,0.537648,0.141804,0.262563,0.788598
1677109337,220916600,0.431440,0.617075,0.241921,0.537118,0.141167,0.262419,0.789121
1677109337,230865781,0.431580,0.617164,0.241395,0.532165,0.142551,0.264282,0.791603
1677109337,240868059,0.431374,0.618110,0.240576,0.532196,0.143181,0.264647,0.791346
1677109337,251792637,0.431269,0.618463,0.239977,0.531135,0.143499,0.263655,0.792332
1677109337,260872442,0.431164,0.618804,0.239375,0.530178,0.144592,0.262601,0.793124
1677109337,270963986,0.431143,0.619173,0.238815,0.529872,0.145593,0.261569,0.793486
1677109337,280776498,0.431122,0.619656,0.238221,0.529878,0.146486,0.260682,0.793610
1677109337,291009244,0.431202,0.620010,0.237718,0.528475,0.147688,0.260212,0.794476
1677109337,300867071,0.431156,0.620563,0.237153,0.528096,0.148719,0.259563,0.794748
1677109337,310800071,0.431214,0.621078,0.236638,0.527069,0.149018,0.259359,0.795440
1677109337,320942836,0.431230,0.621551,0.236133,0.526032,0.149423,0.259051,0.796150
1677109337,330565604,0.431249,0.621982,0.235613,0.524670,0.149801,0.259113,0.796958
1677109337,340480133,0.431203,0.622499,0.235077,0.523873,0.150121,0.259169,0.797403
1677109337,350126673,0.431092,0.623003,0.234564,0.523150,0.150431,0.259061,0.797855
1677109337,360713063,0.431113,0.623384,0.234135,0.521714,0.151085,0.259661,0.798476
1677109337,370494282,0.430971,0.623940,0.233656,0.521729,0.151580,0.259606,0.798390
1677109337,380442962,0.430830,0.624404,0.233199,0.521808,0.152264,0.259411,0.798272
1677109337,390604455,0.430786,0.624746,0.232836,0.520924,0.152853,0.259547,0.798692
1677109337,400907652,0.430754,0.625253,0.232465,0.521123,0.153387,0.259922,0.798338
1677109337,410384347,0.430769,0.625706,0.232102,0.520775,0.153612,0.260489,0.798337
1677109337,421361982,0.430668,0.625985,0.231772,0.519588,0.154141,0.260255,0.799084
1677109337,430681733,0.430661,0.626492,0.231338,0.519120,0.154056,0.260546,0.799310
1677109337,440398254,0.430571,0.627065,0.230884,0.518555,0.154460,0.260865,0.799495
1677109337,451079696,0.430581,0.627479,0.230497,0.517297,0.154765,0.261275,0.800117
1677109337,460457223,0.430584,0.627885,0.230149,0.516623,0.155092,0.261175,0.800521
1677109337,470737469,0.430550,0.628381,0.229821,0.516664,0.155787,0.260861,0.800462
1677109337,480854304,0.430696,0.628672,0.229624,0.514524,0.157579,0.261991,0.801121
1677109337,491176457,0.430766,0.629061,0.229399,0.514748,0.157821,0.261807,0.800989
1677109337,500410725,0.430807,0.629352,0.229180,0.514861,0.158000,0.261246,0.801064
1677109337,510583985,0.430882,0.629484,0.228993,0.513946,0.158353,0.261141,0.801616
1677109337,520804938,0.430866,0.629877,0.228665,0.514060,0.158706,0.261431,0.801379
1677109337,531019369,0.430738,0.630296,0.228258,0.514111,0.159022,0.261408,0.801291
1677109337,540071407,0.430761,0.630733,0.227816,0.513521,0.158975,0.262412,0.801351
1677109337,550121980,0.430616,0.631021,0.227340,0.512647,0.159722,0.262652,0.801683
1677109337,560833294,0.430598,0.631410,0.226869,0.511601,0.160088,0.263566,0.801978
1677109337,570134011,0.430480,0.631838,0.226301,0.511515,0.160336,0.263333,0.802060
1677109337,580122291,0.430555,0.632044,0.225842,0.509794,0.160646,0.263662,0.802985
1677109337,590707727,0.430546,0.632464,0.225297,0.509319,0.161497,0.263725,0.803095
1677109337,600365980,0.430499,0.632831,0.224818,0.508981,0.162133,0.263085,0.803391
1677109337,610284190,0.430627,0.633348,0.224351,0.509021,0.162172,0.262937,0.803406
1677109337,620921100,0.430732,0.633726,0.223934,0.508686,0.162877,0.262833,0.803510
1677109337,630948552,0.430645,0.634035,0.223528,0.509072,0.163704,0.261407,0.803563
1677109337,640724646,0.430887,0.634314,0.223195,0.508600,0.163954,0.261768,0.803693
1677109337,650791901,0.430972,0.634451,0.222880,0.507690,0.164242,0.261499,0.804297
1677109337,660806631,0.431057,0.634772,0.222476,0.507628,0.164040,0.261665,0.804323
1677109337,670027816,0.430973,0.635164,0.222031,0.507836,0.164485,0.261723,0.804082
1677109337,680076662,0.430911,0.635396,0.221592,0.507285,0.164360,0.261493,0.804531
1677109337,689999288,0.430862,0.635838,0.221100,0.507263,0.164632,0.262286,0.804231
1677109337,699832599,0.430812,0.636069,0.220705,0.506220,0.164667,0.262658,0.804759
1677109337,710424083,0.430671,0.636342,0.220274,0.505468,0.165044,0.262467,0.805216
1677109337,720645106,0.430725,0.636746,0.219853,0.505080,0.164930,0.263208,0.805242
1677109337,731025108,0.430576,0.637054,0.219446,0.505051,0.165391,0.262661,0.805344
1677109337,740234631,0.430683,0.637422,0.219120,0.504909,0.165249,0.263238,0.805273
1677109337,750635173,0.430625,0.637705,0.218727,0.505243,0.165596,0.262791,0.805139
1677109337,760483612,0.430572,0.637937,0.218396,0.505035,0.166484,0.262451,0.805197
1677109337,771138037,0.430539,0.638241,0.218058,0.505375,0.166964,0.262330,0.804924
1677109337,780881803,0.430602,0.638530,0.217693,0.505502,0.167038,0.262734,0.804697
1677109337,791057655,0.430622,0.638731,0.217353,0.505081,0.167352,0.263056,0.804791
1677109337,800700740,0.430534,0.639012,0.216911,0.505158,0.167518,0.262924,0.804751
1677109337,811058727,0.430473,0.639434,0.216454,0.505555,0.167265,0.263413,0.804394
1677109337,820335189,0.430305,0.639729,0.216006,0.504429,0.168640,0.264098,0.804589
1677109337,831157028,0.430239,0.640021,0.215597,0.503951,0.168622,0.264414,0.804789
1677109337,841150652,0.430072,0.640190,0.215148,0.503593,0.168756,0.263994,0.805123
1677109337,850792960,0.429975,0.640673,0.214671,0.503906,0.168856,0.265222,0.804502
1677109337,860371875,0.429718,0.641024,0.214176,0.504413,0.168532,0.264705,0.804423
1677109337,870814881,0.429561,0.641353,0.213703,0.504282,0.168648,0.265278,0.804292
1677109337,880896633,0.429392,0.641737,0.213179,0.504467,0.168592,0.266143,0.803902
1677109337,890605748,0.429235,0.641962,0.212750,0.503796,0.168835,0.266707,0.804084
1677109337,901362011,0.428861,0.642305,0.212201,0.504065,0.169403,0.266679,0.803806
1677109337,910788544,0.428644,0.642729,0.211665,0.504147,0.169455,0.267752,0.803387
1677109337,921322726,0.428535,0.642898,0.211241,0.502912,0.169199,0.268901,0.803831
1677109337,931225214,0.428257,0.643219,0.210720,0.503158,0.169144,0.269294,0.803556
1677109337,941184247,0.428137,0.643297,0.210346,0.502313,0.169178,0.269841,0.803894
1677109337,950738392,0.427983,0.643461,0.209954,0.502370,0.168934,0.270213,0.803785
1677109337,960546417,0.427787,0.643898,0.209491,0.504061,0.169131,0.270544,0.802573
1677109337,970921342,0.427692,0.643823,0.209245,0.502824,0.169553,0.270464,0.803287
1677109337,980562974,0.427696,0.644128,0.208907,0.502876,0.169477,0.271367,0.802965
1677109337,990663251,0.427496,0.644378,0.208534,0.502866,0.169760,0.271195,0.802970
1677109338,1236854,0.427530,0.644668,0.208205,0.502350,0.169091,0.271694,0.803265
1677109338,10327821,0.427355,0.644967,0.207814,0.502218,0.169222,0.271287,0.803458
1677109338,21305401,0.427276,0.645172,0.207468,0.501263,0.169329,0.271523,0.803952
1677109338,31394805,0.427129,0.645490,0.207079,0.501326,0.169420,0.271323,0.803961
1677109338,41228782,0.427160,0.645840,0.206712,0.501152,0.168527,0.271821,0.804089
1677109338,51389203,0.427096,0.646032,0.206404,0.500383,0.168305,0.271737,0.804643
1677109338,60741982,0.426937,0.646235,0.206017,0.499789,0.168476,0.271621,0.805015
1677109338,70912093,0.426926,0.646541,0.205647,0.499087,0.168057,0.272436,0.805263
1677109338,80842678,0.426904,0.646874,0.205188,0.498510,0.167556,0.273060,0.805513
1677109338,91764584,0.426592,0.647236,0.204648,0.497928,0.168359,0.273104,0.805690
1677109338,101439037,0.426392,0.647598,0.204120,0.496880,0.168946,0.273364,0.806126
1677109338,111142334,0.426425,0.648122,0.203613,0.495823,0.168510,0.274535,0.806471
1677109338,121189003,0.426207,0.648654,0.203076,0.495629,0.168934,0.274439,0.806533
1677109338,131209093,0.426237,0.648912,0.202656,0.493982,0.169434,0.274588,0.807388
1677109338,140783320,0.426221,0.649333,0.202257,0.493486,0.169883,0.274730,0.807549
1677109338,151181510,0.426233,0.649786,0.201864,0.493342,0.170344,0.274724,0.807542
1677109338,161040653,0.426313,0.650047,0.201544,0.492638,0.170660,0.274572,0.807956
1677109338,170716931,0.426253,0.650392,0.201133,0.492749,0.171301,0.274065,0.807925
1677109338,180969074,0.426449,0.650685,0.200803,0.492065,0.171203,0.274768,0.808124
1677109338,190793777,0.426343,0.651008,0.200422,0.491827,0.172269,0.274613,0.808095
1677109338,200676807,0.426201,0.651326,0.199964,0.491868,0.172981,0.273977,0.808134
1677109338,211297350,0.426250,0.651695,0.199577,0.491155,0.173544,0.274929,0.808123
1677109338,221286739,0.426017,0.652037,0.199105,0.491125,0.174488,0.274390,0.808122
1677109338,230833891,0.426120,0.652324,0.198714,0.490136,0.174599,0.275516,0.808315
1677109338,240895007,0.425981,0.652619,0.198278,0.489975,0.175071,0.275447,0.808334
1677109338,250762130,0.425921,0.652957,0.197797,0.489913,0.175722,0.276216,0.807968
1677109338,260822995,0.425901,0.653200,0.197351,0.489845,0.175871,0.276678,0.807819
1677109338,270486601,0.425918,0.653396,0.196934,0.489934,0.175837,0.276966,0.807673
1677109338,280655785,0.426032,0.653571,0.196552,0.489818,0.176191,0.278038,0.807298
1677109338,290931447,0.426022,0.653660,0.196103,0.490113,0.176805,0.278083,0.806969
1677109338,300478102,0.426054,0.653768,0.195724,0.490627,0.177244,0.278193,0.806522
1677109338,310285603,0.426098,0.653876,0.195304,0.491570,0.177604,0.278060,0.805914
1677109338,320434648,0.426221,0.654004,0.195005,0.492330,0.178319,0.278635,0.805094
1677109338,330244491,0.426217,0.654036,0.194710,0.493582,0.179002,0.278108,0.804358
1677109338,340181965,0.426386,0.654103,0.194500,0.494761,0.179374,0.278585,0.803385
1677109338,350648358,0.426529,0.654013,0.194375,0.495309,0.180068,0.279273,0.802652
1677109338,360818888,0.426502,0.654018,0.194161,0.497114,0.180397,0.279560,0.801362
1677109338,370975117,0.426429,0.653962,0.193876,0.498407,0.180789,0.280094,0.800283
1677109338,381026802,0.426320,0.653780,0.193608,0.498655,0.180707,0.280848,0.799883
1677109338,390231476,0.426153,0.653833,0.193146,0.499534,0.180422,0.281975,0.799002
1677109338,401256967,0.426085,0.653817,0.192704,0.498948,0.179803,0.283757,0.798877
1677109338,410590594,0.425849,0.654013,0.192149,0.499115,0.179424,0.284892,0.798453
1677109338,420787819,0.425542,0.654192,0.191563,0.498964,0.179923,0.285698,0.798148
1677109338,430326446,0.425373,0.654366,0.191067,0.498604,0.180105,0.286335,0.798103
1677109338,440930792,0.425316,0.654468,0.190615,0.497757,0.180667,0.287064,0.798243
1677109338,451048244,0.425200,0.654530,0.190237,0.497575,0.181249,0.286868,0.798295
1677109338,460654868,0.425193,0.654725,0.189872,0.498140,0.181476,0.286897,0.797880
1677109338,470873997,0.425239,0.654703,0.189557,0.497993,0.181825,0.286597,0.798000
1677109338,480667711,0.425295,0.654756,0.189256,0.498553,0.181691,0.286232,0.797812
1677109338,490159006,0.425452,0.654821,0.188942,0.498938,0.181508,0.286246,0.797608
1677109338,500940502,0.425575,0.654859,0.188665,0.498958,0.181724,0.286509,0.797452
1677109338,510746374,0.425679,0.654849,0.188371,0.499123,0.181659,0.286230,0.797464
1677109338,520652921,0.425629,0.655022,0.188015,0.500252,0.181828,0.285558,0.796959
1677109338,530435710,0.425692,0.655056,0.187764,0.500544,0.182026,0.285470,0.796762
1677109338,540957199,0.425819,0.654983,0.187540,0.500494,0.182075,0.285311,0.796838
1677109338,550829309,0.425910,0.655053,0.187329,0.501179,0.182320,0.285658,0.796228
1677109338,560583743,0.425970,0.655062,0.187110,0.501645,0.182462,0.285591,0.795926
1677109338,571184493,0.425934,0.655112,0.186895,0.502351,0.182571,0.285459,0.795503
1677109338,581309878,0.426027,0.655070,0.186721,0.502144,0.182369,0.285776,0.795566
1677109338,590982838,0.425947,0.655112,0.186498,0.502255,0.182684,0.285750,0.795433
1677109338,601314454,0.425919,0.655243,0.186292,0.502508,0.182561,0.286298,0.795105
1677109338,611042699,0.425791,0.655294,0.186102,0.502567,0.183146,0.286374,0.794905
1677109338,620783239,0.425707,0.655340,0.185943,0.502695,0.183394,0.286532,0.794710
1677109338,630673558,0.425642,0.655511,0.185773,0.503390,0.183342,0.286960,0.794127
1677109338,640731038,0.425547,0.655647,0.185584,0.503844,0.183193,0.287252,0.793768
1677109338,650480850,0.425478,0.655647,0.185450,0.503514,0.183309,0.287918,0.793709
1677109338,660824501,0.425411,0.655642,0.185252,0.502941,0.183381,0.288757,0.793751
1677109338,670976474,0.425291,0.655685,0.185026,0.503064,0.183046,0.289049,0.793645
1677109338,680665805,0.425073,0.655869,0.184722,0.504050,0.183081,0.289276,0.792928
1677109338,690489497,0.425029,0.655960,0.184457,0.504186,0.182598,0.290015,0.792683
1677109338,701095517,0.424976,0.655965,0.184246,0.504149,0.182480,0.290621,0.792512
1677109338,710703323,0.424918,0.655977,0.183981,0.504571,0.182374,0.290917,0.792159
1677109338,720841117,0.424868,0.656034,0.183730,0.505596,0.182357,0.290673,0.791598
1677109338,731199356,0.424892,0.655848,0.183588,0.505720,0.182857,0.290544,0.791451
1677109338,740363553,0.424929,0.655784,0.183403,0.506430,0.183427,0.290296,0.790956
1677109338,750688036,0.425027,0.655803,0.183213,0.507394,0.183294,0.290117,0.790434
1677109338,760832472,0.425054,0.655875,0.182988,0.508184,0.183712,0.290223,0.789791
1677109338,771260593,0.425082,0.655754,0.182791,0.507916,0.183798,0.289670,0.790146
1677109338,780684625,0.425014,0.655839,0.182464,0.508217,0.184053,0.289581,0.789926
1677109338,790647234,0.424997,0.655997,0.182137,0.508387,0.183901,0.289831,0.789760
1677109338,800849526,0.425030,0.656008,0.181891,0.507921,0.183500,0.289973,0.790101
1677109338,810269697,0.425028,0.656049,0.181615,0.508073,0.183691,0.290357,0.789818
1677109338,820622418,0.424930,0.656040,0.181351,0.508688,0.183749,0.289723,0.789641
1677109338,830610117,0.425031,0.655969,0.181148,0.508432,0.183599,0.290290,0.789632
1677109338,840685431,0.424933,0.656093,0.180831,0.509338,0.184127,0.290554,0.788828
1677109338,850467067,0.424781,0.656089,0.180526,0.509580,0.184823,0.290340,0.788588
1677109338,860801621,0.424771,0.656008,0.180292,0.509194,0.184730,0.290312,0.788870
1677109338,870782559,0.424756,0.656188,0.179983,0.509719,0.184268,0.290751,0.788477
1677109338,881074428,0.424678,0.656203,0.179734,0.509380,0.184625,0.290921,0.788550
1677109338,890915880,0.424702,0.656262,0.179489,0.509288,0.184420,0.291305,0.788515
1677109338,901414251,0.424657,0.656255,0.179278,0.509314,0.184400,0.291203,0.788541
1677109338,910390766,0.424582,0.656297,0.179012,0.510000,0.184603,0.291176,0.788060
1677109338,920921987,0.424517,0.656242,0.178835,0.510414,0.184836,0.290743,0.787897
1677109338,931048603,0.424450,0.656334,0.178622,0.511299,0.185071,0.290900,0.787210
1677109338,940698762,0.424461,0.656322,0.178420,0.511199,0.185146,0.291248,0.787129
1677109338,951151508,0.424363,0.656447,0.178167,0.511754,0.185310,0.291403,0.786672
1677109338,960979229,0.424195,0.656517,0.177869,0.512019,0.185720,0.291131,0.786503
1677109338,970644237,0.424195,0.656560,0.177601,0.511704,0.185555,0.291517,0.786604
1677109338,980939265,0.424068,0.656671,0.177283,0.511862,0.185906,0.291534,0.786412
1677109338,990871963,0.424063,0.656732,0.177049,0.511656,0.185883,0.291685,0.786496
1677109339,803756,0.424069,0.656788,0.176831,0.511584,0.185616,0.291542,0.786658
1677109339,10899526,0.423908,0.657016,0.176519,0.512623,0.186117,0.291312,0.785948
1677109339,21585224,0.423903,0.657004,0.176322,0.512547,0.186116,0.291209,0.786037
1677109339,31187305,0.423904,0.656983,0.176132,0.512539,0.186286,0.291116,0.786036
1677109339,40548542,0.423924,0.656919,0.175971,0.512567,0.186461,0.291102,0.785982
1677109339,51244197,0.423887,0.656906,0.175781,0.512820,0.186951,0.291164,0.785677
1677109339,60910311,0.423768,0.656921,0.175546,0.513427,0.187143,0.290576,0.785453
1677109339,70873899,0.423660,0.657062,0.175271,0.514236,0.187426,0.290541,0.784868
1677109339,81197653,0.423671,0.657041,0.175054,0.513673,0.187452,0.290830,0.785124
1677109339,91057987,0.423678,0.657029,0.174841,0.512984,0.187791,0.291055,0.785410
1677109339,100897133,0.423496,0.657127,0.174610,0.512995,0.188533,0.290482,0.785437
1677109339,110484948,0.423446,0.657289,0.174385,0.513027,0.189118,0.290726,0.785186
1677109339,120704634,0.423353,0.657470,0.174165,0.513401,0.189615,0.290548,0.784887
1677109339,131164269,0.423271,0.657570,0.173964,0.513597,0.190032,0.290166,0.784799
1677109339,140616405,0.423254,0.657749,0.173770,0.514094,0.190142,0.290296,0.784399
1677109339,151091663,0.423216,0.657736,0.173608,0.513929,0.190015,0.289680,0.784765
1677109339,161027140,0.423216,0.657820,0.173455,0.514019,0.190112,0.290030,0.784554
1677109339,170906525,0.423164,0.657832,0.173343,0.514400,0.190307,0.289893,0.784307
1677109339,180361971,0.423029,0.657807,0.173225,0.515072,0.190740,0.289380,0.783951
1677109339,191009954,0.423012,0.657713,0.173136,0.515318,0.190916,0.289293,0.783778
1677109339,200182931,0.422957,0.657764,0.173023,0.516071,0.191101,0.289660,0.783102
1677109339,210235284,0.422919,0.657719,0.172891,0.516218,0.191212,0.289740,0.782948
1677109339,221140841,0.422796,0.657800,0.172695,0.516467,0.191655,0.290091,0.782546
1677109339,230317840,0.422737,0.657964,0.172505,0.517095,0.191076,0.290139,0.782255
1677109339,240324553,0.422682,0.658051,0.172296,0.517016,0.191117,0.290340,0.782222
1677109339,250673181,0.422664,0.658109,0.172087,0.516940,0.191182,0.290383,0.782240
1677109339,260286611,0.422620,0.658071,0.171881,0.516796,0.191570,0.289861,0.782434
1677109339,269998053,0.422658,0.658122,0.171671,0.516976,0.191942,0.289894,0.782212
1677109339,280451818,0.422714,0.658086,0.171490,0.517049,0.191925,0.288974,0.782508
1677109339,290190602,0.422773,0.658173,0.171343,0.517608,0.192236,0.288711,0.782160
1677109339,300069689,0.422765,0.658152,0.171186,0.517892,0.192954,0.287879,0.782101
1677109339,310669284,0.422920,0.658174,0.171089,0.518102,0.193354,0.287947,0.781838
1677109339,320851265,0.423038,0.658157,0.170954,0.518428,0.193659,0.287589,0.781678
1677109339,330762844,0.423034,0.658300,0.170802,0.519218,0.194156,0.287449,0.781082
1677109339,340542858,0.423035,0.658364,0.170646,0.519382,0.194269,0.287424,0.780954
1677109339,350883284,0.422982,0.658378,0.170541,0.519306,0.194236,0.287169,0.781107
1677109339,360642750,0.422959,0.658379,0.170499,0.519887,0.194423,0.287066,0.780711
1677109339,371212722,0.422966,0.658404,0.170477,0.521085,0.194488,0.287147,0.779867
1677109339,380756288,0.422867,0.658313,0.170487,0.521253,0.194716,0.287079,0.779722
1677109339,390848981,0.422756,0.658455,0.170405,0.521903,0.194426,0.287507,0.779202
1677109339,400916345,0.422572,0.658508,0.170302,0.522124,0.194813,0.287902,0.778811
1677109339,410961480,0.422441,0.658501,0.170264,0.522541,0.195154,0.288192,0.778338
1677109339,420530730,0.422436,0.658350,0.170304,0.522118,0.195675,0.288910,0.778225
1677109339,430818605,0.422294,0.658427,0.170218,0.522931,0.195997,0.289088,0.777532
1677109339,440888145,0.422203,0.658430,0.170123,0.522991,0.196274,0.289531,0.777257
1677109339,450640988,0.422084,0.658398,0.170047,0.523609,0.196160,0.289067,0.777042
1677109339,460101092,0.422123,0.658343,0.170029,0.524097,0.196291,0.289495,0.776521
1677109339,470110523,0.422107,0.658376,0.170000,0.525467,0.195983,0.289275,0.775755
1677109339,480971582,0.422166,0.658202,0.169959,0.525463,0.196083,0.289594,0.775613
1677109339,490348584,0.422179,0.658170,0.169906,0.525702,0.195973,0.289881,0.775371
1677109339,500786054,0.422037,0.658179,0.169763,0.526616,0.196551,0.289886,0.774603
1677109339,510927317,0.421985,0.658150,0.169673,0.527175,0.196768,0.289819,0.774192
1677109339,520572344,0.421878,0.658165,0.169569,0.527769,0.197441,0.290183,0.773480
1677109339,530651082,0.421690,0.658355,0.169444,0.529131,0.197846,0.290137,0.772462
1677109339,540955392,0.421637,0.658295,0.169391,0.528932,0.198297,0.290413,0.772379
1677109339,550462639,0.421531,0.658405,0.169285,0.529668,0.198414,0.290295,0.771889
1677109339,561015232,0.421482,0.658359,0.169259,0.529412,0.199044,0.290504,0.771824
1677109339,571088892,0.421504,0.658365,0.169220,0.529403,0.199118,0.290699,0.771738
1677109339,580628981,0.421350,0.658486,0.169139,0.530088,0.199740,0.290549,0.771163
1677109339,590807436,0.421360,0.658657,0.169072,0.530617,0.199653,0.290849,0.770708
1677109339,600685965,0.421219,0.658685,0.169033,0.530541,0.200611,0.290620,0.770598
1677109339,610614023,0.421144,0.658842,0.168960,0.530943,0.200751,0.290400,0.770367
1677109339,620592954,0.421024,0.658958,0.168910,0.531445,0.201094,0.289761,0.770173
1677109339,630996160,0.421091,0.659147,0.168880,0.531556,0.201041,0.290295,0.769908
1677109339,640752456,0.420945,0.659307,0.168772,0.531912,0.201764,0.289746,0.769680
1677109339,650426790,0.420999,0.659448,0.168723,0.531902,0.201897,0.289777,0.769641
1677109339,660830751,0.420928,0.659575,0.168682,0.531875,0.202794,0.289395,0.769567
1677109339,670567032,0.420901,0.659787,0.168656,0.532613,0.202840,0.288609,0.769340
1677109339,680238139,0.420986,0.659936,0.168647,0.532568,0.202621,0.288063,0.769633
1677109339,690865440,0.421089,0.660190,0.168577,0.533081,0.202304,0.287573,0.769545
1677109339,701127197,0.421173,0.660436,0.168465,0.533744,0.202023,0.286804,0.769446
1677109339,711013152,0.421175,0.660512,0.168400,0.533874,0.202401,0.285790,0.769634
1677109339,720947217,0.421161,0.660782,0.168320,0.534799,0.202619,0.285109,0.769187
1677109339,731117200,0.421105,0.660946,0.168252,0.535342,0.203113,0.284771,0.768804
1677109339,740387387,0.421139,0.661036,0.168225,0.535447,0.202745,0.284691,0.768858
1677109339,750698769,0.420978,0.661091,0.168183,0.535778,0.202799,0.284173,0.768805
1677109339,760523048,0.420899,0.661168,0.168184,0.536036,0.202480,0.284373,0.768635
1677109339,770462064,0.420765,0.661136,0.168188,0.535949,0.202585,0.284686,0.768552
1677109339,781106121,0.420762,0.661098,0.168190,0.535548,0.202047,0.285467,0.768683
1677109339,790930545,0.420623,0.661018,0.168143,0.535518,0.201579,0.285655,0.768757
1677109339,800747091,0.420451,0.660972,0.168060,0.535862,0.201686,0.285829,0.768425
1677109339,810492202,0.420350,0.660983,0.168020,0.536766,0.201121,0.286186,0.767808
1677109339,821384903,0.420179,0.660941,0.167945,0.537708,0.201169,0.286201,0.767131
1677109339,831147917,0.420130,0.660750,0.167899,0.537736,0.201058,0.286392,0.767069
1677109339,840421544,0.420075,0.660866,0.167804,0.538783,0.200513,0.287066,0.766225
1677109339,850646175,0.419954,0.660780,0.167755,0.538670,0.200791,0.287425,0.766097
1677109339,860523453,0.419840,0.660895,0.167661,0.539339,0.200743,0.287807,0.765495
1677109339,870680347,0.419638,0.661005,0.167567,0.539979,0.201189,0.287893,0.764894
1677109339,880775901,0.419493,0.661130,0.167489,0.540641,0.201336,0.287863,0.764399
1677109339,891255779,0.419339,0.661247,0.167424,0.541085,0.201385,0.287673,0.764144
1677109339,900491689,0.419201,0.661310,0.167384,0.541202,0.201950,0.287560,0.763954
1677109339,910607508,0.419196,0.661488,0.167381,0.541753,0.201668,0.287918,0.763503
1677109339,921027675,0.419159,0.661592,0.167372,0.542251,0.201642,0.287682,0.763245
1677109339,931156501,0.419099,0.661727,0.167331,0.542608,0.202072,0.287646,0.762891
1677109339,940999237,0.419084,0.661845,0.167302,0.542802,0.202059,0.287293,0.762889
1677109339,950885037,0.419173,0.661906,0.167304,0.542478,0.201956,0.287095,0.763222
1677109339,961019056,0.419135,0.662027,0.167271,0.542695,0.202641,0.286701,0.763034
1677109339,970626472,0.419178,0.662148,0.167294,0.542673,0.202856,0.286295,0.763145
1677109339,981270037,0.419127,0.662415,0.167281,0.543395,0.202939,0.285424,0.762936
1677109339,990627654,0.419097,0.662561,0.167271,0.543563,0.203273,0.284774,0.762970
1677109340,1275177,0.419064,0.662683,0.167225,0.543758,0.203568,0.283963,0.763055
1677109340,10452385,0.419116,0.662820,0.167194,0.543836,0.203543,0.283528,0.763167
1677109340,20488618,0.419157,0.663068,0.167110,0.544503,0.203809,0.283503,0.762630
1677109340,30419232,0.419095,0.663212,0.167049,0.545366,0.204299,0.282768,0.762155
1677109340,40955373,0.419124,0.663217,0.167014,0.545551,0.204718,0.281982,0.762202
1677109340,50844054,0.419115,0.663302,0.166935,0.546050,0.205360,0.281193,0.761963
1677109340,60897880,0.419087,0.663434,0.166859,0.546831,0.205719,0.279875,0.761791
1677109340,70450228,0.419230,0.663550,0.166800,0.547214,0.205699,0.279264,0.761745
1677109340,80973580,0.419297,0.663641,0.166760,0.547540,0.206061,0.278527,0.761684
1677109340,90241977,0.419287,0.663762,0.166677,0.548331,0.206239,0.277324,0.761505
1677109340,100576215,0.419359,0.663881,0.166630,0.548823,0.206400,0.276840,0.761283
1677109340,110683452,0.419329,0.663968,0.166563,0.549556,0.206777,0.275835,0.761017
1677109340,120576176,0.419320,0.664049,0.166479,0.550672,0.206768,0.274754,0.760603
1677109340,130924487,0.419386,0.664060,0.166412,0.551422,0.206551,0.274102,0.760354
1677109340,140231126,0.419414,0.664106,0.166293,0.552381,0.206531,0.273268,0.759964
1677109340,151320928,0.419343,0.664067,0.166172,0.553183,0.206992,0.272353,0.759583
1677109340,161303666,0.419402,0.663960,0.166104,0.553635,0.206556,0.271738,0.759593
1677109340,171047810,0.419442,0.663879,0.166050,0.554256,0.206137,0.271405,0.759373
1677109340,181330253,0.419380,0.663566,0.165985,0.554233,0.206335,0.270557,0.759639
1677109340,191060787,0.419254,0.663607,0.165810,0.555871,0.206212,0.269943,0.758693
1677109340,201256647,0.419329,0.663490,0.165711,0.556557,0.205395,0.269874,0.758436
1677109340,210681637,0.419257,0.663311,0.165643,0.557279,0.205068,0.268963,0.758318
1677109340,220656540,0.419163,0.663055,0.165557,0.557580,0.205424,0.268319,0.758229
1677109340,230477705,0.419129,0.662959,0.165471,0.558478,0.205137,0.268064,0.757735
1677109340,241078372,0.419221,0.662877,0.165408,0.559078,0.204381,0.268052,0.757502
1677109340,250846049,0.419110,0.662731,0.165312,0.559748,0.204126,0.266909,0.757479
1677109340,260934507,0.419104,0.662613,0.165261,0.559998,0.203905,0.266636,0.757450
1677109340,271283142,0.419038,0.662545,0.165180,0.560397,0.203499,0.266139,0.757438
1677109340,280820632,0.418974,0.662415,0.165155,0.560490,0.203030,0.265968,0.757556
1677109340,290822567,0.418811,0.662350,0.165084,0.560969,0.202668,0.265557,0.757442
1677109340,301173538,0.418491,0.662387,0.165005,0.562007,0.202450,0.265398,0.756787
1677109340,311060186,0.418233,0.662414,0.164935,0.562943,0.201788,0.265582,0.756203
1677109340,321391390,0.418039,0.662295,0.164899,0.562926,0.201074,0.266369,0.756129
1677109340,330645222,0.417710,0.662123,0.164867,0.562972,0.200845,0.266867,0.755980
1677109340,340872279,0.417447,0.662157,0.164790,0.564120,0.199675,0.267555,0.755191
1677109340,350623536,0.417030,0.662049,0.164730,0.564602,0.199769,0.267938,0.754670
1677109340,360741628,0.416738,0.661900,0.164697,0.564596,0.199660,0.268493,0.754506
1677109340,370653390,0.416532,0.661900,0.164654,0.565061,0.198990,0.269096,0.754120
1677109340,381649046,0.416275,0.661894,0.164567,0.565615,0.198565,0.268959,0.753865
1677109340,390423201,0.416076,0.661888,0.164543,0.565676,0.198628,0.269163,0.753730
1677109340,400442232,0.415866,0.661954,0.164523,0.566132,0.198375,0.268693,0.753622
1677109340,410599985,0.415668,0.662057,0.164482,0.566297,0.198792,0.268454,0.753473
1677109340,420888562,0.415552,0.662207,0.164450,0.566620,0.198641,0.267992,0.753435
1677109340,431348173,0.415445,0.662296,0.164423,0.566619,0.198935,0.267737,0.753449
1677109340,440446911,0.415241,0.662476,0.164351,0.567361,0.199154,0.266796,0.753166
1677109340,450579342,0.415126,0.662643,0.164279,0.567768,0.199266,0.266409,0.752967
1677109340,460792534,0.415004,0.662766,0.164214,0.568053,0.199163,0.265785,0.752999
1677109340,470765319,0.414828,0.662930,0.164165,0.568480,0.199502,0.265473,0.752698
1677109340,481407619,0.414778,0.662979,0.164136,0.568423,0.199186,0.265578,0.752787
1677109340,491023806,0.414568,0.663170,0.164030,0.569607,0.198988,0.265347,0.752026
1677109340,500792819,0.414335,0.663118,0.163930,0.570233,0.198899,0.264586,0.751843
1677109340,511099439,0.414154,0.663087,0.163795,0.571028,0.199095,0.264324,0.751279
1677109340,520932003,0.414058,0.662955,0.163660,0.571777,0.198863,0.263705,0.750989
1677109340,530872578,0.414021,0.662945,0.163447,0.573209,0.198558,0.263441,0.750070
1677109340,540400263,0.414018,0.662816,0.163210,0.574442,0.198603,0.262638,0.749396
1677109340,550219795,0.413990,0.662803,0.162935,0.576571,0.198596,0.261060,0.748314
1677109340,560450918,0.414070,0.662838,0.162668,0.578514,0.198474,0.259665,0.747331
1677109340,570580397,0.414070,0.663047,0.162363,0.580759,0.198658,0.257832,0.746174
1677109340,581030708,0.414041,0.663063,0.162080,0.581694,0.198974,0.254926,0.746361
1677109340,591323143,0.414000,0.663480,0.161831,0.583796,0.199265,0.252355,0.745515
1677109340,600548370,0.413964,0.663874,0.161658,0.585492,0.198887,0.248930,0.745438
1677109340,610466483,0.413929,0.664304,0.161510,0.586412,0.198708,0.246536,0.745558
1677109340,620990680,0.413578,0.664954,0.161325,0.588155,0.198633,0.243177,0.745308
1677109340,630670589,0.413231,0.665496,0.161168,0.588544,0.198525,0.240629,0.745856
1677109340,640352177,0.412650,0.666133,0.160953,0.590184,0.197782,0.237453,0.745776
1677109340,650597138,0.412126,0.666803,0.160725,0.592249,0.196535,0.235632,0.745046
1677109340,660250830,0.411569,0.667221,0.160526,0.593847,0.195335,0.234489,0.744449
1677109340,670798428,0.410903,0.667475,0.160291,0.595296,0.193871,0.233139,0.744099
1677109340,680764494,0.410103,0.667965,0.159936,0.598295,0.191259,0.231405,0.742910
1677109340,691044908,0.409370,0.668270,0.159632,0.600867,0.188543,0.230153,0.741916
1677109340,700522031,0.408697,0.668404,0.159360,0.603165,0.185629,0.228622,0.741260
1677109340,711103310,0.408020,0.668743,0.159172,0.605919,0.182090,0.226466,0.740553
1677109340,720618730,0.407250,0.669321,0.158996,0.608422,0.178165,0.223261,0.740429
1677109340,731186986,0.406413,0.670021,0.158877,0.609400,0.175166,0.220529,0.741158
1677109340,740322646,0.405572,0.671160,0.158807,0.610950,0.171309,0.217475,0.741686
1677109340,750550905,0.404520,0.672418,0.158772,0.612241,0.168463,0.214642,0.742099
1677109340,760577804,0.403498,0.673815,0.158754,0.612983,0.165539,0.212809,0.742671
1677109340,770620775,0.402321,0.675333,0.158761,0.613741,0.162582,0.211299,0.743130
1677109340,780964983,0.401040,0.676723,0.158694,0.614268,0.159714,0.209710,0.743766
1677109340,791148915,0.399830,0.678126,0.158672,0.615528,0.155942,0.208316,0.743916
1677109340,801124628,0.398690,0.679290,0.158598,0.616418,0.152309,0.207189,0.744247
1677109340,810434853,0.397529,0.680320,0.158450,0.617341,0.149176,0.205887,0.744478
1677109340,821163317,0.396483,0.681501,0.158274,0.619694,0.145195,0.204304,0.743745
1677109340,830275223,0.395420,0.682488,0.158102,0.621657,0.142210,0.202090,0.743289
1677109340,840288832,0.394584,0.683492,0.157953,0.623566,0.139037,0.200380,0.742753
1677109340,850588683,0.393746,0.684465,0.157788,0.625150,0.135944,0.197582,0.742744
1677109340,860528238,0.392944,0.685337,0.157647,0.626056,0.133916,0.194894,0.743059
1677109340,870035601,0.392318,0.686420,0.157601,0.627696,0.131176,0.192194,0.742868
1677109340,880480660,0.391663,0.687295,0.157640,0.628491,0.128755,0.188323,0.743610
1677109340,890917528,0.391081,0.688484,0.157609,0.630227,0.125771,0.184474,0.743616
1677109340,900799853,0.390574,0.689577,0.157539,0.630943,0.123096,0.181017,0.744306
1677109340,910943812,0.390037,0.690631,0.157370,0.631683,0.121086,0.177278,0.744908
1677109340,920444054,0.389591,0.691677,0.157119,0.633258,0.119079,0.173614,0.744757
1677109340,930269481,0.389337,0.692457,0.156844,0.634815,0.116850,0.169876,0.744646
1677109340,940958023,0.389047,0.693024,0.156497,0.637364,0.115010,0.164766,0.743904
1677109340,951297649,0.389201,0.693120,0.156143,0.639253,0.113083,0.160629,0.743482
1677109340,960627749,0.389477,0.693146,0.155828,0.642168,0.110929,0.155355,0.742415
1677109340,971478524,0.389967,0.692911,0.155583,0.644546,0.109081,0.149403,0.741850
1677109340,981037599,0.390594,0.692823,0.155444,0.647564,0.105380,0.141709,0.741266
1677109340,990744404,0.391365,0.692646,0.155394,0.648949,0.101381,0.134013,0.742042
1677109341,1208265,0.392138,0.692881,0.155351,0.650105,0.097916,0.126614,0.742796
1677109341,10434834,0.392870,0.693394,0.155276,0.651116,0.095295,0.119948,0.743357
1677109341,20633312,0.393521,0.693760,0.155112,0.651207,0.094264,0.113293,0.744452
1677109341,31365965,0.394176,0.694217,0.154913,0.652710,0.093533,0.106753,0.744195
1677109341,41144404,0.394881,0.694258,0.154747,0.654140,0.093955,0.101008,0.743687
1677109341,50656098,0.395669,0.694017,0.154614,0.656480,0.093947,0.094809,0.742441
1677109341,60043103,0.396545,0.693689,0.154498,0.659139,0.092775,0.088407,0.741022
1677109341,70256813,0.397239,0.693455,0.154295,0.660911,0.091900,0.081877,0.740302
1677109341,80407167,0.397962,0.693447,0.154088,0.661755,0.088890,0.074680,0.740677
1677109341,89894656,0.398742,0.693639,0.153947,0.662302,0.084575,0.067928,0.741342
1677109341,100133975,0.399578,0.693665,0.153851,0.662459,0.081012,0.062215,0.742101
1677109341,110528420,0.400361,0.693738,0.153781,0.663845,0.078380,0.057006,0.741564
1677109341,120161082,0.401029,0.693615,0.153622,0.665262,0.076029,0.051419,0.740947
1677109341,130144742,0.401562,0.693370,0.153471,0.666244,0.074345,0.046105,0.740585
1677109341,140442945,0.402335,0.693524,0.153371,0.668568,0.071921,0.042333,0.738953
1677109341,150922469,0.402767,0.693483,0.153295,0.670232,0.071282,0.038177,0.737733
1677109341,160408906,0.403498,0.693322,0.153314,0.671749,0.068951,0.035636,0.736702
1677109341,170903031,0.403919,0.693146,0.153322,0.673455,0.065637,0.031208,0.735647
1677109341,180988086,0.404420,0.692914,0.153289,0.674934,0.062085,0.027725,0.734739
1677109341,191315302,0.404815,0.692635,0.153228,0.676761,0.059986,0.024879,0.733333
1677109341,201081026,0.405311,0.692336,0.153152,0.679228,0.058265,0.023226,0.731242
1677109341,210618645,0.405725,0.691968,0.153118,0.682061,0.057456,0.021593,0.728715
1677109341,221160582,0.406115,0.691223,0.153114,0.683511,0.056542,0.019602,0.727483
1677109341,231342301,0.406693,0.690838,0.153178,0.685815,0.053918,0.017995,0.725553
1677109341,240984240,0.407254,0.690426,0.153236,0.687225,0.051237,0.016263,0.724453
1677109341,251472099,0.407733,0.690028,0.153245,0.688156,0.048701,0.014319,0.723784
1677109341,260993482,0.408136,0.689636,0.153287,0.689053,0.046520,0.012399,0.723110
1677109341,270887083,0.408630,0.689383,0.153338,0.690702,0.043864,0.010897,0.721726
1677109341,280262672,0.409167,0.688855,0.153375,0.691932,0.041424,0.010225,0.720701
1677109341,291535994,0.409423,0.688329,0.153384,0.693863,0.040842,0.008742,0.718895
1677109341,301802056,0.409933,0.687917,0.153404,0.696699,0.040414,0.009113,0.716166
1677109341,310951578,0.410197,0.687492,0.153362,0.699023,0.041614,0.008619,0.713835
1677109341,321111291,0.410784,0.686909,0.153251,0.700581,0.041858,0.008760,0.712290
1677109341,331019833,0.411207,0.686295,0.153183,0.701919,0.042413,0.006961,0.710959
1677109341,340978875,0.411774,0.685939,0.153157,0.703766,0.042054,0.004795,0.709170
1677109341,351162179,0.412454,0.685472,0.153143,0.704247,0.041164,0.002672,0.708755
1677109341,361696175,0.413118,0.685400,0.153159,0.705508,0.039870,0.000220,0.707579
1677109341,370403467,0.413608,0.684983,0.153150,0.704798,0.039470,-0.002050,0.708306
1677109341,381102208,0.414071,0.684999,0.153304,0.705673,0.038561,-0.004304,0.707474
1677109341,390844512,0.414417,0.684792,0.153466,0.705937,0.039309,-0.005093,0.707165
1677109341,400449752,0.414791,0.684628,0.153583,0.706725,0.039528,-0.005799,0.706360
1677109341,410623203,0.414991,0.684437,0.153667,0.707600,0.040258,-0.006401,0.705436
1677109341,421093793,0.415330,0.684287,0.153706,0.708338,0.040081,-0.006689,0.704703
1677109341,430758854,0.415474,0.684012,0.153829,0.708714,0.040566,-0.007072,0.704293
1677109341,440572889,0.415634,0.683737,0.153977,0.709986,0.039935,-0.008108,0.703036
1677109341,450650642,0.415717,0.683108,0.154215,0.711134,0.039469,-0.008682,0.701894
1677109341,460616121,0.415803,0.682613,0.154577,0.713914,0.038907,-0.009273,0.699090
1677109341,471348483,0.415941,0.681686,0.154907,0.715737,0.037984,-0.009229,0.697275
1677109341,480985776,0.416051,0.681064,0.155401,0.718755,0.036597,-0.009386,0.694236
1677109341,490518508,0.416039,0.680304,0.155937,0.720349,0.036051,-0.009060,0.692616
1677109341,500536116,0.415947,0.679622,0.156472,0.721245,0.035004,-0.009305,0.691732
1677109341,510836091,0.415818,0.679203,0.157059,0.722260,0.033981,-0.009157,0.690726
1677109341,520836844,0.415727,0.678978,0.157661,0.723480,0.032392,-0.009038,0.689525
1677109341,531014071,0.415592,0.678652,0.158321,0.724403,0.031269,-0.008210,0.688618
1677109341,540939889,0.415312,0.678293,0.159037,0.725654,0.030590,-0.007444,0.687339
1677109341,550798287,0.415100,0.677877,0.159799,0.727255,0.029849,-0.006103,0.685690
1677109341,560463064,0.414794,0.677331,0.160614,0.728924,0.029346,-0.004638,0.683950
1677109341,570523881,0.414518,0.676782,0.161465,0.730860,0.028141,-0.003547,0.681937
1677109341,581050879,0.414296,0.676230,0.162368,0.733140,0.026486,-0.002660,0.679557
1677109341,590858161,0.414076,0.675470,0.163345,0.734746,0.025223,-0.001420,0.677871
1677109341,600273576,0.413753,0.674790,0.164413,0.736836,0.024080,-0.001346,0.675641
1677109341,610885340,0.413665,0.674061,0.165487,0.738613,0.022363,-0.000423,0.673759
1677109341,620950313,0.413469,0.673333,0.166640,0.740257,0.021464,-0.000174,0.671981
1677109341,630786312,0.413335,0.672601,0.167804,0.741516,0.020768,0.000372,0.670613
1677109341,640207223,0.413259,0.672077,0.169028,0.742967,0.020341,0.001011,0.669018
1677109341,650728866,0.413134,0.671571,0.170332,0.744312,0.019883,0.001225,0.667535
1677109341,660356007,0.413157,0.671070,0.171664,0.745667,0.019010,0.001577,0.666046
1677109341,669928998,0.413098,0.670414,0.173066,0.746785,0.018995,0.002056,0.664792
1677109341,680207510,0.413054,0.669868,0.174573,0.748864,0.018485,0.001935,0.662463
1677109341,690409177,0.412928,0.668978,0.176104,0.750045,0.018600,0.002180,0.661122
1677109341,699936173,0.412912,0.668152,0.177754,0.751716,0.017881,0.002368,0.659240
1677109341,710508708,0.412904,0.667455,0.179474,0.753944,0.017219,0.002947,0.656707
1677109341,720375084,0.412821,0.666750,0.181213,0.755791,0.016726,0.002993,0.654592
1677109341,731559888,0.412717,0.665995,0.183017,0.757326,0.016558,0.003461,0.652818
1677109341,741302876,0.412602,0.665109,0.184855,0.757910,0.016439,0.003742,0.652141
1677109341,750050529,0.412565,0.664530,0.186835,0.759581,0.015818,0.004398,0.650206
1677109341,760137121,0.412477,0.663902,0.188880,0.761282,0.015479,0.004723,0.648219
1677109341,769778663,0.412480,0.663146,0.190999,0.762718,0.015029,0.005548,0.646533
1677109341,780244621,0.412425,0.662383,0.193184,0.764265,0.015205,0.005958,0.644695
1677109341,789944718,0.412377,0.661507,0.195446,0.765320,0.015472,0.006648,0.643429
1677109341,799877791,0.412456,0.660730,0.197809,0.766581,0.014539,0.006872,0.641946
1677109341,810234200,0.412496,0.660077,0.200262,0.768052,0.014330,0.007214,0.640187
1677109341,820520115,0.412589,0.659260,0.202737,0.768710,0.013971,0.007527,0.639401
1677109341,830434782,0.412540,0.658495,0.205269,0.769382,0.014340,0.007111,0.638589
1677109341,841134876,0.412034,0.657381,0.207697,0.768559,0.017382,0.006015,0.639514
1677109341,850584038,0.412850,0.657483,0.210706,0.772234,0.014625,0.007905,0.635121
1677109341,861018705,0.413105,0.656791,0.213386,0.772846,0.014300,0.008190,0.634380
1677109341,870729010,0.413162,0.655961,0.216096,0.772879,0.015113,0.008081,0.634322
1677109341,880563565,0.413388,0.655369,0.218875,0.773544,0.014671,0.008209,0.633519
1677109341,890472179,0.413536,0.654611,0.221621,0.773420,0.014120,0.008259,0.633683
1677109341,901157602,0.413455,0.654039,0.224404,0.773939,0.014419,0.008043,0.633045
1677109341,910808100,0.413632,0.653428,0.227108,0.774359,0.013583,0.009789,0.632525
1677109341,920702077,0.414113,0.652603,0.229622,0.773651,0.011483,0.013549,0.633363
1677109341,930368384,0.413433,0.651924,0.232352,0.773751,0.012833,0.010611,0.633271
1677109341,940836866,0.413263,0.651258,0.234988,0.773711,0.011807,0.011145,0.633331
1677109341,950298126,0.413065,0.650694,0.237687,0.774456,0.010314,0.011636,0.632437
1677109341,960700659,0.412754,0.650308,0.240339,0.776027,0.009191,0.012189,0.630515
1677109341,971291706,0.412551,0.649278,0.242984,0.775337,0.006204,0.012820,0.631387
1677109341,981001794,0.412299,0.648624,0.245569,0.775340,0.003815,0.014015,0.631377
1677109341,990848222,0.411728,0.648178,0.248087,0.775063,0.002736,0.014879,0.631703
1677109342,1504509,0.411269,0.647934,0.250549,0.774293,0.000887,0.016509,0.632611
1677109342,10397938,0.410662,0.647767,0.252981,0.772884,-0.000598,0.018276,0.634284
1677109342,20628090,0.410042,0.647857,0.255448,0.772399,-0.002894,0.019612,0.634828
1677109342,31014500,0.409406,0.647586,0.257839,0.770946,-0.005300,0.021533,0.636514
1677109342,40710628,0.408752,0.647426,0.260259,0.770544,-0.007281,0.024407,0.636878
1677109342,50756457,0.407986,0.647211,0.262622,0.770589,-0.009357,0.026385,0.636717
1677109342,60728454,0.407418,0.646664,0.264912,0.769950,-0.012547,0.028956,0.637324
1677109342,70798119,0.406879,0.646136,0.267148,0.769988,-0.014582,0.033999,0.636985
1677109342,80844439,0.406627,0.645510,0.269299,0.769422,-0.018894,0.037519,0.637358
1677109342,90427348,0.405628,0.645294,0.271508,0.770641,-0.021093,0.034598,0.635980
1677109342,101224454,0.404478,0.645152,0.273673,0.772154,-0.018721,0.035944,0.634141
1677109342,110669093,0.404090,0.644896,0.275695,0.772246,-0.020715,0.037578,0.633873
1677109342,120558431,0.403844,0.644702,0.277691,0.772312,-0.022645,0.039215,0.633628
1677109342,130768909,0.403304,0.644487,0.279624,0.772348,-0.022697,0.038999,0.633595
1677109342,140668540,0.403203,0.644606,0.281594,0.773515,-0.024002,0.039519,0.632089
1677109342,150580727,0.403159,0.645204,0.283516,0.776033,-0.024931,0.039573,0.628956
1677109342,160728126,0.403612,0.643668,0.284992,0.770991,-0.027477,0.040219,0.634981
1677109342,170975191,0.403850,0.643372,0.286514,0.769660,-0.028175,0.039687,0.636596
1677109342,181591680,0.404476,0.643341,0.288004,0.768981,-0.029968,0.040599,0.637277
1677109342,191208757,0.405316,0.642977,0.289301,0.767148,-0.033085,0.041106,0.639297
1677109342,200828216,0.403890,0.643403,0.290914,0.770401,-0.022682,0.037630,0.636044
1677109342,210665906,0.404241,0.642960,0.292253,0.770317,-0.022434,0.036800,0.636203
1677109342,221094497,0.403725,0.642928,0.293793,0.773529,-0.015376,0.036533,0.632520
1677109342,230862199,0.404263,0.642348,0.295046,0.774298,-0.016212,0.035105,0.631638
1677109342,240914304,0.404827,0.641782,0.296325,0.774922,-0.017029,0.034005,0.630912
1677109342,250327564,0.405147,0.641377,0.297532,0.775151,-0.015765,0.033513,0.630689
1677109342,261109939,0.405500,0.641306,0.298749,0.775594,-0.014781,0.033307,0.630180
1677109342,270324125,0.405744,0.641258,0.299872,0.775197,-0.013934,0.032012,0.630754
1677109342,280199013,0.406115,0.641323,0.300977,0.774763,-0.013228,0.032022,0.631302
1677109342,290994314,0.406196,0.641242,0.302010,0.774077,-0.011824,0.030928,0.632225
1677109342,300492679,0.406523,0.641157,0.303131,0.774056,-0.012173,0.030455,0.632266
1677109342,310296995,0.406418,0.640709,0.304068,0.773161,-0.010278,0.029362,0.633447
1677109342,320697196,0.406278,0.640092,0.304965,0.772061,-0.008270,0.028890,0.634838
1677109342,330558339,0.405718,0.639622,0.305833,0.771707,-0.004248,0.027896,0.635352
1677109342,340492275,0.407095,0.639723,0.307356,0.774547,-0.012375,0.029649,0.631700
1677109342,350821528,0.407174,0.639491,0.308354,0.774920,-0.012595,0.030065,0.631218
1677109342,360630128,0.407259,0.639336,0.309305,0.775289,-0.013183,0.030663,0.630725
1677109342,370666614,0.407198,0.639071,0.310156,0.775215,-0.012753,0.031283,0.630793
1677109342,380926208,0.407130,0.638971,0.311028,0.775554,-0.012684,0.031549,0.630365
1677109342,390431791,0.407235,0.638991,0.311851,0.776231,-0.013698,0.031733,0.629501
1677109342,400398516,0.407394,0.638900,0.312582,0.776025,-0.014885,0.031802,0.629724
1677109342,410918380,0.407498,0.638137,0.313165,0.773083,-0.016480,0.031324,0.633316
1677109342,421495090,0.407669,0.638386,0.313815,0.773131,-0.016788,0.031762,0.633228
1677109342,430875015,0.407485,0.638660,0.314424,0.773483,-0.014883,0.031766,0.632845
1677109342,440770318,0.407657,0.638878,0.315028,0.773900,-0.014529,0.031887,0.632337
1677109342,450642864,0.407700,0.638945,0.315625,0.774416,-0.013384,0.031759,0.631737
1677109342,460696323,0.407753,0.639054,0.316258,0.775385,-0.012362,0.031257,0.630593
1677109342,470883813,0.407966,0.639003,0.316859,0.775918,-0.011599,0.031368,0.629946
1677109342,481522744,0.407922,0.639121,0.317448,0.776708,-0.010069,0.030346,0.629049
1677109342,490685708,0.408065,0.638968,0.317916,0.775954,-0.009610,0.029805,0.630011
1677109342,500822253,0.408083,0.639134,0.318382,0.775883,-0.008756,0.029117,0.630144
1677109342,510605966,0.408135,0.639289,0.318824,0.775508,-0.008362,0.028432,0.630642
1677109342,520590008,0.408243,0.639229,0.319136,0.774368,-0.008464,0.028294,0.632046
1677109342,530511974,0.408041,0.639553,0.319554,0.774840,-0.007320,0.027927,0.631498
1677109342,540595655,0.408067,0.639690,0.319890,0.774810,-0.007910,0.027950,0.631526
1677109342,550201642,0.408002,0.639680,0.320179,0.774589,-0.008164,0.028410,0.631774
1677109342,560017310,0.407760,0.639660,0.320391,0.774560,-0.007590,0.028648,0.631805
1677109342,570502539,0.407621,0.639680,0.320570,0.774788,-0.007610,0.029353,0.631494
1677109342,580414705,0.407432,0.639484,0.320640,0.774398,-0.007187,0.030104,0.631941
1677109342,590763583,0.407464,0.639454,0.320763,0.774571,-0.007942,0.031371,0.631658
1677109342,600125572,0.407345,0.639429,0.320829,0.774841,-0.008343,0.031238,0.631328
