secs,nsecs,tx,ty,tz,rx,ry,rz,rw
1677110076,537839986,0.243418,0.596636,0.566050,0.456959,-0.169902,-0.269562,0.830456
1677110076,548023020,0.243966,0.596533,0.565294,0.456147,-0.168435,-0.271043,0.830719
1677110076,558363568,0.244536,0.596433,0.564621,0.455795,-0.167665,-0.272044,0.830741
1677110076,568960579,0.245093,0.596383,0.564013,0.455955,-0.167186,-0.273136,0.830392
1677110076,578058214,0.245593,0.596269,0.563526,0.455984,-0.166879,-0.273784,0.830224
1677110076,588553507,0.245899,0.596182,0.563149,0.455938,-0.166571,-0.274960,0.829923
1677110076,598622308,0.246315,0.596158,0.562804,0.456474,-0.166900,-0.275243,0.829468
1677110076,608060353,0.246665,0.596219,0.562463,0.457330,-0.166886,-0.275313,0.828976
1677110076,619025881,0.246897,0.596224,0.562202,0.457652,-0.166688,-0.275235,0.828864
1677110076,628906123,0.247070,0.596320,0.561986,0.458299,-0.166368,-0.274982,0.828655
1677110076,638438254,0.247159,0.596415,0.561855,0.458606,-0.165913,-0.274737,0.828657
1677110076,648908164,0.247148,0.596493,0.561830,0.458614,-0.165437,-0.274602,0.828793
1677110076,658426192,0.247157,0.596656,0.561786,0.458998,-0.165673,-0.274373,0.828609
1677110076,669006153,0.247115,0.596748,0.561824,0.459171,-0.165652,-0.273765,0.828718
1677110076,678555734,0.246991,0.596913,0.561883,0.459718,-0.165051,-0.273183,0.828727
1677110076,688713620,0.246894,0.597035,0.562002,0.459908,-0.165421,-0.272502,0.828772
1677110076,698207945,0.246714,0.597172,0.562145,0.460360,-0.165642,-0.271986,0.828646
1677110076,708518062,0.246487,0.597336,0.562281,0.460806,-0.165671,-0.271487,0.828556
1677110076,718588623,0.246335,0.597437,0.562446,0.460800,-0.166093,-0.270895,0.828669
1677110076,728756927,0.246275,0.597664,0.562468,0.461473,-0.166379,-0.270231,0.828454
1677110076,738763997,0.246328,0.597907,0.562470,0.462036,-0.166814,-0.269328,0.828347
1677110076,748695539,0.246325,0.598079,0.562446,0.462114,-0.166518,-0.268477,0.828639
1677110076,758969245,0.246357,0.598223,0.562381,0.461803,-0.166711,-0.268185,0.828868
1677110076,768847911,0.246355,0.598377,0.562282,0.461420,-0.166711,-0.268420,0.829005
1677110076,778828534,0.246516,0.598421,0.562199,0.460747,-0.166918,-0.268078,0.829449
1677110076,788591816,0.246662,0.598545,0.562059,0.460651,-0.166994,-0.268221,0.829440
1677110076,798366544,0.246713,0.598551,0.561987,0.459908,-0.167065,-0.268896,0.829620
1677110076,808842966,0.246867,0.598613,0.561857,0.459901,-0.166966,-0.269196,0.829546
1677110076,818637397,0.246998,0.598622,0.561726,0.459937,-0.166453,-0.269254,0.829610
1677110076,828607442,0.247134,0.598599,0.561602,0.459785,-0.166315,-0.269492,0.829645
1677110076,837973300,0.247353,0.598671,0.561395,0.460356,-0.166321,-0.269363,0.829369
1677110076,848631067,0.247587,0.598732,0.561118,0.460846,-0.166209,-0.268950,0.829254
1677110076,858141446,0.247747,0.598879,0.560796,0.461019,-0.166272,-0.269183,0.829069
1677110076,868962303,0.247913,0.598976,0.560423,0.460884,-0.165537,-0.268900,0.829383
1677110076,878595081,0.248222,0.599145,0.559981,0.460635,-0.165625,-0.268405,0.829664
1677110076,888731738,0.248381,0.599286,0.559577,0.460017,-0.164581,-0.268472,0.830193
1677110076,899173600,0.248674,0.599513,0.559055,0.460134,-0.164512,-0.268256,0.830211
1677110076,908424884,0.248938,0.599629,0.558561,0.459708,-0.164335,-0.268117,0.830527
1677110076,918909528,0.249171,0.599679,0.558096,0.459104,-0.164066,-0.268146,0.830905
1677110076,928879468,0.249472,0.599925,0.557540,0.459678,-0.163582,-0.268241,0.830653
1677110076,938453555,0.249742,0.600024,0.557053,0.459604,-0.163173,-0.268319,0.830749
1677110076,948859951,0.250106,0.600213,0.556468,0.460137,-0.162498,-0.267816,0.830748
1677110076,958453781,0.250346,0.600487,0.555884,0.460736,-0.161976,-0.267876,0.830499
1677110076,968462445,0.250523,0.600517,0.555393,0.459989,-0.161258,-0.267508,0.831171
1677110076,978720870,0.250812,0.600619,0.554726,0.459713,-0.162120,-0.267878,0.831037
1677110076,988866619,0.250997,0.600855,0.554076,0.459936,-0.162202,-0.267635,0.830976
1677110076,998835273,0.251119,0.600972,0.553490,0.459348,-0.161698,-0.267471,0.831452
1677110077,8901196,0.251458,0.601204,0.552809,0.460018,-0.162088,-0.266419,0.831343
1677110077,18700639,0.251585,0.601293,0.552224,0.459609,-0.161897,-0.266279,0.831651
1677110077,28003333,0.251885,0.601417,0.551587,0.460006,-0.162612,-0.265585,0.831515
1677110077,38166577,0.251996,0.601493,0.550987,0.460354,-0.162439,-0.265337,0.831435
1677110077,48537008,0.252198,0.601597,0.550315,0.461198,-0.162541,-0.264851,0.831102
1677110077,58312519,0.252179,0.601540,0.549674,0.460788,-0.161119,-0.265126,0.831519
1677110077,68837102,0.252401,0.601563,0.549030,0.461038,-0.161547,-0.265474,0.831186
1677110077,78595016,0.252723,0.601566,0.548365,0.461456,-0.161510,-0.265257,0.831030
1677110077,88314401,0.252981,0.601535,0.547732,0.461438,-0.161246,-0.265864,0.830898
1677110077,98991823,0.253329,0.601524,0.547066,0.461962,-0.161147,-0.266055,0.830565
1677110077,109009203,0.253483,0.601441,0.546495,0.461998,-0.160333,-0.266828,0.830454
1677110077,118434049,0.253888,0.601339,0.545877,0.462682,-0.160821,-0.266672,0.830029
1677110077,127847888,0.254038,0.601206,0.545329,0.463019,-0.160590,-0.267355,0.829666
1677110077,138434428,0.254251,0.601054,0.544769,0.463593,-0.160400,-0.267396,0.829369
1677110077,149451327,0.254617,0.600981,0.544133,0.464681,-0.160879,-0.266913,0.828822
1677110077,158618711,0.254724,0.600807,0.543611,0.464725,-0.160257,-0.267345,0.828779
1677110077,169279926,0.254979,0.600678,0.543042,0.465170,-0.160168,-0.267271,0.828571
1677110077,178826176,0.255351,0.600451,0.542471,0.465200,-0.160102,-0.267054,0.828637
1677110077,188535692,0.255649,0.600307,0.541915,0.465582,-0.159790,-0.267391,0.828374
1677110077,198797904,0.255931,0.600155,0.541347,0.466005,-0.158960,-0.268174,0.828042
1677110077,208882962,0.256361,0.599938,0.540763,0.466665,-0.158666,-0.268590,0.827592
1677110077,218661160,0.256839,0.599710,0.540219,0.467348,-0.158174,-0.268854,0.827215
1677110077,228524924,0.257064,0.599466,0.539770,0.467350,-0.156835,-0.270413,0.826961
1677110077,238417815,0.257562,0.599224,0.539301,0.467846,-0.156604,-0.270879,0.826571
1677110077,248319185,0.257780,0.599048,0.538891,0.467988,-0.155312,-0.272206,0.826299
1677110077,258189715,0.258185,0.598825,0.538462,0.468379,-0.155081,-0.272338,0.826077
1677110077,268771178,0.258460,0.598696,0.538014,0.468494,-0.154967,-0.272769,0.825891
1677110077,278369858,0.258627,0.598599,0.537559,0.468315,-0.154393,-0.273083,0.825996
1677110077,288473780,0.258900,0.598576,0.537075,0.468095,-0.154671,-0.272663,0.826208
1677110077,298758492,0.259140,0.598701,0.536508,0.467877,-0.155017,-0.272232,0.826408
1677110077,308818981,0.259179,0.598774,0.536048,0.466509,-0.154886,-0.272003,0.827281
1677110077,318850630,0.259405,0.599133,0.535345,0.466429,-0.155857,-0.271384,0.827347
1677110077,328779378,0.259358,0.599296,0.534804,0.464630,-0.155746,-0.270733,0.828593
1677110077,338194079,0.259407,0.599519,0.534236,0.463246,-0.156200,-0.269533,0.829672
1677110077,349011125,0.259501,0.599717,0.533684,0.462088,-0.156982,-0.268179,0.830609
1677110077,358690208,0.259483,0.599946,0.533147,0.461339,-0.158002,-0.267662,0.830998
1677110077,368826144,0.259482,0.600002,0.532717,0.460772,-0.158524,-0.266707,0.831520
1677110077,378347815,0.259526,0.600040,0.532282,0.461403,-0.158882,-0.266252,0.831248
1677110077,388596413,0.259504,0.599854,0.531942,0.461924,-0.159027,-0.266048,0.830997
1677110077,398553386,0.259615,0.599760,0.531557,0.463755,-0.158935,-0.266141,0.829964
1677110077,408331923,0.259771,0.599448,0.531174,0.465058,-0.158791,-0.265946,0.829325
1677110077,418884199,0.259896,0.599161,0.530802,0.465734,-0.158748,-0.266865,0.828658
1677110077,428520465,0.260119,0.598971,0.530267,0.466832,-0.158857,-0.267717,0.827744
1677110077,438355071,0.260208,0.598616,0.529788,0.466808,-0.156972,-0.268437,0.827884
1677110077,448647454,0.260454,0.598466,0.529135,0.467110,-0.155941,-0.268952,0.827741
1677110077,458527544,0.260778,0.598458,0.528386,0.467744,-0.155810,-0.269590,0.827200
1677110077,468379864,0.261092,0.598479,0.527644,0.468340,-0.155314,-0.270147,0.826774
1677110077,477921645,0.261410,0.598434,0.526888,0.468899,-0.154973,-0.270111,0.826533
1677110077,488518820,0.261464,0.598513,0.526185,0.469253,-0.154161,-0.271418,0.826056
1677110077,498511601,0.261830,0.598000,0.525503,0.467163,-0.156473,-0.271820,0.826673
1677110077,508281931,0.261981,0.597846,0.524810,0.467100,-0.156522,-0.271854,0.826689
1677110077,518271552,0.262231,0.597747,0.524115,0.467651,-0.155898,-0.271175,0.826718
1677110077,528338247,0.262330,0.597758,0.523408,0.468602,-0.155742,-0.271521,0.826095
1677110077,537937650,0.262493,0.597656,0.522743,0.469116,-0.156426,-0.272062,0.825496
1677110077,548253696,0.262641,0.597445,0.522081,0.468993,-0.156627,-0.272073,0.825524
1677110077,558251605,0.262873,0.597447,0.521349,0.469855,-0.157041,-0.272189,0.824917
1677110077,568615091,0.263008,0.597327,0.520649,0.469352,-0.156984,-0.272496,0.825112
1677110077,578014189,0.263279,0.597159,0.519971,0.468248,-0.158473,-0.272649,0.825404
1677110077,588467910,0.263531,0.597230,0.519199,0.467705,-0.159796,-0.273277,0.825250
1677110077,598038253,0.263614,0.597140,0.518530,0.465781,-0.161008,-0.274285,0.825768
1677110077,609299690,0.263912,0.597051,0.517829,0.464144,-0.162514,-0.273919,0.826516
1677110077,618848365,0.264031,0.597022,0.517112,0.462782,-0.163574,-0.274446,0.826895
1677110077,628705060,0.264603,0.597446,0.516020,0.464902,-0.165645,-0.273874,0.825482
1677110077,638637120,0.264866,0.597371,0.515319,0.463887,-0.167474,-0.273862,0.825688
1677110077,648651585,0.264979,0.597241,0.514677,0.462644,-0.168487,-0.274047,0.826118
1677110077,658355624,0.265090,0.597161,0.514048,0.461779,-0.169490,-0.273796,0.826480
1677110077,667998798,0.265298,0.597130,0.513351,0.461420,-0.171180,-0.273325,0.826488
1677110077,678359059,0.265340,0.597028,0.512714,0.460853,-0.171908,-0.272629,0.826883
1677110077,688529429,0.265425,0.597013,0.512077,0.460877,-0.172625,-0.272101,0.826894
1677110077,697929696,0.265461,0.596911,0.511545,0.460607,-0.173197,-0.271364,0.827167
1677110077,708568481,0.265582,0.596935,0.510968,0.461247,-0.173702,-0.270138,0.827106
1677110077,718814749,0.265512,0.596924,0.510476,0.461494,-0.173612,-0.269617,0.827157
1677110077,728337455,0.265475,0.596800,0.509997,0.461405,-0.174098,-0.268722,0.827396
1677110077,738045418,0.265530,0.596916,0.509428,0.462871,-0.174367,-0.267607,0.826882
1677110077,748199117,0.265532,0.596815,0.508946,0.463562,-0.174804,-0.266338,0.826812
1677110077,758409368,0.265381,0.596763,0.508457,0.464100,-0.174798,-0.265927,0.826644
1677110077,768824247,0.265522,0.596593,0.507923,0.464685,-0.176023,-0.264881,0.826391
1677110077,778422085,0.265419,0.596493,0.507416,0.465495,-0.175756,-0.265103,0.825920
1677110077,788309942,0.265658,0.596303,0.506792,0.466697,-0.176283,-0.264478,0.825330
1677110077,798289378,0.265795,0.596120,0.506197,0.467384,-0.175719,-0.264573,0.825031
1677110077,808477963,0.266093,0.595999,0.505457,0.468487,-0.175355,-0.264415,0.824533
1677110077,818658448,0.266288,0.595881,0.504739,0.468879,-0.174626,-0.264746,0.824359
1677110077,828719022,0.266556,0.595869,0.503899,0.469907,-0.174007,-0.264974,0.823831
1677110077,838911881,0.266841,0.595837,0.503009,0.470772,-0.173496,-0.265587,0.823247
1677110077,848750075,0.266997,0.595625,0.502214,0.470527,-0.172982,-0.265855,0.823409
1677110077,858622530,0.267258,0.595597,0.501279,0.471146,-0.173005,-0.266103,0.822970
1677110077,868765980,0.267545,0.595553,0.500289,0.471730,-0.173579,-0.265816,0.822608
1677110077,878647179,0.267667,0.595445,0.499317,0.471507,-0.173350,-0.266066,0.822703
1677110077,888927554,0.267779,0.595348,0.498312,0.471363,-0.172663,-0.266199,0.822887
1677110077,899516160,0.268088,0.595270,0.497210,0.471746,-0.172829,-0.265746,0.822779
1677110077,909007764,0.268295,0.595090,0.496166,0.471481,-0.172766,-0.265796,0.822928
1677110077,918910628,0.268528,0.595004,0.495038,0.472107,-0.172467,-0.265866,0.822609
1677110077,928449119,0.268589,0.594716,0.494006,0.471690,-0.171832,-0.266568,0.822754
1677110077,938788149,0.268740,0.594413,0.492956,0.471490,-0.171389,-0.267148,0.822773
1677110077,948694418,0.269059,0.594052,0.491894,0.471802,-0.171440,-0.266805,0.822695
1677110077,958552762,0.269157,0.593728,0.490784,0.472197,-0.171042,-0.267655,0.822275
1677110077,969309513,0.269436,0.593264,0.489718,0.472432,-0.171620,-0.267549,0.822053
1677110077,978911061,0.269639,0.592949,0.488551,0.473584,-0.171586,-0.267949,0.821267
1677110077,988709318,0.269728,0.592456,0.487467,0.473688,-0.171006,-0.268650,0.821099
1677110077,998796117,0.269969,0.591930,0.486350,0.473947,-0.171504,-0.269268,0.820643
1677110078,8462442,0.270373,0.591375,0.485255,0.474705,-0.171220,-0.268963,0.820365
1677110078,18280313,0.270617,0.590958,0.484189,0.475492,-0.170925,-0.270287,0.819535
1677110078,28516430,0.270946,0.590468,0.483116,0.476439,-0.170176,-0.271183,0.818844
1677110078,38702396,0.271212,0.589966,0.482074,0.477232,-0.169349,-0.272176,0.818224
1677110078,48448754,0.271506,0.589520,0.481056,0.478299,-0.168773,-0.273220,0.817372
1677110078,58291362,0.271761,0.588967,0.480079,0.478703,-0.168084,-0.273915,0.817045
1677110078,68772724,0.272069,0.588548,0.479065,0.479828,-0.168517,-0.274532,0.816088
1677110078,78540506,0.272232,0.587957,0.478132,0.479805,-0.168371,-0.274942,0.815993
1677110078,88269901,0.272420,0.587638,0.477097,0.480863,-0.168524,-0.275601,0.815116
1677110078,98990955,0.272545,0.587330,0.476116,0.481330,-0.168063,-0.276187,0.814737
1677110078,108322310,0.272741,0.586924,0.475191,0.481237,-0.168280,-0.276608,0.814605
1677110078,118740951,0.273082,0.586760,0.474143,0.482569,-0.168293,-0.276218,0.813946
1677110078,128882067,0.273202,0.586480,0.473174,0.482878,-0.167088,-0.276183,0.814023
1677110078,138132628,0.273200,0.586328,0.472196,0.483330,-0.166558,-0.277141,0.813538
1677110078,148649240,0.273372,0.586223,0.471195,0.484128,-0.166573,-0.277249,0.813023
1677110078,158608153,0.273544,0.585969,0.470254,0.484542,-0.166510,-0.276704,0.812975
1677110078,168799140,0.273552,0.585785,0.469327,0.484564,-0.166406,-0.276905,0.812915
1677110078,178373720,0.273580,0.585544,0.468380,0.484426,-0.166552,-0.277079,0.812908
1677110078,188895223,0.273767,0.585437,0.467402,0.485117,-0.166934,-0.276631,0.812570
1677110078,198364677,0.273844,0.585227,0.466515,0.484955,-0.166929,-0.276461,0.812725
1677110078,208275355,0.273883,0.585084,0.465636,0.485316,-0.166688,-0.276624,0.812504
1677110078,218790288,0.273924,0.584998,0.464754,0.485915,-0.166539,-0.276981,0.812055
1677110078,228590312,0.273914,0.584743,0.463977,0.486077,-0.166176,-0.276953,0.812042
1677110078,238234191,0.274012,0.584557,0.463209,0.486680,-0.166620,-0.276688,0.811679
1677110078,248630748,0.273861,0.584329,0.462411,0.487154,-0.164147,-0.276431,0.811987
1677110078,258940209,0.273923,0.584269,0.461683,0.488505,-0.165037,-0.276473,0.810980
1677110078,268117019,0.273919,0.583933,0.461066,0.488635,-0.165286,-0.275876,0.811054
1677110078,278590619,0.273970,0.583773,0.460350,0.489419,-0.166025,-0.275557,0.810538
1677110078,288921365,0.273940,0.583551,0.459720,0.489667,-0.166193,-0.274953,0.810559
1677110078,298468422,0.273970,0.583412,0.459004,0.490455,-0.166454,-0.274386,0.810222
1677110078,308502481,0.274042,0.583284,0.458302,0.491105,-0.167209,-0.273847,0.809855
1677110078,318187965,0.273953,0.582970,0.457709,0.490702,-0.167131,-0.273807,0.810129
1677110078,328399920,0.273958,0.582797,0.457010,0.491523,-0.167003,-0.273433,0.809784
1677110078,338459973,0.274028,0.582721,0.456299,0.492789,-0.167317,-0.273298,0.808995
1677110078,349151934,0.274023,0.582478,0.455648,0.493228,-0.167737,-0.273524,0.808564
1677110078,358778535,0.274001,0.582158,0.455035,0.493476,-0.168263,-0.273375,0.808353
1677110078,368971918,0.273994,0.581792,0.454433,0.493815,-0.168951,-0.273060,0.808109
1677110078,378683860,0.273997,0.581584,0.453737,0.494947,-0.169645,-0.272795,0.807361
1677110078,388688815,0.273837,0.581242,0.453161,0.494775,-0.170201,-0.272963,0.807292
1677110078,398747955,0.273874,0.581150,0.452363,0.496018,-0.170764,-0.272282,0.806640
1677110078,408912943,0.273733,0.580948,0.451654,0.495501,-0.170985,-0.272276,0.806913
1677110078,419036685,0.273742,0.580923,0.450786,0.495953,-0.170922,-0.271256,0.806992
1677110078,429484341,0.273726,0.580909,0.449923,0.495721,-0.170832,-0.270645,0.807359
1677110078,438707836,0.273629,0.580918,0.449032,0.495141,-0.171001,-0.270536,0.807716
1677110078,448933643,0.273757,0.580943,0.448066,0.495420,-0.171331,-0.269733,0.807743
1677110078,458112825,0.273771,0.580932,0.447175,0.495497,-0.171181,-0.269515,0.807800
1677110078,469209763,0.273849,0.580868,0.446307,0.495595,-0.171403,-0.269666,0.807643
1677110078,478610368,0.274009,0.580820,0.445393,0.496479,-0.171061,-0.269478,0.807235
1677110078,488783147,0.274149,0.580723,0.444532,0.497175,-0.170382,-0.269465,0.806954
1677110078,498595284,0.274268,0.580590,0.443628,0.497776,-0.169905,-0.270203,0.806438
1677110078,509200196,0.274437,0.580511,0.442771,0.498477,-0.168886,-0.270710,0.806049
1677110078,518847413,0.274665,0.580384,0.441929,0.499154,-0.168287,-0.270804,0.805723
1677110078,528344187,0.274703,0.580396,0.441062,0.499944,-0.166998,-0.271751,0.805183
1677110078,538354975,0.274872,0.580253,0.440270,0.499808,-0.166832,-0.272160,0.805163
1677110078,548544075,0.274945,0.580171,0.439448,0.500085,-0.166230,-0.272259,0.805082
1677110078,558683507,0.275151,0.580168,0.438550,0.500806,-0.166761,-0.271832,0.804669
1677110078,568983130,0.275122,0.580247,0.437721,0.501519,-0.166088,-0.271927,0.804331
1677110078,578846126,0.275104,0.580273,0.436903,0.501937,-0.166266,-0.271912,0.804039
1677110078,588466246,0.275207,0.580267,0.436084,0.502559,-0.166433,-0.270940,0.803944
1677110078,598884643,0.275290,0.580353,0.435200,0.503816,-0.167137,-0.270697,0.803092
1677110078,608706641,0.275221,0.580298,0.434413,0.504134,-0.167250,-0.270743,0.802854
1677110078,618352990,0.275200,0.580245,0.433579,0.504808,-0.167571,-0.270484,0.802451
1677110078,628644870,0.275136,0.580210,0.432769,0.505381,-0.167240,-0.270361,0.802200
1677110078,638974367,0.275315,0.580488,0.431756,0.507242,-0.166827,-0.269775,0.801309
1677110078,648635924,0.275282,0.580333,0.430902,0.506655,-0.166973,-0.269578,0.801716
1677110078,658579575,0.275365,0.580448,0.429949,0.506977,-0.168085,-0.269795,0.801207
1677110078,669215816,0.275346,0.580394,0.429045,0.506457,-0.168190,-0.269374,0.801655
1677110078,678333160,0.275470,0.580539,0.428010,0.507161,-0.169089,-0.268968,0.801158
1677110078,688719412,0.275605,0.580134,0.427037,0.504915,-0.171542,-0.268593,0.802180
1677110078,698958069,0.275572,0.580262,0.425976,0.505414,-0.171593,-0.268285,0.801958
1677110078,709035940,0.275677,0.580438,0.424889,0.506280,-0.171892,-0.267599,0.801576
1677110078,718926720,0.275704,0.580617,0.423818,0.507233,-0.171233,-0.267427,0.801172
1677110078,728612058,0.275783,0.580689,0.422732,0.508106,-0.169972,-0.266824,0.801089
1677110078,738318935,0.276067,0.580808,0.421633,0.509418,-0.170432,-0.266883,0.800137
1677110078,748319995,0.276233,0.580631,0.420616,0.509653,-0.169866,-0.267008,0.800066
1677110078,758898920,0.276382,0.580531,0.419602,0.510181,-0.169492,-0.268076,0.799452
1677110078,768863504,0.276571,0.580250,0.418620,0.510863,-0.168929,-0.268412,0.799022
1677110078,778736563,0.276988,0.580094,0.417582,0.512045,-0.169588,-0.269086,0.797899
1677110078,789338983,0.277220,0.579895,0.416617,0.512853,-0.168867,-0.269468,0.797404
1677110078,799067930,0.277432,0.579827,0.415547,0.513865,-0.168277,-0.270346,0.796579
1677110078,808633800,0.277628,0.579679,0.414556,0.513871,-0.167504,-0.270533,0.796675
1677110078,818612979,0.277819,0.579620,0.413521,0.513882,-0.167283,-0.270553,0.796707
1677110078,828816026,0.278018,0.579638,0.412454,0.513792,-0.167409,-0.270275,0.796833
1677110078,838566937,0.278213,0.579874,0.411341,0.514224,-0.167800,-0.269666,0.796679
1677110078,848570658,0.278257,0.579909,0.410296,0.513417,-0.167452,-0.268205,0.797765
1677110078,858829591,0.278282,0.580212,0.409170,0.513688,-0.167481,-0.267029,0.797979
1677110078,868713349,0.278122,0.580536,0.408034,0.514080,-0.166857,-0.265996,0.798202
1677110078,878555623,0.278038,0.580656,0.406886,0.514145,-0.166551,-0.264153,0.798836
1677110078,889440349,0.277998,0.580799,0.405679,0.514431,-0.166263,-0.262893,0.799128
1677110078,898930516,0.278009,0.580838,0.404457,0.514367,-0.166353,-0.262427,0.799303
1677110078,908786748,0.278285,0.580836,0.403184,0.514991,-0.166025,-0.261507,0.799271
1677110078,919082559,0.278493,0.580737,0.401924,0.515280,-0.165079,-0.262177,0.799061
1677110078,929272387,0.278863,0.580548,0.400671,0.515737,-0.164118,-0.263245,0.798613
1677110078,938785444,0.279171,0.580203,0.399498,0.515571,-0.162671,-0.265468,0.798281
1677110078,948696891,0.279821,0.579815,0.398283,0.516061,-0.162736,-0.267387,0.797309
1677110078,959123286,0.280332,0.579355,0.397190,0.516155,-0.162175,-0.270066,0.796459
1677110078,968676796,0.280840,0.578765,0.396153,0.515892,-0.162146,-0.272797,0.795705
1677110078,978482245,0.281289,0.578350,0.395176,0.516713,-0.162020,-0.275374,0.794309
1677110078,988772739,0.281457,0.577761,0.394335,0.516861,-0.161425,-0.277733,0.793512
1677110078,999214086,0.281697,0.577205,0.393524,0.517744,-0.161710,-0.278563,0.792587
1677110079,8738300,0.281773,0.576833,0.392740,0.518932,-0.162465,-0.279501,0.791324
1677110079,18980845,0.281628,0.576400,0.392048,0.519468,-0.162908,-0.279772,0.790785
1677110079,28931638,0.281465,0.576159,0.391371,0.520034,-0.163618,-0.279447,0.790382
1677110079,38680734,0.281495,0.576013,0.390589,0.521316,-0.165617,-0.278065,0.789608
1677110079,49317747,0.281220,0.575861,0.389935,0.521812,-0.166170,-0.277137,0.789490
1677110079,58443648,0.280993,0.575691,0.389264,0.521994,-0.167065,-0.276227,0.789500
1677110079,68533117,0.280816,0.575741,0.388557,0.522968,-0.168087,-0.276275,0.788621
1677110079,78778857,0.280714,0.575443,0.387935,0.522745,-0.168657,-0.275352,0.788970
1677110079,88721085,0.280768,0.575407,0.387191,0.523413,-0.169658,-0.275575,0.788234
1677110079,98543287,0.280743,0.575189,0.386552,0.523294,-0.169794,-0.275896,0.788172
1677110079,108344714,0.280795,0.575010,0.385858,0.523633,-0.169560,-0.276569,0.787761
1677110079,118608930,0.280831,0.574722,0.385232,0.523605,-0.168700,-0.277399,0.787672
1677110079,128658526,0.281035,0.574578,0.384531,0.524654,-0.168140,-0.278135,0.786834
1677110079,138535061,0.281237,0.574332,0.383868,0.525198,-0.168177,-0.279773,0.785882
1677110079,148929415,0.281421,0.574040,0.383209,0.526250,-0.167404,-0.280962,0.784919
1677110079,158872634,0.281641,0.573717,0.382564,0.527115,-0.166537,-0.282433,0.783994
1677110079,168389347,0.281780,0.573444,0.381892,0.529113,-0.164646,-0.284559,0.782277
1677110079,178714415,0.282083,0.572987,0.381184,0.529827,-0.163837,-0.286264,0.781341
1677110079,188505231,0.282481,0.572648,0.380391,0.530891,-0.163857,-0.288434,0.779815
1677110079,199045805,0.282659,0.572089,0.379683,0.530971,-0.162882,-0.290837,0.779072
1677110079,208578355,0.282955,0.571562,0.378909,0.531419,-0.162693,-0.293463,0.777820
1677110079,219026410,0.283277,0.570954,0.378178,0.532168,-0.162771,-0.295677,0.776452
1677110079,228487008,0.283527,0.570297,0.377474,0.532804,-0.162574,-0.297875,0.775216
1677110079,239027893,0.283742,0.569771,0.376764,0.534385,-0.162075,-0.300141,0.773356
1677110079,248987480,0.284041,0.569116,0.376057,0.535708,-0.162696,-0.301733,0.771689
1677110079,258420027,0.284171,0.568392,0.375379,0.536632,-0.162520,-0.303234,0.770495
1677110079,268178362,0.284163,0.567651,0.374755,0.537483,-0.162076,-0.305471,0.769111
1677110079,278242592,0.284547,0.567048,0.373951,0.539668,-0.162812,-0.306848,0.766874
1677110079,289000803,0.284753,0.566359,0.373225,0.541055,-0.162422,-0.308742,0.765217
1677110079,298146616,0.284806,0.565557,0.372536,0.541294,-0.161675,-0.311367,0.764142
1677110079,308282971,0.285392,0.565057,0.371606,0.543447,-0.162377,-0.312767,0.761890
1677110079,318356417,0.285650,0.564471,0.370770,0.544039,-0.161979,-0.315377,0.760475
1677110079,329289626,0.285945,0.563900,0.369926,0.544143,-0.161850,-0.317845,0.759399
1677110079,338868759,0.286360,0.563398,0.368957,0.544864,-0.161779,-0.319611,0.758155
1677110079,348621704,0.286582,0.562951,0.367987,0.544886,-0.161301,-0.322211,0.757140
1677110079,358577020,0.286919,0.562491,0.367002,0.544859,-0.160927,-0.323957,0.756494
1677110079,368730431,0.287328,0.562207,0.365908,0.545824,-0.160199,-0.324988,0.755510
1677110079,378681617,0.287710,0.561868,0.364855,0.545840,-0.160586,-0.326571,0.754733
1677110079,388364261,0.287831,0.561656,0.363791,0.545910,-0.159499,-0.328184,0.754213
1677110079,398736847,0.287982,0.561391,0.362737,0.545563,-0.159320,-0.329727,0.753829
1677110079,408597492,0.288248,0.561198,0.361608,0.545612,-0.159594,-0.330192,0.753532
1677110079,418805242,0.288365,0.561202,0.360482,0.546121,-0.159904,-0.331056,0.752718
1677110079,428432757,0.288420,0.561012,0.359390,0.545573,-0.160861,-0.331597,0.752673
1677110079,438234673,0.288466,0.560689,0.358319,0.544924,-0.162570,-0.331652,0.752753
1677110079,448790778,0.288560,0.560408,0.357216,0.544987,-0.164823,-0.331634,0.752224
1677110079,458303146,0.288473,0.560118,0.356116,0.545047,-0.166490,-0.332358,0.751494
1677110079,468247291,0.288528,0.559806,0.354989,0.546004,-0.168110,-0.332466,0.750390
1677110079,478687483,0.288482,0.559459,0.353841,0.546921,-0.168524,-0.332760,0.749498
1677110079,488178922,0.288532,0.559104,0.352689,0.547989,-0.168654,-0.333442,0.748385
1677110079,498893286,0.288741,0.558664,0.351435,0.548991,-0.169025,-0.333909,0.747358
1677110079,508829447,0.288964,0.558429,0.350207,0.550360,-0.168566,-0.335376,0.745797
1677110079,518660392,0.289289,0.557962,0.349012,0.550683,-0.168873,-0.336420,0.745018
1677110079,528375626,0.289599,0.557585,0.347761,0.551455,-0.168330,-0.337816,0.743938
1677110079,538679047,0.289889,0.557144,0.346602,0.551752,-0.168522,-0.339484,0.742914
1677110079,548477569,0.290299,0.556875,0.345355,0.552881,-0.168883,-0.341201,0.741204
1677110079,558591771,0.290688,0.556352,0.344200,0.552787,-0.169400,-0.342596,0.740512
1677110079,569284456,0.291025,0.556123,0.343016,0.553715,-0.169406,-0.344449,0.738956
1677110079,578886846,0.291382,0.555703,0.341900,0.553469,-0.169502,-0.345668,0.738549
1677110079,588402097,0.291729,0.555543,0.340791,0.553920,-0.169129,-0.346860,0.737737
1677110079,598267402,0.292111,0.555319,0.339700,0.553768,-0.169315,-0.347784,0.737373
1677110079,608882355,0.292478,0.555426,0.338622,0.554282,-0.169377,-0.348513,0.736629
1677110079,618847923,0.292654,0.555495,0.337631,0.553822,-0.169629,-0.349786,0.736313
1677110079,629491189,0.292970,0.555561,0.336649,0.553262,-0.170572,-0.349301,0.736746
1677110079,638879447,0.293196,0.555815,0.335689,0.552401,-0.172364,-0.349341,0.736957
1677110079,648670409,0.293401,0.556236,0.334719,0.552102,-0.173957,-0.348835,0.737046
1677110079,658516875,0.293370,0.556631,0.333841,0.550795,-0.174810,-0.348486,0.737986
1677110079,668759222,0.293547,0.557080,0.332954,0.550099,-0.176873,-0.347734,0.738369
1677110079,678339226,0.293566,0.557589,0.332118,0.549271,-0.177795,-0.347871,0.738699
1677110079,689451652,0.293725,0.558016,0.331312,0.548599,-0.179090,-0.347503,0.739058
1677110079,698933301,0.293876,0.558408,0.330546,0.547826,-0.180068,-0.347583,0.739357
1677110079,708483410,0.293944,0.558813,0.329764,0.546769,-0.180162,-0.348181,0.739835
1677110079,718541940,0.294279,0.559392,0.328951,0.546703,-0.181045,-0.348609,0.739467
1677110079,728260688,0.294556,0.559913,0.328138,0.546105,-0.181048,-0.348849,0.739795
1677110079,738107720,0.294791,0.560499,0.327355,0.545663,-0.181273,-0.349553,0.739733
1677110079,748051870,0.295018,0.560958,0.326636,0.544646,-0.181654,-0.349875,0.740237
1677110079,758484708,0.295297,0.561663,0.325849,0.544961,-0.181798,-0.350176,0.739827
1677110079,769114797,0.295257,0.562171,0.325191,0.543826,-0.181275,-0.351260,0.740277
1677110079,778366210,0.295465,0.562619,0.324456,0.542813,-0.182508,-0.351532,0.740588
1677110079,788612669,0.295469,0.563430,0.323719,0.543051,-0.181898,-0.352530,0.740089
1677110079,798883831,0.295504,0.563923,0.323021,0.542369,-0.181728,-0.352664,0.740567
1677110079,808979300,0.295588,0.564401,0.322345,0.541248,-0.182226,-0.352870,0.741166
1677110079,818245528,0.296232,0.565151,0.321484,0.542753,-0.182485,-0.350799,0.740985
1677110079,829050581,0.296379,0.565788,0.320754,0.542189,-0.182648,-0.350992,0.741266
1677110079,838779621,0.296564,0.566359,0.320000,0.541556,-0.182825,-0.351011,0.741676
1677110079,847901558,0.296661,0.566875,0.319319,0.540706,-0.182532,-0.351364,0.742201
1677110079,858612594,0.297091,0.567508,0.318548,0.541047,-0.183115,-0.350994,0.741984
1677110079,869047376,0.297167,0.568018,0.317852,0.540482,-0.182904,-0.351720,0.742104
1677110079,879232699,0.297218,0.568532,0.317138,0.540216,-0.182529,-0.352241,0.742143
1677110079,889205362,0.297341,0.568969,0.316392,0.540129,-0.182917,-0.352182,0.742139
1677110079,898835854,0.297311,0.569464,0.315661,0.540056,-0.183148,-0.352461,0.742003
1677110079,908548954,0.297292,0.569939,0.314920,0.539986,-0.184019,-0.352536,0.741802
1677110079,918852724,0.297080,0.570397,0.314194,0.539816,-0.184001,-0.352495,0.741950
1677110079,928694522,0.297102,0.570886,0.313404,0.540330,-0.185163,-0.352056,0.741495
1677110079,938170828,0.297011,0.571343,0.312615,0.540592,-0.185629,-0.351683,0.741364
1677110079,948797864,0.296961,0.571789,0.311815,0.540669,-0.186056,-0.351485,0.741295
1677110079,958547512,0.296786,0.572168,0.311017,0.539937,-0.185659,-0.351568,0.741889
1677110079,968636571,0.296933,0.572870,0.310089,0.541040,-0.185927,-0.351265,0.741161
1677110079,978284254,0.296966,0.573488,0.309194,0.540788,-0.186157,-0.351867,0.741001
1677110079,988724833,0.297178,0.573900,0.308276,0.540447,-0.186678,-0.350875,0.741590
1677110079,998098675,0.297016,0.574519,0.307387,0.539769,-0.186009,-0.351888,0.741771
1677110080,7996804,0.297155,0.574931,0.306503,0.539006,-0.186868,-0.351479,0.742305
1677110080,18637129,0.297307,0.575517,0.305580,0.539190,-0.187444,-0.351205,0.742155
1677110080,28095710,0.297344,0.575967,0.304753,0.538808,-0.187687,-0.350676,0.742621
1677110080,38845433,0.297305,0.576502,0.303940,0.538822,-0.188163,-0.351050,0.742314
1677110080,48959634,0.297394,0.576853,0.303145,0.538928,-0.188351,-0.350130,0.742624
1677110080,58211942,0.297365,0.577224,0.302399,0.538880,-0.188691,-0.350145,0.742565
1677110080,68403904,0.297216,0.577541,0.301722,0.538675,-0.188264,-0.350556,0.742628
1677110080,78277679,0.297420,0.577721,0.301036,0.538978,-0.188918,-0.349592,0.742696
1677110080,88913152,0.297289,0.577977,0.300409,0.538968,-0.188837,-0.350192,0.742441
1677110080,98439831,0.297233,0.578127,0.299788,0.539126,-0.188843,-0.349986,0.742422
1677110080,108956759,0.297513,0.578325,0.299132,0.540264,-0.190248,-0.349000,0.741700
1677110080,119452831,0.297388,0.578472,0.298558,0.540681,-0.190578,-0.349194,0.741220
1677110080,128374389,0.297373,0.578583,0.298003,0.541226,-0.191221,-0.349221,0.740644
1677110080,138485774,0.297258,0.578565,0.297504,0.541095,-0.191558,-0.349241,0.740643
1677110080,148158320,0.297249,0.578660,0.296975,0.541769,-0.191519,-0.348852,0.740344
1677110080,158456636,0.297274,0.578798,0.296395,0.542325,-0.191669,-0.348782,0.739931
1677110080,168821459,0.297278,0.578996,0.295835,0.542875,-0.191236,-0.348850,0.739607
1677110080,178325396,0.297504,0.579186,0.295248,0.543523,-0.192176,-0.348481,0.739061
1677110080,188534969,0.297426,0.579292,0.294685,0.543376,-0.191839,-0.348615,0.739194
1677110080,198482981,0.297464,0.579463,0.294112,0.543565,-0.192075,-0.348314,0.739136
1677110080,208440840,0.297550,0.579651,0.293499,0.543763,-0.193013,-0.348072,0.738860
1677110080,218461326,0.297480,0.579675,0.292942,0.542705,-0.194004,-0.348077,0.739376
1677110080,229118967,0.297599,0.579861,0.292274,0.542958,-0.194770,-0.346998,0.739496
1677110080,238762715,0.297596,0.580235,0.291654,0.543203,-0.195634,-0.347194,0.738996
1677110080,248633487,0.297705,0.580361,0.291036,0.542914,-0.196230,-0.346005,0.739608
1677110080,258660101,0.297770,0.580654,0.290363,0.543108,-0.196682,-0.345517,0.739572
1677110080,267997162,0.297711,0.580885,0.289730,0.543195,-0.196009,-0.345414,0.739736
1677110080,278335671,0.297769,0.581078,0.289098,0.543540,-0.195636,-0.345041,0.739755
1677110080,287966865,0.297871,0.581129,0.288484,0.543662,-0.195865,-0.344801,0.739717
1677110080,298365857,0.298057,0.581309,0.287857,0.544583,-0.196018,-0.344823,0.738988
1677110080,308906068,0.298212,0.581444,0.287291,0.545227,-0.196725,-0.345268,0.738117
1677110080,318649241,0.298165,0.581380,0.286741,0.545008,-0.195704,-0.345826,0.738289
1677110080,328436234,0.298422,0.581482,0.286147,0.545779,-0.196158,-0.346418,0.737321
1677110080,338789227,0.298684,0.581484,0.285544,0.546252,-0.196375,-0.346891,0.736690
1677110080,348728144,0.299009,0.581481,0.284922,0.546827,-0.196770,-0.347713,0.735770
1677110080,358985529,0.299211,0.581459,0.284347,0.547289,-0.196078,-0.348610,0.735186
1677110080,368865934,0.299534,0.581471,0.283763,0.548197,-0.195871,-0.349670,0.734061
1677110080,378771082,0.299885,0.581488,0.283106,0.548954,-0.195276,-0.350955,0.733040
1677110080,388834687,0.300195,0.581496,0.282452,0.549534,-0.194192,-0.352495,0.732154
1677110080,399083827,0.300460,0.581513,0.281808,0.549650,-0.193268,-0.354638,0.731275
1677110080,409070408,0.300918,0.581638,0.281091,0.550523,-0.192510,-0.355942,0.730185
1677110080,418488194,0.301156,0.581687,0.280447,0.550262,-0.191562,-0.357835,0.729706
1677110080,428661407,0.301601,0.581735,0.279708,0.550119,-0.191386,-0.358727,0.729422
1677110080,438549615,0.302062,0.581932,0.278897,0.550341,-0.191678,-0.359497,0.728798
1677110080,448433192,0.302444,0.582176,0.278112,0.550398,-0.191499,-0.360157,0.728476
1677110080,458981593,0.302707,0.582400,0.277298,0.549936,-0.190928,-0.361003,0.728555
1677110080,468622442,0.302982,0.582741,0.276490,0.549844,-0.190603,-0.361955,0.728238
1677110080,479138334,0.303437,0.583069,0.275616,0.549956,-0.190586,-0.361838,0.728216
1677110080,488827683,0.303769,0.583422,0.274738,0.549747,-0.190155,-0.362305,0.728254
1677110080,498902116,0.304157,0.583767,0.273881,0.549611,-0.189620,-0.362045,0.728626
1677110080,508339520,0.304551,0.584147,0.273046,0.549284,-0.189854,-0.362281,0.728694
1677110080,517937902,0.304783,0.584477,0.272219,0.548782,-0.189525,-0.362414,0.729091
1677110080,528295191,0.305176,0.584988,0.271417,0.548852,-0.190469,-0.362503,0.728748
1677110080,538294593,0.305422,0.585296,0.270627,0.548211,-0.190645,-0.362358,0.729257
1677110080,549114897,0.305687,0.585716,0.269835,0.548016,-0.191214,-0.362349,0.729259
1677110080,558794288,0.305943,0.586019,0.269110,0.547359,-0.191536,-0.362437,0.729624
1677110080,568898394,0.306437,0.586416,0.268300,0.547653,-0.192546,-0.361864,0.729422
1677110080,579167674,0.306616,0.586809,0.267583,0.547000,-0.192260,-0.362713,0.729566
1677110080,588778463,0.306988,0.587196,0.266841,0.547020,-0.192125,-0.362394,0.729745
1677110080,599064729,0.307347,0.587669,0.266119,0.546986,-0.191696,-0.362494,0.729834
1677110080,608272637,0.307651,0.588179,0.265430,0.546918,-0.190825,-0.362919,0.729902
1677110080,618320677,0.308025,0.588572,0.264786,0.546401,-0.190677,-0.362934,0.730319
1677110080,628570645,0.308288,0.589011,0.264132,0.546085,-0.190746,-0.363486,0.730264
1677110080,638340919,0.308502,0.589222,0.263586,0.545188,-0.190786,-0.363289,0.731021
1677110080,649210669,0.308630,0.589571,0.263028,0.544954,-0.190993,-0.363791,0.730892
1677110080,658795246,0.308832,0.589884,0.262499,0.544699,-0.192323,-0.364655,0.730303
1677110080,668456213,0.308963,0.590046,0.262032,0.544472,-0.192680,-0.364105,0.730652
1677110080,678377180,0.309166,0.590379,0.261511,0.544549,-0.193941,-0.364140,0.730243
1677110080,688935204,0.309182,0.590623,0.261055,0.544380,-0.194130,-0.363798,0.730489
1677110080,698728120,0.309243,0.590906,0.260633,0.544366,-0.194639,-0.363874,0.730326
1677110080,708388051,0.309188,0.591122,0.260235,0.544151,-0.194782,-0.363760,0.730506
1677110080,718846729,0.309303,0.591449,0.259758,0.545097,-0.195552,-0.363298,0.729824
1677110080,729173641,0.309128,0.591648,0.259357,0.544932,-0.195025,-0.363259,0.730107
1677110080,738106832,0.309125,0.591792,0.258913,0.544870,-0.195635,-0.362924,0.730158
1677110080,748401894,0.309154,0.591976,0.258429,0.545101,-0.196370,-0.362738,0.729880
1677110080,758771336,0.309227,0.592121,0.257878,0.545636,-0.196994,-0.362404,0.729478
1677110080,769109865,0.309158,0.592119,0.257429,0.545629,-0.196731,-0.362545,0.729485
1677110080,778681148,0.309390,0.592253,0.256861,0.546484,-0.197552,-0.362271,0.728758
1677110080,788737997,0.309364,0.592252,0.256344,0.546272,-0.197549,-0.363307,0.728402
1677110080,798716749,0.309440,0.592357,0.255762,0.546530,-0.197442,-0.364074,0.727854
1677110080,808889879,0.309691,0.592302,0.255207,0.546734,-0.197720,-0.364259,0.727533
1677110080,818794879,0.309722,0.592427,0.254700,0.547162,-0.196795,-0.365489,0.726844
1677110080,828860480,0.309999,0.592426,0.254156,0.547761,-0.196686,-0.365676,0.726329
1677110080,838744420,0.310052,0.592376,0.253681,0.547723,-0.196425,-0.366620,0.725952
1677110080,848775879,0.310282,0.592265,0.253144,0.548157,-0.196612,-0.366551,0.725609
1677110080,858804866,0.309259,0.592810,0.252681,0.548913,-0.188939,-0.369624,0.725517
1677110080,868360400,0.309410,0.592629,0.252208,0.549145,-0.189934,-0.370086,0.724846
1677110080,878626169,0.309406,0.592605,0.251754,0.549540,-0.189609,-0.370910,0.724210
1677110080,888848600,0.309553,0.592389,0.251281,0.549586,-0.190825,-0.371344,0.723633
1677110080,898360091,0.309627,0.592289,0.250846,0.549795,-0.191196,-0.372169,0.722952
1677110080,909315346,0.309876,0.592178,0.250305,0.550312,-0.192017,-0.372783,0.722024
1677110080,919033973,0.310077,0.592059,0.249845,0.550902,-0.192817,-0.373654,0.720910
1677110080,929141170,0.310329,0.591855,0.249268,0.551181,-0.192607,-0.374290,0.720423
1677110080,938485072,0.310272,0.591752,0.248821,0.551278,-0.191982,-0.375822,0.719717
1677110080,948677944,0.310417,0.591726,0.248325,0.551355,-0.193034,-0.377117,0.718699
1677110080,958808264,0.310539,0.591547,0.247833,0.550969,-0.193877,-0.377411,0.718613
1677110080,967999392,0.310657,0.591570,0.247294,0.550854,-0.195713,-0.378062,0.717862
1677110080,978511928,0.310681,0.591565,0.246765,0.550141,-0.197313,-0.378521,0.717729
1677110080,988310579,0.310838,0.591621,0.246144,0.549736,-0.199519,-0.378190,0.717603
1677110080,998804800,0.310818,0.591913,0.245532,0.549702,-0.200615,-0.378219,0.717309
1677110081,9067873,0.310653,0.592200,0.244921,0.548711,-0.201484,-0.379162,0.717326
1677110081,18613555,0.310684,0.592530,0.244271,0.548348,-0.202444,-0.379264,0.717279
1677110081,28004406,0.310704,0.592739,0.243625,0.547273,-0.202888,-0.379433,0.717885
1677110081,38459255,0.310659,0.593140,0.242947,0.546926,-0.202599,-0.379985,0.717939
1677110081,48700058,0.310564,0.593482,0.242288,0.545786,-0.202218,-0.381124,0.718310
1677110081,59006986,0.310648,0.593850,0.241559,0.544967,-0.202205,-0.382028,0.718456
1677110081,69074610,0.310886,0.594245,0.240825,0.544319,-0.202949,-0.382757,0.718349
1677110081,78756457,0.310992,0.594563,0.240102,0.542886,-0.202729,-0.383862,0.718906
1677110081,88843225,0.311145,0.594936,0.239402,0.541698,-0.203202,-0.385342,0.718877
1677110081,99034183,0.311405,0.595147,0.238727,0.540873,-0.203703,-0.385906,0.719054
1677110081,108616678,0.311498,0.595265,0.238173,0.540062,-0.203685,-0.386687,0.719249
1677110081,118708727,0.311674,0.595382,0.237674,0.540462,-0.204441,-0.387403,0.718348
1677110081,128146667,0.311604,0.595294,0.237222,0.540376,-0.204349,-0.388249,0.717982
1677110081,138906719,0.311693,0.595253,0.236797,0.541281,-0.205061,-0.389173,0.716596
1677110081,148784878,0.311754,0.595164,0.236383,0.541695,-0.205641,-0.390116,0.715603
1677110081,158506644,0.311774,0.595091,0.235985,0.541962,-0.205336,-0.391276,0.714855
1677110081,168625619,0.311919,0.595029,0.235522,0.542110,-0.205297,-0.392044,0.714333
1677110081,178367017,0.312203,0.595071,0.235045,0.542284,-0.205720,-0.392876,0.713622
1677110081,188507291,0.312363,0.595095,0.234586,0.541467,-0.205981,-0.394064,0.713512
1677110081,198802090,0.312607,0.595173,0.234165,0.540464,-0.207144,-0.395000,0.713418
1677110081,208533860,0.312872,0.595329,0.233726,0.539749,-0.208043,-0.395566,0.713384
1677110081,218337039,0.312825,0.595581,0.233397,0.538579,-0.208051,-0.396606,0.713688
1677110081,228712641,0.313056,0.595928,0.232981,0.537886,-0.209409,-0.396690,0.713767
1677110081,238615199,0.313085,0.596454,0.232612,0.537396,-0.209380,-0.396783,0.714092
1677110081,248332149,0.313202,0.596997,0.232243,0.536487,-0.210263,-0.396328,0.714769
1677110081,258155800,0.313266,0.597613,0.231859,0.535829,-0.210695,-0.395858,0.715396
1677110081,268469969,0.313284,0.598352,0.231486,0.535380,-0.210997,-0.395671,0.715747
1677110081,278241802,0.313411,0.599027,0.231088,0.534686,-0.211973,-0.394833,0.716439
1677110081,288861310,0.313313,0.599660,0.230745,0.532849,-0.212515,-0.395314,0.717381
1677110081,298922089,0.313584,0.600356,0.230282,0.531773,-0.214348,-0.394920,0.717852
1677110081,308104832,0.313726,0.600783,0.229810,0.528138,-0.216763,-0.396109,0.719154
1677110081,318438398,0.313425,0.602118,0.229427,0.528222,-0.213064,-0.397125,0.719637
1677110081,328179904,0.313826,0.602807,0.228919,0.526969,-0.214170,-0.396876,0.720364
1677110081,338188051,0.314354,0.603470,0.228422,0.525701,-0.216119,-0.396658,0.720829
1677110081,347984602,0.314479,0.604132,0.228015,0.524108,-0.216143,-0.397227,0.721667
1677110081,358266611,0.314802,0.604772,0.227581,0.522880,-0.217070,-0.397357,0.722208
1677110081,368501087,0.314801,0.605348,0.227255,0.521522,-0.216470,-0.397936,0.723051
1677110081,378877702,0.315511,0.606613,0.226620,0.523443,-0.219451,-0.398554,0.720419
1677110081,388863920,0.315577,0.607058,0.226313,0.522079,-0.219277,-0.398693,0.721384
1677110081,398816101,0.315622,0.607514,0.226066,0.520977,-0.218737,-0.398770,0.722302
1677110081,408596325,0.315738,0.608028,0.225775,0.519802,-0.219211,-0.399490,0.722607
1677110081,417932956,0.315968,0.608543,0.225425,0.519076,-0.220520,-0.399981,0.722459
1677110081,428437334,0.316095,0.609066,0.225158,0.517801,-0.221283,-0.401014,0.722567
1677110081,438858839,0.316337,0.609539,0.224855,0.516671,-0.222251,-0.401479,0.722821
1677110081,448933108,0.316467,0.610118,0.224573,0.515562,-0.222693,-0.402564,0.722873
1677110081,458506250,0.316654,0.610595,0.224262,0.513849,-0.223695,-0.403317,0.723364
1677110081,468260366,0.316876,0.611209,0.223986,0.512901,-0.224720,-0.404146,0.723256
1677110081,478024412,0.316848,0.611771,0.223805,0.511090,-0.224890,-0.405628,0.723655
1677110081,488355910,0.317045,0.612482,0.223510,0.510768,-0.225322,-0.406085,0.723492
1677110081,498333617,0.317215,0.613029,0.223281,0.509473,-0.226101,-0.406118,0.724144
1677110081,508558839,0.317311,0.613603,0.223063,0.508128,-0.226592,-0.406329,0.724816
1677110081,518783860,0.317431,0.614292,0.222836,0.507397,-0.227065,-0.406445,0.725115
1677110081,529015040,0.317581,0.615037,0.222511,0.506862,-0.227791,-0.406501,0.725230
1677110081,538377688,0.317666,0.615466,0.222242,0.505046,-0.228394,-0.405952,0.726614
1677110081,548611382,0.317933,0.616281,0.221858,0.504766,-0.229285,-0.406181,0.726400
1677110081,558450015,0.317924,0.616865,0.221515,0.502995,-0.228525,-0.406855,0.727490
1677110081,568480639,0.318120,0.617328,0.221135,0.501840,-0.227688,-0.406972,0.728483
1677110081,578610899,0.318345,0.617827,0.220777,0.500795,-0.226942,-0.407825,0.728959
1677110081,588475294,0.318669,0.618352,0.220423,0.500865,-0.225962,-0.408574,0.728795
1677110081,598467628,0.318985,0.618742,0.220122,0.500894,-0.225059,-0.409017,0.728806
1677110081,608517669,0.319282,0.619095,0.219817,0.500717,-0.224792,-0.409572,0.728699
1677110081,619111643,0.319398,0.619544,0.219572,0.500516,-0.224151,-0.410571,0.728472
1677110081,629233473,0.319522,0.619847,0.219291,0.499790,-0.224034,-0.410833,0.728859
1677110081,638402695,0.319708,0.620284,0.218933,0.499032,-0.225064,-0.411091,0.728915
1677110081,649021696,0.319800,0.620729,0.218591,0.497575,-0.225702,-0.411439,0.729517
1677110081,658103371,0.319853,0.621009,0.218238,0.494946,-0.226345,-0.411786,0.730909
1677110081,668072356,0.320142,0.621419,0.217787,0.493310,-0.227917,-0.412132,0.731332
1677110081,678319357,0.320357,0.621837,0.217344,0.491687,-0.228546,-0.413016,0.731730
1677110081,688598443,0.320332,0.622167,0.217041,0.489750,-0.228086,-0.414620,0.732265
1677110081,698124749,0.320687,0.622509,0.216685,0.489411,-0.229047,-0.415317,0.731796
1677110081,708198084,0.320812,0.622776,0.216444,0.489076,-0.228437,-0.415978,0.731836
1677110081,718847510,0.320884,0.623066,0.216248,0.488769,-0.228028,-0.416700,0.731758
1677110081,729419353,0.321074,0.623434,0.215991,0.488859,-0.228008,-0.416777,0.731659
1677110081,738713076,0.321048,0.623754,0.215766,0.488133,-0.227572,-0.416974,0.732167
1677110081,748742304,0.321051,0.624165,0.215486,0.487106,-0.227378,-0.417060,0.732863
1677110081,758540186,0.321306,0.624506,0.215099,0.485878,-0.228561,-0.416562,0.733593
1677110081,768186704,0.321426,0.624912,0.214769,0.484693,-0.228819,-0.416932,0.734086
1677110081,778992294,0.321671,0.625228,0.214475,0.483292,-0.229462,-0.417580,0.734440
1677110081,788677751,0.321979,0.625508,0.214216,0.482336,-0.229974,-0.418250,0.734528
1677110081,798292525,0.322202,0.625779,0.214009,0.481555,-0.229725,-0.419092,0.734638
1677110081,808932774,0.321962,0.625924,0.214039,0.479652,-0.227594,-0.421004,0.735452
1677110081,818837733,0.322182,0.626289,0.213932,0.479996,-0.227261,-0.421346,0.735135
1677110081,828444139,0.322294,0.626739,0.213907,0.480345,-0.226589,-0.421551,0.734997
1677110081,838490290,0.322362,0.627062,0.213914,0.480500,-0.226735,-0.420822,0.735269
1677110081,848773408,0.322374,0.627526,0.213880,0.480264,-0.227620,-0.420239,0.735482
1677110081,858829880,0.322478,0.628122,0.213734,0.480139,-0.229020,-0.419171,0.735739
1677110081,869096428,0.322604,0.628584,0.213552,0.479179,-0.230908,-0.418190,0.736333
1677110081,878585292,0.322368,0.628926,0.213451,0.477026,-0.230642,-0.418455,0.737662
1677110081,888520434,0.322882,0.629415,0.213122,0.476858,-0.233157,-0.417695,0.737411
1677110081,898922200,0.323120,0.629857,0.212907,0.476800,-0.233188,-0.417892,0.737327
1677110081,908635920,0.322732,0.630022,0.212883,0.474729,-0.230420,-0.420027,0.738320
1677110081,918565726,0.323508,0.630389,0.212574,0.476695,-0.231100,-0.418839,0.737515
1677110081,928067627,0.323286,0.630649,0.212542,0.475654,-0.228620,-0.420962,0.737752
1677110081,938308757,0.323226,0.631003,0.212502,0.475836,-0.226149,-0.421778,0.737930
1677110081,948235781,0.323903,0.631347,0.212247,0.477259,-0.227975,-0.419962,0.737484
1677110081,958204703,0.323416,0.631817,0.212280,0.476467,-0.225267,-0.421341,0.738042
1677110081,969148244,0.323228,0.632303,0.212255,0.476206,-0.224134,-0.420788,0.738871
1677110081,978667099,0.323335,0.632917,0.212110,0.476831,-0.224240,-0.418961,0.739473
1677110081,988508649,0.323227,0.633681,0.211927,0.477029,-0.224011,-0.417887,0.740022
1677110081,998836122,0.322991,0.634410,0.211830,0.475948,-0.223323,-0.416548,0.741679
1677110082,8855937,0.322936,0.635244,0.211568,0.475147,-0.223524,-0.414934,0.743036
1677110082,18835146,0.323117,0.635922,0.211307,0.473483,-0.225602,-0.412914,0.744594
1677110082,28591385,0.323559,0.636924,0.210896,0.473203,-0.228195,-0.410837,0.745130
1677110082,38766114,0.323094,0.637458,0.210868,0.469544,-0.227234,-0.411252,0.747506
1677110082,48376413,0.323773,0.638241,0.210494,0.469551,-0.230355,-0.408766,0.747910
1677110082,58734745,0.323974,0.638918,0.210242,0.468597,-0.231033,-0.407839,0.748805
1677110082,68923640,0.323578,0.639493,0.210089,0.466498,-0.228903,-0.408536,0.750388
1677110082,78629549,0.323704,0.640159,0.209810,0.465371,-0.228759,-0.408296,0.751262
1677110082,88888883,0.323676,0.640707,0.209535,0.463774,-0.227389,-0.408176,0.752728
1677110082,98933193,0.324596,0.641246,0.209026,0.464226,-0.229914,-0.405534,0.753111
1677110082,108343862,0.324203,0.641729,0.208833,0.461908,-0.227288,-0.407741,0.754140
1677110082,118846428,0.324330,0.641882,0.208668,0.459439,-0.227149,-0.407978,0.755561
1677110082,128929363,0.324491,0.642073,0.208379,0.458127,-0.226430,-0.408692,0.756188
1677110082,138594190,0.324933,0.642317,0.208020,0.458450,-0.226506,-0.408921,0.755845
1677110082,148318230,0.326005,0.642775,0.207414,0.461859,-0.227758,-0.407478,0.754171
1677110082,159043219,0.326431,0.642818,0.207101,0.461664,-0.227432,-0.407599,0.754324
1677110082,169283259,0.325647,0.642677,0.207271,0.457478,-0.223365,-0.411482,0.755979
1677110082,178485328,0.325963,0.642715,0.206992,0.457139,-0.223625,-0.411719,0.755978
1677110082,188347567,0.326156,0.642876,0.206772,0.457689,-0.223518,-0.411955,0.755549
1677110082,198557754,0.326467,0.642874,0.206522,0.457495,-0.224813,-0.411910,0.755306
1677110082,208723470,0.326567,0.642848,0.206326,0.457407,-0.225106,-0.412200,0.755114
1677110082,218923339,0.327745,0.642805,0.205815,0.460895,-0.229175,-0.408932,0.753544
1677110082,228415152,0.326945,0.642486,0.205962,0.457361,-0.226671,-0.413103,0.754180
1677110082,239075386,0.327242,0.642273,0.205681,0.458533,-0.226217,-0.413689,0.753283
1677110082,249404192,0.328280,0.642283,0.205100,0.462567,-0.227585,-0.412678,0.750955
1677110082,258796286,0.327686,0.641982,0.205067,0.459817,-0.223330,-0.417519,0.751246
1677110082,268312488,0.328037,0.641610,0.204760,0.459529,-0.221504,-0.418948,0.751167
1677110082,278522838,0.328705,0.641473,0.204266,0.460646,-0.220659,-0.420382,0.749929
1677110082,288484070,0.329094,0.641342,0.203957,0.460685,-0.219017,-0.422665,0.749103
1677110082,298393286,0.329505,0.641094,0.203664,0.460250,-0.217962,-0.424242,0.748786
1677110082,308712471,0.330100,0.640875,0.203348,0.460298,-0.218736,-0.425455,0.747843
1677110082,318633988,0.330442,0.640591,0.203149,0.459769,-0.218878,-0.426865,0.747323
1677110082,328717319,0.330635,0.640211,0.203082,0.458544,-0.219314,-0.428400,0.747069
1677110082,338137290,0.330895,0.639735,0.203042,0.457866,-0.219561,-0.429126,0.746996
1677110082,348866013,0.331018,0.639467,0.203025,0.457830,-0.219190,-0.431033,0.746029
1677110082,358640126,0.331337,0.639176,0.202964,0.458889,-0.218778,-0.431696,0.745114
1677110082,369067489,0.331701,0.638790,0.202908,0.459359,-0.218338,-0.432006,0.744775
1677110082,378670450,0.331801,0.638571,0.202888,0.459429,-0.216843,-0.433681,0.744194
1677110082,388595754,0.332186,0.638272,0.202790,0.459494,-0.216327,-0.434592,0.743772
1677110082,398763806,0.332810,0.638213,0.202535,0.460999,-0.216153,-0.434870,0.742729
1677110082,408819469,0.333067,0.638234,0.202369,0.460816,-0.214295,-0.437003,0.742129
1677110082,418680887,0.333435,0.638136,0.202101,0.460028,-0.212736,-0.438270,0.742318
1677110082,428939384,0.334082,0.638267,0.201676,0.460217,-0.212466,-0.439180,0.741741
1677110082,438528012,0.334582,0.638279,0.201295,0.458824,-0.211943,-0.440458,0.741995
1677110082,448915525,0.335287,0.638458,0.200782,0.457890,-0.211919,-0.441219,0.742127
1677110082,458624640,0.335794,0.638742,0.200308,0.456584,-0.210424,-0.442399,0.742655
1677110082,469242408,0.336388,0.639115,0.199743,0.454938,-0.209338,-0.443949,0.743047
1677110082,478884297,0.336977,0.639501,0.199172,0.453389,-0.207406,-0.445123,0.743832
1677110082,489159266,0.337732,0.639841,0.198643,0.452172,-0.206638,-0.445746,0.744413
1677110082,498815089,0.338207,0.640327,0.198216,0.451140,-0.204957,-0.447170,0.744651
1677110082,508842249,0.338759,0.640545,0.197884,0.449963,-0.204519,-0.447349,0.745375
1677110082,518397744,0.338997,0.640720,0.197735,0.448365,-0.203910,-0.448105,0.746050
1677110082,528610751,0.339316,0.641007,0.197536,0.447913,-0.203732,-0.448506,0.746129
1677110082,537819900,0.339720,0.641264,0.197325,0.447656,-0.204604,-0.448745,0.745902
1677110082,548860398,0.339978,0.641544,0.197141,0.446645,-0.203956,-0.448977,0.746545
1677110082,558750834,0.340208,0.641939,0.196941,0.445316,-0.202342,-0.449453,0.747491
1677110082,569393139,0.340656,0.642432,0.196623,0.443961,-0.201308,-0.449785,0.748376
1677110082,578199671,0.341087,0.642966,0.196279,0.442335,-0.199545,-0.450100,0.749621
1677110082,588526549,0.341618,0.643432,0.195977,0.440836,-0.198495,-0.450123,0.750768
1677110082,598894767,0.342070,0.643852,0.195751,0.439288,-0.198003,-0.450326,0.751683
1677110082,608443295,0.342290,0.644275,0.195707,0.437645,-0.197164,-0.451059,0.752422
1677110082,618571653,0.342786,0.644572,0.195592,0.436814,-0.198412,-0.450365,0.752993
1677110082,628454299,0.342933,0.644984,0.195548,0.435714,-0.198277,-0.450318,0.753693
1677110082,639028310,0.343042,0.645356,0.195589,0.433842,-0.199284,-0.450679,0.754292
1677110082,648743029,0.343203,0.645845,0.195586,0.432937,-0.199415,-0.450074,0.755137
1677110082,658591331,0.343499,0.646270,0.195478,0.432094,-0.200386,-0.449159,0.755908
1677110082,668604935,0.343648,0.646748,0.195425,0.431056,-0.200186,-0.448642,0.756860
1677110082,678847840,0.343810,0.647228,0.195350,0.429763,-0.199609,-0.448245,0.757982
1677110082,688862134,0.344196,0.647623,0.195208,0.428792,-0.200117,-0.447415,0.758888
1677110082,698860501,0.344428,0.648219,0.195034,0.428049,-0.199314,-0.447810,0.759285
1677110082,708879933,0.344650,0.648583,0.194934,0.426702,-0.198392,-0.448024,0.760158
1677110082,718884329,0.345219,0.648892,0.194725,0.425867,-0.199227,-0.447301,0.760834
1677110082,728476666,0.345469,0.649384,0.194576,0.424568,-0.198446,-0.447844,0.761444
1677110082,738240846,0.345747,0.649695,0.194408,0.422418,-0.198118,-0.447956,0.762658
1677110082,748373259,0.346112,0.650180,0.194195,0.420644,-0.197935,-0.447835,0.763757
1677110082,758611186,0.346423,0.650609,0.193964,0.418343,-0.197730,-0.447336,0.765364
1677110082,769200725,0.346680,0.651180,0.193695,0.416200,-0.197775,-0.447528,0.766408
1677110082,778537577,0.346980,0.651681,0.193439,0.414226,-0.197817,-0.447136,0.767694
1677110082,789511903,0.347376,0.652202,0.193070,0.413328,-0.198246,-0.446802,0.768262
1677110082,799084873,0.347627,0.652587,0.192810,0.411974,-0.198040,-0.446533,0.769198
1677110082,809037542,0.347838,0.652826,0.192554,0.411027,-0.197082,-0.446217,0.770134
1677110082,819061976,0.348106,0.652956,0.192377,0.409557,-0.196771,-0.446405,0.770887
1677110082,828944683,0.348526,0.653131,0.192069,0.409810,-0.196519,-0.446411,0.770814
1677110082,838930464,0.348807,0.653063,0.191917,0.409397,-0.196245,-0.446814,0.770869
1677110082,848264579,0.348948,0.653043,0.191829,0.409223,-0.195292,-0.447706,0.770686
1677110082,858600689,0.349119,0.652994,0.191718,0.409613,-0.194552,-0.448437,0.770241
1677110082,868518989,0.349335,0.652875,0.191531,0.409499,-0.194319,-0.449017,0.770022
1677110082,878635699,0.349478,0.652888,0.191321,0.409180,-0.193358,-0.449967,0.769879
1677110082,887714724,0.349911,0.652737,0.190970,0.408740,-0.194182,-0.449982,0.769897
1677110082,898298477,0.350203,0.652792,0.190642,0.408347,-0.193301,-0.450656,0.769933
1677110082,908312492,0.350584,0.652737,0.190292,0.407746,-0.192834,-0.451151,0.770079
1677110082,918732293,0.350853,0.652729,0.190019,0.407107,-0.191840,-0.452420,0.769920
1677110082,928877334,0.351090,0.652706,0.189787,0.406795,-0.191157,-0.454228,0.769190
1677110082,938204113,0.351417,0.652605,0.189583,0.407574,-0.190436,-0.455127,0.768425
1677110082,948535867,0.351657,0.652316,0.189482,0.407321,-0.189959,-0.455887,0.768227
1677110082,958523908,0.351693,0.652133,0.189467,0.406915,-0.189136,-0.457754,0.767535
1677110082,968638643,0.352008,0.651936,0.189324,0.407181,-0.189248,-0.458392,0.766985
1677110082,978538059,0.352273,0.651925,0.189149,0.407203,-0.188896,-0.459715,0.766268
1677110082,988666321,0.352516,0.651952,0.188936,0.406642,-0.188322,-0.461329,0.765737
1677110082,998772071,0.352815,0.652049,0.188633,0.405962,-0.187210,-0.462693,0.765547
1677110083,8592366,0.353238,0.652037,0.188289,0.404964,-0.186552,-0.463340,0.765845
1677110083,19022022,0.353546,0.652137,0.188037,0.403474,-0.184988,-0.464723,0.766173
1677110083,28717760,0.353787,0.652119,0.187804,0.401173,-0.183599,-0.466417,0.766685
1677110083,38468878,0.354095,0.652219,0.187562,0.399844,-0.182510,-0.468377,0.766445
1677110083,49059562,0.354484,0.652142,0.187421,0.398234,-0.182529,-0.469673,0.766485
1677110083,58764443,0.354885,0.651998,0.187323,0.397242,-0.183663,-0.470722,0.766086
1677110083,68460397,0.354985,0.651958,0.187375,0.396487,-0.183871,-0.472378,0.765407
1677110083,78776271,0.355093,0.651741,0.187532,0.395508,-0.184700,-0.473158,0.765233
1677110083,88839964,0.355087,0.651754,0.187696,0.395219,-0.185274,-0.474638,0.764326
1677110083,98499250,0.355257,0.651735,0.187756,0.395482,-0.185734,-0.474603,0.764100
1677110083,108686064,0.355365,0.651781,0.187819,0.395369,-0.186023,-0.474712,0.764020
1677110083,118598747,0.355586,0.651763,0.187867,0.394811,-0.186284,-0.474076,0.764640
1677110083,128797189,0.355630,0.651850,0.187919,0.394102,-0.185597,-0.473924,0.765267
1677110083,138345380,0.355763,0.651930,0.187958,0.393052,-0.185314,-0.473837,0.765929
1677110083,148872933,0.355943,0.652096,0.187989,0.392085,-0.185162,-0.473901,0.766422
1677110083,158996334,0.356070,0.652198,0.188087,0.390851,-0.184663,-0.474299,0.766926
1677110083,168741420,0.356382,0.652332,0.188115,0.390387,-0.185156,-0.474356,0.767009
1677110083,178585719,0.356654,0.652509,0.188189,0.389926,-0.186174,-0.474707,0.766779
1677110083,189315666,0.356737,0.652629,0.188388,0.388957,-0.186218,-0.475165,0.766977
1677110083,198664427,0.356997,0.652745,0.188511,0.388014,-0.186791,-0.474998,0.767419
1677110083,207814951,0.357256,0.653074,0.188503,0.387767,-0.187097,-0.475096,0.767408
1677110083,218440221,0.357380,0.653429,0.188538,0.386365,-0.186719,-0.475337,0.768058
1677110083,228035809,0.357623,0.653904,0.188445,0.385582,-0.185647,-0.474915,0.768972
1677110083,237879307,0.358158,0.654415,0.188115,0.385161,-0.185852,-0.473851,0.769789
1677110083,248440347,0.358401,0.654987,0.187918,0.383171,-0.184669,-0.474119,0.770901
1677110083,258429291,0.358876,0.655427,0.187642,0.381416,-0.184650,-0.473787,0.771979
1677110083,268687692,0.359247,0.655894,0.187469,0.379663,-0.183683,-0.473739,0.773103
1677110083,278809278,0.359545,0.656372,0.187347,0.377927,-0.183417,-0.474580,0.773501
1677110083,288568042,0.359987,0.656743,0.187205,0.377129,-0.183805,-0.474541,0.773822
1677110083,298557705,0.360276,0.657047,0.187168,0.375519,-0.184383,-0.475018,0.774174
1677110083,308711387,0.360498,0.657412,0.187146,0.374392,-0.184788,-0.475644,0.774240
1677110083,318676986,0.360595,0.657793,0.187205,0.372939,-0.184587,-0.476147,0.774680
1677110083,328877295,0.361025,0.658161,0.187018,0.372686,-0.185518,-0.475449,0.775007
1677110083,338652353,0.361297,0.658583,0.186887,0.371672,-0.185688,-0.474956,0.775756
1677110083,348965977,0.361382,0.659105,0.186780,0.369911,-0.185142,-0.475441,0.776431
1677110083,358520637,0.361634,0.659480,0.186590,0.368761,-0.184977,-0.474604,0.777528
1677110083,368689236,0.361645,0.659932,0.186479,0.366723,-0.183911,-0.475275,0.778335
1677110083,378969009,0.362096,0.660147,0.186217,0.365838,-0.184835,-0.474430,0.779047
1677110083,388657806,0.362317,0.660509,0.185992,0.364928,-0.185390,-0.475360,0.778775
1677110083,399143241,0.362555,0.660601,0.185859,0.363369,-0.185754,-0.476043,0.779000
1677110083,408759133,0.362709,0.660608,0.185834,0.361798,-0.185629,-0.477190,0.779059
1677110083,418722093,0.362888,0.660682,0.185769,0.360840,-0.185492,-0.478551,0.778702
1677110083,428754484,0.363343,0.660663,0.185566,0.360820,-0.186808,-0.479167,0.778017
1677110083,438752506,0.363476,0.660650,0.185570,0.359737,-0.186821,-0.480246,0.777850
1677110083,448675700,0.363531,0.660768,0.185543,0.359266,-0.185890,-0.481043,0.777798
1677110083,458443228,0.363582,0.660881,0.185480,0.358596,-0.185592,-0.481363,0.777981
1677110083,468914149,0.363644,0.661024,0.185423,0.357390,-0.185686,-0.481425,0.778475
1677110083,478541299,0.363832,0.661369,0.185184,0.357606,-0.185941,-0.481144,0.778488
1677110083,488781187,0.363941,0.661489,0.185017,0.356364,-0.185965,-0.480407,0.779507
1677110083,499412087,0.363995,0.661728,0.184853,0.354885,-0.185980,-0.480808,0.779931
1677110083,509457768,0.364110,0.661960,0.184605,0.354029,-0.185495,-0.480992,0.780322
1677110083,518755550,0.364394,0.662045,0.184404,0.352929,-0.186243,-0.480972,0.780654
1677110083,528802216,0.364510,0.662059,0.184337,0.351429,-0.185747,-0.481504,0.781121
1677110083,538875583,0.364772,0.662031,0.184245,0.351020,-0.186246,-0.481852,0.780971
1677110083,548765815,0.364865,0.661962,0.184266,0.350420,-0.186153,-0.482600,0.780801
1677110083,558899018,0.364915,0.661985,0.184305,0.350438,-0.185929,-0.483313,0.780405
1677110083,568413574,0.364959,0.661988,0.184399,0.349854,-0.186098,-0.483834,0.780304
1677110083,578374517,0.365050,0.662094,0.184374,0.349714,-0.185997,-0.483880,0.780362
1677110083,587818877,0.365235,0.662204,0.184262,0.349594,-0.186478,-0.483514,0.780528
1677110083,598248049,0.365114,0.662488,0.184284,0.348561,-0.184786,-0.483983,0.781101
1677110083,608918697,0.365394,0.662539,0.184094,0.348034,-0.185264,-0.483031,0.781813
1677110083,618883716,0.365661,0.662725,0.183941,0.347651,-0.185290,-0.482776,0.782134
1677110083,628741968,0.365812,0.662825,0.183910,0.346597,-0.185059,-0.483039,0.782494
1677110083,638476646,0.366016,0.662968,0.183827,0.345896,-0.185336,-0.483752,0.782298
1677110083,648632771,0.366172,0.663007,0.183881,0.345185,-0.184919,-0.484083,0.782506
1677110083,658823191,0.366309,0.663147,0.183931,0.344720,-0.185251,-0.484689,0.782257
1677110083,668597205,0.366487,0.663265,0.183973,0.344126,-0.186002,-0.484813,0.782264
1677110083,678459472,0.366657,0.663446,0.184013,0.343749,-0.186401,-0.484470,0.782547
1677110083,688949850,0.366842,0.663763,0.183946,0.343815,-0.186773,-0.483855,0.782810
1677110083,698886610,0.366862,0.664162,0.183920,0.343244,-0.186209,-0.483449,0.783445
1677110083,708419349,0.366972,0.664465,0.183815,0.342370,-0.186526,-0.482672,0.784231
1677110083,718781713,0.367042,0.664832,0.183728,0.341276,-0.186246,-0.482211,0.785058
1677110083,729002284,0.367162,0.665160,0.183545,0.340551,-0.186006,-0.481820,0.785669
1677110083,738277765,0.367311,0.665452,0.183382,0.339825,-0.185559,-0.481788,0.786109
1677110083,748799274,0.367503,0.665710,0.183232,0.339251,-0.185341,-0.481941,0.786314
1677110083,758580155,0.367667,0.665743,0.183133,0.338266,-0.185455,-0.482256,0.786519
1677110083,769071064,0.367982,0.665884,0.182928,0.338560,-0.185596,-0.482377,0.786285
1677110083,778408940,0.368221,0.665853,0.182826,0.337987,-0.185586,-0.482625,0.786381
1677110083,788586487,0.368342,0.665896,0.182760,0.337452,-0.185040,-0.483497,0.786204
1677110083,798933315,0.368614,0.665966,0.182553,0.337493,-0.185005,-0.484041,0.785860
1677110083,808495649,0.368681,0.666098,0.182405,0.337460,-0.184177,-0.484785,0.785610
1677110083,818536760,0.368822,0.666194,0.182246,0.337397,-0.183473,-0.484913,0.785723
1677110083,828885479,0.369003,0.666263,0.181991,0.337414,-0.182924,-0.484604,0.786034
1677110083,838521817,0.369301,0.666286,0.181667,0.337209,-0.183099,-0.483819,0.786565
1677110083,848748625,0.369380,0.666494,0.181386,0.336576,-0.182104,-0.484037,0.786933
1677110083,858725347,0.369578,0.666573,0.181066,0.335954,-0.182216,-0.483903,0.787255
1677110083,868994326,0.369845,0.666522,0.180741,0.335066,-0.182230,-0.483597,0.787818
1677110083,878291706,0.369929,0.666617,0.180522,0.335727,-0.181294,-0.484041,0.787479
1677110083,888666553,0.369870,0.666562,0.180545,0.336488,-0.180803,-0.484307,0.787104
1677110083,898761158,0.370028,0.666457,0.180437,0.337155,-0.182174,-0.484455,0.786412
1677110083,908538327,0.370055,0.666335,0.180449,0.336871,-0.181836,-0.484675,0.786476
1677110083,918482512,0.370046,0.666242,0.180419,0.336385,-0.181655,-0.485277,0.786354
1677110083,928950324,0.370161,0.666190,0.180331,0.337235,-0.181719,-0.484928,0.786190
1677110083,938587104,0.370247,0.666148,0.180230,0.338241,-0.182453,-0.484295,0.785979
1677110083,949102552,0.369996,0.666116,0.180306,0.337584,-0.182391,-0.484796,0.785966
1677110083,958493355,0.369860,0.666151,0.180278,0.337936,-0.182629,-0.485239,0.785487
1677110083,968563031,0.369887,0.666133,0.180238,0.338465,-0.183384,-0.485118,0.785158
1677110083,978318761,0.369908,0.666043,0.180135,0.339403,-0.183792,-0.484660,0.784940
1677110083,988488390,0.369769,0.665971,0.180154,0.339742,-0.183704,-0.485076,0.784557
1677110083,999139704,0.369824,0.665781,0.180098,0.340309,-0.184287,-0.484604,0.784466
1677110084,8604408,0.369731,0.665684,0.180046,0.340715,-0.184284,-0.484994,0.784049
1677110084,19164268,0.369759,0.665699,0.179897,0.341604,-0.184423,-0.485084,0.783574
1677110084,28641770,0.369811,0.665522,0.179810,0.341808,-0.184587,-0.484500,0.783808
1677110084,38401185,0.369918,0.665551,0.179646,0.342876,-0.185187,-0.483920,0.783558
1677110084,48826457,0.369736,0.665729,0.179597,0.342974,-0.184828,-0.484672,0.783135
1677110084,58973772,0.369654,0.665838,0.179492,0.342843,-0.184819,-0.484799,0.783116
1677110084,68296526,0.369679,0.666082,0.179312,0.343358,-0.184077,-0.484446,0.783283
1677110084,78044269,0.369735,0.666299,0.179129,0.343318,-0.184249,-0.484380,0.783301
1677110084,87938328,0.369781,0.666438,0.179014,0.343071,-0.184234,-0.483652,0.783863
1677110084,98523291,0.369865,0.666664,0.178830,0.343140,-0.184773,-0.483368,0.783881
1677110084,108228470,0.369850,0.666820,0.178805,0.342969,-0.184433,-0.483172,0.784156
1677110084,118818486,0.369971,0.666912,0.178702,0.342893,-0.184931,-0.483098,0.784118
1677110084,128284129,0.370092,0.666884,0.178636,0.342789,-0.184848,-0.483024,0.784229
1677110084,138251813,0.370274,0.666899,0.178542,0.342544,-0.185064,-0.483593,0.783934
1677110084,148690979,0.370412,0.666868,0.178486,0.341874,-0.184725,-0.484530,0.783728
1677110084,158539170,0.370697,0.666900,0.178344,0.342175,-0.184989,-0.485041,0.783218
1677110084,168918334,0.370773,0.667019,0.178300,0.342303,-0.183469,-0.485747,0.783082
1677110084,178646475,0.370900,0.667072,0.178226,0.342043,-0.183621,-0.486519,0.782680
1677110084,188307637,0.371044,0.667062,0.178174,0.341616,-0.183345,-0.486775,0.782773
1677110084,198442727,0.371154,0.667087,0.178101,0.341289,-0.182796,-0.487031,0.782885
1677110084,209113502,0.371409,0.667038,0.177998,0.341348,-0.183241,-0.486917,0.782826
1677110084,218775490,0.371539,0.667063,0.177990,0.341249,-0.182590,-0.487268,0.782802
1677110084,229283289,0.371675,0.666974,0.177985,0.340938,-0.182759,-0.487732,0.782610
1677110084,239108534,0.371814,0.666776,0.178034,0.340326,-0.182820,-0.487961,0.782719
1677110084,248955137,0.372006,0.666645,0.177966,0.340573,-0.182945,-0.488462,0.782270
1677110084,258344840,0.372145,0.666583,0.177930,0.340535,-0.183086,-0.489475,0.781620
1677110084,268359242,0.372302,0.666537,0.177865,0.340844,-0.182597,-0.490096,0.781210
1677110084,278576332,0.372343,0.666456,0.177848,0.340700,-0.182071,-0.490917,0.780881
1677110084,288249393,0.372644,0.666399,0.177659,0.341509,-0.182649,-0.490444,0.780689
1677110084,299063677,0.372642,0.666344,0.177667,0.341287,-0.182214,-0.490661,0.780752
1677110084,308382226,0.372735,0.666309,0.177607,0.341636,-0.182375,-0.490335,0.780767
1677110084,319103778,0.372885,0.666346,0.177487,0.342165,-0.182960,-0.490094,0.780549
1677110084,329313787,0.372804,0.666325,0.177546,0.341414,-0.183135,-0.490598,0.780520
1677110084,339186232,0.372890,0.666300,0.177446,0.341526,-0.183557,-0.490153,0.780651
1677110084,349283192,0.372914,0.666345,0.177349,0.341720,-0.183980,-0.490003,0.780562
1677110084,358949210,0.372965,0.666332,0.177223,0.341872,-0.184784,-0.489452,0.780651
1677110084,369253411,0.372937,0.666444,0.177091,0.342236,-0.185043,-0.489121,0.780637
1677110084,379181930,0.372862,0.666654,0.176909,0.342471,-0.185318,-0.489212,0.780412
1677110084,388591179,0.372945,0.666803,0.176625,0.343252,-0.185520,-0.488102,0.780716
1677110084,398552603,0.372864,0.667099,0.176367,0.343977,-0.184557,-0.487398,0.781065
1677110084,408372007,0.372920,0.667175,0.176144,0.343982,-0.185186,-0.485766,0.781930
1677110084,418659612,0.372776,0.667408,0.175968,0.344048,-0.184745,-0.484685,0.782675
1677110084,428795139,0.372660,0.667712,0.175811,0.344714,-0.184911,-0.483701,0.782952
1677110084,438538382,0.372571,0.667954,0.175709,0.345225,-0.185000,-0.482602,0.783384
1677110084,448956725,0.372317,0.668104,0.175725,0.344821,-0.184411,-0.482164,0.783970
1677110084,459018832,0.372263,0.668197,0.175641,0.344906,-0.185015,-0.481678,0.784089
1677110084,468820888,0.372386,0.668213,0.175477,0.345878,-0.185797,-0.480571,0.784155
1677110084,478573475,0.372376,0.668168,0.175405,0.346292,-0.186399,-0.480227,0.784041
1677110084,487919866,0.372279,0.668124,0.175443,0.346416,-0.186508,-0.480319,0.783904
1677110084,498772792,0.372295,0.668023,0.175399,0.347280,-0.186902,-0.480075,0.783576
1677110084,508359438,0.372219,0.667748,0.175445,0.347362,-0.187323,-0.479678,0.783683
1677110084,519541847,0.372219,0.667677,0.175332,0.348785,-0.188258,-0.479941,0.782665
1677110084,529336173,0.371999,0.667448,0.175456,0.348863,-0.188331,-0.480330,0.782374
1677110084,538375853,0.371950,0.667254,0.175458,0.349763,-0.188915,-0.480317,0.781839
1677110084,548908242,0.371752,0.667146,0.175462,0.350373,-0.189416,-0.481050,0.780994
1677110084,558743555,0.371753,0.666961,0.175376,0.351600,-0.190481,-0.480263,0.780667
1677110084,568670969,0.371688,0.666740,0.175306,0.352591,-0.191126,-0.479295,0.780658
1677110084,579276625,0.371474,0.666657,0.175278,0.353654,-0.191926,-0.479152,0.780069
1677110084,588799453,0.371189,0.666487,0.175307,0.354527,-0.192324,-0.478749,0.779822
1677110084,598505631,0.371009,0.666282,0.175312,0.355704,-0.193029,-0.478011,0.779564
1677110084,608560613,0.370814,0.665987,0.175368,0.356541,-0.194241,-0.477470,0.779211
1677110084,618770820,0.370456,0.665842,0.175418,0.357621,-0.194285,-0.477870,0.778460
1677110084,628774804,0.370222,0.665473,0.175500,0.358471,-0.194787,-0.477448,0.778203
1677110084,638817236,0.370068,0.665302,0.175532,0.360122,-0.195722,-0.477509,0.777168
1677110084,649172814,0.369894,0.664970,0.175593,0.361038,-0.196868,-0.477243,0.776617
1677110084,658690229,0.369631,0.664793,0.175604,0.362320,-0.197650,-0.477483,0.775673
1677110084,668401582,0.369440,0.664564,0.175610,0.363245,-0.198455,-0.477114,0.775262
1677110084,678680152,0.369149,0.664325,0.175646,0.364024,-0.199342,-0.476675,0.774939
1677110084,689406792,0.369027,0.664294,0.175534,0.365879,-0.200294,-0.476035,0.774213
1677110084,698446370,0.368780,0.664130,0.175508,0.366717,-0.201185,-0.475303,0.774035
1677110084,708379317,0.368447,0.663955,0.175589,0.367659,-0.201189,-0.474597,0.774020
1677110084,718198839,0.368336,0.663783,0.175514,0.369457,-0.203264,-0.473995,0.772990
1677110084,728259780,0.367701,0.663590,0.175714,0.369646,-0.202107,-0.474793,0.772713
1677110084,737878890,0.367717,0.663381,0.175606,0.371780,-0.203367,-0.473876,0.771922
1677110084,748196846,0.367648,0.663103,0.175550,0.373546,-0.204554,-0.472899,0.771354
1677110084,758437568,0.367291,0.662856,0.175637,0.374445,-0.204839,-0.472612,0.771019
1677110084,768033377,0.366973,0.662640,0.175700,0.375333,-0.205173,-0.471717,0.771046
1677110084,778234862,0.366877,0.662411,0.175566,0.376815,-0.206721,-0.469725,0.771126
1677110084,788612287,0.366346,0.662426,0.175633,0.378071,-0.206352,-0.468577,0.771309
1677110084,798213542,0.365950,0.662473,0.175568,0.379748,-0.207184,-0.466333,0.771622
1677110084,808549818,0.365444,0.662501,0.175572,0.381009,-0.207713,-0.463663,0.772466
1677110084,818708160,0.365030,0.662621,0.175434,0.383081,-0.209556,-0.460382,0.772906
1677110084,828492976,0.364284,0.662680,0.175499,0.384345,-0.209671,-0.457507,0.773954
1677110084,837853533,0.363950,0.662568,0.175431,0.386345,-0.211287,-0.453224,0.775038
1677110084,848148896,0.363279,0.662607,0.175424,0.387985,-0.212038,-0.451448,0.775050
1677110084,858098844,0.362855,0.662506,0.175338,0.390381,-0.212999,-0.448941,0.775039
1677110084,868692829,0.362527,0.662213,0.175264,0.392493,-0.214543,-0.446608,0.774895
1677110084,878372684,0.361755,0.661959,0.175392,0.393661,-0.213790,-0.446224,0.774731
1677110084,889101335,0.361609,0.661654,0.175275,0.396834,-0.215697,-0.444376,0.773645
1677110084,898668685,0.361092,0.661261,0.175350,0.398898,-0.215747,-0.443643,0.772991
1677110084,908679271,0.360686,0.660593,0.175479,0.400198,-0.216220,-0.442356,0.772924
1677110084,918402590,0.361205,0.659985,0.175192,0.404891,-0.220275,-0.438174,0.771716
1677110084,928281694,0.360767,0.659441,0.175268,0.407011,-0.220359,-0.437639,0.770880
1677110084,938819213,0.360292,0.659049,0.175250,0.409506,-0.220130,-0.437525,0.769688
1677110084,948943812,0.359909,0.658642,0.175248,0.411771,-0.220543,-0.437405,0.768428
1677110084,958559431,0.359495,0.658211,0.175231,0.413742,-0.220432,-0.437262,0.767482
1677110084,968173942,0.359256,0.657692,0.175210,0.415430,-0.221156,-0.436605,0.766736
1677110084,978916411,0.358887,0.657348,0.175200,0.417231,-0.221054,-0.436691,0.765738
1677110084,988941003,0.358498,0.657062,0.175199,0.418902,-0.220723,-0.436939,0.764779
1677110084,998948688,0.358275,0.656691,0.175194,0.420536,-0.221011,-0.436430,0.764089
1677110085,8764724,0.357927,0.656316,0.175237,0.420940,-0.221237,-0.436691,0.763652
1677110085,18534335,0.357812,0.656116,0.175127,0.422571,-0.221700,-0.436434,0.762763
1677110085,29095085,0.357667,0.656027,0.174996,0.423950,-0.222009,-0.436444,0.761902
1677110085,38661741,0.357541,0.655879,0.174903,0.425046,-0.222429,-0.435795,0.761541
1677110085,48990343,0.357193,0.655620,0.174891,0.425311,-0.222569,-0.435501,0.761520
1677110085,58551208,0.356947,0.655474,0.174834,0.426712,-0.223084,-0.434887,0.760936
1677110085,68736550,0.356695,0.655293,0.174759,0.428286,-0.223126,-0.433864,0.760623
1677110085,78644830,0.356483,0.655120,0.174705,0.429724,-0.223635,-0.433691,0.759761
1677110085,88444779,0.356298,0.654798,0.174682,0.430845,-0.223783,-0.433043,0.759453
1677110085,98482616,0.356277,0.654398,0.174586,0.432452,-0.224007,-0.432080,0.759021
1677110085,108823395,0.356183,0.653967,0.174527,0.433985,-0.223875,-0.431434,0.758552
1677110085,118345541,0.356460,0.653594,0.174388,0.437451,-0.223732,-0.429135,0.757907
1677110085,127954179,0.356424,0.653079,0.174347,0.439357,-0.223208,-0.428715,0.757197
1677110085,138296986,0.356491,0.652555,0.174276,0.441571,-0.222866,-0.428239,0.756279
1677110085,148016739,0.356634,0.651864,0.174230,0.443593,-0.222636,-0.427212,0.755743
1677110085,157910464,0.356780,0.651289,0.174179,0.445346,-0.222468,-0.426880,0.754950
1677110085,168197278,0.356663,0.650816,0.174166,0.446942,-0.220881,-0.427071,0.754364
1677110085,178362772,0.356788,0.650179,0.174140,0.448359,-0.220149,-0.426052,0.754313
1677110085,188587579,0.356973,0.649686,0.174047,0.450166,-0.219791,-0.425009,0.753930
1677110085,198845292,0.357124,0.649337,0.173958,0.452086,-0.219466,-0.424483,0.753171
1677110085,208940416,0.357130,0.648787,0.173945,0.453356,-0.218102,-0.422849,0.753723
1677110085,218754182,0.357412,0.648389,0.173786,0.455256,-0.218279,-0.421097,0.753507
1677110085,229252412,0.357356,0.647966,0.173775,0.455970,-0.216714,-0.420142,0.754060
1677110085,238839996,0.357568,0.647484,0.173689,0.457367,-0.216041,-0.418070,0.754559
1677110085,248309734,0.358505,0.647022,0.173366,0.461169,-0.217826,-0.413160,0.754436
1677110085,258866839,0.357999,0.646557,0.173472,0.459987,-0.215523,-0.414293,0.755198
1677110085,268888465,0.358917,0.646245,0.173064,0.464599,-0.216766,-0.410133,0.754289
1677110085,278421939,0.358681,0.645496,0.173150,0.464103,-0.214535,-0.409987,0.755310
1677110085,289014406,0.359288,0.645168,0.172873,0.467077,-0.214704,-0.407449,0.754802
1677110085,298815217,0.359320,0.644675,0.172863,0.468449,-0.213412,-0.407299,0.754399
1677110085,308527580,0.359701,0.644097,0.172752,0.470781,-0.212644,-0.405195,0.754298
1677110085,319114925,0.360096,0.643446,0.172640,0.472825,-0.212500,-0.403313,0.754068
1677110085,329017763,0.360765,0.643161,0.172322,0.476683,-0.212737,-0.401360,0.752613
1677110085,338369355,0.361184,0.642504,0.172153,0.478503,-0.212067,-0.399584,0.752592
1677110085,348027356,0.361558,0.642081,0.171961,0.481527,-0.210780,-0.397954,0.751889
1677110085,358670974,0.361980,0.641659,0.171783,0.484674,-0.209267,-0.395634,0.751513
1677110085,369321546,0.362373,0.641247,0.171598,0.488038,-0.207655,-0.392772,0.751284
1677110085,378556012,0.362779,0.640980,0.171364,0.491781,-0.205263,-0.389255,0.751332
1677110085,388658607,0.363245,0.640843,0.171058,0.496565,-0.203871,-0.384994,0.750759
1677110085,398742966,0.363523,0.640546,0.170840,0.500328,-0.202054,-0.380399,0.751094
1677110085,408341034,0.363697,0.640295,0.170639,0.504679,-0.199539,-0.374642,0.751749
1677110085,418904774,0.363733,0.640052,0.170428,0.508672,-0.197388,-0.369365,0.752237
1677110085,429227141,0.363782,0.639735,0.170212,0.512568,-0.195155,-0.363843,0.752866
1677110085,438880599,0.364042,0.639449,0.169963,0.516720,-0.192834,-0.358187,0.753338
1677110085,449001577,0.364348,0.639115,0.169677,0.520582,-0.189777,-0.352812,0.753991
1677110085,458708388,0.364963,0.638835,0.169324,0.524538,-0.187353,-0.347599,0.754277
1677110085,468266546,0.365503,0.638422,0.168988,0.527443,-0.184305,-0.343155,0.755036
1677110085,478937803,0.366111,0.638215,0.168591,0.531430,-0.180284,-0.338573,0.755280
1677110085,488764496,0.366929,0.638033,0.168173,0.535355,-0.177905,-0.333519,0.755321
1677110085,498430681,0.367761,0.638003,0.167781,0.540227,-0.175298,-0.327485,0.755102
1677110085,508088175,0.368348,0.637982,0.167440,0.544551,-0.171899,-0.320659,0.755707
1677110085,518461471,0.368836,0.638066,0.167090,0.548653,-0.169187,-0.312858,0.756621
1677110085,528895406,0.368923,0.638265,0.166756,0.552128,-0.166117,-0.305054,0.757959
1677110085,538621521,0.369290,0.638484,0.166424,0.556209,-0.165354,-0.295125,0.759073
1677110085,548863592,0.369225,0.638666,0.166157,0.559182,-0.164184,-0.286113,0.760590
1677110085,558989916,0.369399,0.638967,0.165813,0.562116,-0.163576,-0.276162,0.762235
1677110085,568342258,0.369446,0.639328,0.165461,0.564488,-0.162362,-0.266594,0.764147
1677110085,578975932,0.369526,0.639679,0.165127,0.567094,-0.161523,-0.257712,0.765441
1677110085,588687143,0.369658,0.640032,0.164820,0.570329,-0.160465,-0.249204,0.766077
1677110085,598768050,0.370012,0.640193,0.164562,0.573283,-0.159710,-0.240711,0.766745
1677110085,608069339,0.370418,0.640279,0.164264,0.575805,-0.158007,-0.233535,0.767427
1677110085,618834865,0.370804,0.640322,0.163957,0.578248,-0.155318,-0.227769,0.767872
1677110085,629074299,0.371634,0.640341,0.163651,0.581470,-0.153555,-0.221818,0.767535
1677110085,638423515,0.372482,0.640348,0.163350,0.584172,-0.150875,-0.216641,0.767494
1677110085,648592586,0.373332,0.640523,0.163027,0.587099,-0.147637,-0.212023,0.767179
1677110085,658397938,0.374236,0.640658,0.162786,0.589602,-0.143752,-0.207427,0.767254
1677110085,668243229,0.375183,0.640802,0.162571,0.592108,-0.140658,-0.203649,0.766910
1677110085,678529407,0.376340,0.640958,0.162469,0.594262,-0.137337,-0.199081,0.767045
1677110085,688609852,0.377479,0.641318,0.162317,0.596471,-0.132631,-0.195350,0.767118
1677110085,698933069,0.378887,0.641675,0.162228,0.598399,-0.129324,-0.191888,0.767055
1677110085,708868519,0.379952,0.642169,0.162109,0.599997,-0.123395,-0.189709,0.767325
1677110085,718549604,0.381576,0.642716,0.161937,0.602119,-0.119881,-0.186318,0.767051
1677110085,729408882,0.382877,0.643127,0.161836,0.603295,-0.114415,-0.183669,0.767600
1677110085,738618848,0.384356,0.643757,0.161696,0.605716,-0.110131,-0.181003,0.766953
1677110085,748933247,0.385627,0.644223,0.161575,0.607258,-0.104797,-0.178225,0.767132
1677110085,758188642,0.386994,0.644778,0.161505,0.608679,-0.099838,-0.174958,0.767419
1677110085,768800925,0.388492,0.645531,0.161382,0.610691,-0.095499,-0.171186,0.767224
1677110085,778706419,0.389756,0.646186,0.161329,0.611760,-0.090182,-0.167175,0.767899
1677110085,788285100,0.391098,0.647002,0.161227,0.613174,-0.086138,-0.163373,0.768054
1677110085,798660907,0.392248,0.647744,0.161103,0.614018,-0.081448,-0.159751,0.768653
1677110085,808843075,0.393544,0.648706,0.160940,0.615607,-0.077094,-0.155344,0.768735
1677110085,818572800,0.394914,0.649589,0.160705,0.616816,-0.073580,-0.150780,0.769019
1677110085,828940382,0.396138,0.650614,0.160518,0.618229,-0.068915,-0.146636,0.769117
1677110085,839055705,0.397427,0.651746,0.160317,0.619998,-0.064874,-0.143048,0.768721
1677110085,848809419,0.398638,0.652742,0.160184,0.621667,-0.059987,-0.139316,0.768455
1677110085,858654506,0.400009,0.653766,0.160119,0.623286,-0.055724,-0.135367,0.768170
1677110085,868708288,0.401228,0.654768,0.160033,0.624725,-0.051066,-0.132593,0.767809
1677110085,878734080,0.402392,0.655683,0.160101,0.625084,-0.045891,-0.130179,0.768256
1677110085,888205888,0.403575,0.656921,0.160112,0.626211,-0.040156,-0.127642,0.768085
1677110085,898994819,0.404804,0.658236,0.160070,0.627048,-0.035248,-0.124936,0.768088
1677110085,908657511,0.405579,0.659534,0.159959,0.627298,-0.028583,-0.123196,0.768442
1677110085,918830579,0.406736,0.660966,0.159852,0.628122,-0.023985,-0.118902,0.768602
1677110085,928991023,0.407170,0.662513,0.159648,0.629428,-0.017450,-0.116626,0.768059
1677110085,938532838,0.407864,0.664015,0.159516,0.631032,-0.012755,-0.111056,0.767660
1677110085,948396117,0.408173,0.665427,0.159500,0.632299,-0.009564,-0.107162,0.767218
1677110085,958577471,0.408369,0.666481,0.159500,0.632291,-0.006454,-0.101919,0.767971
1677110085,969232098,0.408484,0.667776,0.159424,0.633259,-0.004646,-0.097005,0.767823
1677110085,978704112,0.408511,0.668921,0.159291,0.633604,-0.003143,-0.091820,0.768183
1677110085,988796199,0.408450,0.669956,0.159140,0.633771,-0.002062,-0.086932,0.768618
1677110085,999006345,0.408335,0.670976,0.158977,0.634547,-0.000879,-0.081566,0.768568
1677110086,8982428,0.408275,0.672053,0.158817,0.635816,-0.000645,-0.076509,0.768039
1677110086,19207767,0.408249,0.672926,0.158623,0.636524,-0.000350,-0.071317,0.767953
1677110086,29492965,0.408111,0.673854,0.158414,0.637155,0.000706,-0.067058,0.767812
1677110086,38996972,0.408088,0.674951,0.158191,0.638381,0.001291,-0.062948,0.767141
1677110086,48689659,0.408052,0.676011,0.158015,0.639388,0.002231,-0.059005,0.766613
1677110086,58992094,0.408060,0.677162,0.157880,0.640740,0.003073,-0.054823,0.765792
1677110086,68743148,0.407928,0.678237,0.157852,0.641705,0.003578,-0.051726,0.765197
1677110086,78692403,0.407753,0.679134,0.157774,0.642143,0.004125,-0.048651,0.765029
1677110086,88671369,0.407665,0.680025,0.157670,0.642807,0.004155,-0.045222,0.764681
1677110086,98750920,0.407407,0.680810,0.157549,0.643205,0.004334,-0.042569,0.764498
1677110086,108746595,0.407221,0.681637,0.157362,0.643464,0.004071,-0.040067,0.764416
1677110086,119224508,0.406948,0.682435,0.157200,0.643970,0.004280,-0.037660,0.764112
1677110086,129139627,0.406618,0.683239,0.157061,0.645023,0.004582,-0.034957,0.763349
1677110086,138566331,0.406258,0.683967,0.156860,0.645761,0.005030,-0.032254,0.762841
1677110086,148506510,0.405759,0.684687,0.156683,0.646720,0.006076,-0.029799,0.762121
1677110086,158824812,0.405377,0.685559,0.156499,0.648109,0.006841,-0.026530,0.761055
1677110086,168668179,0.404787,0.686256,0.156326,0.648685,0.007780,-0.023900,0.760642
1677110086,178911418,0.404239,0.686947,0.156209,0.649335,0.008131,-0.021211,0.760163
1677110086,188911223,0.403609,0.687611,0.156064,0.650114,0.008724,-0.018147,0.759570
1677110086,199002248,0.403129,0.688208,0.155846,0.650777,0.008068,-0.014989,0.759078
1677110086,208345653,0.402466,0.688663,0.155654,0.651050,0.008111,-0.012563,0.758887
1677110086,218908523,0.401954,0.689057,0.155532,0.651933,0.007735,-0.009120,0.758182
1677110086,228917293,0.401563,0.689242,0.155404,0.652216,0.006944,-0.005725,0.757979
1677110086,238259530,0.401095,0.689746,0.155259,0.653941,0.006764,-0.003636,0.756507
1677110086,248374463,0.400755,0.690052,0.155107,0.654732,0.006507,-0.001905,0.755831
1677110086,258571895,0.400568,0.690410,0.154931,0.656237,0.006192,-0.000746,0.754529
1677110086,268291480,0.400534,0.690505,0.154795,0.656955,0.006443,0.000255,0.753902
1677110086,278789386,0.400614,0.690551,0.154679,0.657466,0.006644,0.000513,0.753455
1677110086,289450869,0.400867,0.690515,0.154557,0.657737,0.007156,0.000433,0.753213
1677110086,298453725,0.401222,0.690493,0.154426,0.658308,0.007736,-0.000496,0.752708
1677110086,309128802,0.401628,0.690684,0.154282,0.659846,0.008502,-0.002260,0.751349
1677110086,318604230,0.402214,0.690517,0.154150,0.659915,0.009336,-0.003891,0.751272
1677110086,328633250,0.402837,0.690724,0.154015,0.661502,0.010013,-0.005859,0.749853
1677110086,338538544,0.403388,0.690694,0.153904,0.662601,0.011423,-0.008343,0.748839
1677110086,349492821,0.404028,0.690722,0.153797,0.664195,0.013056,-0.010232,0.747376
1677110086,358928874,0.404687,0.690744,0.153558,0.665525,0.014610,-0.013178,0.746116
1677110086,368960134,0.405208,0.690720,0.153295,0.666535,0.017761,-0.015577,0.745100
1677110086,378773667,0.405780,0.690856,0.153019,0.668276,0.020933,-0.017884,0.743404
1677110086,388495251,0.406283,0.690923,0.152752,0.669842,0.024679,-0.019817,0.741828
1677110086,398154902,0.406833,0.691032,0.152469,0.671541,0.027606,-0.021459,0.740142
1677110086,408444799,0.407334,0.691053,0.152175,0.672644,0.030451,-0.022512,0.738997
1677110086,418581066,0.407710,0.691161,0.151881,0.674161,0.033140,-0.024182,0.737444
1677110086,428429602,0.408044,0.691103,0.151605,0.675140,0.035368,-0.025557,0.736398
1677110086,438210148,0.408310,0.691037,0.151452,0.676695,0.037391,-0.026155,0.734848
1677110086,448458452,0.408588,0.690968,0.151322,0.678485,0.037845,-0.027405,0.733127
1677110086,458387757,0.408820,0.690932,0.151232,0.680191,0.038670,-0.027682,0.731491
1677110086,467980900,0.408952,0.690650,0.151180,0.681009,0.039766,-0.027779,0.730666
1677110086,477891980,0.409052,0.690627,0.151191,0.682978,0.040341,-0.028131,0.728781
1677110086,488381258,0.409118,0.690510,0.151221,0.684542,0.040729,-0.027980,0.727297
1677110086,498806179,0.409098,0.690195,0.151219,0.685362,0.041074,-0.028331,0.726491
1677110086,508934474,0.409003,0.690018,0.151211,0.686751,0.041993,-0.028306,0.725126
1677110086,518533954,0.409107,0.689846,0.151188,0.688183,0.041826,-0.028091,0.723786
1677110086,528701845,0.409160,0.689711,0.151209,0.689496,0.042078,-0.028085,0.722520
1677110086,538899096,0.409167,0.689505,0.151226,0.690188,0.042024,-0.028609,0.721842
1677110086,548922865,0.409262,0.689307,0.151264,0.690923,0.042123,-0.028659,0.721131
1677110086,558865283,0.409242,0.689039,0.151327,0.691656,0.042133,-0.029913,0.720376
1677110086,569439039,0.409418,0.688808,0.151378,0.693129,0.041924,-0.030147,0.718962
1677110086,578992142,0.409566,0.688591,0.151435,0.694704,0.041879,-0.031129,0.717400
1677110086,588408960,0.409669,0.688275,0.151501,0.695686,0.042044,-0.032465,0.716379
1677110086,598271129,0.409852,0.688051,0.151503,0.696923,0.041930,-0.033557,0.715132
1677110086,608708164,0.409862,0.687758,0.151481,0.697406,0.043016,-0.034637,0.714546
1677110086,618467763,0.409984,0.687643,0.151483,0.699127,0.043563,-0.035520,0.712785
1677110086,628279988,0.410031,0.687210,0.151495,0.699747,0.044932,-0.036291,0.712052
1677110086,638704477,0.410176,0.686853,0.151574,0.700993,0.045606,-0.036666,0.710763
1677110086,648732747,0.410273,0.686424,0.151691,0.702425,0.046519,-0.037165,0.709263
1677110086,658404946,0.410346,0.685887,0.151840,0.703890,0.047481,-0.037452,0.707730
1677110086,668965059,0.410528,0.685469,0.152011,0.706335,0.047710,-0.037692,0.705261
1677110086,678713433,0.410600,0.684981,0.152190,0.708060,0.048746,-0.038217,0.703431
1677110086,688732929,0.410799,0.684549,0.152376,0.709356,0.048768,-0.038739,0.702094
1677110086,699219612,0.410885,0.684260,0.152561,0.711302,0.049532,-0.039059,0.700051
1677110086,709210986,0.410963,0.683854,0.152703,0.712263,0.050301,-0.039477,0.698994
1677110086,718804926,0.411075,0.683642,0.152883,0.713364,0.050773,-0.039409,0.697840
1677110086,728179647,0.411197,0.683462,0.153081,0.714292,0.050859,-0.039690,0.696868
1677110086,737984157,0.411268,0.683267,0.153312,0.714965,0.050460,-0.040469,0.696162
1677110086,749389419,0.411346,0.683192,0.153540,0.716434,0.049612,-0.040899,0.694686
1677110086,759154629,0.411438,0.682739,0.153747,0.716798,0.048488,-0.040898,0.694390
1677110086,769638737,0.411325,0.682363,0.154009,0.718520,0.047716,-0.041446,0.692629
1677110086,779154796,0.411277,0.681729,0.154299,0.720174,0.047378,-0.040532,0.690986
1677110086,788884456,0.411248,0.681095,0.154669,0.722867,0.047320,-0.039528,0.688231
1677110086,798740110,0.411115,0.680544,0.155045,0.725601,0.047320,-0.040028,0.685318
1677110086,808723790,0.411230,0.679939,0.155427,0.727376,0.046601,-0.039489,0.683515
1677110086,818924625,0.411444,0.679579,0.155780,0.729110,0.045496,-0.039342,0.681749
1677110086,828829757,0.411502,0.679214,0.156114,0.730423,0.045332,-0.039943,0.680318
1677110086,838598481,0.411626,0.678899,0.156463,0.731900,0.045475,-0.040023,0.678714
1677110086,848896880,0.411804,0.678572,0.156875,0.733564,0.045448,-0.040294,0.676901
1677110086,858363517,0.411903,0.678019,0.157311,0.734661,0.045543,-0.040912,0.675667
1677110086,868414402,0.412115,0.677475,0.157778,0.736276,0.045229,-0.040533,0.673951
1677110086,878865609,0.412090,0.676974,0.158334,0.738342,0.045376,-0.041937,0.671590
1677110086,889066471,0.412309,0.676300,0.158881,0.740038,0.044768,-0.041652,0.669780
1677110086,898827151,0.412449,0.675803,0.159535,0.742794,0.044043,-0.042035,0.666746
1677110086,908612342,0.412579,0.675106,0.160226,0.745041,0.043823,-0.041660,0.664272
1677110086,918732715,0.412742,0.674378,0.160890,0.747154,0.042917,-0.041944,0.661936
1677110086,928782468,0.412920,0.673847,0.161578,0.749711,0.042402,-0.041920,0.659074
1677110086,938395123,0.412957,0.673286,0.162254,0.751413,0.042861,-0.041983,0.657099
1677110086,948657598,0.413197,0.672995,0.162979,0.753497,0.042177,-0.042085,0.654746
1677110086,958532077,0.413325,0.672438,0.163648,0.754090,0.042174,-0.042010,0.654068
1677110086,968828614,0.413464,0.672094,0.164356,0.755245,0.042083,-0.042274,0.652723
1677110086,978919324,0.413547,0.671812,0.165120,0.756562,0.042154,-0.042748,0.651160
1677110086,988826550,0.413586,0.671480,0.165921,0.757859,0.042591,-0.042731,0.649623
1677110086,998583498,0.413719,0.671219,0.166724,0.759482,0.042380,-0.042595,0.647747
1677110087,8183022,0.413834,0.670977,0.167584,0.761229,0.042180,-0.041695,0.645765
1677110087,18810397,0.413737,0.670792,0.168486,0.762912,0.043090,-0.041114,0.643753
1677110087,28918043,0.413668,0.670601,0.169335,0.764070,0.043292,-0.040720,0.642390
1677110087,38512604,0.413595,0.670378,0.170159,0.764624,0.043640,-0.039629,0.641775
1677110087,48865338,0.413574,0.670333,0.171015,0.765572,0.042568,-0.039092,0.640749
1677110087,59258909,0.413427,0.670332,0.171905,0.766636,0.042499,-0.037953,0.639549
1677110087,68484917,0.413304,0.670248,0.172840,0.767405,0.042078,-0.036777,0.638722
1677110087,78743382,0.413078,0.670290,0.173778,0.768319,0.041665,-0.036121,0.637688
1677110087,89482343,0.412980,0.670256,0.174738,0.769212,0.040939,-0.034776,0.636732
1677110087,98734343,0.412790,0.670130,0.175736,0.769915,0.040135,-0.033959,0.635978
1677110087,108403339,0.412548,0.669972,0.176736,0.770686,0.040024,-0.033118,0.635094
1677110087,118880604,0.412507,0.669924,0.177827,0.772124,0.038989,-0.031745,0.633480
1677110087,128501456,0.412372,0.669847,0.178957,0.773477,0.038115,-0.030950,0.631920
1677110087,138561260,0.412161,0.669603,0.180039,0.774458,0.038502,-0.029556,0.630760
1677110087,149356649,0.411953,0.669449,0.181173,0.775456,0.038423,-0.029313,0.629549
1677110087,159080928,0.411983,0.669445,0.182327,0.776881,0.037411,-0.028255,0.627900
1677110087,169093555,0.411942,0.669293,0.183508,0.777771,0.037168,-0.027154,0.626860
1677110087,178888733,0.411753,0.669147,0.184627,0.778249,0.037917,-0.026704,0.626242
1677110087,188467255,0.411760,0.669222,0.185804,0.779251,0.037515,-0.025916,0.625051
1677110087,198836370,0.411751,0.669260,0.187017,0.779520,0.037393,-0.025476,0.624741
1677110087,208954850,0.411758,0.669351,0.188252,0.779842,0.037289,-0.025102,0.624360
1677110087,219150289,0.411584,0.669332,0.189571,0.779843,0.038123,-0.025143,0.624307
1677110087,228802553,0.411683,0.669363,0.190948,0.780564,0.037403,-0.024579,0.623472
1677110087,238658415,0.411701,0.669177,0.192371,0.781159,0.037235,-0.024083,0.622755
1677110087,248725416,0.411630,0.669049,0.193903,0.782297,0.037304,-0.023419,0.621346
1677110087,258242812,0.411666,0.668839,0.195468,0.783377,0.036983,-0.022513,0.620037
1677110087,268163621,0.411607,0.668596,0.197118,0.784414,0.036805,-0.021809,0.618760
1677110087,278540306,0.411507,0.668352,0.198804,0.785118,0.036861,-0.020998,0.617892
1677110087,288851298,0.411353,0.667953,0.200439,0.785011,0.036932,-0.020543,0.618039
1677110087,298604806,0.411352,0.667885,0.202234,0.785981,0.036125,-0.019795,0.616877
1677110087,308887968,0.411191,0.667773,0.204021,0.786582,0.036453,-0.018701,0.616125
1677110087,318368091,0.411050,0.667707,0.205830,0.787025,0.035894,-0.018178,0.615608
1677110087,328383095,0.411062,0.667562,0.207620,0.786763,0.035079,-0.016790,0.616028
1677110087,338001907,0.410850,0.667535,0.209473,0.786748,0.034945,-0.015790,0.616082
1677110087,348419940,0.410567,0.667546,0.211416,0.786939,0.034745,-0.015077,0.615868
1677110087,358513560,0.410236,0.667359,0.213319,0.786809,0.035057,-0.013468,0.616053
1677110087,368747786,0.410004,0.667334,0.215318,0.787641,0.033836,-0.011772,0.615092
1677110087,378519601,0.409788,0.667174,0.217345,0.788412,0.032322,-0.010171,0.614214
1677110087,388335304,0.409685,0.666798,0.219349,0.789008,0.028937,-0.009248,0.613632
1677110087,398336732,0.409314,0.666692,0.221411,0.790194,0.027879,-0.007189,0.612181
1677110087,408826639,0.409002,0.666470,0.223378,0.790770,0.026483,-0.005255,0.611518
1677110087,418635662,0.408734,0.666332,0.225349,0.791232,0.025081,-0.003095,0.610994
1677110087,428479327,0.408528,0.666669,0.227378,0.792556,0.024274,-0.000597,0.609316
1677110087,438497995,0.408255,0.665843,0.229128,0.789437,0.022426,0.000706,0.613421
1677110087,448603432,0.408322,0.666075,0.231057,0.789447,0.020052,0.003257,0.613482
1677110087,458114837,0.408585,0.665934,0.232906,0.788278,0.016977,0.006764,0.615047
1677110087,469389796,0.407807,0.666220,0.235049,0.789122,0.017915,0.003978,0.613962
1677110087,478818116,0.407643,0.666318,0.237066,0.789809,0.017253,0.005495,0.613085
1677110087,488419353,0.407458,0.666161,0.239028,0.790136,0.016938,0.007172,0.612656
1677110087,498886509,0.407277,0.665974,0.240978,0.790559,0.016391,0.007878,0.612115
1677110087,508331972,0.407244,0.665764,0.242900,0.790810,0.015631,0.009229,0.611792
1677110087,518211300,0.407208,0.665813,0.244850,0.791796,0.015087,0.010335,0.610512
1677110087,528651791,0.407195,0.665688,0.246717,0.791730,0.014738,0.011039,0.610594
1677110087,538790549,0.407066,0.665604,0.248579,0.791782,0.015260,0.011442,0.610506
1677110087,548564975,0.407295,0.665619,0.250443,0.792143,0.014287,0.012150,0.610047
1677110087,557956948,0.407344,0.665557,0.252208,0.792226,0.014760,0.012613,0.609919
1677110087,568490565,0.407571,0.665673,0.253973,0.792724,0.014496,0.012852,0.609273
1677110087,578689026,0.407729,0.665683,0.255596,0.792336,0.015293,0.013240,0.609749
1677110087,588925335,0.407826,0.665835,0.257287,0.792318,0.016335,0.012926,0.609753
1677110087,598780595,0.408105,0.666064,0.258949,0.792282,0.016496,0.013030,0.609792
1677110087,608404622,0.408360,0.666227,0.260577,0.792165,0.016842,0.013123,0.609933
1677110087,618191989,0.408410,0.666241,0.262164,0.791777,0.017868,0.012625,0.610418
1677110087,627909606,0.408674,0.666216,0.263722,0.791804,0.017891,0.013181,0.610371
1677110087,638023237,0.408749,0.666219,0.265325,0.792343,0.018772,0.013803,0.609631
1677110087,648060390,0.408989,0.666238,0.266929,0.792859,0.018558,0.014101,0.608960
1677110087,658946441,0.409196,0.666256,0.268466,0.793056,0.018650,0.015002,0.608679
1677110087,668733979,0.409341,0.666228,0.270006,0.792971,0.018802,0.015117,0.608782
1677110087,678990951,0.409438,0.666284,0.271546,0.792979,0.018788,0.014753,0.608780
1677110087,688886728,0.409623,0.666248,0.273088,0.792706,0.018553,0.015284,0.609130
1677110087,698972057,0.409780,0.666318,0.274672,0.792840,0.018155,0.014900,0.608977
1677110087,708530543,0.409845,0.666230,0.276193,0.792657,0.018239,0.014864,0.609214
1677110087,718695291,0.410028,0.666307,0.277817,0.793271,0.018039,0.015921,0.608393
1677110087,728644191,0.410121,0.666191,0.279362,0.793186,0.018172,0.016373,0.608488
1677110087,738327041,0.410113,0.666177,0.280964,0.793596,0.018379,0.016714,0.607938
1677110087,748341809,0.410277,0.666118,0.282503,0.793749,0.017947,0.018002,0.607714
1677110087,758565578,0.410257,0.666092,0.284059,0.793789,0.017801,0.018282,0.607658
1677110087,769315291,0.410132,0.666099,0.285570,0.793828,0.017815,0.018515,0.607599
1677110087,778361173,0.410185,0.666253,0.287103,0.794261,0.017145,0.019351,0.607027
1677110087,788825166,0.410164,0.666191,0.288552,0.794155,0.016604,0.019889,0.607162
1677110087,798956130,0.410150,0.666270,0.289984,0.794140,0.016196,0.021048,0.607155
1677110087,808552991,0.410032,0.666296,0.291348,0.793765,0.016156,0.021624,0.607625
1677110087,818772169,0.410040,0.666383,0.292665,0.793341,0.015283,0.022352,0.608175
1677110087,829222475,0.409911,0.666576,0.293993,0.793266,0.015552,0.022940,0.608244
1677110087,838858178,0.409814,0.666446,0.295197,0.792276,0.015477,0.023138,0.609528
1677110087,848606647,0.409898,0.666610,0.296501,0.792602,0.014575,0.023512,0.609112
1677110087,858654026,0.409867,0.666477,0.297661,0.791949,0.014508,0.023849,0.609949
1677110087,868255862,0.409909,0.666594,0.298833,0.791984,0.013918,0.024306,0.609899
1677110087,878907430,0.409924,0.666807,0.299949,0.792239,0.013148,0.023934,0.609600
1677110087,889582688,0.410378,0.667858,0.301318,0.794735,0.011589,0.025810,0.606296
1677110087,898485983,0.410429,0.668159,0.302344,0.794591,0.011328,0.026093,0.606478
1677110087,908687909,0.410668,0.668779,0.303421,0.795356,0.010534,0.027851,0.605410
1677110087,918639710,0.410600,0.667067,0.303861,0.787564,0.010137,0.027020,0.615557
1677110087,928304787,0.410701,0.667401,0.304754,0.786844,0.009005,0.027208,0.616486
1677110087,938138166,0.410609,0.667362,0.305502,0.784912,0.009191,0.028149,0.618900
1677110087,948120535,0.410748,0.667431,0.306222,0.783810,0.008559,0.030851,0.620175
1677110087,959166223,0.410735,0.667459,0.306937,0.783324,0.007701,0.033090,0.620685
1677110087,968081617,0.410122,0.667783,0.307752,0.784073,0.006523,0.028528,0.619978
1677110087,978059164,0.408607,0.668267,0.308746,0.786937,0.012974,0.028377,0.616244
1677110087,988885311,0.408317,0.668208,0.309343,0.787011,0.011737,0.029022,0.616145
1677110087,998206725,0.408023,0.667881,0.309669,0.785933,0.010716,0.029337,0.617522
1677110088,8626835,0.408069,0.667639,0.309982,0.785108,0.009041,0.031821,0.618475
1677110088,18730684,0.407917,0.667553,0.310276,0.784719,0.007483,0.032299,0.618964
1677110088,28611199,0.407804,0.667285,0.310467,0.783670,0.006146,0.032568,0.620292
1677110088,38147065,0.407926,0.667345,0.310753,0.783932,0.004387,0.033309,0.619937
1677110088,49145499,0.408716,0.667213,0.311405,0.784506,-0.003597,0.033075,0.619228
1677110088,58665176,0.409416,0.666865,0.311457,0.783368,-0.005052,0.037257,0.620420
1677110088,68442517,0.408987,0.667046,0.311797,0.783876,-0.004801,0.033510,0.619994
1677110088,78311017,0.409511,0.666895,0.311846,0.783585,-0.004120,0.036096,0.620221
1677110088,88695584,0.409698,0.666850,0.312080,0.783859,-0.004233,0.034793,0.619949
