secs,nsecs,tx,ty,tz,rx,ry,rz,rw
1677109303,940310921,0.533658,0.642256,0.432663,0.387557,0.082805,0.079276,0.914690
1677109303,950722566,0.533750,0.642460,0.432543,0.387832,0.082900,0.079378,0.914556
1677109303,961223711,0.533717,0.642657,0.432450,0.388151,0.083104,0.079181,0.914419
1677109303,970837761,0.533731,0.642802,0.432386,0.388162,0.083190,0.079512,0.914378
1677109303,981058381,0.533683,0.642981,0.432291,0.388474,0.083298,0.079972,0.914196
1677109303,991347635,0.533593,0.643253,0.432137,0.388953,0.083482,0.080447,0.913934
1677109304,1298024,0.533676,0.643484,0.432037,0.388549,0.082712,0.081826,0.914053
1677109304,10814852,0.533764,0.643766,0.431895,0.387825,0.082132,0.083752,0.914238
1677109304,21196703,0.533048,0.644172,0.431702,0.387986,0.082020,0.081584,0.914376
1677109304,31115309,0.532785,0.644378,0.431636,0.386460,0.081887,0.082365,0.914964
1677109304,40505377,0.532713,0.644837,0.431462,0.386521,0.080844,0.084102,0.914873
1677109304,51041725,0.532360,0.645057,0.431455,0.385451,0.080680,0.084751,0.915279
1677109304,60453943,0.531956,0.645306,0.431396,0.384989,0.080665,0.085440,0.915411
1677109304,70742218,0.531775,0.645617,0.431359,0.384801,0.080427,0.087425,0.915323
1677109304,80609850,0.531335,0.645763,0.431413,0.384200,0.081134,0.088681,0.915393
1677109304,90413268,0.531011,0.645980,0.431492,0.384389,0.080964,0.089900,0.915209
1677109304,100686398,0.530636,0.646029,0.431620,0.384134,0.081173,0.091115,0.915178
1677109304,110809225,0.530275,0.646183,0.431679,0.384964,0.081136,0.092298,0.914713
1677109304,121187170,0.529971,0.646265,0.431770,0.385503,0.080861,0.093457,0.914393
1677109304,131317905,0.529618,0.646275,0.431892,0.385555,0.080721,0.094225,0.914305
1677109304,140200393,0.529412,0.646410,0.431884,0.386281,0.079845,0.095402,0.913953
1677109304,151198685,0.529183,0.646509,0.431886,0.386316,0.079846,0.096640,0.913808
1677109304,160558387,0.528826,0.646636,0.431810,0.386471,0.080010,0.096626,0.913730
1677109304,171208255,0.528615,0.646693,0.431817,0.385587,0.080136,0.097086,0.914043
1677109304,180703026,0.528501,0.646896,0.431677,0.385489,0.080220,0.097832,0.913998
1677109304,191051215,0.528385,0.647143,0.431503,0.385486,0.080350,0.098105,0.913958
1677109304,201361570,0.528209,0.647270,0.431406,0.384793,0.080970,0.097948,0.914212
1677109304,211239602,0.528073,0.647401,0.431270,0.384374,0.081855,0.098002,0.914304
1677109304,221099186,0.527947,0.647535,0.431122,0.384116,0.082276,0.097698,0.914407
1677109304,231061672,0.527853,0.647698,0.430911,0.384219,0.082565,0.097670,0.914341
1677109304,241077443,0.527639,0.647758,0.430761,0.383622,0.083331,0.097216,0.914570
1677109304,250945672,0.527613,0.648015,0.430443,0.383954,0.083467,0.097933,0.914342
1677109304,261078335,0.527398,0.648146,0.430129,0.383765,0.083847,0.097970,0.914383
1677109304,270808900,0.527355,0.648287,0.429789,0.383339,0.083663,0.098949,0.914473
1677109304,280854310,0.527027,0.648462,0.429403,0.383135,0.084123,0.098946,0.914516
1677109304,290688715,0.526754,0.648506,0.429092,0.381957,0.083908,0.099203,0.915001
1677109304,301515910,0.526402,0.648696,0.428656,0.381592,0.084318,0.099711,0.915061
1677109304,311007550,0.526260,0.648888,0.428243,0.381040,0.083975,0.101415,0.915135
1677109304,320709576,0.525981,0.649093,0.427819,0.380726,0.083382,0.102368,0.915213
1677109304,331070774,0.525488,0.649132,0.427459,0.379800,0.083824,0.102860,0.915503
1677109304,341082919,0.525112,0.649173,0.427119,0.378991,0.083907,0.103874,0.915716
1677109304,350456804,0.524568,0.649335,0.426657,0.379624,0.084504,0.104425,0.915336
1677109304,360886888,0.524129,0.649502,0.426191,0.380355,0.084257,0.105602,0.914920
1677109304,371120055,0.523527,0.649520,0.425800,0.380408,0.084854,0.105933,0.914805
1677109304,380879565,0.524129,0.649423,0.425493,0.378346,0.081461,0.112587,0.915174
1677109304,391035950,0.523642,0.649429,0.425066,0.377988,0.081766,0.113621,0.915166
1677109304,401677257,0.523385,0.649517,0.424603,0.377937,0.081357,0.115500,0.914989
1677109304,410823015,0.523087,0.649569,0.424131,0.377635,0.081601,0.117149,0.914882
1677109304,421334939,0.522790,0.649634,0.423641,0.377338,0.081236,0.118032,0.914924
1677109304,430558835,0.522599,0.649667,0.423201,0.376927,0.080843,0.119184,0.914978
1677109304,440786322,0.522495,0.649668,0.422769,0.376363,0.080471,0.120254,0.915103
1677109304,451259398,0.522310,0.649943,0.422132,0.377697,0.080430,0.120788,0.914487
1677109304,461216490,0.522102,0.649816,0.421749,0.376613,0.080710,0.120235,0.914982
1677109304,471071470,0.522071,0.649860,0.421250,0.376349,0.080927,0.120494,0.915037
1677109304,481041014,0.522055,0.649926,0.420744,0.376022,0.081501,0.120655,0.915100
1677109304,491234362,0.522008,0.649947,0.420290,0.375555,0.082022,0.120160,0.915310
1677109304,501537873,0.522046,0.650079,0.419762,0.375842,0.082401,0.119930,0.915189
1677109304,510544231,0.522082,0.650117,0.419310,0.375844,0.082764,0.119421,0.915221
1677109304,520827074,0.522226,0.650029,0.418973,0.374948,0.082742,0.119264,0.915611
1677109304,530482925,0.522285,0.650139,0.418467,0.375821,0.083062,0.119069,0.915250
1677109304,540497543,0.522336,0.649929,0.418196,0.374601,0.083388,0.118624,0.915778
1677109304,550227150,0.522322,0.649978,0.417680,0.375429,0.083849,0.118342,0.915433
1677109304,560718050,0.522206,0.649856,0.417251,0.375464,0.084345,0.117617,0.915466
1677109304,570856723,0.522340,0.649909,0.416674,0.376436,0.083919,0.118376,0.915009
1677109304,580861957,0.522280,0.649778,0.416156,0.376214,0.084645,0.118354,0.915036
1677109304,590995439,0.522358,0.649971,0.415447,0.377534,0.084682,0.119137,0.914387
1677109304,601102832,0.522309,0.649862,0.414919,0.376509,0.085389,0.119164,0.914740
1677109304,610691678,0.522412,0.650224,0.414074,0.377980,0.085258,0.120145,0.914017
1677109304,621193291,0.522494,0.650301,0.413439,0.377209,0.085440,0.120725,0.914242
1677109304,631022181,0.522647,0.650516,0.412703,0.377135,0.085064,0.121494,0.914206
1677109304,640480627,0.522760,0.650777,0.411961,0.377074,0.084686,0.121882,0.914214
1677109304,650826474,0.522777,0.651119,0.411143,0.377800,0.085185,0.121853,0.913872
1677109304,661333694,0.523068,0.651488,0.410419,0.377940,0.084886,0.122984,0.913691
1677109304,671306156,0.522253,0.650724,0.410062,0.373130,0.089280,0.118984,0.915776
1677109304,680269212,0.522321,0.650890,0.409405,0.372947,0.089462,0.118775,0.915860
1677109304,690718176,0.522455,0.650875,0.408863,0.371927,0.089854,0.118786,0.916235
1677109304,700584830,0.522549,0.651040,0.408205,0.372337,0.090320,0.118803,0.916020
1677109304,710510847,0.522750,0.651122,0.407559,0.372200,0.091179,0.119504,0.915900
1677109304,721223829,0.522611,0.651123,0.406950,0.372028,0.092050,0.118189,0.916053
1677109304,730619163,0.522741,0.651170,0.406264,0.371825,0.092086,0.118457,0.916097
1677109304,740187848,0.522747,0.651279,0.405534,0.371753,0.092242,0.118191,0.916145
1677109304,750708498,0.522738,0.651380,0.404817,0.371248,0.092897,0.118291,0.916271
1677109304,760877723,0.522693,0.651335,0.404189,0.369788,0.093444,0.117898,0.916856
1677109304,770743531,0.522919,0.651593,0.403387,0.370140,0.093361,0.119175,0.916557
1677109304,780663378,0.522805,0.651549,0.402722,0.369245,0.093780,0.118444,0.916970
1677109304,791417133,0.522703,0.651569,0.402032,0.368870,0.094446,0.117945,0.917117
1677109304,800534698,0.522926,0.651706,0.401337,0.369302,0.093982,0.118778,0.916883
1677109304,810816759,0.522841,0.651443,0.400864,0.367943,0.094682,0.117852,0.917477
1677109304,821048161,0.522931,0.651385,0.400340,0.367899,0.094552,0.117832,0.917511
1677109304,830566870,0.523044,0.651248,0.399862,0.367636,0.094697,0.117989,0.917581
1677109304,840341905,0.523056,0.651219,0.399354,0.368425,0.094823,0.117624,0.917298
1677109304,850885920,0.522988,0.651188,0.398815,0.369580,0.094860,0.116814,0.916933
1677109304,860732161,0.523122,0.650886,0.398516,0.368581,0.095165,0.117443,0.917224
1677109304,870846391,0.523105,0.650904,0.397986,0.369847,0.095562,0.117524,0.916662
1677109304,880770718,0.523001,0.650773,0.397556,0.370347,0.095648,0.117218,0.916490
1677109304,890672175,0.523143,0.650605,0.397161,0.370396,0.095504,0.118413,0.916332
1677109304,900948071,0.522956,0.650424,0.396688,0.370836,0.095759,0.117982,0.916183
1677109304,911117068,0.523012,0.650374,0.396161,0.371304,0.095663,0.119198,0.915846
1677109304,921003149,0.522852,0.650172,0.395638,0.371218,0.095686,0.119152,0.915884
1677109304,930666158,0.522818,0.650064,0.395090,0.371063,0.095571,0.120055,0.915841
1677109304,940948335,0.522717,0.649864,0.394611,0.370017,0.096051,0.120580,0.916145
1677109304,950960733,0.522545,0.649903,0.393966,0.370678,0.095944,0.120572,0.915890
1677109304,960775099,0.522558,0.649736,0.393454,0.370062,0.095911,0.121317,0.916045
1677109304,971401698,0.522641,0.649732,0.392873,0.370648,0.095342,0.122163,0.915754
1677109304,980852990,0.522558,0.649483,0.392406,0.370227,0.095959,0.122056,0.915875
1677109304,990707521,0.522514,0.649256,0.391949,0.369950,0.096529,0.122018,0.915932
1677109305,1133084,0.522507,0.649186,0.391443,0.370774,0.096568,0.122039,0.915592
1677109305,11298380,0.522642,0.649025,0.390966,0.370952,0.096677,0.122589,0.915435
1677109305,21258312,0.522694,0.648949,0.390460,0.371788,0.096712,0.122639,0.915084
1677109305,30995424,0.522832,0.648940,0.389865,0.372940,0.097013,0.123390,0.914483
1677109305,41615164,0.522787,0.648696,0.389434,0.372438,0.097802,0.122882,0.914672
1677109305,50743590,0.522714,0.648793,0.388743,0.373551,0.098730,0.122724,0.914139
1677109305,60905360,0.522766,0.648710,0.388214,0.372842,0.098829,0.122655,0.914427
1677109305,70561762,0.522836,0.648833,0.387525,0.373073,0.099385,0.123188,0.914201
1677109305,80649739,0.522853,0.648872,0.386923,0.372630,0.099906,0.123124,0.914334
1677109305,90270705,0.522802,0.649091,0.386074,0.373153,0.099553,0.123065,0.914167
1677109305,101155910,0.522859,0.649247,0.385438,0.373250,0.099885,0.123336,0.914054
1677109305,111151190,0.522956,0.649265,0.384881,0.372876,0.100203,0.123657,0.914129
1677109305,121354457,0.523048,0.649413,0.384209,0.373359,0.100720,0.124125,0.913811
1677109305,131336535,0.522985,0.649607,0.383534,0.374123,0.101935,0.124172,0.913358
1677109305,141220591,0.523198,0.649646,0.382978,0.373601,0.101654,0.125124,0.913473
1677109305,151374514,0.523264,0.649853,0.382239,0.374314,0.101859,0.125563,0.913098
1677109305,160945494,0.523255,0.650024,0.381489,0.374864,0.102457,0.125621,0.912798
1677109305,171089627,0.523340,0.650079,0.380845,0.374347,0.103187,0.125970,0.912879
1677109305,181059174,0.523462,0.650424,0.380003,0.375294,0.103479,0.126688,0.912358
1677109305,191155749,0.523502,0.650528,0.379279,0.374666,0.104679,0.126789,0.912465
1677109305,201509273,0.523681,0.650829,0.378466,0.375038,0.104964,0.127413,0.912193
1677109305,210613404,0.523924,0.650946,0.377761,0.374236,0.105286,0.128093,0.912389
1677109305,220906356,0.523883,0.651229,0.376918,0.374906,0.106127,0.127511,0.912098
1677109305,230987677,0.524003,0.651349,0.376267,0.373914,0.107203,0.127656,0.912359
1677109305,241041086,0.524169,0.651673,0.375439,0.374086,0.107446,0.128046,0.912206
1677109305,251024560,0.524345,0.652057,0.374583,0.374268,0.108021,0.128691,0.911972
1677109305,260908184,0.524346,0.652268,0.373873,0.373244,0.109253,0.128532,0.912268
1677109305,271067176,0.524423,0.652672,0.373026,0.373537,0.109554,0.128563,0.912107
1677109305,281301661,0.524441,0.652855,0.372297,0.372207,0.110553,0.128626,0.912521
1677109305,290913503,0.524520,0.653250,0.371439,0.372224,0.110646,0.128724,0.912490
1677109305,301315838,0.524591,0.653369,0.370824,0.370413,0.111733,0.129052,0.913047
1677109305,310840512,0.524526,0.653741,0.369989,0.370558,0.111904,0.128515,0.913043
1677109305,320884595,0.524786,0.654100,0.369330,0.369880,0.111905,0.129880,0.913125
1677109305,331444788,0.524726,0.654382,0.368759,0.369183,0.113408,0.129996,0.913205
1677109305,340702026,0.524596,0.654846,0.368033,0.370145,0.114097,0.129942,0.912737
1677109305,350503840,0.524644,0.655025,0.367606,0.369181,0.114843,0.130925,0.912894
1677109305,360627654,0.524868,0.656044,0.366692,0.372892,0.114897,0.133843,0.910953
1677109305,370838451,0.524937,0.656450,0.366060,0.374146,0.114388,0.135392,0.910274
1677109305,380400982,0.524575,0.656655,0.365542,0.374754,0.115387,0.135038,0.909951
1677109305,390396533,0.524577,0.656840,0.365102,0.374567,0.115464,0.136814,0.909752
1677109305,400521108,0.524191,0.656910,0.364646,0.373903,0.116119,0.136868,0.909934
1677109305,410369309,0.524099,0.656978,0.364177,0.372873,0.116789,0.138643,0.910002
1677109305,420852358,0.523917,0.657173,0.363572,0.372688,0.116385,0.139802,0.909952
1677109305,431035226,0.523495,0.657265,0.362994,0.371894,0.117020,0.139873,0.910185
1677109305,441292920,0.523352,0.657393,0.362372,0.370738,0.117128,0.141311,0.910421
1677109305,451201392,0.523172,0.657586,0.361721,0.370252,0.117356,0.142521,0.910400
1677109305,461246468,0.522927,0.657767,0.360988,0.370217,0.117720,0.142794,0.910325
1677109305,471276659,0.522842,0.657720,0.360476,0.368069,0.118475,0.143822,0.910936
1677109305,480734365,0.522629,0.658013,0.359655,0.368729,0.118943,0.143738,0.910621
1677109305,491148191,0.522690,0.658251,0.358961,0.368394,0.119227,0.144980,0.910523
1677109305,500870419,0.522801,0.658467,0.358221,0.368197,0.119019,0.145690,0.910516
1677109305,510780926,0.522788,0.658901,0.357342,0.369530,0.119156,0.145903,0.909924
1677109305,521221884,0.522897,0.659206,0.356510,0.370027,0.119524,0.146713,0.909544
1677109305,530819039,0.522602,0.658664,0.356115,0.365920,0.122068,0.144632,0.911199
1677109305,540362479,0.522670,0.658821,0.355325,0.365842,0.122691,0.144685,0.911138
1677109305,551169625,0.522703,0.659005,0.354524,0.366162,0.123303,0.144561,0.910947
1677109305,561071839,0.522657,0.659104,0.353783,0.366006,0.124386,0.144196,0.910920
1677109305,571054346,0.522676,0.659234,0.353077,0.366040,0.124819,0.144152,0.910854
1677109305,581420871,0.522733,0.659404,0.352309,0.366316,0.125285,0.144470,0.910629
1677109305,591287509,0.522689,0.659547,0.351534,0.366473,0.125757,0.144691,0.910466
1677109305,600972004,0.521728,0.659818,0.350670,0.368605,0.126225,0.139565,0.910340
1677109305,610686803,0.521582,0.659960,0.349943,0.368264,0.127681,0.140483,0.910134
1677109305,621125303,0.521479,0.660078,0.349217,0.367913,0.127680,0.141885,0.910058
1677109305,630498512,0.521353,0.660308,0.348393,0.368075,0.127635,0.143992,0.909668
1677109305,641070160,0.521179,0.660541,0.347569,0.368026,0.127675,0.146678,0.909253
1677109305,651426283,0.520845,0.660521,0.346920,0.366794,0.127867,0.148895,0.909364
1677109305,660729762,0.520382,0.660648,0.346119,0.366559,0.127607,0.151290,0.909100
1677109305,670808997,0.519868,0.660858,0.345263,0.366762,0.127074,0.153915,0.908652
1677109305,681418427,0.519322,0.660923,0.344459,0.366322,0.126793,0.156817,0.908372
1677109305,690886640,0.518881,0.661020,0.343675,0.366153,0.125532,0.160124,0.908039
1677109305,701194476,0.518388,0.660943,0.343106,0.364868,0.125144,0.163064,0.908086
1677109305,711154431,0.517978,0.660692,0.342714,0.362480,0.125103,0.166104,0.908497
1677109305,721028222,0.517666,0.660156,0.342648,0.357896,0.125647,0.169084,0.909689
1677109305,730858781,0.516822,0.660816,0.341216,0.363718,0.124888,0.170031,0.907305
1677109305,739996704,0.516425,0.660835,0.340522,0.363568,0.125055,0.172076,0.906956
1677109305,751277987,0.516109,0.661027,0.339753,0.364274,0.124543,0.173633,0.906446
1677109305,760708551,0.515862,0.661203,0.339015,0.363934,0.125304,0.175312,0.906155
1677109305,771389302,0.515558,0.661472,0.338062,0.363995,0.125735,0.176227,0.905893
1677109305,780633724,0.515355,0.661837,0.337055,0.363932,0.125900,0.176897,0.905765
1677109305,791227836,0.515156,0.662075,0.336121,0.362138,0.126365,0.177030,0.906393
1677109305,801692012,0.515051,0.662586,0.334936,0.361604,0.126967,0.177831,0.906365
1677109305,810922217,0.514943,0.662911,0.333894,0.359688,0.127620,0.177833,0.907035
1677109305,820966584,0.514779,0.663274,0.332876,0.358219,0.128408,0.177107,0.907648
1677109305,830624039,0.514737,0.663692,0.331889,0.356880,0.129383,0.177156,0.908027
1677109305,840406029,0.514553,0.664013,0.331003,0.356107,0.130317,0.176377,0.908348
1677109305,851350867,0.514591,0.664375,0.330210,0.356113,0.130469,0.176626,0.908276
1677109305,861087037,0.514442,0.664458,0.329604,0.356312,0.131516,0.175969,0.908174
1677109305,871512881,0.514541,0.664512,0.329151,0.356969,0.131313,0.176706,0.907802
1677109305,881238668,0.514449,0.664629,0.328618,0.359527,0.131844,0.177302,0.906599
1677109305,890931160,0.514284,0.664733,0.328129,0.362424,0.132373,0.177993,0.905232
1677109305,900460127,0.514037,0.664765,0.327622,0.364922,0.132667,0.178696,0.904046
1677109305,910845536,0.513823,0.664741,0.327149,0.365870,0.133746,0.180350,0.903175
1677109305,921397036,0.513447,0.664938,0.326496,0.367329,0.133958,0.181801,0.902260
1677109305,930852485,0.513091,0.665162,0.325730,0.367534,0.134349,0.184117,0.901648
1677109305,941065978,0.512550,0.665458,0.324793,0.367664,0.134186,0.185781,0.901278
1677109305,951174390,0.512082,0.665699,0.324009,0.366100,0.134185,0.188096,0.901435
1677109305,960964352,0.511674,0.666025,0.323120,0.364780,0.133885,0.190773,0.901452
1677109305,971078372,0.510958,0.666472,0.322038,0.365428,0.134708,0.192022,0.900802
1677109305,980550884,0.510519,0.666738,0.321153,0.364665,0.134940,0.194463,0.900553
1677109305,990348668,0.510047,0.666958,0.320278,0.364464,0.134857,0.195900,0.900335
1677109306,1316600,0.509605,0.667188,0.319423,0.364502,0.134982,0.197300,0.899995
1677109306,10626289,0.509291,0.667495,0.318513,0.364712,0.135521,0.199486,0.899347
1677109306,21024331,0.508743,0.668014,0.317325,0.366757,0.135751,0.200702,0.898209
1677109306,31347948,0.508388,0.668278,0.316485,0.366264,0.136746,0.202326,0.897895
1677109306,40833209,0.507933,0.668672,0.315489,0.366506,0.137092,0.203287,0.897526
1677109306,51344964,0.507596,0.668941,0.314594,0.364627,0.137388,0.205262,0.897797
1677109306,61711359,0.507149,0.669557,0.313386,0.364787,0.137584,0.207035,0.897295
1677109306,71095235,0.506399,0.669958,0.312237,0.364318,0.138273,0.207190,0.897343
1677109306,80228367,0.505922,0.670226,0.311296,0.362437,0.138937,0.208604,0.897675
1677109306,90141174,0.505365,0.670656,0.310176,0.362620,0.139221,0.209522,0.897343
1677109306,100864198,0.505196,0.671004,0.309282,0.361731,0.138658,0.212770,0.897025
1677109306,111052356,0.504712,0.671258,0.308387,0.361871,0.139108,0.213954,0.896617
1677109306,121222390,0.504316,0.671513,0.307533,0.362456,0.138979,0.215603,0.896005
1677109306,130319263,0.503917,0.671778,0.306705,0.363533,0.138964,0.217177,0.895191
1677109306,140742889,0.503462,0.671772,0.306021,0.363708,0.139122,0.218221,0.894841
1677109306,150990927,0.502988,0.671970,0.305197,0.365298,0.139465,0.219545,0.893816
1677109306,160990396,0.502547,0.672139,0.304344,0.366347,0.140553,0.221448,0.892746
1677109306,171142145,0.502101,0.672179,0.303532,0.366853,0.140417,0.222614,0.892269
1677109306,180547134,0.501672,0.672227,0.302689,0.366227,0.141094,0.224303,0.891997
1677109306,190553742,0.501314,0.672641,0.301591,0.367327,0.141157,0.226742,0.890917
1677109306,201104287,0.500798,0.672737,0.300617,0.366543,0.141698,0.227483,0.890965
1677109306,210787435,0.500439,0.673009,0.299561,0.366204,0.141685,0.228945,0.890732
1677109306,221033049,0.500084,0.673197,0.298560,0.365748,0.142101,0.230265,0.890513
1677109306,230683279,0.499714,0.673423,0.297429,0.366458,0.142465,0.230742,0.890039
1677109306,240970960,0.499553,0.673545,0.296482,0.366642,0.142747,0.231760,0.889654
1677109306,250507898,0.499328,0.673719,0.295464,0.367424,0.143396,0.232411,0.889057
1677109306,260911102,0.499201,0.673743,0.294511,0.367362,0.144144,0.232768,0.888868
1677109306,271599514,0.498975,0.674005,0.293359,0.368360,0.144993,0.232966,0.888265
1677109306,281022629,0.498916,0.674041,0.292389,0.367098,0.145561,0.233432,0.888572
1677109306,291230562,0.498745,0.674226,0.291302,0.366304,0.146105,0.233537,0.888783
1677109306,301132032,0.498636,0.674581,0.290074,0.366417,0.146492,0.234144,0.888513
1677109306,310729175,0.498436,0.674670,0.289044,0.365035,0.147265,0.234076,0.888972
1677109306,321232365,0.498262,0.674948,0.287921,0.364976,0.148100,0.234291,0.888801
1677109306,330835072,0.498248,0.675025,0.287047,0.364011,0.148521,0.234598,0.889045
1677109306,340047796,0.498227,0.675294,0.286088,0.364509,0.148548,0.235327,0.888644
1677109306,350025273,0.498051,0.675537,0.285169,0.365687,0.149176,0.234854,0.888180
1677109306,360795729,0.497872,0.675594,0.284420,0.365554,0.150407,0.234850,0.888028
1677109306,370483550,0.497739,0.675739,0.283616,0.366063,0.151039,0.234944,0.887686
1677109306,381534155,0.497378,0.675736,0.282827,0.366382,0.151822,0.233666,0.887758
1677109306,391622234,0.497257,0.676092,0.281933,0.367660,0.152104,0.234928,0.886848
1677109306,400960767,0.497167,0.676087,0.281342,0.366135,0.152354,0.236064,0.887134
1677109306,411174491,0.496436,0.675643,0.280713,0.363947,0.154301,0.233834,0.888288
1677109306,420935883,0.496255,0.675813,0.280017,0.363332,0.154151,0.235645,0.888087
1677109306,430880722,0.495807,0.676257,0.279072,0.364953,0.154165,0.237140,0.887022
1677109306,440743350,0.495449,0.676585,0.278287,0.365948,0.153349,0.239148,0.886213
1677109306,451522653,0.494988,0.676767,0.277566,0.366369,0.153317,0.241126,0.885509
1677109306,461100604,0.494620,0.676915,0.276886,0.366923,0.152366,0.243252,0.884862
1677109306,470827662,0.494087,0.677093,0.276161,0.368601,0.151892,0.244756,0.883831
1677109306,480966361,0.493581,0.677218,0.275469,0.369807,0.151781,0.246363,0.882899
1677109306,490785019,0.493127,0.677348,0.274861,0.370586,0.151716,0.248279,0.882046
1677109306,501070167,0.492766,0.677265,0.274385,0.369800,0.151613,0.250294,0.881824
1677109306,511203044,0.492196,0.677457,0.273620,0.371555,0.151462,0.251753,0.880696
1677109306,520796092,0.491777,0.677459,0.273011,0.371617,0.150897,0.253761,0.880191
1677109306,530517490,0.491402,0.677503,0.272396,0.371583,0.150236,0.255955,0.879683
1677109306,540770643,0.490785,0.677668,0.271554,0.373012,0.149613,0.257329,0.878783
1677109306,550912600,0.490283,0.677579,0.270922,0.372604,0.148831,0.258874,0.878635
1677109306,561524973,0.489829,0.677543,0.270187,0.372335,0.148128,0.261246,0.878166
1677109306,571462423,0.488951,0.678080,0.268817,0.376993,0.147966,0.262611,0.875795
1677109306,581444426,0.488660,0.677713,0.268408,0.374330,0.147489,0.265135,0.876258
1677109306,591351817,0.488278,0.677635,0.267759,0.374219,0.146869,0.267273,0.875759
1677109306,601266958,0.487894,0.677507,0.267171,0.374425,0.146857,0.269297,0.875053
1677109306,610958134,0.487657,0.677341,0.266727,0.374330,0.146575,0.271375,0.874499
1677109306,620740781,0.487362,0.677312,0.266124,0.375326,0.146611,0.273034,0.873549
1677109306,630996090,0.486893,0.677414,0.265431,0.377557,0.146663,0.273675,0.872377
1677109306,641165022,0.486594,0.677361,0.264884,0.377991,0.147348,0.274706,0.871750
1677109306,650804552,0.486408,0.677399,0.264242,0.378149,0.147212,0.276186,0.871236
1677109306,661051162,0.486472,0.677564,0.263582,0.377304,0.147208,0.279473,0.870556
1677109306,671642591,0.486295,0.677701,0.262820,0.376161,0.146996,0.281421,0.870458
1677109306,680854294,0.485912,0.677724,0.262074,0.374609,0.146749,0.282411,0.870849
1677109306,690451129,0.485265,0.677897,0.261087,0.374382,0.147684,0.282762,0.870674
1677109306,700338366,0.484930,0.678089,0.260252,0.373543,0.147722,0.284795,0.870365
1677109306,711171931,0.484533,0.678126,0.259577,0.372335,0.147696,0.286270,0.870403
1677109306,720905028,0.483993,0.678269,0.258815,0.372751,0.148509,0.287419,0.869708
1677109306,730528170,0.483421,0.678140,0.258277,0.372169,0.148226,0.287544,0.869964
1677109306,740436556,0.483020,0.678202,0.257739,0.372679,0.148552,0.289076,0.869182
1677109306,750689150,0.482568,0.678245,0.257177,0.373766,0.149338,0.290261,0.868185
1677109306,760985284,0.482257,0.678205,0.256734,0.374171,0.149557,0.291895,0.867425
1677109306,771294831,0.481796,0.678138,0.256199,0.375020,0.149464,0.292689,0.866806
1677109306,780771165,0.481386,0.678065,0.255649,0.375086,0.149858,0.294081,0.866239
1677109306,791064361,0.481121,0.677971,0.255099,0.374655,0.149485,0.296043,0.865821
1677109306,801168614,0.480570,0.678035,0.254289,0.376092,0.149756,0.297122,0.864781
1677109306,810552817,0.480364,0.677863,0.253808,0.374781,0.149516,0.299486,0.864576
1677109306,820716085,0.479965,0.677787,0.253182,0.375138,0.149829,0.300805,0.863909
1677109306,830859051,0.479632,0.678050,0.252512,0.377123,0.149706,0.302988,0.862302
1677109306,840910774,0.479428,0.677859,0.252094,0.377319,0.149942,0.304328,0.861703
1677109306,850671006,0.479296,0.677899,0.251542,0.379123,0.149892,0.305652,0.860450
1677109306,861027565,0.479206,0.677751,0.251162,0.379242,0.150600,0.306575,0.859946
1677109306,871507861,0.478933,0.677588,0.250663,0.379791,0.151070,0.305940,0.859847
1677109306,881238197,0.478878,0.677479,0.250292,0.379230,0.151157,0.306354,0.859932
1677109306,891058958,0.478799,0.677659,0.249681,0.379874,0.151062,0.307140,0.859384
1677109306,901201806,0.478535,0.677564,0.249114,0.379572,0.151229,0.306377,0.859761
1677109306,910730375,0.478356,0.677562,0.248539,0.379335,0.151390,0.306500,0.859793
1677109306,921417922,0.478258,0.677541,0.247977,0.378932,0.151251,0.307228,0.859735
1677109306,930888191,0.477984,0.677595,0.247312,0.379414,0.151580,0.307798,0.859261
1677109306,941096830,0.477655,0.677455,0.246743,0.378949,0.152110,0.308336,0.859179
1677109306,951035847,0.477323,0.677412,0.246100,0.379030,0.152068,0.309213,0.858836
1677109306,960924408,0.476921,0.677374,0.245488,0.379469,0.152388,0.309945,0.858321
1677109306,970605859,0.476594,0.677278,0.245014,0.378856,0.152887,0.311556,0.857920
1677109306,980938126,0.476211,0.677090,0.244550,0.378459,0.153086,0.312349,0.857771
1677109306,991086357,0.475933,0.677243,0.244001,0.379557,0.152891,0.314150,0.856662
1677109307,974796,0.475451,0.676960,0.243551,0.378822,0.153435,0.314425,0.856790
1677109307,11406476,0.474972,0.676993,0.242967,0.380191,0.152725,0.315037,0.856085
1677109307,21421512,0.474717,0.676941,0.242492,0.380415,0.152258,0.316533,0.855517
1677109307,31368458,0.474325,0.676751,0.242063,0.380351,0.152208,0.317552,0.855177
1677109307,41340569,0.473956,0.676703,0.241521,0.381515,0.152157,0.318771,0.854213
1677109307,51610701,0.473521,0.676599,0.241000,0.383363,0.152373,0.319393,0.853114
1677109307,60931747,0.473249,0.676263,0.240648,0.383472,0.152735,0.320449,0.852604
1677109307,71190482,0.472934,0.676180,0.240167,0.385143,0.153619,0.321694,0.851222
1677109307,80540992,0.472715,0.675937,0.239795,0.385758,0.154041,0.323115,0.850329
1677109307,91355822,0.472477,0.675756,0.239382,0.386194,0.154546,0.324411,0.849545
1677109307,101414308,0.472201,0.675789,0.238812,0.387641,0.154175,0.325568,0.848510
1677109307,110771583,0.471924,0.675529,0.238316,0.386845,0.154602,0.326294,0.848517
1677109307,121293322,0.471602,0.675645,0.237615,0.387701,0.154434,0.327276,0.847779
1677109307,130844869,0.471339,0.675633,0.236973,0.387507,0.154831,0.328386,0.847366
1677109307,140914233,0.471071,0.675682,0.236324,0.387685,0.154974,0.328960,0.847035
1677109307,150944064,0.470716,0.675685,0.235645,0.387979,0.155571,0.329168,0.846710
1677109307,160689139,0.470555,0.675628,0.235102,0.386985,0.155771,0.329920,0.846836
1677109307,171021895,0.470277,0.675770,0.234412,0.387418,0.156059,0.330633,0.846307
1677109307,180830370,0.470093,0.675827,0.233844,0.386955,0.156266,0.331758,0.846039
1677109307,190868800,0.469818,0.675919,0.233243,0.387026,0.156504,0.332672,0.845604
1677109307,200897651,0.469564,0.675929,0.232720,0.386497,0.156958,0.333704,0.845355
1677109307,210927866,0.469293,0.676022,0.232196,0.386727,0.156676,0.334806,0.844867
1677109307,221070627,0.469007,0.676081,0.231678,0.387277,0.156851,0.335703,0.844226
1677109307,230534986,0.468796,0.676088,0.231147,0.387815,0.156711,0.336759,0.843584
1677109307,240433523,0.468539,0.676150,0.230649,0.389029,0.156466,0.337463,0.842789
1677109307,251278415,0.468353,0.675996,0.230247,0.389011,0.156703,0.338054,0.842516
1677109307,261255162,0.468218,0.676035,0.229735,0.389715,0.156867,0.339039,0.841765
1677109307,271014661,0.467997,0.676074,0.229185,0.390472,0.157318,0.339524,0.841134
1677109307,280706726,0.467753,0.676146,0.228593,0.391006,0.157955,0.339913,0.840609
1677109307,290807680,0.467608,0.676287,0.227973,0.391098,0.158022,0.340702,0.840234
1677109307,301101262,0.467460,0.676386,0.227379,0.390614,0.158501,0.341696,0.839965
1677109307,311171939,0.467108,0.676519,0.226682,0.391011,0.159531,0.341707,0.839581
1677109307,320708674,0.466899,0.676736,0.226043,0.391530,0.159948,0.342211,0.839055
1677109307,330939616,0.466586,0.676707,0.225491,0.391418,0.160917,0.341944,0.839030
1677109307,340810759,0.466485,0.676890,0.225053,0.392024,0.161087,0.342795,0.838367
1677109307,350753030,0.466233,0.677071,0.224542,0.393336,0.161884,0.343411,0.837347
1677109307,360544497,0.466094,0.676982,0.224296,0.392827,0.162490,0.344144,0.837167
1677109307,371047110,0.465954,0.677003,0.223977,0.392878,0.162249,0.344991,0.836842
1677109307,380840969,0.465688,0.677179,0.223541,0.393932,0.162480,0.346130,0.835830
1677109307,391168168,0.465447,0.677053,0.223260,0.393333,0.162444,0.346858,0.835818
1677109307,401056086,0.465158,0.677121,0.222822,0.393972,0.162776,0.348166,0.834907
1677109307,410666207,0.464984,0.677173,0.222543,0.393899,0.162417,0.350026,0.834234
1677109307,421076635,0.464652,0.677211,0.222151,0.394454,0.162848,0.351078,0.833445
1677109307,430867589,0.464423,0.677315,0.221793,0.394785,0.162729,0.352673,0.832638
1677109307,441405512,0.464104,0.677354,0.221424,0.395077,0.163070,0.353666,0.832011
1677109307,450982801,0.463899,0.677373,0.221147,0.394795,0.163092,0.354718,0.831693
1677109307,460649553,0.463691,0.677446,0.220845,0.394831,0.162961,0.355523,0.831358
1677109307,471224794,0.463574,0.677571,0.220543,0.394826,0.163092,0.356712,0.830825
1677109307,481424890,0.463323,0.677761,0.220182,0.395594,0.163706,0.357198,0.830130
1677109307,490737380,0.463253,0.677821,0.219979,0.395036,0.164015,0.358125,0.829935
1677109307,501680746,0.463059,0.678123,0.219599,0.395993,0.164371,0.358796,0.829118
1677109307,511128842,0.462845,0.678184,0.219338,0.395401,0.165186,0.359026,0.829139
1677109307,521812847,0.462675,0.678372,0.219043,0.394917,0.165747,0.359737,0.828950
1677109307,531544555,0.462546,0.678566,0.218781,0.393923,0.166250,0.360699,0.828904
1677109307,540983403,0.462248,0.678694,0.218491,0.393095,0.167391,0.361382,0.828770
1677109307,550743608,0.462057,0.678969,0.218219,0.392755,0.167740,0.362722,0.828275
1677109307,561169917,0.461690,0.679113,0.217898,0.392158,0.169224,0.363377,0.827969
1677109307,571227673,0.461405,0.679365,0.217672,0.392334,0.169833,0.364650,0.827201
1677109307,580923878,0.461181,0.679478,0.217585,0.391817,0.170154,0.366004,0.826782
1677109307,591695833,0.460786,0.679634,0.217408,0.392069,0.170818,0.367126,0.826028
1677109307,600936818,0.460480,0.679898,0.217257,0.392812,0.170891,0.368985,0.824830
1677109307,610599139,0.460121,0.680076,0.217106,0.392916,0.171368,0.371204,0.823685
1677109307,621081187,0.459608,0.680286,0.216835,0.393812,0.171657,0.372785,0.822483
1677109307,631277679,0.459239,0.680519,0.216604,0.394033,0.171588,0.375193,0.821295
1677109307,641126017,0.458746,0.680710,0.216326,0.394124,0.172085,0.377512,0.820084
1677109307,651411019,0.458306,0.680899,0.216028,0.393939,0.172556,0.379962,0.818942
1677109307,661374127,0.457818,0.681257,0.215624,0.394999,0.172967,0.382302,0.817253
1677109307,670809147,0.457266,0.681399,0.215240,0.395214,0.174028,0.383809,0.816217
1677109307,681735550,0.456883,0.681459,0.215003,0.394750,0.174785,0.385523,0.815472
1677109307,691736933,0.456572,0.681765,0.214774,0.395426,0.174799,0.387614,0.814149
1677109307,701137625,0.456179,0.681862,0.214537,0.395836,0.175337,0.388739,0.813298
1677109307,710539954,0.455872,0.681987,0.214383,0.396375,0.175868,0.390355,0.812145
1677109307,721347644,0.455555,0.682076,0.214220,0.397404,0.176028,0.391697,0.810961
1677109307,731050869,0.455199,0.681979,0.214127,0.397822,0.176980,0.393044,0.809896
1677109307,741100512,0.454785,0.682023,0.213900,0.399637,0.177509,0.394280,0.808285
1677109307,751488100,0.454480,0.682107,0.213697,0.400808,0.177727,0.396721,0.806461
1677109307,761336945,0.454025,0.682047,0.213392,0.401766,0.177787,0.398209,0.805236
1677109307,771115213,0.453609,0.681979,0.213055,0.401730,0.178253,0.400257,0.804135
1677109307,780827425,0.453164,0.682048,0.212619,0.401824,0.178116,0.402332,0.803082
1677109307,791159270,0.452772,0.682145,0.212139,0.401468,0.177534,0.404310,0.802395
1677109307,800945047,0.452415,0.682181,0.211692,0.400362,0.177144,0.405932,0.802215
1677109307,810659269,0.451910,0.682376,0.211096,0.400586,0.177453,0.406703,0.801645
1677109307,821201482,0.451560,0.682570,0.210622,0.400466,0.177821,0.407755,0.801088
1677109307,830956908,0.451350,0.682760,0.210234,0.400548,0.177666,0.408441,0.800732
1677109307,840477142,0.451146,0.682956,0.209844,0.400676,0.178488,0.409217,0.800088
1677109307,850326486,0.451020,0.683121,0.209500,0.400766,0.178880,0.409717,0.799701
1677109307,860698113,0.450855,0.683100,0.209170,0.400095,0.180086,0.409717,0.799766
1677109307,870479762,0.450641,0.683295,0.208715,0.400286,0.180849,0.409829,0.799440
1677109307,880724385,0.450516,0.683696,0.208195,0.400858,0.181040,0.410955,0.798532
1677109307,890821379,0.450250,0.683906,0.207665,0.400463,0.181962,0.411288,0.798349
1677109307,901064644,0.450059,0.684087,0.207153,0.399719,0.182337,0.411567,0.798493
1677109307,910462056,0.449785,0.684305,0.206540,0.399394,0.183433,0.411797,0.798286
1677109307,921088167,0.449733,0.684522,0.206083,0.398671,0.183345,0.412486,0.798311
1677109307,930998956,0.449652,0.684646,0.205642,0.397879,0.184017,0.412966,0.798304
1677109307,941311755,0.449447,0.684866,0.205117,0.398472,0.184834,0.412751,0.797931
1677109307,950704917,0.449353,0.684977,0.204714,0.398408,0.185889,0.412750,0.797718
1677109307,960673837,0.449405,0.685106,0.204356,0.398576,0.185960,0.412727,0.797629
1677109307,971134028,0.449307,0.685258,0.203883,0.399109,0.186802,0.412247,0.797414
1677109307,980774701,0.449299,0.685357,0.203457,0.398526,0.187884,0.412592,0.797273
1677109307,991278832,0.449254,0.685636,0.202972,0.398487,0.188418,0.413101,0.796903
1677109308,1498999,0.448994,0.685806,0.202378,0.398562,0.189974,0.412715,0.796696
1677109308,10359141,0.448902,0.686156,0.201848,0.398707,0.190341,0.413441,0.796159
1677109308,21018929,0.448743,0.686236,0.201355,0.398053,0.191053,0.413330,0.796374
1677109308,30262841,0.448609,0.686408,0.200885,0.397877,0.191544,0.413498,0.796256
1677109308,40284492,0.448487,0.686603,0.200413,0.397907,0.192268,0.414039,0.795786
1677109308,50776308,0.448473,0.686700,0.200037,0.397688,0.192374,0.414287,0.795740
1677109308,60386206,0.448372,0.686791,0.199669,0.397870,0.192868,0.414269,0.795539
1677109308,70190993,0.448346,0.686834,0.199351,0.397760,0.193282,0.414354,0.795449
1677109308,80661459,0.448344,0.686973,0.199025,0.398158,0.193438,0.414467,0.795154
1677109308,90880724,0.448433,0.687286,0.198679,0.399067,0.193298,0.415188,0.794356
1677109308,101021632,0.448395,0.687262,0.198304,0.399218,0.194065,0.414419,0.794494
1677109308,111442687,0.448368,0.687526,0.197843,0.400200,0.194987,0.414471,0.793746
1677109308,120650740,0.448372,0.687544,0.197468,0.399444,0.195918,0.413678,0.794312
1677109308,130836243,0.448241,0.688017,0.196856,0.400294,0.196799,0.413661,0.793675
1677109308,140779227,0.448124,0.688238,0.196257,0.398842,0.197934,0.413153,0.794388
1677109308,150801610,0.448066,0.688619,0.195638,0.397320,0.198395,0.413338,0.794939
1677109308,161059233,0.447946,0.689045,0.195009,0.396212,0.198511,0.412964,0.795657
1677109308,171427668,0.447755,0.689535,0.194326,0.395506,0.199473,0.412873,0.795815
1677109308,181373477,0.447637,0.689831,0.193765,0.394258,0.200660,0.412471,0.796344
1677109308,191370839,0.447624,0.690182,0.193323,0.393473,0.201126,0.412424,0.796639
1677109308,201280747,0.447387,0.690586,0.192794,0.393935,0.202708,0.411978,0.796240
1677109308,210718285,0.447283,0.690797,0.192450,0.393523,0.203702,0.411615,0.796378
1677109308,221207057,0.447272,0.691057,0.192188,0.393031,0.204591,0.412296,0.796041
1677109308,230873402,0.447020,0.691240,0.191842,0.393479,0.205871,0.412100,0.795591
1677109308,241384652,0.446821,0.691495,0.191505,0.394218,0.206480,0.412394,0.794915
1677109308,250754434,0.446784,0.691442,0.191359,0.393110,0.206806,0.412866,0.795134
1677109308,261107161,0.446614,0.691700,0.191013,0.393962,0.207026,0.413724,0.794208
1677109308,270911835,0.446466,0.691734,0.190753,0.393637,0.207602,0.414365,0.793885
1677109308,280959297,0.446386,0.691742,0.190525,0.393308,0.207559,0.414718,0.793874
1677109308,291092077,0.446330,0.691870,0.190196,0.393306,0.208025,0.415479,0.793356
1677109308,301029117,0.446145,0.692039,0.189802,0.394000,0.208909,0.415407,0.792817
1677109308,311205732,0.446060,0.692122,0.189453,0.393767,0.210114,0.415243,0.792699
1677109308,320988292,0.445961,0.692293,0.189040,0.393530,0.211496,0.415149,0.792499
1677109308,330939061,0.445826,0.692718,0.188553,0.393719,0.212981,0.415612,0.791764
1677109308,340895544,0.445877,0.692869,0.188190,0.391368,0.214205,0.416002,0.792395
1677109308,351084660,0.445599,0.693335,0.187590,0.391523,0.215362,0.415622,0.792204
1677109308,360196193,0.445478,0.693435,0.187208,0.389702,0.215914,0.414990,0.793282
1677109308,370852678,0.445326,0.693675,0.186753,0.389087,0.216381,0.414396,0.793767
1677109308,380469579,0.445226,0.693942,0.186424,0.389081,0.216807,0.414520,0.793589
1677109308,390497397,0.445194,0.693961,0.186258,0.389024,0.216774,0.414009,0.793893
1677109308,401331883,0.445226,0.693907,0.186183,0.389193,0.217062,0.413854,0.793812
1677109308,410430767,0.445166,0.693898,0.186125,0.390329,0.217350,0.413622,0.793296
1677109308,420759700,0.445091,0.693964,0.186030,0.391546,0.217861,0.414281,0.792212
1677109308,430409962,0.445028,0.693963,0.185966,0.392404,0.217865,0.414992,0.791414
1677109308,440531571,0.444840,0.693879,0.185819,0.392576,0.218290,0.415400,0.790997
1677109308,450655112,0.444462,0.693858,0.185477,0.393311,0.219245,0.415523,0.790303
1677109308,460438134,0.444247,0.693751,0.185214,0.392648,0.219688,0.416355,0.790072
1677109308,470757016,0.443906,0.693835,0.184728,0.393129,0.220157,0.416945,0.789391
1677109308,482027177,0.443491,0.693869,0.184232,0.393476,0.220957,0.416870,0.789034
1677109308,490808686,0.443395,0.693928,0.183838,0.392334,0.220921,0.418139,0.788941
1677109308,501115018,0.443020,0.694032,0.183250,0.392573,0.222053,0.418034,0.788560
1677109308,511095458,0.442753,0.694088,0.182703,0.392422,0.222822,0.417680,0.788605
1677109308,521419791,0.442609,0.694135,0.182233,0.391631,0.223448,0.417826,0.788744
1677109308,531039011,0.442391,0.694251,0.181710,0.391632,0.224214,0.417486,0.788707
1677109308,540716034,0.442283,0.694387,0.181208,0.391751,0.224793,0.417678,0.788381
1677109308,550717024,0.442179,0.694440,0.180749,0.391904,0.225386,0.417437,0.788263
1677109308,560952040,0.441937,0.694423,0.180256,0.392297,0.226322,0.416759,0.788158
1677109308,571242896,0.441799,0.694433,0.179810,0.392222,0.227175,0.416900,0.787875
1677109308,581122217,0.441694,0.694439,0.179388,0.392160,0.227394,0.416944,0.787820
1677109308,591180219,0.441443,0.694507,0.178867,0.393084,0.227736,0.416867,0.787302
1677109308,601141366,0.441279,0.694501,0.178459,0.393631,0.227870,0.417118,0.786856
1677109308,610595097,0.441307,0.694459,0.178206,0.393559,0.227730,0.417805,0.786568
1677109308,620887153,0.441208,0.694327,0.177918,0.394104,0.228037,0.417535,0.786349
1677109308,631252317,0.441137,0.694295,0.177606,0.394553,0.228705,0.417499,0.785949
1677109308,640820948,0.441102,0.694337,0.177321,0.395040,0.228791,0.417595,0.785629
1677109308,651491674,0.440950,0.694334,0.177019,0.395015,0.229432,0.417310,0.785606
1677109308,660946348,0.440803,0.694322,0.176728,0.394785,0.229860,0.417038,0.785741
1677109308,671154308,0.440701,0.694380,0.176461,0.394736,0.230026,0.416952,0.785762
1677109308,681178233,0.440596,0.694455,0.176212,0.395087,0.229857,0.416692,0.785774
1677109308,690523527,0.440638,0.694387,0.176090,0.394616,0.229351,0.416498,0.786261
1677109308,701155251,0.440515,0.694500,0.175857,0.395787,0.229267,0.416247,0.785830
1677109308,711077820,0.440424,0.694502,0.175719,0.396713,0.229196,0.415798,0.785621
1677109308,721565047,0.440537,0.694290,0.175797,0.396709,0.229105,0.415408,0.785856
1677109308,731082490,0.440536,0.694344,0.175790,0.398640,0.228735,0.415626,0.784870
1677109308,740656213,0.440487,0.694338,0.175786,0.400359,0.228725,0.415684,0.783967
1677109308,750929337,0.440405,0.694076,0.175781,0.400755,0.228958,0.415313,0.783893
1677109308,760813062,0.440312,0.694018,0.175703,0.401866,0.228685,0.415636,0.783233
1677109308,770870191,0.440223,0.693799,0.175634,0.402622,0.228748,0.415534,0.782880
1677109308,781608477,0.440216,0.693730,0.175606,0.403923,0.228709,0.415882,0.782036
1677109308,791207694,0.440226,0.693644,0.175599,0.405315,0.228835,0.416123,0.781150
1677109308,801208753,0.440239,0.693586,0.175561,0.406148,0.229194,0.416546,0.780387
1677109308,810705975,0.440216,0.693632,0.175485,0.407132,0.229178,0.416727,0.779782
1677109308,821001368,0.440182,0.693569,0.175453,0.407787,0.229259,0.416432,0.779574
1677109308,830660638,0.440190,0.693490,0.175434,0.408791,0.229371,0.416030,0.779229
1677109308,841467841,0.440254,0.693357,0.175516,0.409257,0.229557,0.415698,0.779107
1677109308,851079454,0.440268,0.693487,0.175445,0.411218,0.229388,0.415890,0.778021
1677109308,861358582,0.440249,0.693472,0.175403,0.412194,0.229365,0.415708,0.777608
1677109308,871063750,0.440196,0.693299,0.175339,0.412672,0.229740,0.415063,0.777589
1677109308,881357105,0.440265,0.693241,0.175316,0.413467,0.229627,0.415217,0.777117
1677109308,890766074,0.440248,0.693201,0.175307,0.414569,0.230039,0.415346,0.776339
1677109308,900931480,0.440307,0.693049,0.175310,0.415110,0.230319,0.415383,0.775947
1677109308,911272520,0.440310,0.692975,0.175240,0.416058,0.230695,0.415217,0.775416
1677109308,921023754,0.440286,0.693022,0.175155,0.417655,0.230763,0.415056,0.774623
1677109308,930844187,0.440267,0.693034,0.175112,0.418512,0.231517,0.415100,0.773912
1677109308,940731871,0.440238,0.693054,0.175139,0.419719,0.231843,0.414626,0.773415
1677109308,950992008,0.440289,0.693012,0.175186,0.419987,0.232265,0.414532,0.773193
1677109308,960643944,0.440220,0.693154,0.175137,0.420862,0.232584,0.414849,0.772451
1677109308,971166076,0.440131,0.693174,0.175108,0.421068,0.232528,0.414914,0.772320
1677109308,980612878,0.439989,0.693176,0.175057,0.421385,0.232629,0.414921,0.772113
1677109308,991363055,0.439995,0.693151,0.175105,0.421312,0.232603,0.415670,0.771758
1677109309,922422,0.440018,0.693024,0.175144,0.421080,0.232600,0.416304,0.771544
1677109309,11053761,0.439924,0.692890,0.175113,0.421540,0.232928,0.416302,0.771194
1677109309,20918758,0.439819,0.692878,0.175047,0.422650,0.232739,0.416321,0.770633
1677109309,31134987,0.439914,0.692750,0.175069,0.422598,0.232790,0.416980,0.770291
1677109309,40715050,0.439882,0.692720,0.174992,0.423813,0.233142,0.416900,0.769559
1677109309,51215648,0.440050,0.692608,0.175023,0.423928,0.232918,0.417198,0.769402
1677109309,60722151,0.440084,0.692503,0.174956,0.424476,0.233409,0.416740,0.769200
1677109309,70956621,0.440177,0.692504,0.174956,0.425378,0.233280,0.416524,0.768857
1677109309,80528948,0.440159,0.692543,0.174835,0.426821,0.234247,0.415771,0.768171
1677109309,90988048,0.440299,0.692483,0.174848,0.427144,0.234739,0.415465,0.768007
1677109309,101084840,0.440269,0.692505,0.174751,0.428040,0.235924,0.414942,0.767427
1677109309,110994914,0.440282,0.692603,0.174655,0.428877,0.236505,0.414953,0.766776
1677109309,120911032,0.440373,0.692495,0.174680,0.428650,0.236880,0.414837,0.766849
1677109309,130916072,0.440365,0.692541,0.174639,0.429366,0.237480,0.414880,0.766239
1677109309,140935443,0.440296,0.692655,0.174537,0.430662,0.238224,0.414874,0.765284
1677109309,150391323,0.440297,0.692736,0.174491,0.431534,0.238603,0.414993,0.764610
1677109309,160226075,0.440176,0.692757,0.174394,0.432836,0.239377,0.414325,0.763994
1677109309,170803866,0.440260,0.692774,0.174378,0.433150,0.239756,0.414502,0.763601
1677109309,180370300,0.440371,0.692702,0.174354,0.433195,0.240172,0.414097,0.763664
1677109309,190439685,0.440433,0.692759,0.174332,0.433883,0.240447,0.413621,0.763445
1677109309,201298672,0.440492,0.692789,0.174312,0.434495,0.240960,0.412709,0.763429
1677109309,210585776,0.440676,0.692823,0.174343,0.434592,0.241080,0.412275,0.763571
1677109309,220594627,0.440732,0.693072,0.174292,0.435728,0.241570,0.411679,0.763089
1677109309,231059898,0.440822,0.693210,0.174311,0.436023,0.241722,0.410759,0.763369
1677109309,241165976,0.440765,0.693483,0.174242,0.437087,0.242282,0.409528,0.763244
1677109309,251214999,0.440822,0.693542,0.174246,0.437161,0.242394,0.408240,0.763856
1677109309,261507654,0.440878,0.693765,0.174192,0.437617,0.242909,0.407822,0.763654
1677109309,271098039,0.440876,0.693912,0.174189,0.438195,0.243261,0.407578,0.763341
1677109309,281544658,0.440810,0.694032,0.174111,0.439492,0.243233,0.407010,0.762907
1677109309,291366829,0.440781,0.693991,0.174123,0.439953,0.243016,0.406990,0.762721
1677109309,301053421,0.440641,0.693881,0.174057,0.440581,0.243048,0.406863,0.762417
1677109309,310707877,0.440560,0.693800,0.174010,0.441303,0.242732,0.407357,0.761836
1677109309,321301487,0.440416,0.693834,0.173954,0.442971,0.242692,0.408045,0.760511
1677109309,330979487,0.440398,0.693774,0.173896,0.444061,0.242381,0.408719,0.759612
1677109309,341051650,0.440396,0.693585,0.173889,0.444468,0.242004,0.408768,0.759467
1677109309,350211582,0.440359,0.693565,0.173819,0.445251,0.242152,0.409184,0.758738
1677109309,360538344,0.440374,0.693364,0.173833,0.445183,0.242113,0.408905,0.758940
1677109309,370564820,0.440256,0.693382,0.173756,0.446611,0.242260,0.408120,0.758477
1677109309,380230597,0.440239,0.693539,0.173708,0.448007,0.242202,0.408224,0.757615
1677109309,390510752,0.440205,0.693598,0.173641,0.448961,0.242692,0.407997,0.757016
1677109309,400952164,0.440175,0.693571,0.173580,0.449834,0.242566,0.407168,0.756985
1677109309,410958497,0.440202,0.693596,0.173526,0.450590,0.242511,0.406913,0.756689
1677109309,421652920,0.440267,0.693551,0.173512,0.450627,0.242636,0.406974,0.756595
1677109309,431276489,0.440256,0.693555,0.173442,0.451378,0.242733,0.406641,0.756295
1677109309,441084798,0.440315,0.693570,0.173392,0.451979,0.242854,0.406897,0.755759
1677109309,450295740,0.440354,0.693571,0.173338,0.452666,0.242854,0.406597,0.755509
1677109309,460923161,0.440444,0.693639,0.173333,0.453129,0.242708,0.406722,0.755212
1677109309,470440722,0.440469,0.693643,0.173333,0.453414,0.242708,0.406331,0.755251
1677109309,481117343,0.440390,0.693717,0.173299,0.453860,0.243320,0.405905,0.755015
1677109309,491177639,0.440338,0.693791,0.173263,0.454314,0.243250,0.405395,0.755039
1677109309,500916337,0.440374,0.693952,0.173232,0.454647,0.243002,0.405648,0.754782
1677109309,510772087,0.440257,0.694050,0.173193,0.455243,0.243241,0.405493,0.754429
1677109309,521192278,0.440187,0.694037,0.173178,0.455521,0.243569,0.405262,0.754279
1677109309,530812002,0.440150,0.694066,0.173150,0.455857,0.243728,0.405449,0.753925
1677109309,541160374,0.440016,0.694123,0.173089,0.456746,0.243948,0.405370,0.753357
1677109309,551102222,0.440054,0.694173,0.173075,0.457266,0.243459,0.405403,0.753183
1677109309,561072232,0.439977,0.694067,0.173062,0.457475,0.243935,0.404931,0.753155
1677109309,570339610,0.439895,0.694118,0.172990,0.458278,0.244353,0.404745,0.752632
1677109309,580410890,0.439890,0.694233,0.172920,0.458915,0.244280,0.404725,0.752278
1677109309,590523708,0.439932,0.694199,0.172867,0.459040,0.244571,0.404490,0.752234
1677109309,601159120,0.439993,0.694189,0.172842,0.459435,0.244797,0.404108,0.752124
1677109309,611116608,0.439947,0.694269,0.172765,0.460301,0.245409,0.403575,0.751681
1677109309,620856160,0.439882,0.694347,0.172656,0.461173,0.245993,0.402918,0.751308
1677109309,630716341,0.439821,0.694355,0.172584,0.461709,0.246729,0.402341,0.751046
1677109309,641024549,0.439767,0.694473,0.172497,0.463005,0.247047,0.401916,0.750372
1677109309,651101248,0.439770,0.694399,0.172478,0.463327,0.247481,0.401342,0.750338
1677109309,661153436,0.439874,0.694349,0.172468,0.463477,0.247538,0.401491,0.750146
1677109309,670985965,0.439915,0.694224,0.172452,0.463654,0.247212,0.401031,0.750390
1677109309,680782796,0.439794,0.694258,0.172334,0.464794,0.247283,0.400876,0.749744
1677109309,690677163,0.439810,0.694218,0.172282,0.465653,0.246685,0.400930,0.749379
1677109309,700875515,0.439774,0.694095,0.172199,0.466430,0.246989,0.401037,0.748738
1677109309,711243076,0.439777,0.693921,0.172141,0.466907,0.247370,0.401154,0.748252
1677109309,721075107,0.439764,0.693712,0.172103,0.467830,0.247250,0.400740,0.747937
1677109309,730785078,0.439777,0.693595,0.172012,0.468767,0.247242,0.400691,0.747379
1677109309,740856327,0.439761,0.693508,0.171969,0.469831,0.247208,0.400505,0.746822
1677109309,751165391,0.439777,0.693452,0.171884,0.470991,0.247104,0.400255,0.746259
1677109309,760336023,0.439807,0.693273,0.171790,0.471565,0.247114,0.399786,0.746145
1677109309,771195014,0.439827,0.693246,0.171673,0.472473,0.247175,0.399804,0.745540
1677109309,780759241,0.439614,0.693278,0.171500,0.474564,0.247467,0.398768,0.744670
1677109309,791507811,0.439591,0.693054,0.171467,0.475211,0.247647,0.398242,0.744479
1677109309,801229426,0.439660,0.692922,0.171413,0.476114,0.247686,0.398166,0.743929
1677109309,811063619,0.439759,0.692630,0.171387,0.476450,0.247200,0.397532,0.744215
1677109309,821017495,0.439795,0.692432,0.171313,0.476886,0.247212,0.397281,0.744065
1677109309,830632613,0.439681,0.692308,0.171217,0.478223,0.247368,0.396423,0.743613
1677109309,840928555,0.439824,0.692144,0.171259,0.478634,0.246659,0.396267,0.743667
1677109309,850865890,0.439773,0.692141,0.171200,0.479946,0.246974,0.395881,0.742922
1677109309,861357644,0.439865,0.691884,0.171167,0.479822,0.247034,0.395068,0.743415
1677109309,871000499,0.439873,0.691881,0.171111,0.480733,0.247183,0.394156,0.743262
1677109309,881242599,0.439987,0.691932,0.171074,0.481435,0.246961,0.393496,0.743230
1677109309,891432059,0.440115,0.691891,0.171061,0.481628,0.246646,0.392236,0.743875
1677109309,901500988,0.440106,0.691894,0.170943,0.482140,0.247151,0.390602,0.744236
1677109309,911088346,0.440179,0.691859,0.170888,0.482446,0.247293,0.389039,0.744809
1677109309,920940643,0.440396,0.691824,0.170897,0.482812,0.246956,0.388020,0.745215
1677109309,931522604,0.440495,0.691728,0.170907,0.483625,0.246982,0.386652,0.745390
1677109309,941267622,0.440710,0.691598,0.170920,0.483599,0.246817,0.386045,0.745777
1677109309,951614081,0.440733,0.691470,0.170863,0.483897,0.246681,0.385283,0.746022
1677109309,961437288,0.440748,0.691337,0.170800,0.484393,0.246488,0.384656,0.746087
1677109309,971411533,0.440763,0.691163,0.170750,0.485426,0.246131,0.383900,0.745923
1677109309,981452869,0.440828,0.690900,0.170771,0.485924,0.245723,0.383604,0.745886
1677109309,991313743,0.440886,0.690682,0.170731,0.486354,0.245601,0.383865,0.745512
1677109310,1019908,0.440821,0.690505,0.170632,0.487142,0.245120,0.383744,0.745218
1677109310,10556494,0.440907,0.690204,0.170601,0.486896,0.244463,0.383890,0.745519
1677109310,20914378,0.440853,0.690000,0.170548,0.487732,0.244296,0.383759,0.745095
1677109310,31016868,0.440811,0.689739,0.170490,0.488750,0.244006,0.383024,0.744901
1677109310,41043407,0.440875,0.689420,0.170497,0.488767,0.243581,0.383120,0.744979
1677109310,50994416,0.440725,0.689365,0.170409,0.490279,0.243299,0.382825,0.744229
1677109310,61116824,0.440716,0.689238,0.170364,0.491103,0.242630,0.382643,0.743998
1677109310,70559870,0.440780,0.688904,0.170431,0.490591,0.242473,0.382555,0.744432
1677109310,80302155,0.440737,0.688797,0.170442,0.491306,0.242134,0.382259,0.744223
1677109310,90966257,0.440695,0.688779,0.170402,0.492331,0.241525,0.381983,0.743885
1677109310,100982582,0.440641,0.688576,0.170397,0.492553,0.241322,0.381514,0.744044
1677109310,110791772,0.440717,0.688396,0.170388,0.492854,0.240864,0.381368,0.744069
1677109310,121849653,0.440713,0.688134,0.170340,0.493441,0.240734,0.380618,0.744106
1677109310,131430256,0.440628,0.687982,0.170224,0.494701,0.241018,0.379992,0.743497
1677109310,140996958,0.440809,0.687782,0.170184,0.494915,0.240559,0.380194,0.743400
1677109310,150562911,0.440873,0.687639,0.170079,0.496185,0.240454,0.379717,0.742831
1677109310,161116478,0.440940,0.687336,0.170011,0.496864,0.240705,0.378645,0.742843
1677109310,170767010,0.441130,0.687028,0.170017,0.497291,0.240736,0.377846,0.742953
1677109310,181195890,0.441266,0.686917,0.169940,0.498285,0.241021,0.377300,0.742473
1677109310,191149931,0.441419,0.686845,0.169859,0.499420,0.241237,0.376618,0.741986
1677109310,200793758,0.441491,0.686845,0.169742,0.500925,0.241568,0.375386,0.741488
1677109310,210954419,0.441848,0.686661,0.169737,0.501025,0.241619,0.374244,0.741981
1677109310,220824500,0.441975,0.686627,0.169579,0.502290,0.242603,0.372352,0.741756
1677109310,230587097,0.442257,0.686585,0.169443,0.502699,0.243146,0.370795,0.742081
1677109310,240591295,0.442575,0.686665,0.169294,0.503385,0.243462,0.369262,0.742277
1677109310,251027570,0.442807,0.686728,0.169114,0.504540,0.244586,0.367008,0.742241
1677109310,260823527,0.443140,0.686766,0.169017,0.505703,0.245349,0.364580,0.742394
1677109310,271236199,0.443508,0.686828,0.168941,0.506646,0.246220,0.362623,0.742422
1677109310,280753716,0.443719,0.686843,0.168787,0.507503,0.247154,0.359860,0.742871
1677109310,290702858,0.444105,0.686927,0.168703,0.508359,0.247067,0.357881,0.743270
1677109310,301228977,0.444307,0.686887,0.168598,0.509297,0.247583,0.355573,0.743564
1677109310,311077326,0.444550,0.686972,0.168476,0.511076,0.247332,0.353463,0.743432
1677109310,321290038,0.444725,0.686825,0.168386,0.511894,0.247712,0.351381,0.743730
1677109310,331152594,0.444825,0.686893,0.168269,0.513431,0.247703,0.349527,0.743547
1677109310,340846564,0.444711,0.687004,0.168178,0.515386,0.247493,0.346991,0.743453
1677109310,350796255,0.444519,0.687123,0.168084,0.517140,0.246976,0.344269,0.743672
1677109310,360834314,0.444370,0.687139,0.168039,0.517544,0.246548,0.342576,0.744314
1677109310,370972401,0.444046,0.687405,0.167851,0.519227,0.245499,0.340956,0.744232
1677109310,381290612,0.443512,0.687481,0.167650,0.520785,0.245157,0.339032,0.744136
1677109310,391187124,0.443022,0.687404,0.167507,0.521899,0.244373,0.337528,0.744297
1677109310,401341308,0.442600,0.687272,0.167414,0.523588,0.242622,0.336151,0.744307
1677109310,410399772,0.441992,0.687206,0.167275,0.526209,0.241199,0.334711,0.743569
1677109310,421142363,0.441425,0.686977,0.167081,0.528364,0.239682,0.333072,0.743268
1677109310,430315442,0.440812,0.686839,0.166820,0.531457,0.237811,0.330738,0.742705
1677109310,441174710,0.440204,0.686702,0.166624,0.533985,0.237124,0.328920,0.741919
1677109310,451120230,0.439482,0.686708,0.166360,0.537187,0.235918,0.326001,0.741280
1677109310,460953677,0.438941,0.686762,0.166108,0.539510,0.234370,0.323824,0.741039
1677109310,470640000,0.438218,0.686890,0.165803,0.542509,0.232667,0.320488,0.740836
1677109310,480183268,0.437481,0.686888,0.165554,0.544629,0.231814,0.316926,0.741080
1677109310,490866516,0.436622,0.687225,0.165264,0.547833,0.230469,0.313623,0.740543
1677109310,501488386,0.435821,0.687489,0.165055,0.549596,0.228920,0.310921,0.740856
1677109310,511224121,0.434765,0.687878,0.164832,0.552260,0.227103,0.307464,0.740877
1677109310,520964903,0.433735,0.688240,0.164688,0.554292,0.224614,0.304524,0.741333
1677109310,530374318,0.432420,0.688705,0.164617,0.556620,0.222159,0.300871,0.741819
1677109310,540864035,0.431210,0.689245,0.164597,0.557872,0.218963,0.298633,0.742733
1677109310,551015545,0.429813,0.689840,0.164537,0.559239,0.215804,0.295988,0.743687
1677109310,560433289,0.428344,0.690409,0.164503,0.560734,0.213102,0.293659,0.744264
1677109310,570819453,0.426900,0.690940,0.164467,0.562649,0.209943,0.291456,0.744583
1677109310,581067883,0.425467,0.691303,0.164412,0.563883,0.206714,0.289426,0.745344
1677109310,591380473,0.423876,0.691987,0.164231,0.566439,0.203277,0.287699,0.745020
1677109310,601097877,0.422475,0.692211,0.164092,0.566940,0.199692,0.286600,0.746031
1677109310,610578977,0.420962,0.692517,0.163951,0.569129,0.195866,0.284509,0.746179
1677109310,620848781,0.419657,0.692727,0.163886,0.571367,0.191829,0.282559,0.746258
1677109310,630603860,0.418362,0.693039,0.163853,0.573800,0.188066,0.280312,0.746197
1677109310,640752271,0.417015,0.693511,0.163834,0.576027,0.183835,0.277254,0.746678
1677109310,650501158,0.415706,0.694062,0.163783,0.577224,0.179498,0.274351,0.747881
1677109310,660523917,0.414375,0.694673,0.163728,0.579072,0.174707,0.270615,0.748946
1677109310,670977309,0.413198,0.695172,0.163693,0.581169,0.170111,0.267311,0.749566
1677109310,681170968,0.412007,0.695558,0.163670,0.583505,0.165256,0.263555,0.750167
1677109310,690688362,0.410759,0.695932,0.163548,0.585590,0.160226,0.259402,0.751081
1677109310,700888618,0.409573,0.696312,0.163363,0.587245,0.155150,0.255824,0.752081
1677109310,711267899,0.408369,0.696504,0.163115,0.588600,0.150853,0.252196,0.753121
1677109310,721525673,0.407160,0.696701,0.162859,0.590955,0.146534,0.247828,0.753579
1677109310,731149805,0.405971,0.697274,0.162597,0.594808,0.142254,0.244222,0.752544
1677109310,740177581,0.404784,0.697596,0.162277,0.596880,0.138791,0.240464,0.752761
1677109310,750019899,0.403594,0.697905,0.161993,0.598355,0.135583,0.236641,0.753385
1677109310,760447519,0.402454,0.698347,0.161754,0.600629,0.132146,0.232900,0.753352
1677109310,770764772,0.401304,0.698767,0.161540,0.603169,0.129080,0.228825,0.753103
1677109310,780318744,0.400443,0.699161,0.161454,0.605106,0.124830,0.225582,0.753245
1677109310,790502617,0.399338,0.699453,0.161306,0.606853,0.121648,0.221224,0.753652
1677109310,800862960,0.398410,0.699908,0.161157,0.609036,0.117701,0.217768,0.753524
1677109310,810428994,0.397504,0.700267,0.160992,0.610878,0.113688,0.214072,0.753708
1677109310,821359389,0.396558,0.700490,0.160727,0.612212,0.110765,0.210928,0.753948
1677109310,831034975,0.395672,0.700883,0.160489,0.614311,0.107457,0.207812,0.753584
1677109310,840844677,0.394891,0.701138,0.160289,0.616264,0.104248,0.204901,0.753237
1677109310,851052217,0.394021,0.701231,0.160126,0.618087,0.101310,0.200947,0.753210
1677109310,860157110,0.393451,0.701402,0.159976,0.619941,0.097632,0.198185,0.752904
1677109310,869996428,0.392879,0.701486,0.159733,0.622123,0.093623,0.194037,0.752694
1677109310,879957687,0.392438,0.701415,0.159514,0.623949,0.089875,0.189910,0.752691
1677109310,889895155,0.392072,0.701434,0.159361,0.625794,0.086400,0.185881,0.752573
1677109310,900189305,0.391680,0.701462,0.159224,0.627082,0.083641,0.181089,0.752980
1677109310,910979636,0.391369,0.701638,0.159048,0.628828,0.081021,0.176392,0.752925
1677109310,921012534,0.391340,0.701579,0.158908,0.629952,0.077974,0.171880,0.753351
1677109310,930678147,0.391155,0.701586,0.158727,0.632635,0.076058,0.166412,0.752526
1677109310,940867723,0.391284,0.701296,0.158618,0.635256,0.073303,0.161323,0.751699
1677109310,951016856,0.391262,0.700834,0.158413,0.638768,0.071277,0.154922,0.750263
1677109310,961142718,0.391419,0.700293,0.158193,0.642234,0.069166,0.149131,0.748674
1677109310,970797053,0.391528,0.699680,0.158022,0.645903,0.067348,0.142625,0.746949
1677109310,980552079,0.391695,0.699078,0.157914,0.649374,0.065909,0.136789,0.745157
1677109310,990861505,0.391819,0.698405,0.157833,0.651840,0.065086,0.130760,0.744157
1677109311,820632,0.392134,0.698080,0.157763,0.654220,0.062574,0.125748,0.743147
1677109311,10425279,0.392181,0.697957,0.157622,0.656140,0.061325,0.120684,0.742398
1677109311,21231891,0.392303,0.697597,0.157480,0.656369,0.059698,0.116390,0.743014
1677109311,31088126,0.392267,0.697413,0.157348,0.657505,0.058427,0.111997,0.742786
1677109311,40816272,0.392220,0.697107,0.157281,0.659168,0.056317,0.107913,0.742079
1677109311,51166196,0.392244,0.696602,0.157222,0.660728,0.052985,0.104039,0.741489
1677109311,61352433,0.392065,0.696323,0.157126,0.663384,0.048973,0.099012,0.740081
1677109311,70847546,0.391958,0.695950,0.156976,0.665579,0.044937,0.095406,0.738839
1677109311,80699027,0.391823,0.695559,0.156804,0.668052,0.040842,0.091661,0.737317
1677109311,91298022,0.391716,0.694884,0.156665,0.669925,0.036158,0.087742,0.736339
1677109311,101158752,0.391641,0.694474,0.156570,0.672162,0.031183,0.084456,0.734911
1677109311,110949068,0.391503,0.694452,0.156520,0.673934,0.026275,0.081465,0.733816
1677109311,121469991,0.391161,0.694418,0.156453,0.673612,0.024181,0.079609,0.734388
1677109311,130873039,0.390956,0.694465,0.156438,0.673047,0.022760,0.080010,0.734907
1677109311,140991205,0.390629,0.694395,0.156473,0.673248,0.020277,0.079216,0.734881
1677109311,150941595,0.390343,0.694429,0.156568,0.673911,0.015779,0.078329,0.734479
1677109311,160764749,0.389961,0.694353,0.156603,0.673889,0.010954,0.077483,0.734677
1677109311,170492077,0.389563,0.694228,0.156616,0.673912,0.007200,0.078142,0.734633
1677109311,180499225,0.388926,0.693947,0.156581,0.673738,0.005551,0.078893,0.734726
1677109311,191306042,0.388552,0.694017,0.156589,0.675554,0.004041,0.082060,0.732719
1677109311,201317983,0.388031,0.693645,0.156521,0.676582,0.003108,0.083633,0.731596
1677109311,211137387,0.387807,0.693157,0.156488,0.677844,0.001440,0.085798,0.730181
1677109311,220925524,0.387530,0.692668,0.156416,0.680062,0.000243,0.086340,0.728053
1677109311,230842799,0.387500,0.692126,0.156381,0.682609,-0.001360,0.086468,0.725649
1677109311,241182712,0.387608,0.691555,0.156382,0.684617,-0.001882,0.086434,0.723758
1677109311,251111808,0.387977,0.691145,0.156418,0.686498,-0.002639,0.086078,0.722014
1677109311,261227780,0.388269,0.690570,0.156343,0.687023,-0.002055,0.083844,0.721779
1677109311,271112778,0.388775,0.690401,0.156270,0.688438,-0.000955,0.081841,0.720662
1677109311,281129406,0.389519,0.690163,0.156194,0.689563,-0.000054,0.079620,0.719836
1677109311,290791636,0.390268,0.690114,0.156102,0.691380,0.002521,0.077477,0.718321
1677109311,300903611,0.391043,0.689928,0.156021,0.692153,0.004832,0.074455,0.717884
1677109311,311180788,0.391875,0.689850,0.155923,0.693035,0.006618,0.070855,0.717383
1677109311,321406887,0.392758,0.689588,0.155821,0.693640,0.008829,0.067767,0.717073
1677109311,330649742,0.393687,0.689402,0.155883,0.694979,0.010095,0.064479,0.716062
1677109311,341091049,0.394474,0.689033,0.155972,0.695829,0.012028,0.061023,0.715509
1677109311,351420277,0.395272,0.688582,0.156123,0.697118,0.013894,0.057633,0.714501
1677109311,361041754,0.396142,0.688103,0.156337,0.699068,0.015180,0.054280,0.712830
1677109311,370512631,0.396936,0.687564,0.156674,0.701879,0.017310,0.051164,0.710246
1677109311,380896835,0.397824,0.686928,0.157032,0.704864,0.019965,0.049050,0.707362
1677109311,391039076,0.398685,0.686266,0.157442,0.707829,0.023013,0.047040,0.704440
1677109311,401090158,0.399451,0.685687,0.157746,0.709993,0.025944,0.044513,0.702321
1677109311,411139446,0.400257,0.685361,0.157999,0.711185,0.027778,0.041128,0.701251
1677109311,421185672,0.401090,0.685044,0.158249,0.711505,0.029522,0.038528,0.701002
1677109311,430676317,0.401693,0.685010,0.158591,0.712405,0.031467,0.035325,0.700172
1677109311,440983516,0.402412,0.684954,0.158998,0.713131,0.032709,0.033406,0.699470
1677109311,450985843,0.403030,0.684652,0.159446,0.713375,0.033346,0.031492,0.699280
1677109311,460905746,0.403571,0.684329,0.159987,0.714302,0.033810,0.029818,0.698384
1677109311,470979630,0.403900,0.683784,0.160595,0.715276,0.034999,0.028375,0.697388
1677109311,481072672,0.404386,0.683321,0.161352,0.717604,0.034931,0.027810,0.695019
1677109311,490676295,0.404674,0.682666,0.162180,0.720074,0.035221,0.027338,0.692463
1677109311,501360539,0.404937,0.681975,0.163083,0.722594,0.035507,0.027327,0.689819
1677109311,511162737,0.405104,0.681271,0.163961,0.724859,0.035833,0.027267,0.687424
1677109311,521468280,0.405275,0.680708,0.164950,0.727259,0.035247,0.027227,0.684917
1677109311,530849840,0.405508,0.679894,0.165907,0.728030,0.034321,0.027422,0.684137
1677109311,541559792,0.405624,0.679465,0.166971,0.729596,0.033470,0.027421,0.682509
1677109311,551436659,0.405780,0.679004,0.168024,0.729991,0.032546,0.027761,0.682117
1677109311,561042671,0.405829,0.678669,0.169100,0.729977,0.031999,0.027947,0.682150
1677109311,571282890,0.405905,0.678632,0.170220,0.730880,0.030900,0.028216,0.681222
1677109311,581458971,0.405876,0.678337,0.171328,0.731150,0.030776,0.028801,0.680914
1677109311,591154511,0.406074,0.677972,0.172547,0.731787,0.029403,0.030047,0.680236
1677109311,600867947,0.406089,0.677636,0.173788,0.733450,0.028241,0.030468,0.678473
1677109311,610592640,0.406004,0.677056,0.175020,0.734926,0.027663,0.030721,0.676886
1677109311,621037582,0.406059,0.676514,0.176332,0.736950,0.026443,0.031827,0.674679
1677109311,631254842,0.406003,0.675854,0.177640,0.738762,0.025560,0.032267,0.672708
1677109311,640648298,0.405992,0.675080,0.178916,0.740063,0.024739,0.033079,0.671268
1677109311,650565152,0.405997,0.674384,0.180216,0.741512,0.024042,0.033937,0.669649
1677109311,661348704,0.406052,0.673885,0.181590,0.743651,0.022706,0.034478,0.667293
1677109311,670967589,0.406068,0.673238,0.182921,0.745015,0.022298,0.035251,0.665742
1677109311,681278158,0.406149,0.672680,0.184293,0.746527,0.021890,0.036091,0.664015
1677109311,691264140,0.406223,0.672151,0.185688,0.748265,0.020780,0.035716,0.662112
1677109311,701096955,0.406346,0.671375,0.187128,0.749302,0.020368,0.035843,0.660944
1677109311,711043718,0.406626,0.670843,0.188654,0.751896,0.019092,0.036239,0.658009
1677109311,720690871,0.406694,0.669946,0.190244,0.753558,0.019102,0.035957,0.656120
1677109311,731251224,0.406956,0.669079,0.191856,0.755255,0.018129,0.035925,0.654194
1677109311,740703346,0.407079,0.668225,0.193599,0.756825,0.018336,0.035775,0.652380
1677109311,750434893,0.407345,0.667704,0.195432,0.759234,0.017496,0.035708,0.649602
1677109311,761417417,0.407560,0.666991,0.197209,0.760211,0.017126,0.035677,0.648470
1677109311,771300014,0.407674,0.666515,0.199126,0.761712,0.017321,0.035583,0.646706
1677109311,781328754,0.407961,0.665901,0.200983,0.762418,0.016352,0.035662,0.645895
1677109311,791188645,0.408198,0.665507,0.202951,0.764074,0.015787,0.035924,0.643934
1677109311,800950319,0.408286,0.664830,0.204915,0.765204,0.015678,0.035403,0.642622
1677109311,811136697,0.408549,0.664299,0.206951,0.767285,0.014929,0.035405,0.640154
1677109311,821383216,0.408767,0.663582,0.209001,0.768702,0.014620,0.035556,0.638450
1677109311,830823188,0.409014,0.662975,0.211069,0.770410,0.014363,0.035745,0.636384
1677109311,840682766,0.408982,0.662296,0.213077,0.771327,0.015697,0.035064,0.635279
1677109311,851234079,0.408625,0.661371,0.214921,0.770614,0.019256,0.034458,0.636079
1677109311,861510695,0.409684,0.661582,0.217356,0.773961,0.014869,0.035715,0.632051
1677109311,870666823,0.409888,0.661334,0.219448,0.774928,0.015107,0.035636,0.630864
1677109311,880093535,0.410025,0.661235,0.221555,0.776278,0.015678,0.035878,0.629174
1677109311,891007731,0.410134,0.661178,0.223700,0.777876,0.016450,0.036600,0.627136
1677109311,901523915,0.410366,0.660043,0.225648,0.775905,0.014532,0.036201,0.629643
1677109311,910768795,0.410419,0.659659,0.227705,0.776813,0.014714,0.036706,0.628488
1677109311,921160480,0.410382,0.659158,0.229807,0.777623,0.014800,0.036860,0.627475
1677109311,931149396,0.410528,0.658700,0.231909,0.778669,0.013426,0.037202,0.626188
1677109311,940736395,0.410615,0.658178,0.233955,0.779210,0.012532,0.038208,0.625471
1677109311,951163280,0.411067,0.657763,0.235994,0.779635,0.010391,0.041661,0.624761
1677109311,960902669,0.410624,0.657553,0.238098,0.780552,0.011157,0.039422,0.623746
1677109311,971073266,0.410551,0.657391,0.240153,0.781226,0.010596,0.040063,0.622872
1677109311,980578011,0.410552,0.657253,0.242170,0.781889,0.009498,0.041370,0.621971
1677109311,990839516,0.410304,0.656916,0.244092,0.782075,0.009648,0.042339,0.621670
1677109312,471332,0.410049,0.656779,0.246057,0.783199,0.009958,0.044166,0.620121
1677109312,11001907,0.409596,0.656391,0.248015,0.784121,0.010877,0.045641,0.618832
1677109312,21076844,0.409990,0.655750,0.250056,0.785276,0.005630,0.046068,0.617403
1677109312,30870347,0.409938,0.655211,0.252022,0.786246,0.003855,0.046962,0.616115
1677109312,40408061,0.409864,0.654732,0.253958,0.787222,0.002914,0.048241,0.614773
1677109312,50700794,0.409837,0.654262,0.255892,0.787785,0.001905,0.049020,0.613993
1677109312,60247016,0.409861,0.653882,0.257805,0.788355,0.000996,0.049203,0.613250
1677109312,70206732,0.409694,0.653727,0.259737,0.789680,0.003261,0.050923,0.611393
1677109312,80511009,0.409801,0.653500,0.261541,0.790121,0.003187,0.050553,0.610855
1677109312,90465593,0.410219,0.653058,0.263225,0.789601,0.001957,0.050369,0.611547
1677109312,100160187,0.410875,0.652673,0.264840,0.789197,0.000170,0.051442,0.611982
1677109312,110682962,0.411365,0.652334,0.266472,0.789061,-0.001908,0.048432,0.612400
1677109312,121413489,0.411046,0.652462,0.268357,0.791844,0.002931,0.047521,0.608865
1677109312,131389396,0.411167,0.652118,0.269965,0.792471,0.005208,0.047212,0.608057
1677109312,141346539,0.411478,0.651904,0.271610,0.793460,0.005927,0.046531,0.606812
1677109312,151074379,0.411603,0.651686,0.273180,0.794381,0.007412,0.045735,0.605651
1677109312,160830755,0.411656,0.651535,0.274719,0.795112,0.008983,0.044746,0.604742
1677109312,170387555,0.411921,0.651456,0.276224,0.795866,0.009101,0.044681,0.603754
1677109312,180986162,0.411958,0.651302,0.277619,0.796001,0.010300,0.044593,0.603563
1677109312,191031625,0.411917,0.651258,0.279024,0.796353,0.011033,0.043866,0.603138
1677109312,201671495,0.411837,0.651370,0.280461,0.796706,0.011906,0.044022,0.602643
1677109312,210897578,0.411823,0.651320,0.281760,0.796249,0.011420,0.043980,0.603260
1677109312,220751360,0.411527,0.651449,0.283146,0.796497,0.012024,0.043682,0.602943
1677109312,231239596,0.411389,0.651594,0.284513,0.796951,0.011319,0.043822,0.602346
1677109312,241429881,0.411166,0.651848,0.285864,0.797619,0.011162,0.044472,0.601416
1677109312,250744140,0.410873,0.652346,0.287250,0.799073,0.010933,0.045525,0.599408
1677109312,260986855,0.410476,0.652874,0.288535,0.800583,0.010886,0.045965,0.597358
1677109312,271128760,0.410265,0.651736,0.289397,0.796761,0.010829,0.047841,0.602300
1677109312,281211233,0.410011,0.651782,0.290445,0.797000,0.010148,0.048787,0.601920
1677109312,290748342,0.409918,0.652018,0.291869,0.799189,0.009317,0.051527,0.598795
1677109312,301150503,0.409806,0.651708,0.292591,0.798092,0.007987,0.051376,0.600288
1677109312,310903672,0.409595,0.651483,0.293267,0.797097,0.007737,0.051515,0.601600
1677109312,321143996,0.410238,0.651066,0.293751,0.794387,0.001092,0.050318,0.605324
1677109312,331385090,0.408985,0.651955,0.295023,0.797668,0.007165,0.051131,0.600883
1677109312,341382096,0.408939,0.651978,0.295655,0.797245,0.007049,0.051663,0.601400
1677109312,351180867,0.407861,0.652559,0.296608,0.799753,0.014379,0.052479,0.597858
1677109312,360867618,0.407826,0.652714,0.297216,0.799816,0.014660,0.051938,0.597815
1677109312,371218625,0.407790,0.652968,0.297803,0.800024,0.015972,0.052644,0.597441
1677109312,380332231,0.408947,0.652713,0.298052,0.797361,0.009002,0.051794,0.601209
1677109312,391265757,0.408999,0.652928,0.298531,0.797011,0.009618,0.051249,0.601709
1677109312,400888143,0.409101,0.653151,0.299060,0.796997,0.009705,0.050212,0.601815
1677109312,410725982,0.409284,0.653334,0.299602,0.797206,0.010341,0.050030,0.601541
1677109312,420589872,0.409298,0.653444,0.300143,0.797526,0.011480,0.048738,0.601204
1677109312,430869559,0.409459,0.653472,0.300704,0.797978,0.012703,0.048073,0.600632
1677109312,440674851,0.409694,0.653369,0.301205,0.797925,0.013387,0.047551,0.600729
1677109312,451088538,0.409963,0.653265,0.301720,0.797912,0.014246,0.047067,0.600765
1677109312,461454818,0.410109,0.653285,0.302220,0.797901,0.015167,0.045801,0.600854
1677109312,471085003,0.410303,0.653535,0.302812,0.798474,0.016166,0.045253,0.600108
1677109312,480622498,0.410553,0.653701,0.303350,0.798203,0.016963,0.044699,0.600488
1677109312,490857331,0.410701,0.653756,0.303866,0.797501,0.017931,0.043711,0.601465
1677109312,500833044,0.410809,0.654058,0.304415,0.797501,0.019045,0.043089,0.601475
1677109312,511076055,0.410958,0.654186,0.304980,0.796900,0.019333,0.042481,0.602305
1677109312,521209927,0.411221,0.654212,0.305488,0.796386,0.018984,0.042977,0.602961
1677109312,530816958,0.410925,0.654420,0.306097,0.796956,0.020829,0.041614,0.602242
1677109312,540449085,0.411131,0.654301,0.306580,0.796610,0.020170,0.042575,0.602656
1677109312,550869932,0.411061,0.654311,0.307112,0.797159,0.020434,0.042709,0.601910
1677109312,560788180,0.411063,0.654292,0.307664,0.797883,0.019928,0.043004,0.600945
