secs,nsecs,tx,ty,tz,rx,ry,rz,rw
1677108529,741870437,0.498098,0.564151,0.462440,0.610654,0.122082,0.218771,0.751223
1677108529,752262850,0.498464,0.563916,0.462036,0.610718,0.122938,0.218178,0.751204
1677108529,762010334,0.498852,0.563866,0.461626,0.611033,0.123568,0.217325,0.751092
1677108529,772151981,0.499155,0.563968,0.461194,0.611707,0.124480,0.216107,0.750745
1677108529,782119430,0.499638,0.564046,0.460785,0.611774,0.124798,0.215338,0.750858
1677108529,791837572,0.500017,0.564073,0.460422,0.611160,0.125641,0.214339,0.751503
1677108529,802091238,0.500367,0.564343,0.460063,0.611453,0.126413,0.213631,0.751337
1677108529,812298076,0.500687,0.564577,0.459768,0.611469,0.127002,0.213075,0.751382
1677108529,822297845,0.500976,0.564868,0.459469,0.611742,0.127247,0.212477,0.751288
1677108529,832068498,0.501078,0.565160,0.459181,0.611989,0.128456,0.212052,0.751001
1677108529,842094109,0.501304,0.565524,0.458930,0.612050,0.128880,0.212787,0.750670
1677108529,852192348,0.501338,0.565878,0.458673,0.612028,0.129437,0.212932,0.750552
1677108529,862396945,0.501345,0.566294,0.458412,0.611660,0.129980,0.213746,0.750527
1677108529,872310706,0.501195,0.566821,0.458116,0.611633,0.130440,0.214476,0.750260
1677108529,882130795,0.501164,0.567279,0.457814,0.610896,0.130311,0.215690,0.750536
1677108529,892007529,0.500946,0.567929,0.457474,0.611166,0.130177,0.216254,0.750176
1677108529,901745344,0.500854,0.568261,0.457204,0.609716,0.130561,0.217681,0.750876
1677108529,912388052,0.500753,0.568765,0.456993,0.609375,0.130184,0.218764,0.750904
1677108529,922023492,0.500608,0.569037,0.456765,0.608603,0.130500,0.219659,0.751214
1677108529,932321867,0.500591,0.569408,0.456566,0.608947,0.130015,0.220623,0.750736
1677108529,942157964,0.500518,0.569711,0.456359,0.609782,0.130108,0.221261,0.749855
1677108529,951846233,0.500607,0.569726,0.456160,0.609752,0.130346,0.222355,0.749514
1677108529,962272488,0.500694,0.569839,0.455904,0.610558,0.130327,0.222969,0.748678
1677108529,972531654,0.500796,0.569955,0.455625,0.611101,0.130414,0.223300,0.748121
1677108529,982220892,0.500838,0.570133,0.455260,0.611610,0.131008,0.223330,0.747592
1677108529,992498803,0.500990,0.570317,0.454878,0.611571,0.131160,0.223374,0.747584
1677108530,2164506,0.501218,0.570591,0.454441,0.611372,0.131730,0.223783,0.747524
1677108530,11904154,0.501386,0.570809,0.453996,0.611056,0.132256,0.223753,0.747699
1677108530,22082954,0.501539,0.571028,0.453518,0.610956,0.133017,0.223433,0.747741
1677108530,32299239,0.501677,0.571352,0.453012,0.611462,0.133868,0.223240,0.747233
1677108530,41770819,0.501962,0.571473,0.452530,0.611206,0.134139,0.223615,0.747282
1677108530,51715120,0.502100,0.571503,0.452004,0.611205,0.134653,0.223075,0.747351
1677108530,61809604,0.502327,0.571564,0.451440,0.611637,0.134898,0.223298,0.746887
1677108530,72054742,0.502400,0.571635,0.450793,0.612634,0.135472,0.222873,0.746093
1677108530,81644098,0.502598,0.571616,0.450107,0.613027,0.135561,0.223097,0.745687
1677108530,92474380,0.502708,0.571762,0.449267,0.614217,0.135249,0.223083,0.744768
1677108530,102277969,0.502811,0.571645,0.448361,0.613797,0.134646,0.222719,0.745332
1677108530,112261024,0.502938,0.571689,0.447364,0.613559,0.133252,0.223055,0.745678
1677108530,122274366,0.502866,0.571707,0.446263,0.612712,0.132502,0.223165,0.746475
1677108530,132121513,0.502806,0.571866,0.445131,0.612510,0.130783,0.223640,0.746801
1677108530,142521309,0.502637,0.571872,0.443971,0.611981,0.129305,0.224227,0.747316
1677108530,152394882,0.502450,0.571951,0.442816,0.612770,0.127548,0.225468,0.746598
1677108530,162533890,0.502119,0.571706,0.441651,0.613432,0.126777,0.226983,0.745726
1677108530,172705563,0.501788,0.571358,0.440466,0.614653,0.125985,0.229408,0.744111
1677108530,182778637,0.501360,0.571021,0.439194,0.616951,0.124796,0.232034,0.741591
1677108530,192611931,0.500992,0.570518,0.437809,0.618510,0.123153,0.235232,0.739557
1677108530,202288222,0.500393,0.570093,0.436287,0.620456,0.121925,0.237751,0.737322
1677108530,212265455,0.499910,0.569667,0.434654,0.621655,0.120237,0.240582,0.735669
1677108530,221837633,0.499421,0.569402,0.432905,0.622673,0.119050,0.243568,0.734016
1677108530,232319367,0.499006,0.569136,0.431049,0.623547,0.117246,0.245313,0.732983
1677108530,241874545,0.498889,0.568916,0.429172,0.623757,0.115465,0.247657,0.732298
1677108530,252712922,0.498730,0.568594,0.427244,0.623801,0.114650,0.248737,0.732023
1677108530,262543661,0.498727,0.568478,0.425327,0.624931,0.113801,0.248471,0.731282
1677108530,272557518,0.498906,0.568202,0.423479,0.625400,0.114041,0.248105,0.730967
1677108530,281492193,0.499237,0.568074,0.421684,0.627048,0.114428,0.246820,0.729929
1677108530,292256176,0.499706,0.567751,0.419929,0.628103,0.115596,0.244805,0.729516
1677108530,301763646,0.500239,0.567508,0.418218,0.629515,0.117222,0.242550,0.728793
1677108530,312386514,0.500810,0.567232,0.416500,0.630444,0.119098,0.240160,0.728478
1677108530,322125178,0.501440,0.567210,0.414837,0.631453,0.120489,0.238314,0.727980
1677108530,332311227,0.501860,0.567134,0.413137,0.632142,0.122137,0.235979,0.727869
1677108530,341834318,0.502223,0.567089,0.411452,0.632461,0.123113,0.233892,0.728101
1677108530,352289930,0.502579,0.566976,0.409843,0.632321,0.123520,0.232658,0.728549
1677108530,361883494,0.502688,0.566929,0.408269,0.633212,0.124319,0.231547,0.727992
1677108530,371923588,0.502811,0.566651,0.406795,0.633669,0.124071,0.230826,0.727867
1677108530,382141713,0.502778,0.566209,0.405418,0.634111,0.124387,0.230414,0.727558
1677108530,392329122,0.502714,0.565975,0.404084,0.635683,0.123489,0.230988,0.726155
1677108530,402723241,0.502411,0.565448,0.402757,0.636136,0.123689,0.231620,0.725524
1677108530,413080686,0.502050,0.565128,0.401511,0.637604,0.122862,0.232408,0.724122
1677108530,421939867,0.501798,0.564799,0.400287,0.638309,0.121808,0.234132,0.723123
1677108530,431837596,0.501419,0.564357,0.399043,0.638710,0.120857,0.235436,0.722505
1677108530,441815139,0.501016,0.564024,0.397823,0.639412,0.120343,0.236494,0.721623
1677108530,451861878,0.500794,0.563606,0.396610,0.639495,0.119103,0.237793,0.721329
1677108530,462626514,0.500454,0.563405,0.395415,0.640473,0.118437,0.238276,0.720410
1677108530,472686457,0.500239,0.563254,0.394263,0.641175,0.117967,0.238704,0.719721
1677108530,482166872,0.500189,0.562979,0.393204,0.641032,0.117557,0.238859,0.719864
1677108530,492144035,0.500125,0.562890,0.392191,0.641766,0.117451,0.238343,0.719399
1677108530,501929863,0.500147,0.562888,0.391239,0.642250,0.117739,0.238170,0.718977
1677108530,512068761,0.500027,0.562744,0.390258,0.642605,0.118583,0.236359,0.719118
1677108530,522086579,0.500093,0.562804,0.389408,0.643410,0.118950,0.236095,0.718424
1677108530,531868076,0.500065,0.562661,0.388526,0.643515,0.119779,0.235393,0.718423
1677108530,542071530,0.500254,0.562648,0.387650,0.643864,0.119899,0.236544,0.717712
1677108530,552272401,0.500029,0.562465,0.386731,0.644258,0.120079,0.235315,0.717732
1677108530,561977341,0.499764,0.562374,0.385819,0.644811,0.119899,0.234727,0.717458
1677108530,572327632,0.499135,0.562819,0.384766,0.648517,0.119325,0.232889,0.714808
1677108530,582084324,0.499009,0.562338,0.383877,0.646799,0.119031,0.233809,0.716112
1677108530,592517036,0.498826,0.562207,0.383067,0.646825,0.118333,0.234749,0.715897
1677108530,602132392,0.498560,0.561927,0.382253,0.646288,0.118360,0.235597,0.716098
1677108530,612130249,0.498306,0.561883,0.381490,0.646781,0.118160,0.236650,0.715339
1677108530,621786782,0.497935,0.561760,0.380752,0.647262,0.118411,0.237088,0.714717
1677108530,631908140,0.497733,0.561876,0.380067,0.648509,0.117718,0.238145,0.713348
1677108530,642226258,0.497382,0.561751,0.379332,0.648807,0.117853,0.238445,0.712954
1677108530,652196214,0.497120,0.561794,0.378629,0.649418,0.117803,0.239167,0.712164
1677108530,662216321,0.496730,0.561026,0.377782,0.647123,0.118296,0.237709,0.714656
1677108530,672531364,0.496465,0.561003,0.377058,0.647352,0.118485,0.238159,0.714267
1677108530,682032796,0.496381,0.561332,0.376430,0.648946,0.117780,0.239215,0.712582
1677108530,692399646,0.496275,0.561391,0.375767,0.649550,0.117572,0.239851,0.711851
1677108530,702375892,0.496055,0.561636,0.375068,0.650994,0.117516,0.239719,0.710585
1677108530,712108142,0.495916,0.561653,0.374322,0.650924,0.118078,0.240229,0.710384
1677108530,722044468,0.495738,0.561814,0.373618,0.651131,0.118473,0.240642,0.709989
1677108530,732408381,0.495455,0.562068,0.372829,0.651487,0.119048,0.240645,0.709565
1677108530,741973695,0.495327,0.562144,0.372037,0.650972,0.118933,0.240939,0.709956
1677108530,752166199,0.495071,0.562426,0.371240,0.651143,0.119129,0.241351,0.709627
1677108530,762428385,0.494779,0.562677,0.370402,0.651436,0.119579,0.241652,0.709180
1677108530,772711426,0.494593,0.562693,0.369549,0.651073,0.119001,0.241270,0.709740
1677108530,782021992,0.494423,0.562875,0.368701,0.651142,0.118975,0.242060,0.709413
1677108530,792223869,0.494295,0.562847,0.367864,0.650877,0.118274,0.241619,0.709923
1677108530,802357316,0.494045,0.563080,0.367040,0.651631,0.118671,0.241936,0.709057
1677108530,812029219,0.493842,0.563292,0.366169,0.652299,0.118795,0.242203,0.708330
1677108530,821881192,0.493723,0.563436,0.365303,0.652636,0.118584,0.242599,0.707920
1677108530,832649472,0.493530,0.563479,0.364366,0.652385,0.119220,0.243057,0.707887
1677108530,842247250,0.493351,0.563716,0.363403,0.653030,0.119088,0.243077,0.707307
1677108530,852597951,0.493201,0.563921,0.362428,0.652827,0.119510,0.243457,0.707293
1677108530,862815820,0.493203,0.564179,0.361464,0.652172,0.118887,0.244582,0.707614
1677108530,872333854,0.492978,0.564375,0.360453,0.651447,0.119654,0.244036,0.708340
1677108530,882014113,0.492895,0.564897,0.359508,0.651827,0.120071,0.244287,0.707834
1677108530,892482883,0.492833,0.565289,0.358570,0.651950,0.121025,0.243365,0.707875
1677108530,902405194,0.492846,0.565579,0.357645,0.651641,0.121748,0.243037,0.708148
1677108530,912434768,0.492931,0.565692,0.356818,0.651346,0.122326,0.242288,0.708577
1677108530,922394632,0.493117,0.566048,0.356036,0.652230,0.122751,0.242169,0.707731
1677108530,932657737,0.493195,0.566193,0.355243,0.652773,0.124020,0.241501,0.707237
1677108530,942682767,0.493329,0.566372,0.354498,0.653788,0.124624,0.240795,0.706433
1677108530,952633459,0.493448,0.566358,0.353725,0.653666,0.125666,0.240499,0.706462
1677108530,962195321,0.493466,0.566559,0.352959,0.654479,0.126339,0.239829,0.705817
1677108530,972442497,0.493550,0.566758,0.352171,0.654443,0.127098,0.240315,0.705549
1677108530,982192748,0.493527,0.567038,0.351359,0.654707,0.127484,0.240256,0.705254
1677108530,992676854,0.493519,0.567238,0.350563,0.654293,0.127832,0.240763,0.705403
1677108531,2070422,0.493474,0.567486,0.349782,0.654486,0.127781,0.240439,0.705343
1677108531,12279188,0.493457,0.567692,0.349035,0.654631,0.127840,0.240859,0.705055
1677108531,22028736,0.493414,0.567797,0.348290,0.654733,0.128345,0.241064,0.704798
1677108531,32517893,0.493609,0.567982,0.347610,0.655629,0.127447,0.241605,0.703942
1677108531,42343359,0.493540,0.567968,0.346887,0.656206,0.128117,0.241125,0.703447
1677108531,52501088,0.493711,0.568051,0.346227,0.656723,0.128195,0.241618,0.702781
1677108531,62582685,0.493737,0.568210,0.345573,0.657679,0.128872,0.241606,0.701767
1677108531,72435101,0.493818,0.568309,0.344880,0.658295,0.129250,0.241149,0.701277
1677108531,82500675,0.493848,0.568539,0.344172,0.659018,0.129861,0.240992,0.700539
1677108531,91940983,0.494077,0.568683,0.343451,0.659005,0.129711,0.241175,0.700516
1677108531,102393479,0.494164,0.568876,0.342709,0.659210,0.129896,0.240702,0.700451
1677108531,112244155,0.494225,0.569090,0.341950,0.659174,0.130518,0.240708,0.700367
1677108531,122533852,0.494202,0.569344,0.341205,0.659551,0.130938,0.240087,0.700147
1677108531,132040904,0.494205,0.569715,0.340440,0.660091,0.131153,0.240002,0.699626
1677108531,142559942,0.494213,0.569957,0.339714,0.660094,0.131537,0.240159,0.699498
1677108531,152564654,0.494202,0.570297,0.338986,0.660528,0.131420,0.240166,0.699108
1677108531,161741124,0.494105,0.570602,0.338240,0.660926,0.131403,0.240076,0.698766
1677108531,172341910,0.494012,0.570750,0.337524,0.660540,0.131839,0.240516,0.698897
1677108531,182065076,0.494016,0.571060,0.336811,0.661016,0.131069,0.241285,0.698327
1677108531,192292795,0.493882,0.571160,0.336100,0.661058,0.131101,0.241739,0.698124
1677108531,202201461,0.493715,0.571345,0.335383,0.661731,0.131008,0.242225,0.697335
1677108531,212533570,0.493593,0.571450,0.334680,0.662355,0.130987,0.242744,0.696566
1677108531,221968092,0.493482,0.571513,0.334032,0.662859,0.130898,0.243093,0.695981
1677108531,231585284,0.493458,0.571582,0.333409,0.663036,0.130854,0.244136,0.695455
1677108531,242355111,0.493334,0.571671,0.332739,0.663691,0.131173,0.244374,0.694687
1677108531,252549391,0.493249,0.571709,0.332095,0.663988,0.131904,0.244904,0.694077
1677108531,262011593,0.493210,0.571731,0.331406,0.664479,0.132243,0.244846,0.693563
1677108531,272118649,0.493225,0.571910,0.330742,0.665510,0.131981,0.244998,0.692570
1677108531,282267691,0.493262,0.571989,0.330036,0.665921,0.132211,0.245368,0.692000
1677108531,292521542,0.493233,0.571927,0.329253,0.665329,0.132794,0.244899,0.692624
1677108531,302881306,0.493194,0.572117,0.328503,0.665732,0.132918,0.244497,0.692354
1677108531,312618417,0.493252,0.572137,0.327793,0.665353,0.133378,0.244639,0.692581
1677108531,322079174,0.493283,0.572239,0.327045,0.665749,0.133763,0.243905,0.692385
1677108531,332002034,0.493415,0.572293,0.326353,0.665970,0.134054,0.243573,0.692232
1677108531,342495970,0.493399,0.572352,0.325663,0.666481,0.135333,0.243013,0.691688
1677108531,352148610,0.493419,0.572364,0.324983,0.667010,0.136123,0.241928,0.691403
1677108531,361675494,0.493537,0.572411,0.324345,0.667324,0.136745,0.241813,0.691018
1677108531,372068997,0.493528,0.572416,0.323696,0.667263,0.137974,0.241239,0.691033
1677108531,381634424,0.493559,0.572527,0.323081,0.667559,0.138259,0.240933,0.690797
1677108531,392367549,0.493387,0.572570,0.322445,0.667554,0.139595,0.240344,0.690738
1677108531,402384395,0.493240,0.572634,0.321796,0.667547,0.140405,0.240076,0.690674
1677108531,412503959,0.493656,0.572818,0.321106,0.667619,0.137192,0.240987,0.690933
1677108531,422115184,0.493681,0.572717,0.320492,0.667198,0.136789,0.241535,0.691228
1677108531,431697436,0.493494,0.572952,0.319852,0.668295,0.136821,0.241975,0.690008
1677108531,442189763,0.493233,0.572948,0.319201,0.668681,0.137006,0.241786,0.689663
1677108531,452437600,0.493163,0.572977,0.318564,0.668713,0.136787,0.242697,0.689355
1677108531,462053883,0.492900,0.573095,0.317892,0.669225,0.137080,0.242903,0.688728
1677108531,472095030,0.492641,0.573225,0.317195,0.669386,0.137747,0.243455,0.688242
1677108531,481805504,0.492581,0.573397,0.316578,0.669663,0.137235,0.243942,0.687902
1677108531,491894854,0.492324,0.573427,0.315886,0.669682,0.137926,0.243704,0.687830
1677108531,502059760,0.492093,0.573547,0.315199,0.669676,0.138807,0.244210,0.687479
1677108531,511982073,0.491994,0.573720,0.314485,0.669771,0.138642,0.244662,0.687259
1677108531,522322117,0.491753,0.573939,0.313730,0.669986,0.139425,0.245027,0.686761
1677108531,532688667,0.491559,0.573992,0.312938,0.669574,0.140160,0.245440,0.686866
1677108531,542109198,0.491362,0.574093,0.312123,0.669519,0.140394,0.245490,0.686854
1677108531,552164085,0.491196,0.574111,0.311277,0.669080,0.140724,0.245637,0.687161
1677108531,562243921,0.491097,0.574251,0.310425,0.669464,0.140209,0.245356,0.686994
1677108531,572417912,0.491141,0.574131,0.309520,0.668774,0.140211,0.245716,0.687536
1677108531,582565470,0.491102,0.574191,0.308681,0.669152,0.140650,0.245830,0.687037
1677108531,592615663,0.491015,0.574340,0.307825,0.670057,0.141478,0.245491,0.686106
1677108531,602159998,0.491125,0.574209,0.306910,0.669327,0.142259,0.245482,0.686661
1677108531,612438579,0.491091,0.574316,0.305965,0.669267,0.143045,0.245248,0.686639
1677108531,621925643,0.490996,0.574532,0.304999,0.669274,0.143866,0.244997,0.686551
1677108531,632098615,0.490839,0.574952,0.303911,0.669843,0.145172,0.244768,0.685801
1677108531,642144104,0.490648,0.575181,0.302860,0.669378,0.146236,0.244384,0.686166
1677108531,652285650,0.490555,0.575407,0.301785,0.669016,0.146635,0.244246,0.686483
1677108531,662579581,0.490529,0.575461,0.300740,0.668178,0.146787,0.244063,0.687331
1677108531,672145265,0.490451,0.575737,0.299682,0.668452,0.146888,0.244067,0.687043
1677108531,681997241,0.490318,0.575710,0.298624,0.667945,0.147840,0.243491,0.687535
1677108531,692073459,0.490331,0.575838,0.297574,0.667780,0.147904,0.243423,0.687706
1677108531,702574368,0.490238,0.575955,0.296568,0.668105,0.148444,0.242440,0.687622
1677108531,712574745,0.490385,0.576150,0.295645,0.667830,0.148930,0.243411,0.687441
1677108531,722477048,0.490345,0.576178,0.294676,0.667206,0.149979,0.242773,0.688044
1677108531,732458307,0.490202,0.576538,0.293737,0.667724,0.151096,0.242298,0.687464
1677108531,742092133,0.490254,0.576554,0.292773,0.666535,0.151779,0.242004,0.688570
1677108531,752022346,0.490236,0.576788,0.291853,0.665972,0.152562,0.242175,0.688881
1677108531,762420604,0.490125,0.577232,0.290937,0.666158,0.153267,0.242078,0.688579
1677108531,772742341,0.490163,0.577387,0.289979,0.664871,0.153354,0.242361,0.689702
1677108531,782209982,0.490007,0.577750,0.289081,0.665109,0.153339,0.241599,0.689744
1677108531,792592974,0.489910,0.577865,0.288147,0.664224,0.154006,0.241874,0.690352
1677108531,802874876,0.489913,0.578064,0.287201,0.664353,0.153685,0.242070,0.690230
1677108531,812089513,0.489680,0.578164,0.286270,0.664694,0.154802,0.242077,0.689650
1677108531,822074571,0.489456,0.578338,0.285311,0.665622,0.155726,0.241952,0.688590
1677108531,832224511,0.489400,0.578380,0.284315,0.665690,0.155972,0.242058,0.688431
1677108531,842417835,0.489390,0.578524,0.283292,0.665553,0.156137,0.242470,0.688381
1677108531,852252338,0.489269,0.578739,0.282266,0.665472,0.156806,0.242587,0.688266
1677108531,862528429,0.489182,0.578951,0.281213,0.665017,0.157290,0.242467,0.688638
1677108531,871797713,0.489063,0.579341,0.280129,0.664829,0.157780,0.242134,0.688824
1677108531,882117208,0.489008,0.579719,0.279039,0.664379,0.158312,0.242154,0.689129
1677108531,892413373,0.488927,0.580052,0.277928,0.663911,0.159127,0.241534,0.689610
1677108531,901858445,0.489081,0.580310,0.276865,0.662909,0.159689,0.241433,0.690479
1677108531,912362007,0.489060,0.580738,0.275880,0.663345,0.160278,0.241231,0.689994
1677108531,922023205,0.488921,0.581023,0.274876,0.663479,0.162086,0.241059,0.689503
1677108531,932178806,0.488792,0.581229,0.273922,0.663280,0.163609,0.240506,0.689528
1677108531,942536663,0.488764,0.581495,0.273033,0.663425,0.164321,0.240565,0.689199
1677108531,952873970,0.488654,0.581673,0.272155,0.663487,0.164934,0.240263,0.689098
1677108531,961882006,0.488579,0.581806,0.271280,0.663534,0.165361,0.240506,0.688865
1677108531,972184894,0.488447,0.581936,0.270380,0.664135,0.165156,0.240244,0.688427
1677108531,982183849,0.488181,0.581911,0.269450,0.664246,0.166025,0.240239,0.688112
1677108531,992096961,0.487941,0.581915,0.268516,0.664659,0.166547,0.240157,0.687616
1677108532,2020303,0.487709,0.582098,0.267646,0.665373,0.167331,0.240817,0.686503
1677108532,12447973,0.487368,0.582177,0.266718,0.665508,0.168613,0.240651,0.686117
1677108532,22187746,0.487837,0.582393,0.265846,0.664518,0.165466,0.242794,0.687086
1677108532,31760441,0.487622,0.582713,0.264925,0.664421,0.165992,0.243042,0.686966
1677108532,42430904,0.487470,0.582910,0.264042,0.663699,0.166502,0.243427,0.687404
1677108532,52624795,0.487346,0.582654,0.263122,0.661790,0.167313,0.242720,0.689295
1677108532,61898867,0.487150,0.582920,0.262225,0.661638,0.168177,0.242848,0.689185
1677108532,72511938,0.486996,0.582980,0.261392,0.661019,0.169160,0.243008,0.689483
1677108532,82450058,0.486842,0.583156,0.260604,0.660741,0.170034,0.243613,0.689320
1677108532,91847267,0.486828,0.583109,0.259850,0.660123,0.169856,0.243393,0.690034
1677108532,101887531,0.486612,0.583432,0.259194,0.660838,0.170519,0.243791,0.689045
1677108532,112336162,0.486490,0.583395,0.258506,0.660764,0.170922,0.243526,0.689110
1677108532,121992180,0.486431,0.583487,0.257910,0.661401,0.171192,0.243866,0.688310
1677108532,132086287,0.486385,0.583460,0.257301,0.661720,0.171451,0.244021,0.687884
1677108532,142235940,0.486342,0.583490,0.256694,0.662203,0.171866,0.244379,0.687188
1677108532,152210214,0.486245,0.583603,0.256100,0.663043,0.171666,0.244117,0.686522
1677108532,162132778,0.486084,0.583720,0.255547,0.663201,0.172372,0.244832,0.685937
1677108532,172218328,0.485966,0.583890,0.254982,0.663449,0.172622,0.245490,0.685399
1677108532,182205363,0.485694,0.583820,0.254400,0.662819,0.173267,0.245191,0.685953
1677108532,192332226,0.485509,0.584138,0.253813,0.663434,0.172858,0.245885,0.685213
1677108532,202580671,0.485369,0.584194,0.253237,0.662993,0.172570,0.246563,0.685468
1677108532,212671597,0.485118,0.584407,0.252573,0.663054,0.172721,0.247228,0.685131
1677108532,222353269,0.484641,0.584723,0.251905,0.664350,0.171882,0.246428,0.684375
1677108532,231997463,0.484281,0.585040,0.251231,0.665075,0.171940,0.246643,0.683578
1677108532,242120961,0.484267,0.585053,0.250582,0.664257,0.171247,0.247175,0.684355
1677108532,252477209,0.484014,0.585478,0.249883,0.665095,0.171300,0.247332,0.683471
1677108532,261985584,0.483834,0.585606,0.249189,0.664680,0.171755,0.247596,0.683664
1677108532,272773884,0.483619,0.585973,0.248435,0.664887,0.172112,0.247522,0.683400
1677108532,282188866,0.483481,0.586237,0.247667,0.664122,0.172599,0.247294,0.684104
1677108532,292055017,0.483287,0.586948,0.246916,0.664703,0.172882,0.247520,0.683385
1677108532,302353835,0.483034,0.587341,0.246054,0.663585,0.173947,0.246695,0.684499
1677108532,312467786,0.482919,0.588025,0.245246,0.662906,0.174391,0.246985,0.684939
1677108532,322526720,0.482735,0.588577,0.244362,0.661606,0.175123,0.246649,0.686129
1677108532,332265681,0.482483,0.589320,0.243523,0.661063,0.175968,0.246141,0.686619
1677108532,342420001,0.482391,0.589937,0.242696,0.660238,0.176339,0.245923,0.687395
1677108532,352252140,0.482291,0.590314,0.241917,0.659237,0.177153,0.245244,0.688388
1677108532,362114851,0.482055,0.590903,0.241225,0.659953,0.178208,0.244455,0.687710
1677108532,372185146,0.481982,0.591223,0.240532,0.659629,0.178694,0.244020,0.688049
1677108532,382521253,0.482058,0.591795,0.239852,0.659607,0.177654,0.245553,0.687794
1677108532,392210040,0.481802,0.591944,0.239147,0.658359,0.178546,0.245370,0.688824
1677108532,402290645,0.481158,0.592587,0.238414,0.658306,0.180514,0.246147,0.688084
1677108532,412582516,0.480516,0.593174,0.237611,0.657262,0.181367,0.246581,0.688702
1677108532,422211894,0.479870,0.593788,0.236774,0.655443,0.181950,0.247695,0.689882
1677108532,432037517,0.479213,0.594407,0.235865,0.653113,0.182808,0.249352,0.691265
1677108532,442115988,0.478759,0.595143,0.235039,0.651384,0.182099,0.251162,0.692428
1677108532,452294820,0.478048,0.595541,0.234200,0.649342,0.183262,0.251721,0.693835
1677108532,462576269,0.477410,0.596826,0.233414,0.651504,0.183196,0.252992,0.691359
1677108532,472784322,0.477081,0.596864,0.232737,0.649970,0.183546,0.253370,0.692570
1677108532,482052220,0.477070,0.597178,0.232168,0.649870,0.182817,0.255066,0.692235
1677108532,491749801,0.476783,0.597552,0.231537,0.650934,0.183186,0.254992,0.691164
1677108532,502170643,0.476751,0.597440,0.230921,0.648993,0.183973,0.256023,0.692397
1677108532,512373475,0.476418,0.597956,0.230246,0.649328,0.184601,0.256019,0.691918
1677108532,522327169,0.476083,0.598418,0.229483,0.648392,0.185693,0.256265,0.692412
1677108532,532336577,0.475844,0.598528,0.228634,0.645340,0.186668,0.256219,0.695013
1677108532,542291184,0.475618,0.599566,0.227937,0.645664,0.185826,0.256528,0.694824
1677108532,552494004,0.475369,0.599985,0.227135,0.643497,0.186776,0.257023,0.696395
1677108532,562359856,0.475144,0.600632,0.226341,0.642866,0.186962,0.256784,0.697016
1677108532,572450553,0.474956,0.601012,0.225542,0.641565,0.187621,0.256572,0.698114
1677108532,581826202,0.474892,0.601432,0.224761,0.640933,0.188114,0.256607,0.698550
1677108532,591792098,0.474712,0.601749,0.223934,0.640515,0.188841,0.255529,0.699131
1677108532,602059473,0.474680,0.602165,0.223116,0.640105,0.189642,0.255535,0.699288
1677108532,612160192,0.474623,0.602627,0.222293,0.639412,0.190191,0.255169,0.699906
1677108532,622488235,0.474393,0.603412,0.221448,0.638729,0.191677,0.255328,0.700067
1677108532,632618313,0.474204,0.604120,0.220595,0.637908,0.192407,0.255126,0.700688
1677108532,642179840,0.474090,0.604705,0.219725,0.636927,0.192597,0.254326,0.701819
1677108532,652269362,0.473942,0.605078,0.218889,0.635013,0.194033,0.254054,0.703254
1677108532,662049676,0.473828,0.605543,0.218117,0.634335,0.194586,0.253262,0.703999
1677108532,672549034,0.473860,0.606096,0.217387,0.634083,0.194820,0.253372,0.704121
1677108532,682746235,0.473632,0.606519,0.216646,0.633725,0.196174,0.252475,0.704389
1677108532,692411474,0.473577,0.606941,0.215935,0.633011,0.196355,0.252240,0.705065
1677108532,702413469,0.473524,0.607530,0.215212,0.632293,0.196257,0.252209,0.705748
1677108532,712521389,0.473141,0.607950,0.214473,0.630808,0.197823,0.251658,0.706835
1677108532,722022699,0.472908,0.608332,0.213789,0.629155,0.198362,0.251262,0.708296
1677108532,732584993,0.472683,0.608815,0.213178,0.628031,0.198780,0.251730,0.709010
1677108532,742262260,0.472389,0.609178,0.212585,0.627089,0.199422,0.251604,0.709708
1677108532,752212772,0.472189,0.609561,0.212079,0.626818,0.199036,0.251847,0.709970
1677108532,762327643,0.471854,0.609614,0.211600,0.625533,0.199576,0.251803,0.710966
1677108532,772434754,0.471660,0.609833,0.211214,0.625574,0.198823,0.252480,0.710901
1677108532,781961114,0.471337,0.609934,0.210868,0.625909,0.198378,0.252672,0.710662
1677108532,792530933,0.471107,0.609853,0.210550,0.625983,0.197961,0.253005,0.710595
1677108532,802519217,0.470842,0.609830,0.210285,0.626449,0.197927,0.253829,0.709900
1677108532,812770589,0.470610,0.609725,0.209958,0.626326,0.198038,0.254938,0.709580
1677108532,822543057,0.470345,0.609820,0.209630,0.626645,0.197197,0.255127,0.709464
1677108532,831772254,0.469935,0.609911,0.209253,0.626090,0.197562,0.255699,0.709647
1677108532,842213855,0.469630,0.610217,0.208808,0.625611,0.196396,0.255809,0.710353
1677108532,852357523,0.469394,0.610396,0.208344,0.623538,0.196158,0.256634,0.711942
1677108532,862457153,0.468896,0.610808,0.207842,0.622903,0.196610,0.255929,0.712627
1677108532,872272621,0.468724,0.611043,0.207378,0.621118,0.196392,0.255988,0.714222
1677108532,882408708,0.468471,0.611403,0.206940,0.620282,0.196894,0.256143,0.714754
1677108532,892085608,0.468301,0.611689,0.206535,0.619245,0.197382,0.256096,0.715535
1677108532,901755976,0.468129,0.612166,0.206148,0.619421,0.197544,0.256163,0.715314
1677108532,911706240,0.468040,0.612184,0.205806,0.617889,0.198086,0.255814,0.716613
1677108532,921809601,0.467822,0.612469,0.205416,0.617514,0.198572,0.255434,0.716937
1677108532,932035257,0.467699,0.612850,0.205009,0.616647,0.198981,0.256091,0.717336
1677108532,942422137,0.467444,0.613271,0.204574,0.615599,0.198712,0.255788,0.718418
1677108532,952222890,0.467078,0.613819,0.204147,0.614770,0.199225,0.255664,0.719030
1677108532,962268199,0.466750,0.614250,0.203728,0.613401,0.199507,0.255556,0.720158
1677108532,972598369,0.466490,0.614467,0.203405,0.611216,0.200439,0.256030,0.721587
1677108532,982389888,0.466215,0.614780,0.203134,0.610255,0.200312,0.255696,0.722553
1677108532,992110127,0.465941,0.615159,0.202909,0.609862,0.200191,0.255841,0.722868
1677108533,2652150,0.465753,0.615432,0.202721,0.609376,0.199621,0.256459,0.723216
1677108533,12460853,0.465424,0.615555,0.202543,0.608848,0.199577,0.256403,0.723692
1677108533,22172837,0.465062,0.615529,0.202418,0.607658,0.199926,0.256958,0.724399
1677108533,32180687,0.464715,0.615624,0.202293,0.607098,0.200261,0.258263,0.724312
1677108533,42612154,0.464298,0.615905,0.202175,0.607484,0.199275,0.259140,0.723947
1677108533,52463518,0.463842,0.616133,0.201987,0.607225,0.198944,0.260566,0.723743
1677108533,61870006,0.463310,0.616259,0.201794,0.606555,0.198838,0.262280,0.723715
1677108533,72147577,0.462764,0.616458,0.201633,0.606479,0.198106,0.263434,0.723561
1677108533,82330613,0.462264,0.616516,0.201476,0.606031,0.197888,0.264898,0.723461
1677108533,92170082,0.461811,0.616495,0.201298,0.605066,0.197740,0.266199,0.723832
1677108533,102441879,0.461781,0.616398,0.201229,0.603024,0.195745,0.268546,0.725210
1677108533,112739363,0.461286,0.616649,0.200986,0.602926,0.195748,0.269145,0.725068
1677108533,122416545,0.460910,0.616868,0.200772,0.602090,0.195565,0.269775,0.725578
1677108533,132205409,0.460583,0.617288,0.200529,0.601766,0.195321,0.270070,0.725803
1677108533,142363946,0.460348,0.617626,0.200274,0.600477,0.195593,0.270702,0.726561
1677108533,152135779,0.460188,0.617842,0.200023,0.598970,0.195828,0.270419,0.727846
1677108533,162474272,0.459923,0.618509,0.199718,0.599076,0.196574,0.270487,0.727532
1677108533,172156586,0.459710,0.618889,0.199402,0.598235,0.197543,0.269784,0.728223
1677108533,182330754,0.459585,0.619212,0.199141,0.596979,0.198098,0.269381,0.729252
1677108533,192452676,0.459439,0.619788,0.198836,0.595967,0.199139,0.270066,0.729542
1677108533,202358181,0.459087,0.620286,0.198487,0.595219,0.199957,0.269500,0.730138
1677108533,212118645,0.458834,0.620784,0.198123,0.593493,0.200634,0.270121,0.731127
1677108533,221950657,0.458447,0.621521,0.197730,0.592569,0.200873,0.270731,0.731585
1677108533,232463091,0.458035,0.621965,0.197313,0.589897,0.201031,0.271145,0.733545
1677108533,242352825,0.457576,0.622781,0.196888,0.588473,0.201214,0.272566,0.734112
1677108533,252360712,0.457043,0.623348,0.196494,0.586536,0.201385,0.272945,0.735473
1677108533,262426353,0.456500,0.623889,0.196186,0.585103,0.201391,0.273289,0.736484
1677108533,272375639,0.456217,0.624277,0.196017,0.583705,0.201056,0.274454,0.737252
1677108533,281926740,0.455721,0.624833,0.195849,0.583673,0.201954,0.275597,0.736605
1677108533,292460213,0.455385,0.625016,0.195791,0.583636,0.201488,0.275602,0.736760
1677108533,302487378,0.455338,0.625078,0.195823,0.582884,0.200390,0.277175,0.737064
1677108533,312249048,0.454777,0.625252,0.195745,0.583288,0.201004,0.277612,0.736414
1677108533,322634401,0.454465,0.625424,0.195636,0.582895,0.199998,0.278756,0.736566
1677108533,332184430,0.454099,0.625699,0.195437,0.582183,0.198784,0.279983,0.736992
1677108533,342349747,0.453538,0.625948,0.195171,0.580642,0.198490,0.280606,0.738049
1677108533,351583790,0.453106,0.626359,0.194852,0.578561,0.197106,0.281724,0.739626
1677108533,361791896,0.452550,0.626907,0.194439,0.577269,0.196669,0.282115,0.740603
1677108533,371516694,0.452233,0.627409,0.194081,0.575363,0.196109,0.282924,0.741925
1677108533,381493765,0.451920,0.628110,0.193734,0.574931,0.195895,0.283164,0.742225
1677108533,391699219,0.451892,0.628449,0.193522,0.572980,0.196137,0.283506,0.743538
1677108533,402142332,0.451770,0.628769,0.193283,0.570272,0.198458,0.283829,0.744880
1677108533,412273078,0.451688,0.629297,0.193054,0.569448,0.198902,0.282955,0.745723
1677108533,421481318,0.451631,0.629869,0.192845,0.568546,0.199496,0.282524,0.746416
1677108533,432339476,0.451606,0.630320,0.192639,0.566983,0.200291,0.282050,0.747571
1677108533,441553270,0.451364,0.630840,0.192416,0.566115,0.201332,0.280840,0.748403
1677108533,451938547,0.451276,0.631413,0.192194,0.565354,0.201352,0.280940,0.748936
1677108533,462360099,0.451182,0.631835,0.191950,0.563970,0.201488,0.281264,0.749820
1677108533,472205287,0.450963,0.632207,0.191682,0.562583,0.201732,0.281621,0.750662
1677108533,481602053,0.450601,0.632724,0.191370,0.561783,0.201880,0.281930,0.751106
1677108533,491649667,0.450262,0.633065,0.191099,0.559891,0.202320,0.282671,0.752121
1677108533,502349793,0.449925,0.633519,0.190818,0.558813,0.201877,0.283286,0.752810
1677108533,512377700,0.449535,0.633978,0.190581,0.557782,0.202127,0.283878,0.753284
1677108533,521980771,0.449171,0.634417,0.190371,0.556706,0.202315,0.284958,0.753622
1677108533,532490193,0.448923,0.634748,0.190223,0.555887,0.201924,0.285526,0.754116
1677108533,542437366,0.448652,0.634923,0.190130,0.554712,0.201803,0.286278,0.754728
1677108533,552307447,0.448343,0.635253,0.190002,0.555204,0.201785,0.286647,0.754232
1677108533,561930442,0.448112,0.635529,0.189945,0.555930,0.200796,0.286689,0.753944
1677108533,572457999,0.447992,0.635661,0.189934,0.555835,0.200778,0.287956,0.753537
1677108533,582395768,0.447852,0.635555,0.189931,0.554995,0.200962,0.288562,0.753875
1677108533,592203238,0.447544,0.635768,0.189827,0.555705,0.200803,0.288640,0.753363
1677108533,601829438,0.447430,0.635891,0.189720,0.554962,0.200282,0.289657,0.753660
1677108533,612371680,0.447223,0.636104,0.189557,0.554177,0.200252,0.290726,0.753834
1677108533,621903653,0.447016,0.636306,0.189336,0.553406,0.200003,0.291285,0.754251
1677108533,632131334,0.446710,0.636744,0.189064,0.553728,0.199671,0.291347,0.754078
1677108533,642361577,0.446616,0.636911,0.188844,0.552269,0.199452,0.291689,0.755073
1677108533,652441365,0.446476,0.637034,0.188607,0.550807,0.199739,0.291441,0.756160
1677108533,662519286,0.446325,0.637493,0.188346,0.550656,0.199321,0.291014,0.756544
1677108533,672783946,0.446292,0.637785,0.188111,0.549308,0.199377,0.291040,0.757499
1677108533,682550001,0.446192,0.638100,0.187865,0.548203,0.199993,0.290872,0.758202
1677108533,693070314,0.446104,0.638422,0.187593,0.547203,0.200411,0.290419,0.758987
1677108533,701904527,0.446019,0.638817,0.187358,0.546672,0.200709,0.290058,0.759428
1677108533,712241416,0.445909,0.639191,0.187133,0.546099,0.201555,0.290073,0.759611
1677108533,722270161,0.445778,0.639380,0.186913,0.545072,0.201798,0.289387,0.760545
1677108533,733023089,0.445781,0.639613,0.186736,0.543981,0.201336,0.289617,0.761361
1677108533,742689143,0.445627,0.639931,0.186486,0.543789,0.201119,0.289735,0.761510
1677108533,752309782,0.445526,0.640224,0.186280,0.543649,0.200464,0.290075,0.761654
1677108533,762119248,0.445333,0.640339,0.186092,0.542624,0.200684,0.290259,0.762256
1677108533,772083937,0.445119,0.640573,0.185923,0.542209,0.200158,0.290233,0.762700
1677108533,781973464,0.444878,0.640805,0.185778,0.541524,0.200171,0.290912,0.762924
1677108533,792118345,0.444702,0.640903,0.185672,0.540410,0.199933,0.291412,0.763585
1677108533,802461602,0.443939,0.641619,0.185316,0.543654,0.199739,0.290213,0.761788
1677108533,813146066,0.443731,0.641746,0.185246,0.543268,0.199637,0.290838,0.761852
1677108533,822455289,0.443590,0.641806,0.185191,0.542785,0.198842,0.291319,0.762220
1677108533,832500318,0.443413,0.641802,0.185145,0.541527,0.198740,0.292120,0.762835
1677108533,842431887,0.443182,0.642023,0.184985,0.541269,0.198033,0.292475,0.763065
1677108533,852714090,0.442976,0.642160,0.184818,0.539837,0.197912,0.293230,0.763821
1677108533,861788221,0.442790,0.642414,0.184585,0.538887,0.197053,0.293399,0.764649
1677108533,871933483,0.442703,0.642682,0.184354,0.537269,0.196632,0.294252,0.765568
1677108533,882604004,0.442412,0.643047,0.184058,0.536149,0.196780,0.294036,0.766397
1677108533,892563408,0.442113,0.643489,0.183742,0.535176,0.197459,0.294062,0.766892
1677108533,902601583,0.441878,0.643956,0.183454,0.534200,0.197568,0.293867,0.767619
1677108533,912208031,0.441682,0.644537,0.183152,0.533374,0.198091,0.294444,0.767838
1677108533,921962674,0.441256,0.644955,0.182890,0.532183,0.199097,0.293667,0.768701
1677108533,932671521,0.440939,0.645607,0.182598,0.531187,0.199635,0.294103,0.769084
1677108533,942405762,0.440531,0.646263,0.182317,0.529913,0.199923,0.294347,0.769794
1677108533,952539428,0.440055,0.646771,0.182080,0.528032,0.200302,0.294294,0.771007
1677108533,962778530,0.439619,0.647280,0.181895,0.525797,0.200213,0.294796,0.772365
1677108533,972558362,0.439181,0.647781,0.181787,0.523809,0.199473,0.295137,0.773775
1677108533,982459383,0.438663,0.648424,0.181779,0.523305,0.198417,0.295731,0.774161
1677108533,992598800,0.438328,0.648583,0.181997,0.521457,0.197684,0.296295,0.775379
1677108534,2416536,0.437884,0.648772,0.182283,0.521873,0.196320,0.296154,0.775500
1677108534,12531321,0.437587,0.648798,0.182688,0.522435,0.195292,0.296937,0.775081
1677108534,22151927,0.437218,0.648852,0.183096,0.523779,0.194436,0.297522,0.774165
1677108534,32640723,0.436961,0.648761,0.183556,0.523931,0.193152,0.298465,0.774020
1677108534,42123891,0.436523,0.648886,0.183869,0.524429,0.192427,0.299203,0.773579
1677108534,52108835,0.436037,0.649216,0.184033,0.524631,0.191856,0.300476,0.773090
1677108534,62271068,0.435511,0.649570,0.184094,0.523623,0.191589,0.301556,0.773419
1677108534,72429855,0.435072,0.650021,0.184048,0.522041,0.191013,0.302862,0.774120
1677108534,81922903,0.434511,0.650563,0.183890,0.520701,0.190916,0.303394,0.774838
1677108534,92158491,0.434177,0.650970,0.183768,0.518463,0.190318,0.303818,0.776318
1677108534,102310191,0.433756,0.651567,0.183623,0.517419,0.190433,0.303700,0.777032
1677108534,112679693,0.433635,0.651998,0.183632,0.515700,0.190467,0.304015,0.778043
1677108534,122423521,0.433524,0.652438,0.183657,0.515296,0.190714,0.303725,0.778363
1677108534,132274598,0.433407,0.652802,0.183718,0.515356,0.191486,0.303030,0.778405
1677108534,142155033,0.433467,0.653081,0.183829,0.514683,0.192132,0.303351,0.778566
1677108534,152122367,0.433328,0.653380,0.183836,0.514486,0.192159,0.302557,0.778999
1677108534,161988795,0.433196,0.653801,0.183756,0.513783,0.192230,0.302487,0.779472
1677108534,172153153,0.432832,0.654307,0.183551,0.512815,0.192592,0.302272,0.780103
1677108534,181878376,0.432624,0.654797,0.183315,0.510862,0.192393,0.302652,0.781286
1677108534,192111078,0.432333,0.655246,0.183084,0.508514,0.192767,0.303015,0.782583
1677108534,202176957,0.432132,0.655796,0.182840,0.506281,0.192485,0.303674,0.783844
1677108534,212440522,0.431813,0.656343,0.182665,0.505009,0.192946,0.303840,0.784486
1677108534,222240251,0.431676,0.656766,0.182576,0.503772,0.193026,0.304242,0.785107
1677108534,232164979,0.431584,0.657071,0.182603,0.503211,0.193337,0.304410,0.785324
1677108534,242274455,0.431500,0.657297,0.182707,0.503038,0.193164,0.304176,0.785568
1677108534,252562658,0.431391,0.657563,0.182730,0.502829,0.193655,0.304419,0.785487
1677108534,262515216,0.431231,0.657722,0.182743,0.501750,0.193807,0.304341,0.786170
1677108534,271974411,0.430994,0.658103,0.182608,0.500625,0.193977,0.304812,0.786662
1677108534,282413070,0.430867,0.658535,0.182521,0.499025,0.193239,0.305576,0.787563
1677108534,291850546,0.430588,0.658840,0.182415,0.497181,0.193169,0.305760,0.788675
1677108534,301766021,0.430466,0.659215,0.182361,0.495709,0.192928,0.306671,0.789306
1677108534,312565947,0.430248,0.659585,0.182306,0.495292,0.192952,0.306866,0.789486
1677108534,322388286,0.430133,0.659770,0.182326,0.494485,0.192590,0.306685,0.790151
1677108534,332092259,0.430056,0.660086,0.182346,0.494055,0.192512,0.307120,0.790270
1677108534,342609685,0.430093,0.660248,0.182414,0.492732,0.192470,0.307636,0.790905
1677108534,352591071,0.430003,0.660568,0.182406,0.492033,0.192265,0.307748,0.791346
1677108534,362051587,0.429861,0.660923,0.182355,0.490823,0.192630,0.308092,0.791875
1677108534,372368065,0.429671,0.661296,0.182292,0.489693,0.192763,0.307953,0.792596
1677108534,381920615,0.429535,0.661746,0.182198,0.488791,0.192520,0.307983,0.793200
1677108534,392320992,0.429339,0.662084,0.182140,0.487573,0.192764,0.307764,0.793975
1677108534,401579646,0.429167,0.662521,0.182062,0.487000,0.192855,0.308006,0.794211
1677108534,411833199,0.429053,0.662742,0.182030,0.485449,0.192944,0.308266,0.795037
1677108534,422389417,0.429018,0.663041,0.182015,0.484168,0.192556,0.308973,0.795637
1677108534,432645471,0.428902,0.663295,0.181960,0.482979,0.192301,0.309120,0.796365
1677108534,442220904,0.428785,0.663630,0.181859,0.482069,0.191575,0.309202,0.797058
1677108534,452658644,0.428580,0.663917,0.181813,0.481029,0.191505,0.309250,0.797685
1677108534,462534596,0.428486,0.664322,0.181741,0.480036,0.191379,0.309832,0.798088
1677108534,471674189,0.428186,0.664529,0.181684,0.478756,0.192051,0.309364,0.798876
1677108534,482252439,0.428068,0.664860,0.181651,0.477564,0.192141,0.309833,0.799386
1677108534,491983484,0.427874,0.665221,0.181544,0.476975,0.191980,0.309958,0.799728
1677108534,502410086,0.427665,0.665583,0.181446,0.476170,0.191789,0.310432,0.800070
1677108534,512374033,0.427442,0.665816,0.181351,0.474808,0.192229,0.310728,0.800658
1677108534,521983307,0.427229,0.666130,0.181219,0.474118,0.191877,0.310811,0.801119
1677108534,531630223,0.427065,0.666419,0.181085,0.473212,0.191800,0.311211,0.801518
1677108534,542821854,0.426940,0.666713,0.180894,0.472022,0.191689,0.311939,0.801963
1677108534,552510126,0.426683,0.666987,0.180675,0.470647,0.192165,0.312059,0.802610
1677108534,562820422,0.426553,0.667376,0.180412,0.469007,0.192081,0.312516,0.803412
1677108534,573140113,0.426262,0.667821,0.180123,0.467810,0.192468,0.312642,0.803968
1677108534,582431319,0.426046,0.668197,0.179884,0.466293,0.192815,0.312724,0.804734
1677108534,592993735,0.425850,0.668634,0.179658,0.465442,0.193134,0.313114,0.804999
1677108534,602446456,0.425652,0.668910,0.179487,0.464514,0.193412,0.312992,0.805515
1677108534,612711773,0.425486,0.669138,0.179393,0.463268,0.193828,0.313225,0.806042
1677108534,621622472,0.425314,0.669374,0.179327,0.462631,0.194079,0.313275,0.806328
1677108534,631845930,0.425308,0.669579,0.179296,0.461616,0.193953,0.314174,0.806590
1677108534,642712889,0.425097,0.669883,0.179199,0.461834,0.194010,0.314295,0.806404
1677108534,652696293,0.424915,0.669986,0.179154,0.460643,0.194724,0.314637,0.806780
1677108534,661764524,0.424760,0.670276,0.179031,0.460583,0.194368,0.314914,0.806792
1677108534,672421905,0.424609,0.670431,0.178984,0.459522,0.194488,0.315176,0.807266
1677108534,681991228,0.424425,0.670662,0.178901,0.459118,0.194807,0.315224,0.807400
1677108534,692130619,0.424300,0.670789,0.178882,0.458716,0.194681,0.314977,0.807755
1677108534,701444319,0.424270,0.670976,0.178899,0.458756,0.194610,0.315317,0.807617
1677108534,712170646,0.424275,0.671068,0.178987,0.458572,0.194670,0.315592,0.807599
1677108534,721806818,0.424337,0.671066,0.179142,0.458105,0.194269,0.315647,0.807940
1677108534,732430095,0.424308,0.671130,0.179272,0.458197,0.194126,0.315688,0.807906
1677108534,741918654,0.424334,0.671147,0.179416,0.458087,0.193809,0.316033,0.807909
1677108534,752337461,0.424202,0.671187,0.179493,0.458389,0.194267,0.316113,0.807597
1677108534,762989944,0.424103,0.671223,0.179581,0.458633,0.194112,0.316306,0.807420
1677108534,772569616,0.424129,0.671299,0.179640,0.458505,0.193546,0.317439,0.807184
1677108534,782904247,0.424083,0.671150,0.179636,0.457324,0.193300,0.317788,0.807775
1677108534,792406496,0.423992,0.671249,0.179502,0.457044,0.192922,0.318488,0.807749
1677108534,802241527,0.423893,0.671250,0.179405,0.455919,0.192881,0.319036,0.808178
1677108534,812071506,0.423857,0.671421,0.179223,0.455548,0.192281,0.319338,0.808411
1677108534,822071194,0.423884,0.671605,0.179086,0.454929,0.192475,0.320034,0.808437
1677108534,832294739,0.423974,0.671558,0.179057,0.453687,0.192423,0.320019,0.809154
1677108534,842025406,0.424005,0.671682,0.178972,0.453320,0.192779,0.319709,0.809397
1677108534,852581474,0.424131,0.671739,0.178962,0.452652,0.192772,0.319401,0.809894
1677108534,861911812,0.424284,0.671782,0.178981,0.452093,0.192567,0.318954,0.810431
1677108534,871933648,0.424428,0.671786,0.179048,0.451526,0.192561,0.318572,0.810898
1677108534,882340121,0.424425,0.671904,0.179024,0.451824,0.193074,0.318303,0.810716
1677108534,892624665,0.424435,0.671996,0.178998,0.451921,0.193061,0.318073,0.810755
1677108534,902037603,0.424450,0.672047,0.178957,0.451255,0.192517,0.318344,0.811149
1677108534,912650550,0.424399,0.671943,0.178927,0.449254,0.191820,0.318871,0.812217
1677108534,922709438,0.424190,0.672010,0.178725,0.448094,0.191034,0.319827,0.812667
1677108534,932213769,0.423972,0.672164,0.178512,0.447476,0.189541,0.321420,0.812729
1677108534,942464761,0.423742,0.672082,0.178379,0.446399,0.187589,0.322860,0.813203
1677108534,952514575,0.423397,0.671966,0.178231,0.446326,0.186222,0.324180,0.813033
1677108534,962008377,0.423233,0.671644,0.178238,0.445293,0.184688,0.326462,0.813036
1677108534,972159787,0.422895,0.671422,0.178155,0.445796,0.183859,0.328074,0.812299
1677108534,981628814,0.422673,0.671164,0.178205,0.445750,0.182776,0.329941,0.811812
1677108534,991786507,0.422392,0.670924,0.178144,0.445958,0.182170,0.331039,0.811387
1677108535,1850190,0.422173,0.670770,0.178167,0.445383,0.181769,0.332849,0.811052
1677108535,12223544,0.421926,0.670669,0.178088,0.445188,0.181557,0.333701,0.810856
1677108535,22349986,0.421671,0.670629,0.178005,0.444844,0.181709,0.334513,0.810677
1677108535,32353757,0.421492,0.670642,0.177905,0.444529,0.181711,0.335165,0.810580
1677108535,42084751,0.421469,0.670524,0.177878,0.443498,0.181245,0.335312,0.811188
1677108535,52774330,0.421526,0.670504,0.177840,0.442549,0.181027,0.335789,0.811558
1677108535,61901082,0.421500,0.670552,0.177732,0.442568,0.180948,0.335669,0.811615
1677108535,71646432,0.421576,0.670530,0.177650,0.442571,0.181003,0.335219,0.811786
1677108535,81499829,0.421700,0.670455,0.177669,0.442339,0.181053,0.334805,0.812072
1677108535,91425491,0.421876,0.670465,0.177657,0.442418,0.181042,0.334414,0.812193
1677108535,101573207,0.421913,0.670506,0.177597,0.442854,0.181937,0.333854,0.811986
1677108535,111823584,0.421919,0.670521,0.177536,0.443174,0.182817,0.333279,0.811850
1677108535,122101323,0.421988,0.670457,0.177508,0.442811,0.183172,0.332793,0.812167
1677108535,131870396,0.421982,0.670463,0.177432,0.443105,0.183180,0.332373,0.812177
1677108535,141486560,0.422037,0.670359,0.177396,0.442486,0.183106,0.332395,0.812522
1677108535,152273859,0.421947,0.670445,0.177213,0.443177,0.182471,0.332127,0.812398
1677108535,161973910,0.421939,0.670399,0.177127,0.442705,0.182453,0.332820,0.812376
1677108535,172499987,0.421920,0.670329,0.177008,0.442540,0.181854,0.333060,0.812501
1677108535,181944262,0.421889,0.670184,0.176949,0.442141,0.181259,0.333170,0.812807
1677108535,192525866,0.421893,0.670087,0.176870,0.441963,0.180425,0.333460,0.812970
1677108535,202140043,0.421804,0.670024,0.176778,0.442443,0.180086,0.333481,0.812775
1677108535,212848227,0.421721,0.669967,0.176709,0.442872,0.179997,0.333757,0.812448
1677108535,222300754,0.421684,0.669871,0.176652,0.442493,0.180311,0.334296,0.812363
1677108535,232422073,0.421554,0.669805,0.176561,0.442308,0.180526,0.334347,0.812395
1677108535,241903916,0.421562,0.669882,0.176426,0.441846,0.180424,0.335183,0.812325
1677108535,252444831,0.421434,0.669954,0.176230,0.441832,0.180115,0.335169,0.812407
1677108535,262449279,0.421328,0.670019,0.176009,0.441578,0.179899,0.335099,0.812622
1677108535,272537902,0.421294,0.669932,0.175902,0.440810,0.179348,0.334961,0.813217
1677108535,282135037,0.421280,0.669895,0.175780,0.440565,0.179040,0.334824,0.813474
1677108535,291758854,0.421296,0.669909,0.175689,0.440865,0.178869,0.334891,0.813322
1677108535,301991873,0.421338,0.669958,0.175604,0.441507,0.179042,0.335103,0.812848
1677108535,311707217,0.421319,0.669928,0.175526,0.441980,0.179577,0.335020,0.812507
1677108535,321811502,0.421388,0.669964,0.175422,0.442487,0.179908,0.334810,0.812244
1677108535,331318256,0.421549,0.670049,0.175391,0.442815,0.180053,0.335249,0.811852
1677108535,342043894,0.421575,0.670006,0.175362,0.443178,0.180530,0.334552,0.811836
1677108535,352359108,0.421617,0.670025,0.175300,0.444063,0.180903,0.334046,0.811477
1677108535,362568765,0.421787,0.669911,0.175314,0.443872,0.181023,0.333732,0.811684
1677108535,372901455,0.421888,0.669835,0.175283,0.444132,0.181398,0.333291,0.811639
1677108535,382260054,0.422036,0.669873,0.175210,0.445188,0.181531,0.332989,0.811155
1677108535,392631303,0.422264,0.669969,0.175130,0.446721,0.181322,0.332773,0.810447
1677108535,402974673,0.422408,0.669829,0.175105,0.447493,0.181564,0.331741,0.810390
1677108535,412848998,0.422557,0.669808,0.175083,0.448493,0.181601,0.330999,0.810133
1677108535,422838413,0.422595,0.669914,0.174967,0.449706,0.182348,0.330303,0.809576
1677108535,432425226,0.422720,0.669978,0.174968,0.450183,0.182174,0.330012,0.809469
1677108535,441745482,0.422739,0.669978,0.174972,0.450335,0.182927,0.329509,0.809419
1677108535,452685975,0.422757,0.670033,0.174964,0.450985,0.183384,0.329480,0.808966
1677108535,461864730,0.422714,0.670072,0.174919,0.451842,0.183759,0.329191,0.808520
1677108535,472587657,0.422520,0.670050,0.174846,0.452427,0.184485,0.328682,0.808234
1677108535,482063963,0.422553,0.670064,0.174874,0.452252,0.184036,0.329291,0.808187
1677108535,492131552,0.422510,0.670033,0.174899,0.451937,0.183986,0.329898,0.808127
1677108535,501724946,0.422460,0.669999,0.174926,0.451875,0.183967,0.330433,0.807947
1677108535,512264259,0.422378,0.669988,0.174927,0.452248,0.183890,0.330714,0.807642
1677108535,522203332,0.422270,0.670009,0.174912,0.452768,0.183979,0.331075,0.807182
1677108535,532275442,0.422159,0.670013,0.174859,0.453234,0.183885,0.331243,0.806873
1677108535,542211263,0.422070,0.670019,0.174825,0.453606,0.183923,0.331396,0.806592
1677108535,552099002,0.421969,0.669964,0.174784,0.453941,0.184090,0.331189,0.806450
1677108535,563012878,0.422021,0.669852,0.174855,0.453690,0.184325,0.331559,0.806386
1677108535,572666184,0.421882,0.669837,0.174785,0.454729,0.184880,0.330780,0.805994
1677108535,582481292,0.421943,0.669830,0.174826,0.454947,0.185236,0.331173,0.805627
1677108535,592309768,0.421939,0.669934,0.174729,0.456017,0.185798,0.331346,0.804821
1677108535,602472049,0.421961,0.669822,0.174694,0.456260,0.186518,0.331192,0.804580
1677108535,612477312,0.421909,0.669843,0.174560,0.457982,0.186938,0.330494,0.803791
1677108535,622011432,0.422044,0.669707,0.174514,0.458751,0.187154,0.329972,0.803517
1677108535,632052727,0.422231,0.669612,0.174478,0.459241,0.187478,0.330006,0.803147
1677108535,642257513,0.422206,0.669584,0.174338,0.460616,0.188414,0.328981,0.802561
1677108535,651697326,0.422192,0.669521,0.174206,0.461673,0.189218,0.327761,0.802264
1677108535,662273675,0.422353,0.669525,0.174107,0.462960,0.189265,0.327095,0.801783
1677108535,672601231,0.422503,0.669362,0.174085,0.463658,0.189732,0.326135,0.801660
1677108535,683132743,0.422645,0.669293,0.174016,0.465283,0.190437,0.325489,0.800814
1677108535,691961402,0.422669,0.669283,0.173810,0.467763,0.191107,0.324212,0.799727
1677108535,702354042,0.422756,0.669041,0.173692,0.469118,0.191719,0.322723,0.799388
1677108535,712171512,0.422976,0.668879,0.173553,0.470863,0.192108,0.321933,0.798587
1677108535,722424064,0.423054,0.668688,0.173414,0.473164,0.193056,0.320679,0.797502
1677108535,732065065,0.423214,0.668500,0.173274,0.475690,0.193573,0.319036,0.796533
1677108535,742431964,0.423420,0.668124,0.173130,0.477403,0.194506,0.317484,0.795901
1677108535,752317511,0.423594,0.667919,0.172902,0.480288,0.194698,0.315613,0.794862
1677108535,762488873,0.423817,0.667583,0.172689,0.482576,0.195657,0.313970,0.793890
1677108535,772635336,0.424034,0.667192,0.172478,0.485182,0.195807,0.311484,0.793244
1677108535,781821802,0.424459,0.666759,0.172369,0.487072,0.196245,0.310021,0.792551
1677108535,792319699,0.424745,0.666533,0.172159,0.490644,0.195839,0.307185,0.791551
1677108535,802748036,0.425178,0.666227,0.172059,0.492681,0.195734,0.305304,0.791039
1677108535,812551330,0.425330,0.666123,0.171852,0.496504,0.195568,0.301651,0.790091
1677108535,821945335,0.425587,0.665903,0.171757,0.498644,0.195915,0.298984,0.789671
1677108535,831827392,0.425750,0.665949,0.171493,0.501796,0.195470,0.296082,0.788877
1677108535,841621717,0.425542,0.666070,0.171205,0.505237,0.195986,0.292726,0.787805
1677108535,851512429,0.425440,0.666077,0.170947,0.507484,0.196338,0.290259,0.787186
1677108535,861867653,0.425200,0.666233,0.170714,0.509948,0.196769,0.288835,0.786008
1677108535,871792995,0.424788,0.666407,0.170467,0.512522,0.196767,0.287702,0.784750
1677108535,881906724,0.424133,0.666570,0.170266,0.514822,0.196614,0.286730,0.783637
1677108535,891875457,0.423489,0.666951,0.170045,0.517504,0.195595,0.287362,0.781892
1677108535,901978882,0.422641,0.667029,0.169878,0.519636,0.194791,0.287205,0.780736
1677108535,912389221,0.421763,0.667268,0.169708,0.522758,0.193388,0.287856,0.778758
1677108535,922438328,0.420887,0.667342,0.169475,0.525598,0.191737,0.288099,0.777163
1677108535,931651866,0.420079,0.667427,0.169174,0.528396,0.189966,0.288561,0.775528
1677108535,941785045,0.419258,0.667671,0.168869,0.532260,0.188079,0.288872,0.773226
1677108535,952073199,0.418437,0.667688,0.168536,0.535762,0.186392,0.287931,0.771565
1677108535,962116702,0.417762,0.667836,0.168223,0.539341,0.184238,0.287282,0.769829
1677108535,972561644,0.416999,0.668059,0.167893,0.542810,0.182858,0.285997,0.768196
1677108535,982297791,0.416334,0.668228,0.167689,0.545652,0.180947,0.283922,0.767405
1677108535,992310270,0.415700,0.668553,0.167439,0.548631,0.179286,0.281465,0.766576
1677108536,2359978,0.415033,0.669124,0.167174,0.552388,0.177945,0.278777,0.765171
1677108536,12697587,0.414567,0.669653,0.166866,0.555337,0.176732,0.275841,0.764381
1677108536,22147436,0.414031,0.670139,0.166465,0.558216,0.175954,0.271367,0.764065
1677108536,31951243,0.413895,0.670599,0.166117,0.560750,0.174489,0.267037,0.764071
1677108536,42611808,0.413803,0.670897,0.165743,0.562999,0.174259,0.261778,0.764289
1677108536,52493655,0.413960,0.671205,0.165454,0.565755,0.173682,0.255318,0.764571
1677108536,62381148,0.414219,0.671751,0.165165,0.569566,0.172597,0.247846,0.764446
1677108536,72953869,0.414649,0.672232,0.164829,0.572140,0.171804,0.240255,0.765126
1677108536,82260813,0.415189,0.672676,0.164495,0.574035,0.170729,0.232199,0.766433
1677108536,91932710,0.415728,0.673036,0.164210,0.576668,0.169972,0.223413,0.767236
1677108536,101701143,0.416199,0.673431,0.163991,0.580565,0.169496,0.214722,0.766883
1677108536,112102908,0.416717,0.673728,0.163806,0.583674,0.167662,0.206448,0.767199
1677108536,122404156,0.417006,0.673977,0.163576,0.585387,0.166502,0.199232,0.768053
1677108536,132305626,0.417081,0.674491,0.163223,0.588266,0.164326,0.191984,0.768168
1677108536,142882921,0.417036,0.674807,0.162914,0.590820,0.162934,0.186601,0.767831
1677108536,152501334,0.416969,0.674963,0.162590,0.593904,0.160745,0.182026,0.767011
1677108536,162451927,0.416710,0.674932,0.162198,0.596976,0.158488,0.177425,0.766173
1677108536,172844605,0.416373,0.674923,0.161704,0.600353,0.155915,0.173692,0.764917
1677108536,182350683,0.415910,0.674745,0.161234,0.602402,0.154163,0.170658,0.764344
1677108536,192398709,0.415431,0.674928,0.160869,0.605838,0.151368,0.167853,0.762807
1677108536,202717306,0.414960,0.674974,0.160590,0.608489,0.148455,0.165186,0.761850
1677108536,212437523,0.414439,0.675049,0.160414,0.610475,0.145453,0.162716,0.761371
1677108536,222620701,0.413849,0.675487,0.160222,0.612928,0.142483,0.159936,0.760552
1677108536,231440733,0.413233,0.675861,0.160106,0.614319,0.139529,0.157022,0.760584
1677108536,241893251,0.412621,0.676316,0.159968,0.615580,0.136161,0.153760,0.760841
1677108536,251856492,0.412174,0.676922,0.159813,0.617318,0.132247,0.151036,0.760669
1677108536,261975751,0.411730,0.677321,0.159633,0.618796,0.128966,0.147603,0.760706
1677108536,272372834,0.411403,0.677565,0.159357,0.620305,0.126111,0.143990,0.760647
1677108536,282364717,0.411215,0.677934,0.159108,0.622524,0.123431,0.139902,0.760037
1677108536,292491266,0.411263,0.678262,0.158997,0.624184,0.120811,0.135415,0.759909
1677108536,302561850,0.411281,0.678565,0.158944,0.624904,0.119281,0.129676,0.760560
1677108536,312513808,0.411576,0.679317,0.158951,0.626462,0.116280,0.123927,0.760702
1677108536,322618024,0.412026,0.679830,0.158931,0.626537,0.113852,0.117736,0.761989
1677108536,332378599,0.412395,0.680452,0.158918,0.627092,0.112860,0.111026,0.762687
1677108536,342398963,0.412926,0.681111,0.158895,0.627991,0.112227,0.104401,0.762976
1677108536,352466426,0.413585,0.681636,0.158858,0.627986,0.111752,0.097699,0.763937
1677108536,363156090,0.414122,0.682405,0.158786,0.629118,0.112302,0.090474,0.763815
1677108536,372874488,0.414912,0.682853,0.158695,0.628732,0.112169,0.083507,0.764945
1677108536,382466608,0.415607,0.683517,0.158590,0.629879,0.112521,0.076592,0.764673
1677108536,392527637,0.416296,0.684027,0.158576,0.631271,0.112360,0.068754,0.764294
1677108536,402546087,0.417339,0.684462,0.158636,0.632243,0.110787,0.062514,0.764256
1677108536,412460217,0.418027,0.684929,0.158606,0.633017,0.109182,0.054125,0.764486
1677108536,422363389,0.418712,0.685646,0.158426,0.633997,0.108501,0.046979,0.764244
1677108536,432506505,0.419370,0.686006,0.158209,0.633806,0.108714,0.040464,0.764744
1677108536,442097564,0.420000,0.686358,0.158029,0.634210,0.109260,0.035099,0.764597
1677108536,452178002,0.420596,0.686804,0.157913,0.635182,0.109088,0.030036,0.764030
1677108536,462440447,0.420998,0.687446,0.157741,0.636216,0.108977,0.024944,0.763368
1677108536,472570413,0.421383,0.687960,0.157475,0.636317,0.108600,0.020888,0.763459
1677108536,482229538,0.421520,0.688260,0.157311,0.636346,0.108860,0.017178,0.763491
1677108536,492368143,0.421648,0.688525,0.157260,0.637613,0.107943,0.014364,0.762621
1677108536,502545116,0.421849,0.688687,0.157281,0.638784,0.105862,0.013024,0.761957
1677108536,512617783,0.421775,0.688947,0.157280,0.639940,0.103381,0.011071,0.761358
1677108536,522124670,0.421534,0.689118,0.157256,0.639415,0.101017,0.009372,0.762139
1677108536,532174497,0.421348,0.689668,0.157144,0.639694,0.098683,0.010107,0.762202
1677108536,542403803,0.420803,0.690174,0.157106,0.639750,0.096891,0.010764,0.762375
1677108536,552418293,0.420294,0.690738,0.157112,0.640250,0.094036,0.012556,0.762286
1677108536,562206241,0.419576,0.691189,0.157260,0.640378,0.091303,0.014475,0.762476
1677108536,572318680,0.418770,0.691350,0.157489,0.639299,0.088483,0.016520,0.763672
1677108536,582191771,0.418085,0.691801,0.157720,0.639134,0.083870,0.019012,0.764272
1677108536,592975636,0.417400,0.692194,0.157982,0.638301,0.079031,0.021900,0.765406
1677108536,602445556,0.416510,0.692596,0.158208,0.637519,0.074634,0.023964,0.766437
1677108536,612308119,0.415562,0.693067,0.158300,0.637780,0.071144,0.026655,0.766462
1677108536,622074981,0.414766,0.693328,0.158337,0.637324,0.067252,0.029714,0.767080
1677108536,631879484,0.413903,0.693633,0.158314,0.637093,0.063971,0.032557,0.767438
1677108536,642263969,0.413045,0.693950,0.158222,0.637098,0.060727,0.034924,0.767593
1677108536,652472642,0.412260,0.694397,0.158115,0.638073,0.057388,0.037053,0.766940
1677108536,662161353,0.411413,0.694610,0.158059,0.638284,0.054741,0.038906,0.766866
1677108536,672048254,0.410747,0.694913,0.157981,0.638763,0.051542,0.040906,0.766585
1677108536,682197130,0.410064,0.695209,0.157896,0.639086,0.048749,0.042413,0.766416
1677108536,692259810,0.409353,0.695556,0.157838,0.639529,0.046376,0.043422,0.766137
1677108536,702096950,0.408638,0.695969,0.157758,0.640077,0.044064,0.044420,0.765759
1677108536,711710978,0.407995,0.696528,0.157589,0.641071,0.041789,0.045513,0.764990
1677108536,722239228,0.407211,0.696999,0.157435,0.641425,0.039982,0.046409,0.764736
1677108536,731929705,0.406486,0.697563,0.157254,0.642312,0.038600,0.048680,0.763921
1677108536,742244954,0.405670,0.697897,0.157118,0.642659,0.037085,0.050293,0.763600
1677108536,752684059,0.404943,0.698406,0.156983,0.644186,0.035108,0.052742,0.762240
1677108536,762062200,0.404042,0.698620,0.156888,0.645119,0.033481,0.054025,0.761434
1677108536,772149570,0.403250,0.698962,0.156804,0.646325,0.031579,0.055570,0.760380
1677108536,781631428,0.402609,0.699273,0.156743,0.646873,0.028856,0.056884,0.759926
1677108536,791859939,0.401864,0.699571,0.156736,0.646934,0.027143,0.057844,0.759864
1677108536,802140692,0.401200,0.699911,0.156815,0.647331,0.025089,0.058580,0.759541
1677108536,812720034,0.400593,0.700207,0.156943,0.647348,0.022771,0.059518,0.759526
1677108536,822231369,0.399925,0.700545,0.157063,0.647488,0.020620,0.060265,0.759409
1677108536,831732623,0.399207,0.700896,0.157172,0.648119,0.018681,0.061376,0.758832
1677108536,842464312,0.398536,0.701066,0.157357,0.648828,0.016180,0.063185,0.758135
1677108536,852686128,0.397706,0.701074,0.157559,0.649387,0.014160,0.064816,0.757558
1677108536,861971323,0.396992,0.701065,0.157753,0.649987,0.011372,0.066952,0.756905
1677108536,871694973,0.396194,0.701039,0.157860,0.650387,0.009120,0.068712,0.756434
1677108536,882028199,0.395491,0.701047,0.157913,0.650506,0.006858,0.071007,0.756143
1677108536,891471933,0.394745,0.700995,0.157947,0.650696,0.004845,0.072158,0.755887
1677108536,901351694,0.394154,0.700912,0.157987,0.651561,0.002672,0.073379,0.755034
1677108536,911307703,0.393741,0.700618,0.158008,0.652951,0.000325,0.074407,0.753736
1677108536,922219657,0.393304,0.700150,0.158004,0.654572,-0.001148,0.074352,0.752334
1677108536,932305596,0.392980,0.699824,0.158024,0.656879,-0.001878,0.074085,0.750345
1677108536,942288541,0.392718,0.699420,0.158029,0.658206,-0.002243,0.072878,0.749299
1677108536,952556578,0.392717,0.699176,0.158035,0.659425,-0.002741,0.072083,0.748302
1677108536,962894122,0.392795,0.699012,0.158022,0.660409,-0.002853,0.070769,0.747559
1677108536,972026184,0.393091,0.698828,0.158024,0.660884,-0.002888,0.069934,0.747217
1677108536,982255287,0.393238,0.698823,0.158026,0.662150,-0.002674,0.067094,0.746357
1677108536,992267696,0.393603,0.698617,0.158075,0.662152,-0.001951,0.065554,0.746494
1677108537,1398623,0.393861,0.698572,0.158102,0.662972,-0.001031,0.062855,0.746000
1677108537,11943995,0.394340,0.698513,0.158213,0.663963,-0.000841,0.060676,0.745299
1677108537,21758413,0.394652,0.698194,0.158290,0.664323,0.000465,0.057704,0.745215
1677108537,32003673,0.395118,0.698070,0.158428,0.665656,0.001713,0.055537,0.744187
1677108537,41855829,0.395604,0.697849,0.158615,0.666524,0.003141,0.053313,0.743568
1677108537,52709977,0.396203,0.697700,0.158857,0.667632,0.004456,0.051646,0.742684
1677108537,62222919,0.396760,0.697608,0.159093,0.669357,0.005595,0.049263,0.741284
1677108537,72517198,0.397203,0.697287,0.159281,0.670217,0.007764,0.046725,0.740652
1677108537,82380624,0.397734,0.697007,0.159495,0.671552,0.009362,0.044465,0.739563
1677108537,91947149,0.398315,0.696780,0.159735,0.673676,0.010598,0.042252,0.737742
1677108537,101698876,0.398842,0.696292,0.159955,0.674777,0.012163,0.040158,0.736828
1677108537,111634500,0.399383,0.696071,0.160122,0.676531,0.013633,0.038341,0.735289
1677108537,121989756,0.399802,0.695796,0.160212,0.677117,0.015606,0.036352,0.734811
1677108537,132706063,0.400394,0.695622,0.160274,0.677072,0.016337,0.034695,0.734917
1677108537,142764056,0.400934,0.695660,0.160298,0.677281,0.017178,0.033043,0.734781
1677108537,152787453,0.401184,0.695692,0.160336,0.677476,0.019124,0.030989,0.734643
1677108537,161659118,0.401629,0.695653,0.160442,0.677536,0.019938,0.030005,0.734607
1677108537,172229583,0.402008,0.695640,0.160571,0.677939,0.020731,0.028877,0.734259
1677108537,182453762,0.402376,0.695439,0.160704,0.678242,0.021209,0.027741,0.734009
1677108537,192490250,0.402605,0.695152,0.160825,0.679652,0.021564,0.026430,0.732741
1677108537,202762129,0.402865,0.694682,0.161062,0.681287,0.021414,0.025323,0.731265
1677108537,211941752,0.402971,0.694153,0.161311,0.683227,0.022169,0.024362,0.729463
1677108537,222275967,0.403227,0.693603,0.161616,0.684906,0.021738,0.023728,0.727920
1677108537,232091517,0.403390,0.693305,0.161870,0.687032,0.021984,0.023237,0.725922
1677108537,242073696,0.403525,0.692864,0.162101,0.687818,0.022058,0.022660,0.725194
1677108537,252276339,0.403668,0.692621,0.162339,0.688736,0.021847,0.022191,0.724343
1677108537,262205941,0.403815,0.692507,0.162606,0.689821,0.021884,0.021884,0.723318
1677108537,272560588,0.403918,0.692396,0.162964,0.690749,0.021414,0.021592,0.722455
1677108537,282288592,0.403901,0.692075,0.163276,0.690690,0.021556,0.021057,0.722523
1677108537,292278455,0.403879,0.691928,0.163620,0.691524,0.021042,0.020692,0.721751
1677108537,302054756,0.403887,0.691589,0.163920,0.691449,0.021073,0.021063,0.721811
1677108537,311524860,0.403916,0.691500,0.164350,0.693675,0.019551,0.020689,0.719726
1677108537,322000941,0.403783,0.690978,0.164893,0.696178,0.019597,0.021109,0.717291
1677108537,332099373,0.403777,0.690295,0.165519,0.699318,0.019027,0.022727,0.714196
1677108537,342586484,0.403628,0.689580,0.166203,0.702914,0.017946,0.022854,0.710681
1677108537,352364287,0.403530,0.688787,0.166871,0.705920,0.016724,0.023856,0.707692
1677108537,362222733,0.403429,0.688219,0.167605,0.709103,0.015457,0.024356,0.704514
1677108537,372282202,0.403176,0.687604,0.168312,0.711004,0.015271,0.024552,0.702593
1677108537,382133123,0.403158,0.687234,0.169038,0.712805,0.014425,0.025585,0.700747
1677108537,392295482,0.402993,0.687020,0.169791,0.714383,0.013797,0.025625,0.699150
1677108537,402174121,0.402931,0.686906,0.170611,0.716169,0.012784,0.025871,0.697331
1677108537,412616139,0.402866,0.686667,0.171437,0.717540,0.012211,0.026261,0.695915
1677108537,422427154,0.402755,0.686351,0.172330,0.719207,0.012020,0.026847,0.694173
1677108537,432057226,0.402698,0.685911,0.173316,0.721372,0.011416,0.027278,0.691916
1677108537,441957183,0.402660,0.685463,0.174413,0.724338,0.011122,0.027932,0.688789
1677108537,452498912,0.402582,0.684821,0.175526,0.727156,0.011051,0.028335,0.685798
1677108537,462226757,0.402606,0.684143,0.176726,0.730226,0.010643,0.028873,0.682512
1677108537,472185974,0.402676,0.683389,0.177975,0.733288,0.010104,0.028996,0.679225
1677108537,482501010,0.402770,0.682584,0.179316,0.736165,0.009895,0.029094,0.676104
1677108537,492589703,0.402873,0.681902,0.180730,0.739517,0.009731,0.028523,0.672463
1677108537,502262679,0.403107,0.681024,0.182182,0.741875,0.009709,0.028645,0.669856
1677108537,512632631,0.403253,0.680330,0.183746,0.744747,0.009718,0.027721,0.666701
1677108537,522313246,0.403563,0.679725,0.185420,0.748006,0.009283,0.027149,0.663071
1677108537,532635758,0.403838,0.678804,0.187158,0.750081,0.009145,0.026526,0.660751
1677108537,542902560,0.404007,0.678013,0.188970,0.752736,0.009224,0.025317,0.657771
1677108537,552474294,0.404403,0.677285,0.190846,0.755525,0.008906,0.025446,0.654565
1677108537,562071063,0.404704,0.676729,0.192817,0.758879,0.008559,0.024585,0.650711
1677108537,571702838,0.405023,0.675862,0.194740,0.760746,0.008773,0.024422,0.648531
1677108537,582084695,0.405244,0.675190,0.196797,0.763033,0.009513,0.023842,0.645850
1677108537,592164557,0.405563,0.674644,0.198961,0.765372,0.009573,0.023440,0.643090
1677108537,602057715,0.405896,0.674038,0.201159,0.767306,0.009697,0.023514,0.640777
1677108537,612224799,0.406106,0.673421,0.203416,0.769063,0.009727,0.022966,0.638686
1677108537,622072555,0.406471,0.672902,0.205764,0.770966,0.009161,0.023413,0.636380
1677108537,631490062,0.406725,0.672357,0.208170,0.772592,0.008766,0.023884,0.634393
1677108537,641442830,0.406962,0.671838,0.210590,0.773977,0.008218,0.024454,0.632688
1677108537,651963074,0.407032,0.671400,0.213030,0.775285,0.008329,0.024903,0.631065
1677108537,661930851,0.407260,0.671022,0.215600,0.776739,0.006976,0.025831,0.629253
1677108537,672408724,0.407345,0.670603,0.218114,0.778125,0.006401,0.026849,0.627503
1677108537,681967068,0.407391,0.670839,0.220805,0.782335,0.006225,0.027895,0.622202
1677108537,692266180,0.407503,0.669226,0.223140,0.780509,0.004870,0.028943,0.624455
1677108537,702205597,0.407574,0.668627,0.225681,0.782059,0.004634,0.030477,0.622442
1677108537,713116274,0.407609,0.668151,0.228243,0.783941,0.004584,0.031727,0.620007
1677108537,722262999,0.407777,0.667771,0.230829,0.785961,0.004146,0.033469,0.617356
1677108537,731873546,0.408103,0.667151,0.233312,0.787022,0.001827,0.033587,0.616008
1677108537,741878209,0.408391,0.666703,0.235770,0.787590,0.000567,0.034204,0.615250
1677108537,752245544,0.408790,0.666317,0.238095,0.787482,-0.000390,0.036458,0.615258
1677108537,761775997,0.409531,0.665769,0.240285,0.785984,-0.003066,0.039706,0.616963
1677108537,771717101,0.409019,0.665991,0.242738,0.787495,-0.000484,0.035805,0.615280
1677108537,782041583,0.409313,0.666008,0.245050,0.788317,-0.001074,0.036037,0.614212
1677108537,792458203,0.409592,0.665700,0.247190,0.788269,-0.001266,0.036060,0.614272
1677108537,802221831,0.409788,0.665541,0.249359,0.789534,-0.001154,0.035470,0.612680
1677108537,812190474,0.410122,0.665094,0.251394,0.790472,-0.001106,0.035449,0.611471
1677108537,821697260,0.410439,0.664503,0.253296,0.791159,-0.000348,0.036023,0.610548
1677108537,832028612,0.410672,0.664128,0.255144,0.792814,0.000422,0.035480,0.608430
1677108537,842317519,0.410963,0.663849,0.256969,0.794624,0.000951,0.034672,0.606111
1677108537,852406924,0.411258,0.663431,0.258683,0.795762,0.001202,0.033578,0.604677
1677108537,862078355,0.411513,0.662992,0.260354,0.796716,0.002234,0.032662,0.603466
1677108537,872319095,0.411535,0.662545,0.261878,0.797221,0.004905,0.031341,0.602853
1677108537,882408119,0.411645,0.662378,0.263567,0.798516,0.007268,0.030593,0.601152
1677108537,892340859,0.412630,0.662050,0.265350,0.799749,0.003837,0.028892,0.599626
1677108537,901758326,0.413035,0.661896,0.267050,0.800733,0.004339,0.027751,0.598362
1677108537,912617095,0.413281,0.661522,0.268672,0.800901,0.005603,0.026310,0.598192
1677108537,922603319,0.413693,0.661399,0.270367,0.801822,0.006384,0.026386,0.596946
1677108537,932592434,0.414120,0.661141,0.271969,0.802244,0.005818,0.025145,0.596439
1677108537,942016436,0.414385,0.660794,0.273469,0.802218,0.006169,0.024563,0.596493
1677108537,952102060,0.414666,0.660556,0.274978,0.802503,0.005866,0.024127,0.596131
1677108537,962187572,0.414297,0.660755,0.276734,0.804807,0.009579,0.023886,0.592978
1677108537,972282408,0.414197,0.660592,0.278260,0.805160,0.010593,0.023809,0.592484
1677108537,982125567,0.414286,0.660423,0.279732,0.805204,0.010401,0.024470,0.592401
1677108537,992196894,0.414341,0.660310,0.281183,0.805263,0.009786,0.025487,0.592288
1677108538,2407378,0.414066,0.660321,0.282634,0.805506,0.010445,0.025672,0.591939
1677108538,12552997,0.414128,0.660379,0.284061,0.805912,0.008970,0.026409,0.591378
1677108538,22391435,0.414048,0.660176,0.285338,0.805355,0.008250,0.026741,0.592132
1677108538,32296758,0.414078,0.660007,0.286609,0.805149,0.007510,0.027676,0.592379
1677108538,42457467,0.414112,0.659850,0.287903,0.805359,0.006966,0.028386,0.592066
1677108538,52496738,0.414274,0.659711,0.289166,0.806003,0.006238,0.029120,0.591161
1677108538,62467437,0.414384,0.659485,0.290365,0.806573,0.006375,0.029911,0.590343
1677108538,72619223,0.414458,0.659541,0.291594,0.808143,0.006905,0.029539,0.588205
1677108538,82113954,0.414641,0.659775,0.292879,0.810388,0.007106,0.028674,0.585148
1677108538,92791247,0.414821,0.659962,0.294096,0.812083,0.008078,0.028163,0.582806
1677108538,102232812,0.415362,0.658449,0.294864,0.808299,0.008595,0.029291,0.587981
1677108538,112481458,0.415760,0.658146,0.295993,0.808347,0.009102,0.028518,0.587945
1677108538,122682947,0.416148,0.658004,0.297134,0.808572,0.009981,0.027567,0.587667
1677108538,132158104,0.416788,0.657766,0.298198,0.808144,0.009153,0.026798,0.588304
1677108538,141820347,0.417782,0.657428,0.299146,0.807038,0.006494,0.027321,0.589831
1677108538,152256013,0.418647,0.657121,0.300012,0.805979,0.004278,0.027471,0.591291
1677108538,162453705,0.419367,0.656817,0.300942,0.804837,0.002638,0.027979,0.592831
1677108538,172073337,0.417734,0.657552,0.302478,0.808654,0.013735,0.024331,0.587620
1677108538,182415458,0.417901,0.657488,0.303429,0.808851,0.014100,0.023960,0.587356
1677108538,192623813,0.417943,0.657295,0.304334,0.809188,0.014844,0.023629,0.586887
1677108538,202188138,0.418095,0.657077,0.305184,0.810057,0.014854,0.023965,0.585673
1677108538,212358009,0.418110,0.656826,0.306061,0.811080,0.015269,0.024393,0.584226
1677108538,221957321,0.417706,0.656437,0.306692,0.811217,0.017839,0.024104,0.583976
1677108538,231934443,0.417575,0.656185,0.307304,0.810983,0.018983,0.024631,0.584242
1677108538,242147368,0.417429,0.656176,0.307912,0.810545,0.020266,0.025346,0.584776
1677108538,252558280,0.417262,0.656322,0.308422,0.809730,0.020933,0.024625,0.585912
1677108538,262560326,0.417035,0.656766,0.309011,0.809561,0.022033,0.024464,0.586112
1677108538,272112122,0.417034,0.656990,0.309421,0.808453,0.022376,0.024988,0.587604
1677108538,281979390,0.416942,0.657045,0.309783,0.807332,0.022661,0.024657,0.589146
1677108538,292300148,0.416734,0.657357,0.310170,0.807424,0.023987,0.024688,0.588967
1677108538,302702894,0.416673,0.657465,0.310516,0.807441,0.024394,0.024671,0.588927
1677108538,312525860,0.416492,0.657403,0.310764,0.807025,0.025491,0.024482,0.589459
1677108538,322117411,0.416410,0.657272,0.310987,0.806486,0.026231,0.024615,0.590158
1677108538,332538740,0.416093,0.657321,0.311315,0.806513,0.028507,0.024426,0.590023
1677108538,341532527,0.416129,0.657409,0.311628,0.806419,0.028623,0.024395,0.590147
1677108538,351809917,0.415994,0.657499,0.311930,0.806213,0.030282,0.024609,0.590337
1677108538,361777719,0.416036,0.657467,0.312144,0.805191,0.030976,0.025032,0.591677
