secs,nsecs,tx,ty,tz,rx,ry,rz,rw
1677109946,207911180,0.477024,0.545470,0.474329,0.621487,0.142696,0.267785,0.722276
1677109946,218599164,0.476837,0.545547,0.474500,0.621818,0.142912,0.268390,0.721724
1677109946,228857302,0.476597,0.545420,0.474651,0.621417,0.142944,0.268955,0.721853
1677109946,238198510,0.476317,0.545529,0.474815,0.621369,0.143260,0.270474,0.721264
1677109946,248855434,0.475969,0.545549,0.474951,0.621173,0.143445,0.271938,0.720844
1677109946,258935123,0.475583,0.545711,0.475151,0.621348,0.143330,0.273585,0.720093
1677109946,268622113,0.475243,0.545631,0.475302,0.620426,0.143281,0.274812,0.720431
1677109946,278663891,0.474806,0.545553,0.475521,0.620365,0.141356,0.275146,0.720736
1677109946,289123456,0.474475,0.545568,0.475712,0.620549,0.140573,0.276148,0.720347
1677109946,298526612,0.474185,0.545489,0.475917,0.620404,0.140082,0.277642,0.719993
1677109946,308651901,0.473945,0.545324,0.476085,0.620344,0.139394,0.278443,0.719869
1677109946,318969357,0.473702,0.545182,0.476226,0.620269,0.138703,0.279634,0.719606
1677109946,328624883,0.473447,0.545161,0.476375,0.620357,0.138059,0.281184,0.719050
1677109946,338821211,0.473120,0.545047,0.476433,0.620088,0.137778,0.282090,0.718981
1677109946,349097506,0.472829,0.545103,0.476483,0.619865,0.137659,0.283940,0.718467
1677109946,358556568,0.472460,0.544990,0.476495,0.619138,0.137627,0.284873,0.718732
1677109946,368589132,0.472089,0.544915,0.476506,0.618298,0.137461,0.285966,0.719051
1677109946,379079160,0.471778,0.545112,0.476496,0.618298,0.136538,0.287703,0.718535
1677109946,389035274,0.471376,0.545025,0.476471,0.617607,0.136298,0.288501,0.718854
1677109946,398733726,0.470964,0.545210,0.476393,0.617982,0.135839,0.289356,0.718275
1677109946,408766709,0.470674,0.545258,0.476366,0.617760,0.135652,0.290780,0.717926
1677109946,418462498,0.470309,0.545231,0.476304,0.617890,0.135958,0.291734,0.717369
1677109946,428895716,0.470219,0.545133,0.476253,0.618194,0.134918,0.292654,0.716929
1677109946,438581752,0.469971,0.545187,0.476138,0.619634,0.135246,0.293117,0.715434
1677109946,448463965,0.469823,0.544992,0.475981,0.620569,0.135803,0.293372,0.714412
1677109946,458562129,0.469823,0.545006,0.475774,0.622040,0.136003,0.293963,0.712851
1677109946,468958505,0.469806,0.544818,0.475434,0.622551,0.137033,0.294019,0.712184
1677109946,478819273,0.469752,0.545213,0.475023,0.624424,0.137523,0.294621,0.710198
1677109946,488834327,0.469705,0.545304,0.474485,0.624231,0.138413,0.294500,0.710245
1677109946,498586466,0.469584,0.545608,0.473839,0.624258,0.139077,0.293945,0.710322
1677109946,508613499,0.469536,0.546116,0.473195,0.624021,0.139460,0.294304,0.710306
1677109946,518982771,0.469381,0.546429,0.472367,0.623130,0.140681,0.293521,0.711171
1677109946,528510652,0.469394,0.546783,0.471600,0.621975,0.140984,0.293491,0.712134
1677109946,538789557,0.469330,0.547337,0.470726,0.621575,0.142064,0.293723,0.712172
1677109946,548812776,0.469166,0.547906,0.469796,0.621557,0.143453,0.293616,0.711954
1677109946,559184680,0.469120,0.548248,0.468919,0.620501,0.144697,0.293876,0.712516
1677109946,568815832,0.469001,0.548839,0.468024,0.620962,0.145522,0.294012,0.711889
1677109946,579141936,0.468947,0.549175,0.467174,0.620480,0.146425,0.294372,0.711975
1677109946,588892749,0.468839,0.549558,0.466315,0.620584,0.147455,0.294463,0.711635
1677109946,598434910,0.468716,0.549600,0.465488,0.619792,0.148503,0.294562,0.712066
1677109946,608527849,0.468643,0.549960,0.464673,0.620207,0.148768,0.295072,0.711437
1677109946,618570768,0.468582,0.550044,0.463877,0.619949,0.148570,0.294997,0.711735
1677109946,628631443,0.468259,0.550569,0.462989,0.621617,0.149931,0.295166,0.709923
1677109946,639092865,0.468231,0.550612,0.462253,0.621689,0.149493,0.295457,0.709831
1677109946,648910801,0.468194,0.550553,0.461547,0.621575,0.149161,0.295870,0.709828
1677109946,658577503,0.468138,0.550613,0.460837,0.621996,0.149218,0.296810,0.709055
1677109946,668026723,0.467919,0.550644,0.460105,0.622991,0.149689,0.296889,0.708048
1677109946,678499151,0.467947,0.550575,0.459414,0.623375,0.149317,0.297588,0.707495
1677109946,689007381,0.467986,0.550562,0.458709,0.624052,0.149000,0.298420,0.706614
1677109946,698434083,0.467939,0.550439,0.457963,0.624413,0.149208,0.298570,0.706188
1677109946,708875796,0.467988,0.550293,0.457213,0.624355,0.149438,0.298869,0.706064
1677109946,718752487,0.467976,0.550193,0.456459,0.624521,0.149444,0.298466,0.706086
1677109946,728754114,0.468058,0.550221,0.455779,0.624664,0.149420,0.298671,0.705878
1677109946,738663520,0.468126,0.550293,0.455086,0.625346,0.149337,0.298137,0.705518
1677109946,748936389,0.468214,0.550360,0.454472,0.625653,0.149575,0.298000,0.705253
1677109946,758829423,0.468281,0.550228,0.453842,0.625670,0.150178,0.297322,0.705396
1677109946,769165062,0.468265,0.550162,0.453278,0.626142,0.151240,0.296792,0.704973
1677109946,779110783,0.468362,0.550234,0.452758,0.627174,0.151125,0.297023,0.703982
1677109946,789502201,0.468343,0.550148,0.452162,0.627731,0.151638,0.296648,0.703534
1677109946,798693472,0.468193,0.550002,0.451544,0.628106,0.152378,0.296427,0.703132
1677109946,808763894,0.468048,0.549895,0.450889,0.628486,0.152870,0.296485,0.702662
1677109946,818381880,0.467956,0.549810,0.450249,0.628715,0.152502,0.296820,0.702395
1677109946,828756318,0.467867,0.549701,0.449584,0.628739,0.152177,0.297508,0.702152
1677109946,838919159,0.467620,0.549719,0.448861,0.629422,0.152390,0.297581,0.701463
1677109946,848823529,0.467456,0.549680,0.448156,0.629674,0.152369,0.298302,0.700936
1677109946,858952635,0.467255,0.549627,0.447427,0.630304,0.152710,0.298287,0.700301
1677109946,869304728,0.467231,0.549508,0.446764,0.630514,0.152355,0.298721,0.700004
1677109946,878792825,0.466963,0.549427,0.446061,0.631361,0.153045,0.298658,0.699117
1677109946,888482029,0.466914,0.549343,0.445317,0.631859,0.153052,0.299127,0.698464
1677109946,899192708,0.466784,0.549305,0.444574,0.632594,0.152856,0.299353,0.697745
1677109946,908640891,0.466545,0.549175,0.443780,0.633150,0.152860,0.298803,0.697475
1677109946,918979932,0.466513,0.548999,0.442961,0.633060,0.152774,0.298914,0.697528
1677109946,928661481,0.466486,0.548991,0.442131,0.633305,0.152740,0.299462,0.697078
1677109946,938380307,0.466372,0.548900,0.441229,0.633308,0.153343,0.299451,0.696948
1677109946,948549706,0.466333,0.548954,0.440354,0.633451,0.153614,0.300010,0.696517
1677109946,959142062,0.466308,0.549024,0.439465,0.633563,0.153960,0.300379,0.696180
1677109946,969329276,0.466153,0.549120,0.438502,0.633865,0.154912,0.300224,0.695761
1677109946,978737897,0.466017,0.549162,0.437562,0.634159,0.155554,0.299917,0.695482
1677109946,989022639,0.465994,0.549219,0.436617,0.634600,0.155887,0.299711,0.695094
1677109946,998945515,0.465966,0.549152,0.435678,0.634857,0.156277,0.299680,0.694785
1677109947,8169007,0.466008,0.549136,0.434718,0.635357,0.156321,0.299900,0.694222
1677109947,18188436,0.466005,0.549087,0.433719,0.635920,0.156650,0.300227,0.693491
1677109947,28914007,0.465986,0.549058,0.432679,0.636698,0.156706,0.300340,0.692716
1677109947,38787877,0.465954,0.549053,0.431627,0.637474,0.156852,0.300456,0.691918
1677109947,47961656,0.465854,0.548988,0.430496,0.637865,0.157445,0.300821,0.691264
1677109947,58359936,0.465772,0.549089,0.429341,0.638810,0.157769,0.301308,0.690104
1677109947,68193744,0.465694,0.548968,0.428125,0.638905,0.158189,0.301093,0.690014
1677109947,77915203,0.465722,0.549112,0.426890,0.639551,0.158408,0.301637,0.689128
1677109947,88448643,0.465779,0.549239,0.425632,0.639994,0.158660,0.301894,0.688545
1677109947,98290738,0.465877,0.549315,0.424310,0.640208,0.159179,0.301642,0.688337
1677109947,108163070,0.465954,0.549567,0.422991,0.640721,0.160259,0.301590,0.687632
1677109947,118296509,0.466136,0.549701,0.421644,0.640505,0.161134,0.301418,0.687703
1677109947,128371804,0.466293,0.549912,0.420293,0.640584,0.162061,0.300770,0.687696
1677109947,138457955,0.466431,0.550139,0.418922,0.640555,0.163072,0.300200,0.687733
1677109947,148772699,0.466608,0.550374,0.417569,0.640427,0.164058,0.299619,0.687871
1677109947,158728204,0.466788,0.550647,0.416235,0.640516,0.164897,0.299039,0.687840
1677109947,168540045,0.466954,0.550681,0.414931,0.640056,0.166226,0.298609,0.688135
1677109947,178465169,0.467174,0.550891,0.413643,0.640759,0.166489,0.297667,0.687825
1677109947,188920004,0.467343,0.550975,0.412412,0.641199,0.167304,0.296979,0.687515
1677109947,198362434,0.467512,0.551013,0.411241,0.641805,0.168313,0.296833,0.686765
1677109947,209089945,0.467766,0.550943,0.410105,0.642240,0.168879,0.297040,0.686131
1677109947,218891286,0.467931,0.550716,0.408959,0.642535,0.169333,0.296650,0.685911
1677109947,228925460,0.467956,0.550708,0.407822,0.643863,0.169977,0.296571,0.684539
1677109947,238783461,0.468081,0.550684,0.406711,0.644958,0.170147,0.296935,0.683307
1677109947,249146691,0.468263,0.550462,0.405563,0.644979,0.170004,0.297364,0.683137
1677109947,258779881,0.468386,0.550428,0.404417,0.645316,0.169768,0.297794,0.682689
1677109947,268801355,0.468320,0.550548,0.403263,0.646250,0.169884,0.297525,0.681894
1677109947,278772509,0.468410,0.550413,0.402099,0.645258,0.170512,0.297963,0.682485
1677109947,288872559,0.468513,0.550574,0.401001,0.645508,0.170798,0.298403,0.681985
1677109947,298546798,0.468234,0.551053,0.399829,0.648278,0.171119,0.296417,0.680141
1677109947,308882323,0.468572,0.551068,0.398801,0.647448,0.171695,0.297354,0.680377
1677109947,318973266,0.468808,0.550979,0.397748,0.646675,0.172322,0.297249,0.680999
1677109947,328098718,0.469013,0.551095,0.396737,0.646623,0.172933,0.297541,0.680766
1677109947,338294769,0.469236,0.550984,0.395687,0.645626,0.173969,0.297508,0.681462
1677109947,348285348,0.469403,0.551069,0.394667,0.645692,0.174424,0.297261,0.681392
1677109947,358448539,0.469530,0.551236,0.393642,0.645926,0.174929,0.296888,0.681203
1677109947,368685014,0.469691,0.551359,0.392617,0.645579,0.175525,0.297358,0.681173
1677109947,379115527,0.469606,0.550714,0.391404,0.642444,0.177918,0.296262,0.683988
1677109947,388779571,0.469619,0.551014,0.390405,0.642581,0.177921,0.296041,0.683955
1677109947,398112594,0.469592,0.551523,0.389422,0.643068,0.178044,0.296992,0.683052
1677109947,408940601,0.469480,0.551838,0.388401,0.642890,0.178585,0.297474,0.682868
1677109947,418838882,0.469462,0.552179,0.387404,0.643088,0.178481,0.298295,0.682351
1677109947,428737046,0.469331,0.552391,0.386398,0.642828,0.178758,0.298568,0.682404
1677109947,439162906,0.469240,0.552586,0.385329,0.642647,0.178435,0.298743,0.682581
1677109947,448785418,0.469075,0.552812,0.384328,0.642506,0.178498,0.299370,0.682424
1677109947,458522795,0.468923,0.552935,0.383301,0.641634,0.179167,0.300468,0.682586
1677109947,468578099,0.468735,0.553159,0.382229,0.641535,0.179251,0.300714,0.682549
1677109947,478897100,0.468550,0.553278,0.381207,0.640996,0.179868,0.301320,0.682626
1677109947,488423195,0.468461,0.553504,0.380188,0.641001,0.179872,0.301818,0.682400
1677109947,498509980,0.468352,0.553616,0.379180,0.641007,0.179936,0.301496,0.682519
1677109947,509106834,0.468335,0.553668,0.378157,0.640854,0.180401,0.301422,0.682574
1677109947,518894968,0.468425,0.553857,0.377137,0.641350,0.180344,0.301394,0.682135
1677109947,528472653,0.468463,0.553923,0.376117,0.641351,0.181500,0.301488,0.681786
1677109947,538875636,0.468710,0.553992,0.375106,0.641438,0.181631,0.301335,0.681737
1677109947,549097072,0.468840,0.554095,0.374066,0.641989,0.182436,0.300758,0.681258
1677109947,559258428,0.468962,0.554253,0.372964,0.642577,0.183391,0.300200,0.680692
1677109947,568947544,0.469188,0.554398,0.371787,0.643018,0.183854,0.299487,0.680465
1677109947,578585330,0.469426,0.554637,0.370566,0.643588,0.184251,0.298645,0.680189
1677109947,589554555,0.469558,0.554904,0.369247,0.643930,0.185577,0.297599,0.679963
1677109947,598654823,0.469758,0.555247,0.367910,0.644062,0.186198,0.296419,0.680183
1677109947,608579003,0.469875,0.555757,0.366525,0.643893,0.187966,0.295694,0.680173
1677109947,618818670,0.469881,0.556485,0.365141,0.644581,0.189192,0.294231,0.679817
1677109947,629129212,0.470022,0.557101,0.363767,0.643664,0.190624,0.293870,0.680441
1677109947,639074679,0.469865,0.557856,0.362406,0.643220,0.192769,0.293043,0.680613
1677109947,648666139,0.469749,0.558666,0.361059,0.642775,0.194115,0.292655,0.680817
1677109947,658767041,0.469618,0.559370,0.359750,0.641907,0.195310,0.292424,0.681394
1677109947,668809365,0.469352,0.560003,0.358484,0.641315,0.196234,0.291770,0.681966
1677109947,678549960,0.469071,0.560647,0.357203,0.640839,0.197231,0.292141,0.681967
1677109947,689680895,0.468892,0.561245,0.355962,0.640705,0.197288,0.292804,0.681792
1677109947,698751318,0.468657,0.561591,0.354692,0.640125,0.198066,0.293740,0.681709
1677109947,708717677,0.468481,0.562136,0.353483,0.640907,0.197591,0.294547,0.680762
1677109947,718837319,0.468174,0.562400,0.352263,0.640890,0.198458,0.295246,0.680223
1677109947,728871150,0.468012,0.562616,0.351001,0.640862,0.198810,0.295841,0.679888
1677109947,738395885,0.467760,0.563031,0.349787,0.641707,0.199474,0.296209,0.678736
1677109947,748659417,0.467768,0.563277,0.348593,0.641173,0.199775,0.297000,0.678807
1677109947,758453301,0.467773,0.563759,0.347390,0.641049,0.199810,0.297674,0.678618
1677109947,768718276,0.467610,0.564236,0.346151,0.640889,0.200934,0.297381,0.678566
1677109947,778537833,0.467537,0.564761,0.345003,0.640285,0.201998,0.297468,0.678782
1677109947,788967701,0.467500,0.565372,0.343876,0.639974,0.202957,0.297435,0.678803
1677109947,798828085,0.467485,0.565705,0.342742,0.639180,0.203381,0.296122,0.679998
1677109947,809362716,0.467576,0.566218,0.341687,0.638766,0.203822,0.296072,0.680276
1677109947,818821390,0.467498,0.566617,0.340653,0.638684,0.205134,0.294987,0.680430
1677109947,828134674,0.467676,0.567018,0.339701,0.638441,0.205526,0.295247,0.680427
1677109947,839428981,0.467749,0.567328,0.338777,0.638661,0.206171,0.294715,0.680257
1677109947,847830280,0.467798,0.567575,0.337913,0.639350,0.206601,0.294272,0.679671
1677109947,858343778,0.467846,0.567838,0.337067,0.640262,0.207271,0.294227,0.678626
1677109947,868286661,0.467886,0.567801,0.336204,0.640088,0.208099,0.294400,0.678462
1677109947,878513832,0.467981,0.567989,0.335386,0.641068,0.207476,0.294752,0.677574
1677109947,888764851,0.467889,0.568114,0.334521,0.641947,0.207482,0.294547,0.676829
1677109947,898817902,0.467862,0.568053,0.333681,0.641846,0.207182,0.294762,0.676923
1677109947,908690986,0.467827,0.568271,0.332857,0.642510,0.206718,0.295355,0.676176
1677109947,918753843,0.467607,0.567811,0.331914,0.639929,0.208874,0.296318,0.677538
1677109947,928806918,0.467462,0.567997,0.331124,0.640766,0.208570,0.296080,0.676945
1677109947,939346954,0.467380,0.567981,0.330352,0.640451,0.208941,0.296212,0.677070
1677109947,948642266,0.467362,0.568199,0.329682,0.641126,0.208831,0.296840,0.676190
1677109947,959052772,0.467319,0.568273,0.328983,0.641228,0.209373,0.297092,0.675815
1677109947,968841908,0.467188,0.568271,0.328296,0.641336,0.210047,0.296776,0.675642
1677109947,978318273,0.467176,0.568322,0.327623,0.641479,0.210421,0.297072,0.675260
1677109947,988719502,0.467095,0.568430,0.326937,0.641792,0.210747,0.297288,0.674766
1677109947,999181844,0.467189,0.568546,0.326294,0.641644,0.210217,0.298236,0.674654
1677109948,9261782,0.466987,0.568614,0.325596,0.641761,0.210670,0.298031,0.674492
1677109948,19225271,0.466953,0.568698,0.324946,0.641526,0.210418,0.298655,0.674517
1677109948,29492270,0.466768,0.568794,0.324301,0.641827,0.210554,0.298421,0.674292
1677109948,39416771,0.466748,0.568825,0.323669,0.641346,0.210252,0.298998,0.674589
1677109948,48805022,0.466697,0.568953,0.323112,0.641919,0.209662,0.299204,0.674136
1677109948,58657772,0.466636,0.569032,0.322517,0.642419,0.209610,0.299276,0.673643
1677109948,68711437,0.466689,0.568890,0.321989,0.642100,0.209411,0.299356,0.673974
1677109948,78979666,0.466659,0.568944,0.321510,0.643160,0.209219,0.299125,0.673125
1677109948,88809392,0.466679,0.568838,0.321035,0.643552,0.209679,0.299319,0.672521
1677109948,98653388,0.466835,0.568740,0.320573,0.644038,0.209251,0.299730,0.672005
1677109948,108747507,0.466787,0.568700,0.320045,0.645000,0.209462,0.299066,0.671313
1677109948,118725372,0.466883,0.568595,0.319551,0.644963,0.209574,0.299896,0.670942
1677109948,128930210,0.466922,0.568610,0.319051,0.645331,0.208965,0.299851,0.670799
1677109948,138664783,0.466879,0.568625,0.318527,0.645105,0.208852,0.300253,0.670871
1677109948,148759388,0.466733,0.568852,0.318008,0.645459,0.208641,0.300610,0.670436
1677109948,159057397,0.466550,0.568961,0.317449,0.645203,0.208931,0.300817,0.670500
1677109948,168613604,0.466504,0.568945,0.316900,0.644391,0.208760,0.301314,0.671111
1677109948,178771222,0.466389,0.569289,0.316347,0.645176,0.208150,0.301647,0.670396
1677109948,189078316,0.466323,0.569378,0.315755,0.644648,0.208274,0.302089,0.670666
1677109948,198923717,0.466223,0.569541,0.315151,0.644752,0.208449,0.302324,0.670406
1677109948,208309711,0.466174,0.569668,0.314537,0.644547,0.208547,0.302582,0.670456
1677109948,218754845,0.466152,0.569761,0.313946,0.643846,0.208876,0.303203,0.670746
1677109948,228914423,0.465923,0.570114,0.313343,0.644492,0.209464,0.302975,0.670045
1677109948,239218775,0.465980,0.570326,0.312736,0.643720,0.209206,0.303784,0.670502
1677109948,249144438,0.465934,0.570653,0.312101,0.643640,0.209264,0.304225,0.670360
1677109948,258571383,0.465795,0.570812,0.311468,0.643360,0.209598,0.303575,0.670819
1677109948,268879537,0.465771,0.571014,0.310829,0.643337,0.209525,0.303370,0.670957
1677109948,278815575,0.465784,0.571344,0.310233,0.643740,0.209548,0.303794,0.670372
1677109948,288343737,0.465797,0.571542,0.309620,0.644302,0.209677,0.303770,0.669802
1677109948,298968493,0.465810,0.571476,0.308985,0.644532,0.209911,0.302792,0.669950
1677109948,308756300,0.465822,0.571799,0.308372,0.646041,0.209840,0.302782,0.668522
1677109948,319397931,0.465756,0.571668,0.307643,0.646129,0.210405,0.301869,0.668672
1677109948,329083028,0.465681,0.572006,0.306949,0.647642,0.210192,0.301654,0.667371
1677109948,338720076,0.465626,0.572135,0.306123,0.647774,0.210629,0.301753,0.667060
1677109948,349106544,0.465399,0.572404,0.305300,0.648642,0.211493,0.301552,0.666033
1677109948,358900940,0.465322,0.572570,0.304401,0.648405,0.211965,0.301674,0.666059
1677109948,368880016,0.465161,0.572847,0.303415,0.648799,0.212170,0.301325,0.665768
1677109948,378105521,0.465127,0.573064,0.302413,0.648382,0.212293,0.301395,0.666103
1677109948,389043605,0.464989,0.573222,0.301404,0.647654,0.213057,0.301462,0.666537
1677109948,398880653,0.464938,0.573393,0.300308,0.647018,0.213192,0.301275,0.667195
1677109948,408533204,0.464412,0.574167,0.299120,0.648836,0.214918,0.300413,0.665263
1677109948,418927444,0.464287,0.574509,0.297979,0.649112,0.215883,0.300146,0.664801
1677109948,428841653,0.464248,0.574691,0.296792,0.648881,0.216751,0.299450,0.665058
1677109948,438999551,0.464361,0.575047,0.295617,0.649136,0.217304,0.299564,0.664578
1677109948,449115831,0.464501,0.575191,0.294459,0.648606,0.218008,0.299236,0.665012
1677109948,458564186,0.464437,0.575534,0.293331,0.649129,0.218821,0.298082,0.664753
1677109948,468608426,0.464340,0.575629,0.292111,0.647834,0.221282,0.298076,0.665203
1677109948,478285397,0.464455,0.575987,0.291064,0.648248,0.221084,0.297348,0.665192
1677109948,488416021,0.464621,0.576397,0.290028,0.648553,0.220984,0.297504,0.664858
1677109948,498694926,0.464681,0.576652,0.288977,0.648707,0.221297,0.296774,0.664930
1677109948,508551385,0.464656,0.576927,0.287943,0.648742,0.222286,0.296324,0.664767
1677109948,518928058,0.464718,0.577186,0.286898,0.648648,0.223109,0.296534,0.664489
1677109948,528808006,0.464835,0.577389,0.285883,0.648470,0.223162,0.296364,0.664721
1677109948,538657592,0.464711,0.577732,0.284875,0.648848,0.224485,0.296187,0.663985
1677109948,548188513,0.464590,0.577932,0.283878,0.648404,0.226220,0.296464,0.663706
1677109948,558326963,0.464421,0.578308,0.282919,0.648655,0.226745,0.296248,0.663378
1677109948,568674636,0.464402,0.578648,0.282031,0.648834,0.226240,0.296375,0.663318
1677109948,578583549,0.464373,0.579066,0.281167,0.648707,0.226333,0.297676,0.662828
1677109948,588466384,0.464183,0.579053,0.280117,0.647397,0.227573,0.297111,0.663937
1677109948,598943272,0.464008,0.579172,0.279222,0.647150,0.227865,0.296571,0.664319
1677109948,608953267,0.464043,0.579503,0.278392,0.647272,0.227708,0.297840,0.663686
1677109948,619215634,0.463914,0.579644,0.277553,0.647644,0.228045,0.297627,0.663303
1677109948,629346489,0.463862,0.579577,0.276723,0.647040,0.228663,0.297971,0.663526
1677109948,638615496,0.463798,0.579612,0.275890,0.647220,0.228897,0.298153,0.663186
1677109948,648932710,0.463657,0.579866,0.275075,0.648347,0.229040,0.298689,0.661794
1677109948,658595042,0.463614,0.579927,0.274216,0.648521,0.229211,0.299204,0.661332
1677109948,668926043,0.463465,0.580066,0.273373,0.649319,0.229408,0.299476,0.660356
1677109948,678598388,0.463424,0.580074,0.272522,0.649279,0.229521,0.299694,0.660258
1677109948,688575957,0.463521,0.580009,0.271653,0.648803,0.229102,0.299850,0.660801
1677109948,698514358,0.463483,0.580124,0.270795,0.648933,0.229289,0.300051,0.660516
1677109948,708630051,0.463440,0.580201,0.269940,0.648965,0.229636,0.299582,0.660577
1677109948,718953220,0.463438,0.580353,0.269127,0.649044,0.230052,0.299444,0.660418
1677109948,728359170,0.463592,0.580401,0.268342,0.648588,0.230105,0.299456,0.660842
1677109948,738307426,0.463640,0.580505,0.267561,0.648527,0.230715,0.299022,0.660885
1677109948,748809477,0.463805,0.580638,0.266882,0.648552,0.231055,0.299184,0.660668
1677109948,758758192,0.463846,0.580736,0.266152,0.649217,0.230932,0.297792,0.660687
1677109948,769049027,0.463806,0.580935,0.265433,0.650292,0.232352,0.297101,0.659442
1677109948,778472310,0.463800,0.581002,0.264764,0.650856,0.232820,0.296219,0.659117
1677109948,788868057,0.463941,0.581073,0.264141,0.651005,0.232525,0.296356,0.659013
1677109948,798247827,0.463880,0.581197,0.263472,0.651839,0.232471,0.295566,0.658562
1677109948,808203535,0.463914,0.581114,0.262794,0.651328,0.232586,0.295633,0.658997
1677109948,818677751,0.463867,0.581387,0.262183,0.652035,0.232340,0.296202,0.658129
1677109948,828921552,0.463821,0.581427,0.261526,0.651479,0.232470,0.296661,0.658426
1677109948,839338353,0.463474,0.581738,0.260891,0.651987,0.233276,0.297012,0.657479
1677109948,848697500,0.463337,0.582075,0.260233,0.651521,0.232794,0.298231,0.657561
1677109948,858571394,0.462818,0.582680,0.259533,0.652387,0.231532,0.297922,0.657287
1677109948,868629119,0.462595,0.582889,0.258840,0.649910,0.232026,0.300265,0.658500
1677109948,878766255,0.462125,0.583265,0.258144,0.647896,0.232806,0.301918,0.659452
1677109948,888903670,0.461927,0.583523,0.257479,0.644664,0.232581,0.304743,0.661397
1677109948,899116807,0.461536,0.584144,0.256841,0.643794,0.232585,0.307211,0.661101
1677109948,909005380,0.461201,0.584355,0.256225,0.641941,0.232691,0.308860,0.662097
1677109948,918501755,0.460908,0.584649,0.255648,0.641260,0.232816,0.310698,0.661853
1677109948,928785628,0.460683,0.584944,0.255119,0.641342,0.232114,0.311963,0.661424
1677109948,938826425,0.460391,0.585070,0.254597,0.641387,0.232163,0.313189,0.660784
1677109948,948772832,0.460177,0.585212,0.254079,0.641458,0.231572,0.314601,0.660252
1677109948,958936505,0.459966,0.585189,0.253497,0.640822,0.231209,0.315937,0.660359
1677109948,968893854,0.459685,0.585341,0.252953,0.640789,0.230515,0.317704,0.659785
1677109948,978970370,0.459532,0.585472,0.252408,0.639981,0.229408,0.319982,0.659854
1677109948,988567736,0.459106,0.585647,0.251805,0.639290,0.229515,0.321874,0.659567
1677109948,998537129,0.458203,0.586402,0.251072,0.640892,0.230738,0.322555,0.657248
1677109949,8788591,0.457664,0.586921,0.250415,0.641064,0.230770,0.324150,0.656284
1677109949,18757182,0.457230,0.587287,0.249697,0.640291,0.230818,0.325838,0.656186
1677109949,28429164,0.456920,0.587590,0.248908,0.638855,0.230667,0.327178,0.656971
1677109949,38860007,0.456536,0.588013,0.248046,0.637941,0.230963,0.327937,0.657377
1677109949,48521010,0.456252,0.588598,0.247151,0.637385,0.230592,0.328575,0.657729
1677109949,58679630,0.455839,0.589094,0.246217,0.636740,0.231179,0.327946,0.658460
1677109949,68875102,0.456174,0.589685,0.245239,0.634985,0.229262,0.329107,0.660244
1677109949,78808005,0.455847,0.590177,0.244213,0.634108,0.231114,0.327960,0.661011
1677109949,88466212,0.455697,0.590605,0.243147,0.633230,0.232877,0.326757,0.661829
1677109949,99093612,0.455906,0.591070,0.242033,0.632093,0.233983,0.326137,0.662831
1677109949,109134696,0.455986,0.591483,0.240870,0.631193,0.235580,0.323991,0.664174
1677109949,119106356,0.456154,0.592062,0.239731,0.630089,0.236949,0.322892,0.665269
1677109949,129218653,0.456281,0.592672,0.238532,0.628405,0.238751,0.322080,0.666610
1677109949,138881568,0.456230,0.593361,0.237348,0.627155,0.240681,0.320902,0.667661
1677109949,148402519,0.456425,0.593920,0.236197,0.625078,0.241557,0.320188,0.669632
1677109949,159128181,0.456337,0.594499,0.235062,0.623722,0.243318,0.319009,0.670820
1677109949,168889985,0.456141,0.595163,0.233964,0.623318,0.245016,0.318434,0.670852
1677109949,178520668,0.456214,0.595588,0.232871,0.621901,0.245699,0.318407,0.671929
1677109949,188373917,0.455892,0.595978,0.231777,0.621016,0.247478,0.317932,0.672319
1677109949,198697233,0.455844,0.596442,0.230726,0.620356,0.247340,0.318484,0.672717
1677109949,208243029,0.455468,0.596416,0.229591,0.617823,0.249610,0.318333,0.674280
1677109949,217991277,0.455279,0.596871,0.228701,0.617933,0.249108,0.319011,0.674044
1677109949,228792640,0.455107,0.597175,0.227801,0.617853,0.248440,0.319452,0.674155
1677109949,238354768,0.454826,0.597522,0.226948,0.618314,0.248705,0.320232,0.673264
1677109949,249161162,0.454680,0.597530,0.226119,0.617690,0.248343,0.320331,0.673924
1677109949,258972884,0.454481,0.597620,0.225335,0.617658,0.248563,0.320937,0.673584
1677109949,268853602,0.454237,0.597704,0.224602,0.617776,0.248692,0.321395,0.673209
1677109949,278521575,0.454015,0.597784,0.223859,0.617764,0.248827,0.321885,0.672936
1677109949,289486895,0.453651,0.597978,0.223147,0.618675,0.249052,0.322053,0.671935
1677109949,298833397,0.453510,0.597895,0.222436,0.617773,0.249054,0.322737,0.672435
1677109949,309135453,0.453377,0.597901,0.221774,0.617322,0.248647,0.323092,0.672830
1677109949,318585977,0.453023,0.598121,0.221127,0.617902,0.248989,0.323544,0.671953
1677109949,328710984,0.452739,0.598278,0.220446,0.617714,0.250409,0.324003,0.671376
1677109949,338613192,0.452615,0.598302,0.219820,0.617435,0.250200,0.324208,0.671613
1677109949,348667068,0.452345,0.598509,0.219262,0.618056,0.250189,0.323943,0.671173
1677109949,358931674,0.452284,0.598635,0.218722,0.618114,0.249929,0.324209,0.671088
1677109949,368769247,0.452318,0.598451,0.218248,0.616712,0.250237,0.324548,0.672098
1677109949,379039530,0.452086,0.598775,0.217718,0.618127,0.250495,0.323946,0.670992
1677109949,388966371,0.452089,0.598726,0.217262,0.617386,0.250303,0.324164,0.671641
1677109949,398493109,0.451977,0.598756,0.216801,0.616882,0.250766,0.324246,0.671891
1677109949,409031581,0.451897,0.598932,0.216351,0.616994,0.250310,0.324128,0.672015
1677109949,418297835,0.451893,0.598873,0.215948,0.615918,0.250316,0.324530,0.672806
1677109949,428684871,0.451876,0.598865,0.215538,0.614881,0.250148,0.324656,0.673755
1677109949,438242500,0.451964,0.598680,0.215274,0.612950,0.248909,0.325278,0.675671
1677109949,449141374,0.451769,0.599037,0.214956,0.613878,0.248490,0.325170,0.675034
1677109949,458567317,0.451619,0.599175,0.214655,0.614543,0.248226,0.324665,0.674769
1677109949,469058178,0.451828,0.598964,0.214471,0.613199,0.247650,0.325284,0.675905
1677109949,478775962,0.451570,0.599162,0.214157,0.615069,0.248096,0.323859,0.674725
1677109949,489063847,0.451670,0.599196,0.213996,0.615340,0.247361,0.324193,0.674587
1677109949,498457328,0.451616,0.599188,0.213788,0.615830,0.247083,0.323522,0.674564
1677109949,508486962,0.451643,0.599322,0.213612,0.616413,0.246638,0.324028,0.673951
1677109949,518675278,0.451575,0.599413,0.213354,0.616699,0.246548,0.324181,0.673649
1677109949,528453665,0.451450,0.599543,0.213068,0.616468,0.246985,0.324693,0.673454
1677109949,538401600,0.451279,0.599830,0.212788,0.617070,0.246551,0.324844,0.672989
1677109949,547973872,0.451276,0.599882,0.212506,0.616197,0.246652,0.325343,0.673510
1677109949,558666330,0.451173,0.600087,0.212213,0.616264,0.246753,0.325593,0.673291
1677109949,569223694,0.451157,0.600354,0.211938,0.616832,0.246282,0.325687,0.672898
1677109949,579059935,0.451099,0.600486,0.211619,0.617128,0.246433,0.325266,0.672775
1677109949,589170431,0.451163,0.600539,0.211281,0.617367,0.246106,0.324976,0.672815
1677109949,598464045,0.451264,0.600735,0.210934,0.618075,0.245604,0.324875,0.672398
1677109949,609069778,0.451211,0.600938,0.210506,0.618869,0.246143,0.324741,0.671534
1677109949,618863831,0.451262,0.601047,0.210048,0.618941,0.246192,0.324642,0.671497
1677109949,628794507,0.451187,0.601183,0.209493,0.618631,0.246906,0.324813,0.671438
1677109949,639233712,0.451102,0.601380,0.208943,0.618403,0.246725,0.324428,0.671901
1677109949,649033288,0.450925,0.601729,0.208356,0.618293,0.246733,0.324296,0.672063
1677109949,658588350,0.450790,0.601918,0.207688,0.616770,0.246997,0.324748,0.673147
1677109949,669057762,0.450699,0.602329,0.207073,0.616256,0.246098,0.324485,0.674072
1677109949,679047492,0.450493,0.602752,0.206476,0.615730,0.245943,0.324060,0.674814
1677109949,689063561,0.450499,0.602963,0.205904,0.614484,0.245577,0.323840,0.676186
1677109949,699027510,0.450326,0.603359,0.205367,0.614254,0.245876,0.323375,0.676510
1677109949,709341943,0.450271,0.603646,0.204866,0.614079,0.245954,0.323308,0.676673
1677109949,719344742,0.450163,0.603670,0.204362,0.613012,0.246421,0.322590,0.677812
1677109949,729359342,0.450068,0.604023,0.203896,0.613451,0.245603,0.322372,0.677814
1677109949,738977231,0.449832,0.604092,0.203391,0.612814,0.245847,0.322007,0.678476
1677109949,748371405,0.449717,0.604203,0.202939,0.611353,0.245174,0.323058,0.679537
1677109949,758510630,0.449555,0.604291,0.202432,0.609628,0.244763,0.323945,0.680812
1677109949,768783543,0.448676,0.604948,0.201758,0.610740,0.245437,0.323221,0.679916
1677109949,778960441,0.448420,0.605212,0.201233,0.608893,0.244751,0.324588,0.681168
1677109949,788823066,0.447962,0.605544,0.200695,0.607767,0.244347,0.324940,0.682149
1677109949,797978587,0.447613,0.605717,0.200154,0.605355,0.244356,0.325607,0.683970
1677109949,808158793,0.447294,0.606105,0.199650,0.604066,0.243791,0.326076,0.685087
1677109949,818045991,0.446780,0.606519,0.199172,0.603271,0.244276,0.326067,0.685619
1677109949,828706037,0.446519,0.606777,0.198720,0.601881,0.244111,0.326090,0.686887
1677109949,838887512,0.446108,0.607009,0.198276,0.601201,0.244852,0.325837,0.687339
1677109949,848912160,0.445751,0.607405,0.197873,0.601453,0.244985,0.325575,0.687196
1677109949,858807036,0.445420,0.607682,0.197472,0.601066,0.245141,0.325612,0.687460
1677109949,869094922,0.445176,0.607957,0.197079,0.600099,0.244708,0.326207,0.688178
1677109949,878792387,0.444750,0.608217,0.196628,0.598944,0.244903,0.326389,0.689028
1677109949,888918296,0.444393,0.608585,0.196182,0.597658,0.244263,0.327250,0.689962
1677109949,898985850,0.443943,0.608945,0.195689,0.596052,0.244130,0.327605,0.691229
1677109949,909323370,0.443382,0.609459,0.195188,0.594793,0.244386,0.328409,0.691841
1677109949,918969150,0.443043,0.609905,0.194702,0.593044,0.243641,0.328822,0.693408
1677109949,929017807,0.442426,0.610587,0.194214,0.592219,0.244248,0.328990,0.693820
1677109949,938513002,0.442145,0.610989,0.193777,0.589588,0.244568,0.330037,0.695448
1677109949,948786805,0.441802,0.611644,0.193371,0.588712,0.243915,0.330127,0.696376
1677109949,959020812,0.441410,0.612150,0.193002,0.587318,0.244655,0.330233,0.697243
1677109949,968918177,0.441100,0.612777,0.192658,0.586764,0.244847,0.330216,0.697650
1677109949,978672870,0.440869,0.613242,0.192322,0.585536,0.245245,0.330530,0.698393
1677109949,988354405,0.440526,0.613598,0.191968,0.584105,0.246083,0.330269,0.699419
1677109949,998847140,0.440375,0.614080,0.191635,0.582624,0.245756,0.330902,0.700469
1677109950,8707165,0.439921,0.614580,0.191246,0.581334,0.246209,0.330831,0.701415
1677109950,18221683,0.439412,0.615282,0.190848,0.580422,0.246226,0.331004,0.702082
1677109950,28067516,0.439022,0.615837,0.190496,0.578414,0.246721,0.332075,0.703059
1677109950,38499824,0.438477,0.616295,0.190117,0.576711,0.247468,0.332065,0.704199
1677109950,48876474,0.438208,0.616850,0.189775,0.574799,0.247340,0.333138,0.705300
1677109950,59157970,0.437634,0.617463,0.189446,0.574328,0.247828,0.333066,0.705546
1677109950,68703752,0.437310,0.617952,0.189170,0.573197,0.247954,0.333752,0.706097
1677109950,78300172,0.436973,0.618465,0.188889,0.572400,0.247889,0.334263,0.706525
1677109950,88754881,0.436563,0.618951,0.188571,0.571618,0.248357,0.334996,0.706646
1677109950,98994598,0.436294,0.619215,0.188246,0.569420,0.248545,0.335707,0.708016
1677109950,108249437,0.435947,0.619713,0.187878,0.567769,0.247947,0.336745,0.709058
1677109950,118811253,0.435386,0.620377,0.187472,0.566981,0.247736,0.336969,0.709655
1677109950,128687458,0.435073,0.620915,0.187129,0.565126,0.247244,0.337706,0.710955
1677109950,138671616,0.434603,0.621498,0.186798,0.563936,0.247396,0.337651,0.711873
1677109950,148731615,0.434390,0.622109,0.186503,0.562266,0.247338,0.338463,0.712828
1677109950,158636522,0.434040,0.622680,0.186204,0.560551,0.247774,0.339134,0.713708
1677109950,168797304,0.433654,0.623348,0.185913,0.559205,0.247895,0.339523,0.714537
1677109950,178811643,0.433239,0.623916,0.185588,0.557243,0.248102,0.340214,0.715667
1677109950,188738204,0.432708,0.624548,0.185303,0.555542,0.248018,0.340841,0.716720
1677109950,198871404,0.432180,0.625266,0.184940,0.554013,0.248070,0.342190,0.717242
1677109950,208560932,0.431658,0.625932,0.184638,0.552476,0.247936,0.343680,0.717762
1677109950,218835690,0.431077,0.626431,0.184303,0.550631,0.248380,0.344699,0.718537
1677109950,228730284,0.430565,0.626991,0.183920,0.549210,0.248208,0.345610,0.719246
1677109950,238653609,0.430175,0.627556,0.183583,0.547450,0.247413,0.347233,0.720080
1677109950,248859620,0.429561,0.628248,0.183221,0.545755,0.247871,0.349132,0.720290
1677109950,258572012,0.429046,0.628625,0.182890,0.543308,0.248139,0.349774,0.721735
1677109950,268626940,0.428550,0.629345,0.182585,0.542369,0.248277,0.350903,0.721846
1677109950,278829646,0.428127,0.629828,0.182298,0.540958,0.248670,0.351735,0.722364
1677109950,289029126,0.427775,0.630401,0.182048,0.540033,0.249026,0.352710,0.722458
1677109950,298541345,0.427424,0.630801,0.181845,0.538654,0.249715,0.353359,0.722932
1677109950,309370917,0.427094,0.631379,0.181601,0.538287,0.249637,0.353979,0.722930
1677109950,318973674,0.426696,0.631852,0.181377,0.536908,0.250848,0.354762,0.723152
1677109950,328667158,0.426357,0.632474,0.181075,0.536171,0.250799,0.355541,0.723333
1677109950,338247444,0.426039,0.632910,0.180825,0.534187,0.251172,0.356102,0.724396
1677109950,348733906,0.425754,0.633412,0.180544,0.532412,0.251447,0.356409,0.725455
1677109950,358863630,0.425328,0.633902,0.180285,0.530877,0.252108,0.356224,0.726441
1677109950,368452197,0.425142,0.634388,0.180121,0.528591,0.252840,0.357185,0.727380
1677109950,378884842,0.424820,0.634931,0.179957,0.527865,0.253214,0.357167,0.727787
1677109950,388887183,0.424620,0.635377,0.179873,0.526701,0.253468,0.357505,0.728375
1677109950,398329032,0.424312,0.635862,0.179727,0.525793,0.254104,0.358155,0.728490
1677109950,408076436,0.423961,0.636151,0.179654,0.524427,0.254731,0.358561,0.729056
1677109950,418776925,0.423664,0.636576,0.179586,0.523443,0.254755,0.359778,0.729155
1677109950,428508777,0.423224,0.636869,0.179522,0.522345,0.255472,0.360409,0.729380
1677109950,438540253,0.422969,0.637253,0.179574,0.521587,0.255087,0.361630,0.729453
1677109950,448924954,0.422742,0.637414,0.179671,0.520890,0.254930,0.362027,0.729809
1677109950,459254668,0.422588,0.637504,0.179860,0.520375,0.255015,0.362540,0.729892
1677109950,468846381,0.422536,0.637708,0.180075,0.520695,0.254880,0.363381,0.729292
1677109950,478769846,0.422457,0.637583,0.180337,0.520113,0.254932,0.363342,0.729708
1677109950,488913467,0.422376,0.637648,0.180557,0.519874,0.254965,0.364042,0.729519
1677109950,498532393,0.422220,0.637809,0.180677,0.519950,0.254458,0.364662,0.729332
1677109950,509281795,0.422042,0.637990,0.180757,0.519592,0.254082,0.365325,0.729386
1677109950,518969478,0.421697,0.638199,0.180768,0.518846,0.254322,0.365669,0.729661
1677109950,528921127,0.421494,0.638396,0.180769,0.516593,0.254211,0.367167,0.730546
1677109950,538306512,0.421011,0.638874,0.180645,0.515503,0.254070,0.367777,0.731058
1677109950,548708764,0.420673,0.639170,0.180513,0.512174,0.254581,0.369364,0.732419
1677109950,558274725,0.420229,0.639572,0.180331,0.509417,0.254586,0.370201,0.733915
1677109950,568942583,0.419729,0.640159,0.180114,0.507433,0.254645,0.371147,0.734791
1677109950,578628188,0.419368,0.640634,0.179994,0.504923,0.254709,0.372264,0.735932
1677109950,588683175,0.419139,0.641056,0.179934,0.502694,0.254756,0.373359,0.736886
1677109950,598943717,0.418811,0.641428,0.179923,0.501492,0.254947,0.373499,0.737568
1677109950,608820462,0.418602,0.641696,0.179970,0.499922,0.255337,0.374323,0.738081
1677109950,618562359,0.418405,0.642220,0.179971,0.499465,0.255094,0.375589,0.737831
1677109950,628735279,0.417994,0.642460,0.179898,0.497927,0.255753,0.376344,0.738258
1677109950,639145432,0.417593,0.642870,0.179742,0.496222,0.255420,0.377851,0.738751
1677109950,648978340,0.416995,0.643215,0.179468,0.493825,0.255374,0.379278,0.739641
1677109950,658292555,0.416391,0.643566,0.179147,0.490760,0.255079,0.381446,0.740668
1677109950,668985149,0.415787,0.644295,0.178732,0.489118,0.254402,0.384239,0.740543
1677109950,678820198,0.415202,0.644586,0.178365,0.485972,0.254839,0.386318,0.741381
1677109950,688918251,0.414755,0.644989,0.178076,0.483658,0.254110,0.388132,0.742197
1677109950,698382679,0.414360,0.645384,0.177766,0.481387,0.254488,0.389999,0.742565
1677109950,708850084,0.413943,0.645746,0.177511,0.479447,0.254854,0.391346,0.742987
1677109950,718404314,0.413599,0.646245,0.177155,0.477585,0.255202,0.392756,0.743322
1677109950,728126906,0.413173,0.646716,0.176792,0.475042,0.256223,0.394027,0.743927
1677109950,738431511,0.412861,0.647386,0.176414,0.472621,0.256303,0.395558,0.744629
1677109950,749222735,0.412353,0.648159,0.175998,0.470663,0.256861,0.396451,0.745202
1677109950,759322146,0.412014,0.648826,0.175658,0.467821,0.257360,0.397796,0.746102
1677109950,769038796,0.411777,0.649466,0.175398,0.465276,0.256990,0.398901,0.747230
1677109950,778720127,0.411323,0.650100,0.175097,0.463433,0.258158,0.399684,0.747554
1677109950,788742938,0.411097,0.650632,0.174947,0.460878,0.258929,0.401411,0.747941
1677109950,798730910,0.410629,0.651158,0.174810,0.459391,0.259708,0.402543,0.747978
1677109950,808530134,0.410257,0.651758,0.174682,0.458014,0.259833,0.404708,0.747611
1677109950,818731757,0.409856,0.652236,0.174574,0.456548,0.260170,0.406817,0.747245
1677109950,828865238,0.409468,0.652543,0.174582,0.455263,0.260065,0.408479,0.747159
1677109950,838941080,0.409171,0.652898,0.174645,0.454013,0.260066,0.410956,0.746561
1677109950,848950764,0.408718,0.653340,0.174655,0.454504,0.260391,0.412669,0.745203
1677109950,858904122,0.408481,0.653593,0.174809,0.453245,0.260793,0.415124,0.744465
1677109950,868814884,0.408139,0.654048,0.174861,0.452979,0.261050,0.417254,0.743345
1677109950,878565439,0.407737,0.654388,0.174893,0.451905,0.262038,0.419173,0.742571
1677109950,888973185,0.407516,0.654662,0.174984,0.450237,0.261774,0.420736,0.742793
1677109950,898910631,0.407082,0.655297,0.174884,0.449885,0.262444,0.422779,0.741610
1677109950,908644829,0.406747,0.655773,0.174839,0.448701,0.262706,0.424185,0.741431
1677109950,918265746,0.406452,0.656308,0.174769,0.446941,0.263258,0.426340,0.741062
1677109950,928350835,0.406072,0.656742,0.174670,0.445122,0.264134,0.427691,0.741067
1677109950,938270926,0.405807,0.657262,0.174558,0.443271,0.264350,0.429634,0.740975
1677109950,948516985,0.405370,0.657703,0.174400,0.441651,0.265480,0.430923,0.740790
1677109950,958698906,0.405117,0.658067,0.174342,0.439692,0.265774,0.432363,0.741011
1677109950,968585926,0.404841,0.658523,0.174275,0.438657,0.266363,0.434124,0.740383
1677109950,978747424,0.404645,0.658836,0.174307,0.437394,0.266668,0.435740,0.740071
1677109950,988788896,0.404399,0.659100,0.174271,0.436299,0.267154,0.437327,0.739606
1677109950,998926168,0.404092,0.659392,0.174252,0.435501,0.267700,0.439079,0.738841
1677109951,8802684,0.403603,0.659671,0.174168,0.434971,0.268894,0.440765,0.737715
1677109951,18886068,0.403391,0.659925,0.174127,0.433493,0.268583,0.443219,0.737227
1677109951,29337475,0.403036,0.659988,0.174116,0.432326,0.269116,0.444810,0.736760
1677109951,39006905,0.402688,0.660179,0.174110,0.432529,0.269718,0.446177,0.735593
1677109951,48921434,0.402595,0.660265,0.174210,0.431716,0.270101,0.448428,0.734560
1677109951,59282411,0.402334,0.660284,0.174217,0.431153,0.270823,0.449521,0.733957
1677109951,69552478,0.402099,0.660361,0.174175,0.430322,0.271319,0.450749,0.733508
1677109951,79218771,0.401920,0.660511,0.174183,0.429793,0.271350,0.452150,0.732944
1677109951,89396925,0.401737,0.660606,0.174169,0.429330,0.271875,0.452924,0.732543
1677109951,98423327,0.401744,0.660762,0.174257,0.428501,0.271976,0.454367,0.732097
1677109951,109469402,0.401559,0.660945,0.174251,0.428393,0.272385,0.454775,0.731755
1677109951,119330464,0.401517,0.661148,0.174280,0.427273,0.272412,0.455810,0.731756
1677109951,128770922,0.401346,0.661300,0.174278,0.426835,0.272762,0.456223,0.731624
1677109951,138958177,0.401501,0.661375,0.174342,0.425611,0.272420,0.457323,0.731778
1677109951,148845925,0.401383,0.661376,0.174324,0.425486,0.273002,0.457337,0.731625
1677109951,159166846,0.401459,0.661393,0.174361,0.424390,0.273241,0.458416,0.731496
1677109951,169414527,0.401432,0.661484,0.174298,0.423820,0.273522,0.459304,0.731165
1677109951,179415966,0.401469,0.661445,0.174258,0.422976,0.274042,0.459902,0.731083
1677109951,189067420,0.401530,0.661500,0.174245,0.422713,0.274357,0.460318,0.730855
1677109951,198821632,0.401628,0.661580,0.174276,0.422252,0.275006,0.461150,0.730353
1677109951,209452682,0.401402,0.661841,0.174142,0.423315,0.276455,0.460859,0.729374
1677109951,218321292,0.401451,0.662017,0.174172,0.422247,0.277417,0.461634,0.729138
1677109951,228306575,0.401358,0.662161,0.174117,0.421422,0.278717,0.461792,0.729019
1677109951,238372488,0.401299,0.662447,0.174092,0.420633,0.279470,0.462321,0.728851
1677109951,248220194,0.401207,0.662835,0.174094,0.420233,0.279761,0.463238,0.728388
1677109951,258327038,0.401131,0.663016,0.174080,0.419128,0.280634,0.463538,0.728497
1677109951,268229424,0.401086,0.663245,0.174137,0.418126,0.281017,0.464263,0.728465
1677109951,278234115,0.400936,0.663582,0.174158,0.417545,0.281671,0.465355,0.727847
1677109951,288677856,0.400761,0.663822,0.174142,0.416415,0.282828,0.466298,0.727442
1677109951,298201777,0.400674,0.664161,0.174200,0.415564,0.282915,0.467687,0.727004
1677109951,308991154,0.400581,0.664421,0.174234,0.414616,0.283403,0.468947,0.726543
1677109951,318872960,0.400370,0.664751,0.174262,0.414129,0.283821,0.470040,0.725951
1677109951,328480107,0.400101,0.664901,0.174275,0.413199,0.284931,0.470568,0.725704
1677109951,338926954,0.399967,0.665246,0.174366,0.412150,0.285405,0.472255,0.725018
1677109951,348523712,0.399777,0.665498,0.174373,0.411356,0.286111,0.473586,0.724323
1677109951,358751218,0.399615,0.665824,0.174361,0.411348,0.286015,0.474518,0.723755
1677109951,369177227,0.399396,0.666072,0.174332,0.411121,0.286860,0.475200,0.723101
1677109951,379263871,0.399254,0.666477,0.174281,0.411156,0.287762,0.476435,0.721910
1677109951,388970524,0.399347,0.666638,0.174372,0.409754,0.288258,0.477245,0.721973
1677109951,398260992,0.399262,0.666697,0.174375,0.408938,0.289683,0.476601,0.722292
1677109951,408036660,0.399319,0.667337,0.174363,0.409895,0.289549,0.477180,0.721419
1677109951,418859059,0.399345,0.667387,0.174337,0.408395,0.291601,0.476684,0.721772
1677109951,428876865,0.399251,0.668131,0.174210,0.410483,0.291864,0.476553,0.720567
1677109951,439027354,0.399364,0.668287,0.174201,0.409062,0.293748,0.476417,0.720699
1677109951,448722604,0.399576,0.668821,0.174187,0.409921,0.293720,0.476480,0.720181
1677109951,458475818,0.399655,0.668930,0.174163,0.408881,0.295625,0.476107,0.720239
1677109951,468956221,0.399574,0.669526,0.174060,0.410832,0.296329,0.476151,0.718808
1677109951,478624535,0.399434,0.669581,0.173976,0.410568,0.298418,0.475585,0.718471
1677109951,488646049,0.399667,0.669949,0.173992,0.410914,0.298076,0.476011,0.718133
1677109951,498858017,0.399698,0.670141,0.173986,0.410827,0.298784,0.476343,0.717667
1677109951,509071467,0.399638,0.670110,0.173927,0.409956,0.300542,0.476718,0.717182
1677109951,518816468,0.399680,0.670516,0.173830,0.411479,0.299867,0.477278,0.716220
1677109951,528940646,0.399621,0.670643,0.173784,0.411917,0.300345,0.477894,0.715357
1677109951,538679379,0.399678,0.670665,0.173758,0.412135,0.300517,0.478469,0.714774
1677109951,548569911,0.399643,0.670697,0.173734,0.412621,0.300947,0.479176,0.713838
1677109951,558495142,0.399771,0.670721,0.173736,0.412346,0.300977,0.480198,0.713298
1677109951,568889153,0.399696,0.670746,0.173681,0.412572,0.301513,0.480684,0.712613
1677109951,578288815,0.399778,0.670776,0.173700,0.412288,0.301775,0.481286,0.712260
1677109951,588644425,0.399869,0.670874,0.173679,0.412477,0.301907,0.481670,0.711835
1677109951,598661310,0.399830,0.670853,0.173660,0.412462,0.302823,0.481194,0.711776
1677109951,608863636,0.399933,0.670975,0.173644,0.412169,0.303206,0.481292,0.711717
1677109951,619203803,0.399821,0.671078,0.173607,0.411841,0.304579,0.481621,0.711098
1677109951,628985160,0.399866,0.671155,0.173622,0.411444,0.304886,0.481318,0.711401
1677109951,638824442,0.399847,0.671686,0.173534,0.413364,0.304274,0.481308,0.710557
1677109951,648738691,0.399778,0.671909,0.173510,0.413905,0.304615,0.481315,0.710090
1677109951,658930342,0.399684,0.672111,0.173444,0.414496,0.305260,0.481179,0.709561
1677109951,668812963,0.399688,0.672039,0.173472,0.413870,0.305741,0.480926,0.709890
1677109951,678396144,0.399610,0.672150,0.173440,0.414358,0.305938,0.480778,0.709621
1677109951,689146592,0.399314,0.672169,0.173323,0.414579,0.307899,0.480992,0.708497
1677109951,698791767,0.399289,0.672351,0.173305,0.415815,0.307246,0.480635,0.708299
1677109951,708693796,0.399271,0.672334,0.173328,0.415545,0.307755,0.481063,0.707946
1677109951,719202284,0.399043,0.672454,0.173229,0.417018,0.308055,0.481042,0.706963
1677109951,728852979,0.398926,0.672502,0.173155,0.417510,0.308293,0.481415,0.706314
1677109951,738156981,0.398839,0.672467,0.173130,0.417614,0.308571,0.481847,0.705837
1677109951,748196096,0.398799,0.672421,0.173128,0.417720,0.308710,0.482405,0.705333
1677109951,758292470,0.398545,0.672252,0.173100,0.417780,0.310090,0.482500,0.704626
1677109951,768419639,0.398549,0.672226,0.173095,0.417862,0.310007,0.483142,0.704174
1677109951,778193103,0.398366,0.672269,0.173018,0.418984,0.310095,0.482904,0.703631
1677109951,788901230,0.398207,0.672192,0.172918,0.419718,0.310367,0.482644,0.703253
1677109951,798687354,0.398110,0.671994,0.172876,0.420134,0.310468,0.482455,0.703089
1677109951,808686147,0.398092,0.671762,0.172736,0.420930,0.310536,0.481643,0.703140
1677109951,818854593,0.398221,0.671571,0.172744,0.421681,0.309530,0.481822,0.703011
1677109951,828496262,0.397824,0.671565,0.172591,0.424054,0.311073,0.482351,0.700534
1677109951,838743384,0.397633,0.671414,0.172445,0.426167,0.311332,0.481521,0.699709
1677109951,849052038,0.397529,0.671381,0.172310,0.428185,0.311125,0.481321,0.698705
1677109951,858499772,0.397430,0.671217,0.172191,0.429284,0.311466,0.480865,0.698193
1677109951,868986991,0.397234,0.671053,0.172040,0.430923,0.311463,0.479877,0.697864
1677109951,878408220,0.397005,0.670922,0.171862,0.432632,0.312078,0.478924,0.697186
1677109951,889038914,0.396781,0.670845,0.171679,0.435349,0.311917,0.477682,0.696419
1677109951,898392619,0.396727,0.670502,0.171578,0.437063,0.311929,0.476094,0.696427
1677109951,908137313,0.396580,0.670625,0.171375,0.441085,0.311100,0.474817,0.695133
1677109951,918344426,0.396315,0.670446,0.171146,0.443792,0.311620,0.473162,0.694305
1677109951,928193290,0.396126,0.670275,0.170900,0.446703,0.311659,0.470787,0.694035
1677109951,937906532,0.395838,0.669967,0.170721,0.448555,0.312649,0.468433,0.693988
1677109951,948153517,0.395609,0.669864,0.170544,0.450762,0.312685,0.465943,0.694218
1677109951,958733608,0.395171,0.670068,0.170336,0.454697,0.312372,0.462751,0.693927
1677109951,968148406,0.394853,0.670099,0.170193,0.457051,0.312115,0.460045,0.694296
1677109951,978208561,0.394434,0.670026,0.170042,0.458760,0.312476,0.456411,0.695404
1677109951,988504756,0.393912,0.669869,0.169938,0.460028,0.312653,0.452299,0.697171
1677109951,998520576,0.393367,0.670068,0.169792,0.462433,0.311904,0.448905,0.698109
1677109952,9292257,0.392886,0.670066,0.169712,0.463928,0.311187,0.445076,0.699886
1677109952,18991488,0.392410,0.670082,0.169673,0.465520,0.310358,0.441369,0.701543
1677109952,28544189,0.391938,0.670367,0.169627,0.467987,0.309052,0.437863,0.702674
1677109952,38756693,0.391480,0.670441,0.169589,0.470137,0.307275,0.433291,0.704849
1677109952,49087327,0.390960,0.670755,0.169434,0.473023,0.305678,0.429117,0.706165
1677109952,58706068,0.390345,0.670981,0.169256,0.476050,0.303876,0.423871,0.708075
1677109952,68717322,0.389818,0.671380,0.169046,0.478647,0.302270,0.419932,0.709357
1677109952,78803896,0.389036,0.671825,0.168789,0.481940,0.300950,0.414795,0.710710
1677109952,89001932,0.388431,0.672317,0.168583,0.484530,0.299135,0.410741,0.712068
1677109952,99297078,0.387704,0.672907,0.168360,0.487792,0.297567,0.406274,0.713060
1677109952,108992549,0.387121,0.673331,0.168284,0.490091,0.295541,0.401620,0.714960
1677109952,119220530,0.386670,0.673847,0.168251,0.492402,0.292670,0.397374,0.716923
1677109952,129095108,0.386307,0.674313,0.168248,0.494632,0.288682,0.392603,0.719628
1677109952,138570582,0.385706,0.674922,0.168205,0.498471,0.284799,0.387002,0.721558
1677109952,148992821,0.385422,0.675514,0.168212,0.501491,0.280027,0.382623,0.723665
1677109952,158419082,0.384956,0.675887,0.168202,0.504061,0.275929,0.376452,0.726684
1677109952,169108143,0.384456,0.676605,0.168183,0.506974,0.271464,0.371984,0.728638
1677109952,178636892,0.383840,0.677334,0.168084,0.509354,0.267467,0.367282,0.730838
1677109952,188447693,0.383043,0.678282,0.167933,0.512528,0.263719,0.362866,0.732186
1677109952,197845798,0.382179,0.679082,0.167749,0.515114,0.260795,0.358190,0.733719
1677109952,208156788,0.381500,0.679832,0.167616,0.517310,0.257628,0.354464,0.735101
1677109952,218292433,0.380587,0.680496,0.167395,0.520128,0.255088,0.349902,0.736183
1677109952,227877461,0.379907,0.681200,0.167164,0.522267,0.252202,0.346897,0.737085
1677109952,238345991,0.379106,0.681685,0.166993,0.524276,0.250281,0.344003,0.737670
1677109952,248675036,0.378530,0.682179,0.166814,0.526730,0.247482,0.341773,0.737902
1677109952,259249688,0.378003,0.682529,0.166663,0.529187,0.244709,0.339161,0.738274
1677109952,269195012,0.377648,0.682619,0.166561,0.531041,0.241973,0.336751,0.738947
1677109952,278943034,0.377274,0.682935,0.166409,0.534736,0.239210,0.333790,0.738526
1677109952,288961049,0.377202,0.683034,0.166292,0.537492,0.234966,0.330459,0.739385
1677109952,297890538,0.376959,0.683504,0.165956,0.542242,0.230425,0.325822,0.739404
1677109952,308630117,0.376808,0.683925,0.165499,0.546024,0.227866,0.321281,0.739401
1677109952,318602871,0.376905,0.684368,0.165092,0.549627,0.225433,0.316234,0.739652
1677109952,328881867,0.377051,0.684939,0.164690,0.553211,0.223816,0.310753,0.739795
1677109952,338509251,0.377218,0.685710,0.164332,0.556812,0.222030,0.304632,0.740177
1677109952,348392690,0.377302,0.686560,0.163954,0.559634,0.221171,0.297824,0.741076
1677109952,358324989,0.377501,0.687746,0.163587,0.562541,0.219854,0.291908,0.741621
1677109952,368619211,0.377554,0.688905,0.163359,0.564946,0.219214,0.285741,0.742384
1677109952,378396891,0.377653,0.690178,0.163166,0.567496,0.217267,0.279718,0.743305
1677109952,388334479,0.377724,0.691214,0.163099,0.569111,0.215185,0.273753,0.744894
1677109952,398825123,0.377854,0.692314,0.163069,0.572017,0.211103,0.268098,0.745892
1677109952,408727753,0.378033,0.693001,0.163081,0.574452,0.206460,0.262088,0.747455
1677109952,418086268,0.378165,0.693574,0.162990,0.576911,0.202234,0.256383,0.748695
1677109952,428568621,0.378495,0.694251,0.162858,0.579625,0.196775,0.251924,0.749566
1677109952,438628064,0.378490,0.694619,0.162710,0.581555,0.193076,0.245886,0.751036
1677109952,448837876,0.378691,0.695126,0.162576,0.583693,0.188937,0.240966,0.752024
1677109952,458888253,0.378965,0.695358,0.162494,0.584848,0.185510,0.235861,0.753597
1677109952,468681571,0.379252,0.695819,0.162420,0.587463,0.181738,0.230457,0.754154
1677109952,478345873,0.379721,0.696319,0.162280,0.589751,0.178006,0.225979,0.754613
1677109952,488624023,0.379880,0.696539,0.162092,0.591594,0.176004,0.219772,0.755473
1677109952,498677703,0.380282,0.696974,0.161914,0.594824,0.172971,0.214455,0.755165
1677109952,508482513,0.380879,0.696902,0.161797,0.596919,0.170822,0.209504,0.755391
1677109952,518444634,0.381284,0.696913,0.161651,0.600070,0.169045,0.203432,0.754954
1677109952,528720339,0.381847,0.696770,0.161468,0.601450,0.167775,0.198481,0.755456
1677109952,538439820,0.382363,0.696741,0.161224,0.602473,0.167086,0.193772,0.756017
1677109952,548377782,0.382928,0.696658,0.160984,0.603378,0.166664,0.188814,0.756642
1677109952,558749031,0.383535,0.696666,0.160714,0.605595,0.165325,0.182875,0.756624
1677109952,568618667,0.384202,0.696510,0.160527,0.606935,0.164367,0.177011,0.757153
1677109952,578364722,0.385059,0.696376,0.160347,0.608129,0.163692,0.172108,0.757471
1677109952,588532270,0.385702,0.696121,0.160222,0.609361,0.163916,0.166866,0.757606
1677109952,598688621,0.386380,0.696080,0.160039,0.611784,0.162800,0.161964,0.756957
1677109952,608278223,0.387097,0.695826,0.159796,0.613167,0.161249,0.158095,0.756988
1677109952,619044955,0.387552,0.695711,0.159493,0.615566,0.159877,0.153777,0.756221
1677109952,628748359,0.388082,0.695285,0.159279,0.616753,0.158142,0.150121,0.756353
1677109952,638495022,0.388451,0.695124,0.159041,0.619110,0.155787,0.146807,0.755567
1677109952,648958634,0.388818,0.695013,0.158832,0.620437,0.151987,0.143897,0.755812
1677109952,658713619,0.388957,0.694934,0.158645,0.621255,0.149554,0.142057,0.755974
1677109952,668817439,0.388996,0.695022,0.158482,0.623136,0.147616,0.140929,0.755016
1677109952,678784261,0.389030,0.695107,0.158390,0.624803,0.144941,0.139922,0.754344
1677109952,688912467,0.389154,0.695152,0.158305,0.625115,0.142346,0.140074,0.754552
1677109952,698375531,0.389214,0.695510,0.158148,0.626399,0.140274,0.139561,0.753969
1677109952,708237927,0.389312,0.695602,0.158068,0.627467,0.138850,0.138392,0.753561
1677109952,718620544,0.389654,0.695757,0.158054,0.629641,0.136722,0.136488,0.752482
1677109952,728613636,0.390199,0.695962,0.157967,0.631150,0.134237,0.134303,0.752059
1677109952,738665326,0.390783,0.696249,0.157876,0.631250,0.131750,0.131251,0.752953
1677109952,748500940,0.391405,0.696531,0.157742,0.630432,0.130279,0.128416,0.754382
1677109952,758657991,0.392099,0.696707,0.157712,0.630611,0.129249,0.125657,0.754874
1677109952,768073192,0.392865,0.696931,0.157638,0.631979,0.128580,0.123317,0.754230
1677109952,778382060,0.393567,0.697244,0.157532,0.633226,0.127394,0.120329,0.753867
1677109952,788607822,0.394175,0.697457,0.157387,0.633110,0.127777,0.118203,0.754237
1677109952,798300362,0.394812,0.697729,0.157190,0.633433,0.127944,0.116288,0.754235
1677109952,808662846,0.395367,0.697965,0.157067,0.635055,0.127673,0.113489,0.753343
1677109952,818720665,0.396097,0.697927,0.156982,0.636200,0.127425,0.111637,0.752695
1677109952,828554812,0.396598,0.697841,0.156788,0.637782,0.126734,0.107957,0.752009
1677109952,838118028,0.397379,0.697864,0.156591,0.639148,0.124381,0.105763,0.751554
1677109952,848970795,0.397886,0.697842,0.156372,0.640549,0.122645,0.102227,0.751136
1677109952,858334869,0.398429,0.697833,0.156137,0.642103,0.121772,0.100700,0.750156
1677109952,868551248,0.398874,0.697724,0.155958,0.643426,0.121853,0.099197,0.749209
1677109952,878912433,0.399445,0.697662,0.155785,0.645013,0.120978,0.098612,0.748063
1677109952,888818425,0.399786,0.697452,0.155628,0.645869,0.120332,0.096541,0.747698
1677109952,898293356,0.400308,0.697446,0.155427,0.647238,0.119005,0.095576,0.746851
1677109952,909758874,0.400741,0.697274,0.155235,0.648416,0.118196,0.094283,0.746121
1677109952,918911249,0.401145,0.697212,0.155032,0.650604,0.117937,0.093335,0.744375
1677109952,928344990,0.401610,0.696920,0.154847,0.652646,0.117266,0.092011,0.742856
1677109952,938921950,0.402080,0.696597,0.154655,0.654868,0.115135,0.089389,0.741553
1677109952,948168839,0.402640,0.696433,0.154485,0.657112,0.112073,0.086954,0.740326
1677109952,958884903,0.402918,0.696060,0.154301,0.657636,0.111436,0.084589,0.740231
1677109952,968760849,0.403399,0.696103,0.154176,0.659378,0.110400,0.083844,0.738920
1677109952,978707557,0.403753,0.695851,0.154106,0.660520,0.109193,0.081818,0.738306
1677109952,989163429,0.404088,0.695852,0.154147,0.662439,0.106870,0.079833,0.737143
1677109952,998603188,0.404352,0.695894,0.154212,0.663582,0.104440,0.078127,0.736646
1677109953,8928230,0.404423,0.695955,0.154337,0.664478,0.102559,0.076389,0.736285
1677109953,18844367,0.404596,0.695899,0.154490,0.664994,0.099137,0.075239,0.736406
1677109953,28531004,0.404620,0.695926,0.154701,0.666542,0.094850,0.074174,0.735679
1677109953,38810192,0.404400,0.695817,0.154917,0.667638,0.090965,0.073216,0.735272
1677109953,48834605,0.404096,0.695761,0.155086,0.668846,0.087773,0.073478,0.734535
1677109953,58811112,0.403674,0.695584,0.155233,0.669879,0.084703,0.074589,0.733842
1677109953,68921193,0.403190,0.695356,0.155376,0.671189,0.081314,0.075764,0.732907
1677109953,78647113,0.402724,0.695253,0.155445,0.672733,0.077463,0.077931,0.731681
1677109953,88812896,0.402097,0.694956,0.155478,0.672856,0.073440,0.079735,0.731788
1677109953,98403758,0.401341,0.694829,0.155406,0.672858,0.068102,0.080209,0.732251
1677109953,109203564,0.400688,0.694838,0.155324,0.672791,0.061227,0.081982,0.732723
1677109953,118563668,0.399859,0.694774,0.155113,0.672346,0.055307,0.084329,0.733335
1677109953,128880203,0.398921,0.694578,0.154896,0.672263,0.049898,0.087532,0.733424
1677109953,138931375,0.397954,0.694334,0.154790,0.673463,0.045379,0.091260,0.732161
1677109953,148494775,0.397040,0.693937,0.154717,0.674966,0.041254,0.095207,0.730516
1677109953,158957415,0.396207,0.693465,0.154707,0.675918,0.037506,0.098684,0.729376
1677109953,169103338,0.395496,0.693251,0.154690,0.676427,0.035249,0.102055,0.728553
1677109953,178375197,0.395080,0.693305,0.154656,0.676847,0.032863,0.104678,0.727902
1677109953,188536434,0.394798,0.693237,0.154647,0.676290,0.032134,0.106281,0.728220
1677109953,199342364,0.394772,0.693213,0.154680,0.676634,0.031509,0.106519,0.727892
1677109953,209169717,0.395037,0.692924,0.154801,0.677447,0.030952,0.106054,0.727228
1677109953,218521535,0.395388,0.692529,0.154997,0.678583,0.031008,0.103679,0.726508
1677109953,229003557,0.396062,0.692284,0.155187,0.680227,0.030604,0.100796,0.725393
1677109953,239184662,0.396752,0.692078,0.155332,0.681586,0.031006,0.096868,0.724635
1677109953,249169098,0.397511,0.692037,0.155472,0.683387,0.031533,0.092812,0.723446
1677109953,258775981,0.398384,0.691948,0.155608,0.684694,0.031995,0.089367,0.722623
1677109953,269267264,0.399048,0.691810,0.155673,0.685188,0.033698,0.085481,0.722547
1677109953,278361882,0.399681,0.691702,0.155713,0.685400,0.035227,0.081954,0.722683
1677109953,288730966,0.400285,0.691688,0.155771,0.685785,0.036342,0.078753,0.722617
1677109953,298928340,0.400789,0.691570,0.155802,0.685956,0.037089,0.075212,0.722795
1677109953,308705050,0.401334,0.691508,0.155867,0.686640,0.036413,0.072161,0.722490
1677109953,318621826,0.401776,0.691397,0.155919,0.687342,0.035884,0.069593,0.722101
1677109953,328713696,0.401959,0.691201,0.156003,0.688205,0.036116,0.066673,0.721543
1677109953,338427087,0.402397,0.690983,0.156146,0.689425,0.035060,0.065377,0.720549
1677109953,348804229,0.402558,0.690646,0.156333,0.690645,0.035077,0.063584,0.719538
1677109953,358986651,0.402697,0.690152,0.156548,0.691789,0.034574,0.061637,0.718633
1677109953,368886749,0.402987,0.689775,0.156801,0.693806,0.032928,0.060176,0.716888
1677109953,378494012,0.403226,0.689358,0.157096,0.695807,0.031630,0.059028,0.715100
1677109953,388996564,0.403395,0.688853,0.157389,0.697298,0.030655,0.057304,0.713829
1677109953,398605032,0.403570,0.688630,0.157732,0.699360,0.029335,0.055642,0.711997
1677109953,409046566,0.403688,0.688082,0.158019,0.699899,0.028386,0.053992,0.711632
1677109953,418762328,0.403814,0.687831,0.158364,0.701340,0.027254,0.052391,0.710376
1677109953,428811335,0.403889,0.687494,0.158785,0.703191,0.026291,0.051017,0.708681
1677109953,438389313,0.403829,0.687142,0.159346,0.705277,0.026077,0.049485,0.706721
1677109953,448885167,0.403770,0.686806,0.160009,0.706922,0.026210,0.048588,0.705133
1677109953,458703517,0.403684,0.686509,0.160848,0.708969,0.025257,0.047389,0.703192
1677109953,469117117,0.403579,0.685986,0.161760,0.710299,0.024845,0.047181,0.701878
1677109953,479389855,0.403453,0.685399,0.162905,0.712162,0.023491,0.046708,0.700066
1677109953,489149710,0.403293,0.684826,0.164199,0.714904,0.021991,0.046204,0.697347
1677109953,498664011,0.403130,0.683990,0.165570,0.717356,0.020866,0.046134,0.694865
1677109953,508841566,0.403011,0.683180,0.167076,0.720425,0.019673,0.046042,0.691723
1677109953,518771564,0.402961,0.682466,0.168657,0.723873,0.018432,0.045830,0.688163
1677109953,528538769,0.402938,0.681528,0.170254,0.726443,0.017408,0.045514,0.685497
1677109953,538482587,0.402876,0.680610,0.171905,0.728829,0.017129,0.045152,0.682990
1677109953,549313400,0.402924,0.679735,0.173638,0.731134,0.016121,0.044331,0.680601
1677109953,559006172,0.402815,0.678817,0.175408,0.733011,0.016424,0.043200,0.678645
1677109953,568510840,0.403057,0.678188,0.177299,0.735898,0.014223,0.042003,0.675638
1677109953,579186157,0.403202,0.677206,0.179261,0.737492,0.013567,0.041693,0.673931
1677109953,588667370,0.403227,0.676479,0.181275,0.740073,0.012919,0.039997,0.671212
1677109953,598159453,0.403283,0.675766,0.183424,0.742935,0.012869,0.039370,0.668081
1677109953,608553347,0.403376,0.674805,0.185676,0.744799,0.012809,0.038525,0.666053
1677109953,618723756,0.403462,0.674126,0.188085,0.747656,0.013213,0.038217,0.662854
1677109953,628718707,0.403695,0.673241,0.190619,0.749973,0.013116,0.037899,0.660252
1677109953,638698984,0.403871,0.672587,0.193295,0.753087,0.013167,0.037179,0.656738
1677109953,648807176,0.404018,0.671551,0.196004,0.754789,0.014128,0.036607,0.654792
1677109953,658229372,0.404254,0.670759,0.198856,0.757423,0.014890,0.035511,0.651788
1677109953,667934957,0.404630,0.669936,0.201791,0.759816,0.015137,0.034555,0.649043
1677109953,678433125,0.404872,0.668978,0.204813,0.761895,0.016357,0.032568,0.646674
1677109953,688975651,0.405312,0.668054,0.207931,0.764217,0.017118,0.030980,0.643987
1677109953,698190599,0.405710,0.667097,0.211140,0.766926,0.018899,0.029774,0.640766
1677109953,708399756,0.406243,0.666150,0.214429,0.769969,0.020060,0.028136,0.637145
1677109953,719094343,0.406635,0.665006,0.217640,0.771929,0.022783,0.026592,0.634744
1677109953,728035256,0.407014,0.664256,0.220948,0.774945,0.026768,0.026632,0.630899
1677109953,738065108,0.407740,0.662558,0.224199,0.775303,0.025307,0.023254,0.630654
1677109953,748549288,0.408297,0.661553,0.227501,0.777769,0.026320,0.021758,0.627622
1677109953,758742913,0.408902,0.660175,0.230660,0.778995,0.026846,0.020790,0.626111
1677109953,768939650,0.409363,0.659138,0.233913,0.781588,0.026848,0.017985,0.622957
1677109953,778918756,0.409652,0.657890,0.237017,0.783334,0.028146,0.016114,0.620754
1677109953,789238729,0.410173,0.656739,0.240110,0.785169,0.028362,0.015364,0.618441
1677109953,798221190,0.410470,0.655618,0.243063,0.786745,0.030401,0.015442,0.616336
1677109953,808955615,0.410165,0.654702,0.245717,0.787340,0.034570,0.012950,0.615413
1677109953,818817535,0.411095,0.653755,0.248853,0.788992,0.028740,0.012063,0.613612
1677109953,828435719,0.411367,0.652785,0.251556,0.789625,0.027975,0.011582,0.612842
1677109953,839081536,0.411442,0.651857,0.254147,0.790507,0.028777,0.012863,0.611642
1677109953,848643587,0.412366,0.650524,0.256344,0.789411,0.023647,0.015667,0.613209
1677109953,858647941,0.412474,0.649651,0.258638,0.789791,0.020241,0.012074,0.612924
1677109953,868755583,0.411588,0.649110,0.261139,0.792245,0.024004,0.011187,0.609628
1677109953,879020462,0.411567,0.648338,0.263327,0.793518,0.022734,0.011727,0.608010
1677109953,888366254,0.411287,0.647405,0.265380,0.794536,0.023508,0.012546,0.606633
1677109953,898792386,0.411360,0.646392,0.267287,0.795054,0.021365,0.012482,0.606033
1677109953,909232410,0.411326,0.645393,0.269184,0.795847,0.020060,0.012341,0.605039
1677109953,918832720,0.411347,0.644458,0.271043,0.796720,0.019077,0.012838,0.603911
1677109953,928282401,0.410862,0.643792,0.273001,0.798257,0.020633,0.012322,0.601837
1677109953,938706669,0.411218,0.642935,0.274533,0.797920,0.018882,0.012487,0.602338
1677109953,948545380,0.411603,0.642384,0.276139,0.797817,0.016699,0.012282,0.602544
1677109953,957914948,0.412096,0.642499,0.277868,0.799290,0.014150,0.012153,0.600657
1677109953,968994887,0.412361,0.642571,0.279466,0.800433,0.013260,0.011835,0.599159
1677109953,978648177,0.411923,0.641077,0.280977,0.797287,0.016628,0.012025,0.603251
1677109953,989314870,0.412359,0.640235,0.282461,0.796762,0.013575,0.010677,0.604047
1677109953,998883157,0.412207,0.639927,0.284058,0.797617,0.015132,0.010640,0.602880
1677109954,8949115,0.412550,0.639354,0.285510,0.797348,0.013905,0.011261,0.603255
1677109954,19022622,0.413251,0.639053,0.286924,0.797327,0.011279,0.013395,0.603294
1677109954,29086965,0.412514,0.639508,0.288829,0.799957,0.015723,0.011660,0.599737
1677109954,38893691,0.412634,0.639398,0.290268,0.799531,0.016653,0.012737,0.600259
1677109954,48570479,0.412688,0.639391,0.291800,0.799118,0.016218,0.012715,0.600821
1677109954,58530661,0.412739,0.639297,0.293295,0.798244,0.015610,0.013164,0.601988
1677109954,68964072,0.412682,0.639744,0.294921,0.799213,0.015626,0.013833,0.600686
1677109954,78668673,0.412522,0.639937,0.296536,0.799652,0.015626,0.014542,0.600084
1677109954,89287896,0.412391,0.639892,0.298039,0.799031,0.013651,0.014507,0.600959
1677109954,99034203,0.412230,0.640026,0.299540,0.799451,0.013033,0.015386,0.600393
1677109954,108329245,0.412097,0.640236,0.301065,0.799911,0.012471,0.017077,0.599746
1677109954,119103628,0.411802,0.640287,0.302497,0.799837,0.012138,0.017862,0.599829
1677109954,129096298,0.411375,0.640357,0.303829,0.799592,0.012986,0.018961,0.600103
1677109954,138428662,0.410926,0.640342,0.305043,0.798746,0.013804,0.019317,0.601200
1677109954,148421275,0.410418,0.640353,0.306204,0.797979,0.015127,0.020005,0.602164
1677109954,158879339,0.411172,0.641081,0.307941,0.800559,0.008730,0.022186,0.598779
1677109954,168696811,0.411104,0.641334,0.309132,0.800562,0.007485,0.022765,0.598771
1677109954,178450599,0.410997,0.641557,0.310224,0.800439,0.006662,0.023090,0.598932
1677109954,188726401,0.410983,0.641788,0.311289,0.800281,0.006159,0.024143,0.599108
1677109954,198597768,0.410455,0.642379,0.312268,0.800663,0.009923,0.025882,0.598474
1677109954,208228146,0.410501,0.642653,0.313220,0.800789,0.009555,0.026555,0.598282
1677109954,218577433,0.410300,0.642647,0.314046,0.800210,0.010843,0.027021,0.599013
1677109954,229149937,0.411087,0.642799,0.315104,0.801127,0.005105,0.026332,0.597893
1677109954,238761193,0.410961,0.642757,0.315786,0.800415,0.006186,0.026403,0.598833
1677109954,248657852,0.410484,0.643235,0.316384,0.800384,0.010772,0.027359,0.598766
1677109954,258565084,0.410464,0.643569,0.317110,0.800788,0.011790,0.027569,0.598197
1677109954,268592056,0.410634,0.643910,0.317750,0.801074,0.011689,0.027331,0.597826
1677109954,279056993,0.410762,0.644135,0.318322,0.800915,0.012204,0.027452,0.598024
1677109954,288744816,0.410910,0.644505,0.318811,0.801181,0.012433,0.027283,0.597671
1677109954,298392261,0.410928,0.644630,0.319186,0.800966,0.013040,0.026738,0.597970
1677109954,308822929,0.411056,0.644884,0.319556,0.801121,0.013151,0.027333,0.597733
1677109954,318577843,0.411386,0.643997,0.319767,0.798341,0.011273,0.027216,0.601485
1677109954,328833124,0.411265,0.644029,0.320050,0.798407,0.011782,0.027025,0.601396
1677109954,338408532,0.411290,0.644259,0.320456,0.799625,0.011262,0.027431,0.599767
1677109954,348847789,0.411269,0.644301,0.320781,0.800348,0.010509,0.028006,0.598789
1677109954,358590323,0.411040,0.644158,0.320976,0.800514,0.010744,0.027858,0.598570
1677109954,368302785,0.410844,0.644150,0.321234,0.801205,0.011282,0.028537,0.597603
1677109954,378206448,0.410783,0.644052,0.321452,0.801287,0.010432,0.028583,0.597506
1677109954,388274015,0.410700,0.643979,0.321675,0.801272,0.010346,0.028967,0.597509
1677109954,398671356,0.410566,0.644004,0.321907,0.801531,0.010503,0.029114,0.597152
1677109954,408637835,0.410629,0.644022,0.322081,0.801454,0.009483,0.029655,0.597246
1677109954,418555993,0.410469,0.644035,0.322250,0.801633,0.009733,0.029542,0.597007
1677109954,428495124,0.410261,0.643887,0.322399,0.801717,0.010204,0.029758,0.596875
1677109954,438425161,0.410220,0.643700,0.322548,0.802127,0.009458,0.029924,0.596328
1677109954,448899916,0.410578,0.643355,0.322857,0.803461,0.005269,0.029132,0.594621
1677109954,458313164,0.410465,0.643153,0.323068,0.804659,0.005314,0.030023,0.592954
