secs,nsecs,tx,ty,tz,rx,ry,rz,rw
1677108290,943437369,0.469545,0.509827,0.516153,0.458976,-0.056436,0.078420,0.883179
1677108290,953322560,0.469327,0.510290,0.516259,0.458912,-0.055481,0.079021,0.883220
1677108290,963618479,0.469199,0.510636,0.516462,0.457981,-0.054680,0.080469,0.883622
1677108290,973057298,0.469034,0.511042,0.516584,0.458068,-0.054287,0.081861,0.883474
1677108290,983532125,0.468967,0.511600,0.516631,0.458693,-0.053237,0.084159,0.882997
1677108290,993337035,0.468881,0.511941,0.516758,0.458357,-0.053465,0.084986,0.883079
1677108291,3269509,0.468833,0.512482,0.516756,0.458728,-0.052176,0.087101,0.882757
1677108291,13396939,0.468842,0.512897,0.516776,0.458451,-0.052112,0.087443,0.882871
1677108291,23009974,0.469012,0.513483,0.516582,0.459000,-0.051523,0.088591,0.882505
1677108291,33215350,0.469249,0.513992,0.516469,0.458858,-0.051413,0.088722,0.882573
1677108291,42853383,0.469523,0.514414,0.516350,0.458070,-0.050537,0.088122,0.883093
1677108291,53422548,0.470036,0.514920,0.516269,0.457460,-0.049704,0.087766,0.883492
1677108291,63246429,0.470389,0.515434,0.516164,0.456859,-0.047663,0.085909,0.884097
1677108291,73257115,0.470900,0.515873,0.516140,0.455975,-0.045681,0.084582,0.884786
1677108291,83572154,0.471470,0.516099,0.516277,0.454781,-0.045335,0.081931,0.885667
1677108291,93330309,0.471950,0.516559,0.516368,0.454815,-0.043881,0.080189,0.885882
1677108291,103482084,0.472488,0.517098,0.516432,0.455741,-0.043701,0.078780,0.885542
1677108291,114099906,0.472928,0.517595,0.516603,0.456274,-0.042821,0.078273,0.885355
1677108291,123659902,0.473223,0.518075,0.516761,0.456861,-0.042642,0.077369,0.885141
1677108291,133822395,0.473431,0.518616,0.516942,0.457279,-0.043191,0.076895,0.884939
1677108291,143931260,0.473583,0.519120,0.517129,0.457050,-0.043598,0.076894,0.885038
1677108291,153712076,0.473671,0.519759,0.517255,0.457300,-0.044905,0.077536,0.884787
1677108291,163761243,0.473551,0.520347,0.517434,0.457398,-0.046685,0.077473,0.884650
1677108291,173296279,0.473349,0.520908,0.517579,0.457933,-0.048079,0.078083,0.884245
1677108291,183695286,0.473199,0.521473,0.517786,0.459167,-0.049696,0.079588,0.883381
1677108291,193682163,0.472938,0.521763,0.518059,0.459779,-0.050679,0.081067,0.882872
1677108291,203786291,0.472795,0.522195,0.518217,0.462020,-0.051609,0.083103,0.881458
1677108291,213907917,0.472616,0.522403,0.518398,0.463501,-0.052505,0.084091,0.880533
1677108291,223439073,0.472611,0.522981,0.518346,0.467100,-0.053059,0.085672,0.878444
1677108291,233235262,0.472654,0.523083,0.518503,0.467967,-0.053808,0.086065,0.877898
1677108291,243790637,0.472795,0.523405,0.518364,0.470063,-0.054356,0.085953,0.876755
1677108291,253625087,0.472963,0.523513,0.518274,0.470291,-0.054653,0.085009,0.876706
1677108291,263790229,0.473435,0.523996,0.517883,0.471687,-0.055087,0.084608,0.875967
1677108291,274121881,0.473940,0.524084,0.517585,0.470591,-0.055008,0.083604,0.876658
1677108291,283700643,0.474516,0.524519,0.517000,0.471275,-0.054697,0.081789,0.876481
1677108291,293556860,0.475289,0.524717,0.516528,0.470882,-0.054757,0.080045,0.876849
1677108291,303670439,0.476034,0.525071,0.515921,0.471584,-0.053708,0.078449,0.876681
1677108291,313675284,0.476689,0.525591,0.515229,0.472788,-0.052053,0.076379,0.876315
1677108291,323676482,0.477386,0.525961,0.514604,0.472297,-0.050270,0.075674,0.876745
1677108291,333153241,0.477839,0.526764,0.513746,0.473229,-0.047577,0.075353,0.876420
1677108291,343219225,0.478224,0.527360,0.512962,0.471884,-0.044838,0.076296,0.877208
1677108291,353224178,0.478484,0.528162,0.512034,0.471108,-0.043858,0.077707,0.877551
1677108291,362771984,0.478565,0.529062,0.510922,0.470643,-0.042684,0.080087,0.877644
1677108291,372710793,0.478603,0.529587,0.509976,0.467716,-0.043086,0.082619,0.878953
1677108291,383373467,0.478613,0.530573,0.508740,0.466921,-0.045133,0.085844,0.878964
1677108291,393724958,0.478707,0.531255,0.507729,0.464632,-0.048446,0.089209,0.879666
1677108291,403702843,0.478534,0.532362,0.506281,0.466010,-0.053829,0.090931,0.878447
1677108291,413356544,0.477958,0.532352,0.505554,0.461700,-0.052165,0.093682,0.880531
1677108291,423435419,0.477542,0.533592,0.504067,0.465054,-0.051820,0.097306,0.878391
1677108291,433326863,0.477241,0.533646,0.503342,0.460469,-0.052203,0.101304,0.880330
1677108291,443434686,0.476734,0.533999,0.502324,0.458122,-0.050933,0.104658,0.881236
1677108291,453121727,0.476378,0.534390,0.501293,0.456252,-0.051564,0.108747,0.881674
1677108291,463749663,0.476051,0.534762,0.500194,0.454296,-0.053452,0.112190,0.882140
1677108291,473264164,0.475507,0.535105,0.499051,0.453205,-0.055920,0.114508,0.882251
1677108291,483544032,0.474390,0.535448,0.497696,0.453097,-0.056522,0.115486,0.882140
1677108291,493231647,0.474289,0.535336,0.496738,0.450012,-0.060011,0.122398,0.882557
1677108291,503459798,0.473930,0.535138,0.495752,0.447201,-0.060664,0.131320,0.882659
1677108291,513412862,0.473255,0.535052,0.494629,0.445994,-0.061636,0.137387,0.882278
1677108291,523337738,0.471877,0.535404,0.493150,0.448201,-0.063312,0.138017,0.880942
1677108291,533719312,0.471058,0.535295,0.492113,0.446464,-0.063032,0.144630,0.880783
1677108291,543300817,0.470289,0.535379,0.490981,0.445280,-0.064063,0.149520,0.880492
1677108291,553460349,0.469520,0.535526,0.489737,0.444377,-0.063458,0.154595,0.880115
1677108291,563756146,0.468888,0.535528,0.488494,0.442995,-0.063286,0.159323,0.879981
1677108291,573701932,0.468301,0.535568,0.487133,0.442139,-0.062397,0.164119,0.879594
1677108291,583869119,0.467882,0.535570,0.485689,0.441404,-0.062061,0.168351,0.879186
1677108291,593683393,0.467501,0.535717,0.484144,0.441143,-0.061424,0.171838,0.878687
1677108291,603758556,0.467311,0.535945,0.482592,0.440162,-0.060324,0.175537,0.878524
1677108291,613599563,0.467247,0.536442,0.480884,0.439533,-0.059899,0.177823,0.878408
1677108291,623638508,0.467236,0.536793,0.479341,0.437574,-0.057729,0.179575,0.879175
1677108291,633464261,0.467410,0.537194,0.477862,0.435723,-0.055534,0.181109,0.879921
1677108291,643687198,0.467715,0.537570,0.476452,0.434127,-0.053009,0.182757,0.880525
1677108291,653544117,0.468085,0.538034,0.475014,0.434072,-0.052073,0.183434,0.880467
1677108291,663719652,0.468438,0.538357,0.473629,0.433966,-0.050758,0.183595,0.880562
1677108291,673478152,0.468855,0.538929,0.472129,0.435636,-0.052068,0.183238,0.879735
1677108291,684010224,0.469216,0.539242,0.470818,0.436118,-0.051314,0.182775,0.879637
1677108291,693232703,0.469650,0.539616,0.469601,0.436784,-0.050891,0.182629,0.879361
1677108291,703953181,0.470094,0.540153,0.468330,0.438274,-0.050836,0.182431,0.878664
1677108291,712989521,0.470341,0.540466,0.467092,0.438411,-0.049061,0.181894,0.878808
1677108291,722665074,0.470650,0.541100,0.465668,0.440188,-0.048055,0.181964,0.877960
1677108291,732886171,0.470916,0.541424,0.464374,0.440145,-0.045639,0.182092,0.878084
1677108291,742765542,0.471166,0.542016,0.462881,0.441601,-0.042380,0.182423,0.877448
1677108291,753094096,0.471479,0.542476,0.461471,0.441989,-0.039317,0.182685,0.877341
1677108291,763311171,0.471833,0.542946,0.460034,0.442730,-0.036733,0.182828,0.877049
1677108291,773137517,0.472178,0.543297,0.458625,0.443316,-0.033967,0.183176,0.876792
1677108291,783866973,0.472567,0.543492,0.457243,0.443647,-0.030808,0.184098,0.876548
1677108291,793711123,0.472887,0.543638,0.455788,0.444680,-0.028595,0.184288,0.876059
1677108291,803239043,0.473237,0.543678,0.454347,0.445259,-0.024815,0.185420,0.875642
1677108291,813588359,0.473579,0.543877,0.452745,0.447038,-0.023974,0.185612,0.874717
1677108291,822883146,0.473924,0.543839,0.451197,0.447394,-0.022997,0.185793,0.874523
1677108291,833459810,0.474298,0.543895,0.449587,0.447737,-0.021371,0.186198,0.874302
1677108291,843220307,0.474726,0.543947,0.447920,0.448147,-0.020258,0.185988,0.874164
1677108291,853154457,0.475197,0.543863,0.446300,0.447672,-0.018980,0.185866,0.874462
1677108291,863439542,0.475759,0.544081,0.444540,0.448787,-0.017770,0.185871,0.873915
1677108291,873376833,0.476280,0.544123,0.442855,0.449249,-0.016135,0.185253,0.873840
1677108291,882991873,0.476889,0.543993,0.441254,0.448628,-0.015047,0.184530,0.874331
1677108291,893385669,0.477483,0.544129,0.439520,0.449395,-0.013732,0.183728,0.874128
1677108291,903994884,0.478070,0.544211,0.437867,0.449383,-0.011950,0.183135,0.874284
1677108291,913769928,0.478682,0.544353,0.436203,0.449107,-0.010220,0.182655,0.874549
1677108291,923420468,0.479245,0.544476,0.434585,0.448382,-0.009152,0.181592,0.875154
1677108291,933389789,0.479828,0.544835,0.432922,0.448693,-0.007900,0.181745,0.874975
1677108291,943607379,0.480199,0.544853,0.431427,0.447481,-0.006542,0.180968,0.875768
1677108291,953420957,0.480478,0.545035,0.429913,0.447748,-0.004980,0.180897,0.875656
1677108291,963340255,0.480762,0.545180,0.428478,0.448460,-0.003363,0.181715,0.875130
1677108291,972604395,0.480970,0.545126,0.427197,0.448696,-0.002250,0.183027,0.874739
1677108291,982635376,0.481091,0.545116,0.425924,0.450028,-0.001698,0.184387,0.873770
1677108291,993763183,0.481077,0.544959,0.424651,0.451025,-0.000450,0.185839,0.872949
1677108292,3405119,0.481145,0.544864,0.423442,0.452233,-0.000215,0.188125,0.871834
1677108292,12830625,0.481086,0.544685,0.422173,0.453031,-0.000306,0.189123,0.871203
1677108292,22682996,0.481107,0.544574,0.420879,0.453350,-0.000697,0.190990,0.870630
1677108292,32631766,0.481022,0.544495,0.419492,0.453245,-0.000619,0.192354,0.870384
1677108292,42755355,0.481126,0.544828,0.417851,0.454279,-0.000836,0.194772,0.869306
1677108292,53283533,0.481042,0.544774,0.416326,0.452645,-0.000713,0.195714,0.869947
1677108292,62962377,0.481173,0.545129,0.414661,0.452010,-0.000551,0.197774,0.869811
1677108292,73031069,0.481201,0.545242,0.413022,0.450118,-0.000148,0.198728,0.870575
1677108292,83142949,0.481377,0.545662,0.411334,0.449375,-0.000449,0.200100,0.870645
1677108292,93371819,0.481415,0.546024,0.409620,0.448673,0.000006,0.201400,0.870707
1677108292,102987799,0.481456,0.546156,0.407993,0.447404,-0.000814,0.201637,0.871304
1677108292,113160682,0.481564,0.546366,0.406419,0.445634,-0.001649,0.202910,0.871915
1677108292,123077474,0.481501,0.546723,0.404703,0.444826,-0.002224,0.203863,0.872104
1677108292,133358725,0.481483,0.546966,0.403054,0.443349,-0.003486,0.204833,0.872624
1677108292,143059191,0.481334,0.547278,0.401392,0.442028,-0.003545,0.206035,0.873011
1677108292,153367380,0.481367,0.547602,0.399820,0.441236,-0.005296,0.207765,0.872993
1677108292,162732723,0.481299,0.547770,0.398310,0.440317,-0.006682,0.209014,0.873149
1677108292,172622531,0.481007,0.547838,0.396756,0.440082,-0.006728,0.209406,0.873173
1677108292,182975767,0.481080,0.547998,0.395371,0.440514,-0.007355,0.211717,0.872393
1677108292,193788354,0.481027,0.548085,0.393983,0.441687,-0.007600,0.212919,0.871504
1677108292,203831750,0.481050,0.547951,0.392729,0.442665,-0.008154,0.213971,0.870745
1677108292,213193444,0.481136,0.547901,0.391462,0.444028,-0.008162,0.215528,0.869667
1677108292,222834955,0.481236,0.547851,0.390202,0.446161,-0.008385,0.216522,0.868325
1677108292,233425379,0.481080,0.547775,0.388613,0.450235,-0.008788,0.214374,0.866750
1677108292,243211648,0.481393,0.547659,0.387488,0.451891,-0.008753,0.215281,0.865662
1677108292,253094214,0.481790,0.547433,0.386352,0.452910,-0.008833,0.216174,0.864906
1677108292,263541927,0.481985,0.547050,0.385098,0.453339,-0.007934,0.215203,0.864932
1677108292,273238782,0.482403,0.547180,0.383815,0.455280,-0.008322,0.215405,0.863858
1677108292,282869983,0.482751,0.547403,0.382411,0.457437,-0.008775,0.214771,0.862872
1677108292,292821986,0.482796,0.547637,0.380901,0.458733,-0.006437,0.215806,0.861946
1677108292,302649087,0.483132,0.547784,0.379481,0.459976,-0.007898,0.215426,0.861366
1677108292,313091234,0.483208,0.547581,0.378053,0.459226,-0.007257,0.216175,0.861584
1677108292,322731043,0.483008,0.547228,0.376536,0.458255,-0.005528,0.216057,0.862143
1677108292,332638982,0.483096,0.547586,0.374833,0.460159,-0.004870,0.218486,0.860520
1677108292,342950949,0.483221,0.547707,0.373205,0.461094,-0.004947,0.219482,0.859765
1677108292,353072507,0.483317,0.547625,0.371652,0.460946,-0.004734,0.219688,0.859793
1677108292,363047547,0.483467,0.547806,0.370092,0.461757,-0.004326,0.220362,0.859187
1677108292,373032281,0.483548,0.547918,0.368471,0.462604,-0.003600,0.220450,0.858712
1677108292,383366599,0.483730,0.547979,0.366968,0.463422,-0.003265,0.220942,0.858145
1677108292,393013813,0.483823,0.548149,0.365403,0.465234,-0.002757,0.221373,0.857055
1677108292,403228841,0.484015,0.547873,0.364019,0.464852,-0.003115,0.221602,0.857202
1677108292,413433802,0.484142,0.547920,0.362540,0.466157,-0.003574,0.221895,0.856416
1677108292,423466965,0.484220,0.548050,0.361021,0.467553,-0.003377,0.223134,0.855333
1677108292,433482805,0.484259,0.548165,0.359532,0.468754,-0.004169,0.223852,0.854484
1677108292,443265837,0.484172,0.548178,0.358072,0.469321,-0.004624,0.224419,0.854022
1677108292,452829272,0.484055,0.548278,0.356595,0.470158,-0.004946,0.226029,0.853134
1677108292,463127029,0.483614,0.548541,0.354922,0.471272,-0.002742,0.228263,0.851934
1677108292,473484236,0.483420,0.548493,0.353515,0.471215,-0.003550,0.229752,0.851562
1677108292,483019394,0.483298,0.548674,0.352069,0.471876,-0.004261,0.231589,0.850694
1677108292,493721469,0.483087,0.548918,0.350625,0.472409,-0.004332,0.233243,0.849946
1677108292,503441499,0.483457,0.549701,0.349373,0.474887,-0.008067,0.236007,0.847772
1677108292,513066540,0.482977,0.549748,0.347957,0.474579,-0.007318,0.235318,0.848143
1677108292,523429122,0.483063,0.550421,0.346728,0.475859,-0.008045,0.238485,0.846533
1677108292,534161710,0.482876,0.551175,0.345389,0.477775,-0.007562,0.240822,0.844795
1677108292,543200456,0.482091,0.551048,0.344076,0.476135,-0.003072,0.241036,0.845688
1677108292,553743277,0.481886,0.551318,0.342984,0.475509,-0.002175,0.243102,0.845451
1677108292,564073227,0.481531,0.551917,0.341766,0.476704,-0.001026,0.244679,0.844325
1677108292,573461952,0.481267,0.552438,0.340687,0.476841,-0.000190,0.247147,0.843529
1677108292,583543940,0.480983,0.552809,0.339544,0.476612,0.000553,0.248814,0.843168
1677108292,593620592,0.480770,0.553316,0.338439,0.476695,0.001086,0.251192,0.842415
1677108292,604106804,0.480502,0.553837,0.337263,0.477008,0.001481,0.252428,0.841868
1677108292,613923904,0.480219,0.554393,0.336057,0.476989,0.000498,0.253190,0.841651
1677108292,624526574,0.480008,0.555195,0.334796,0.477631,0.001049,0.255160,0.840691
1677108292,634279826,0.479779,0.555829,0.333591,0.477064,0.001854,0.256771,0.840520
1677108292,643743315,0.479570,0.556519,0.332351,0.476582,0.002611,0.258479,0.840268
1677108292,653963755,0.479327,0.557056,0.331111,0.475752,0.004107,0.260306,0.840169
1677108292,663980230,0.479028,0.557697,0.329698,0.475950,0.006112,0.261316,0.839731
1677108292,674289160,0.478774,0.558512,0.328295,0.476650,0.008865,0.263775,0.838540
1677108292,683423512,0.478888,0.559138,0.327109,0.477009,0.008512,0.264931,0.837975
1677108292,693699116,0.478818,0.559738,0.325830,0.477128,0.009972,0.265518,0.837705
1677108292,703295742,0.478760,0.560256,0.324592,0.476811,0.010914,0.265911,0.837749
1677108292,712428103,0.478750,0.560841,0.323354,0.476407,0.011787,0.266708,0.837714
1677108292,722597096,0.478712,0.561416,0.322127,0.475933,0.012786,0.268010,0.837553
1677108292,732942851,0.478517,0.562151,0.320746,0.476606,0.014420,0.269400,0.836697
1677108292,743148609,0.478281,0.562577,0.319453,0.475862,0.015729,0.270398,0.836776
1677108292,752993540,0.478190,0.563131,0.318191,0.475538,0.016942,0.272950,0.836107
1677108292,762999717,0.478193,0.563540,0.317075,0.474241,0.017412,0.275739,0.835919
1677108292,773996681,0.477684,0.564238,0.315696,0.476685,0.015191,0.274050,0.835127
1677108292,784147101,0.477276,0.564596,0.314310,0.474772,0.018577,0.276410,0.835371
1677108292,793240486,0.477036,0.565927,0.312892,0.477782,0.019313,0.280269,0.832347
1677108292,803456937,0.476738,0.565682,0.311700,0.474778,0.019075,0.279515,0.834322
1677108292,813313991,0.476601,0.566167,0.310476,0.474130,0.019331,0.281628,0.833974
1677108292,823794951,0.476360,0.566600,0.309241,0.473672,0.020183,0.283008,0.833747
1677108292,832889925,0.476335,0.567024,0.308054,0.472985,0.020089,0.284353,0.833682
1677108292,843492011,0.476176,0.568399,0.306672,0.476502,0.020975,0.287458,0.830586
1677108292,853655493,0.476022,0.568876,0.305497,0.476291,0.021736,0.288358,0.830376
1677108292,863649204,0.475960,0.569413,0.304289,0.476617,0.021575,0.289415,0.829825
1677108292,872757637,0.475775,0.569857,0.303140,0.476457,0.021661,0.290282,0.829612
1677108292,883235495,0.475672,0.570224,0.301980,0.475917,0.021777,0.291441,0.829513
1677108292,892925190,0.475482,0.570271,0.300954,0.474072,0.021581,0.292232,0.830295
1677108292,903597828,0.475116,0.570660,0.299682,0.474185,0.021916,0.293127,0.829907
1677108292,913554011,0.474892,0.570976,0.298504,0.472847,0.022119,0.294981,0.830007
1677108292,923458829,0.474558,0.571228,0.297168,0.471426,0.022821,0.296054,0.830415
1677108292,933394539,0.474390,0.571902,0.295871,0.471110,0.023539,0.298980,0.829525
1677108292,943388166,0.474148,0.572727,0.294502,0.471330,0.024350,0.301118,0.828603
1677108292,953054035,0.474465,0.573687,0.293344,0.471132,0.020657,0.303383,0.827989
1677108292,962908511,0.474094,0.574428,0.292015,0.471297,0.022662,0.304373,0.827480
1677108292,973297778,0.473768,0.575318,0.290686,0.471681,0.026248,0.307060,0.826161
1677108292,983224756,0.473609,0.575784,0.289552,0.471627,0.026844,0.307408,0.826043
1677108292,992817039,0.473695,0.576281,0.288553,0.471355,0.027517,0.309057,0.825561
1677108293,3525754,0.473621,0.576729,0.287478,0.471833,0.029132,0.309881,0.824923
1677108293,13097980,0.473750,0.577253,0.286491,0.472624,0.029560,0.310455,0.824239
1677108293,22654965,0.473880,0.577643,0.285502,0.472821,0.031162,0.310497,0.824051
1677108293,32846387,0.474258,0.577913,0.284648,0.471893,0.030881,0.309004,0.825155
1677108293,44319046,0.474485,0.578590,0.283575,0.472549,0.032338,0.308433,0.824936
1677108293,53524031,0.474786,0.579102,0.282677,0.471468,0.033588,0.308363,0.825531
1677108293,64024149,0.474942,0.579565,0.281659,0.470248,0.035302,0.307314,0.826546
1677108293,73179168,0.474749,0.579481,0.280624,0.466452,0.039270,0.306167,0.828940
1677108293,83427923,0.475539,0.581611,0.279600,0.471366,0.036079,0.309675,0.824994
1677108293,93513407,0.475643,0.582354,0.278592,0.471234,0.036707,0.310962,0.824557
1677108293,103819336,0.475210,0.582249,0.277585,0.467945,0.040556,0.310526,0.826412
1677108293,113498364,0.475628,0.583376,0.276781,0.470238,0.037907,0.312729,0.824403
1677108293,122783736,0.475175,0.583325,0.275821,0.467589,0.042037,0.313100,0.825568
1677108293,133335506,0.475253,0.583777,0.275077,0.467155,0.042300,0.314416,0.825299
1677108293,143073457,0.475084,0.584501,0.274137,0.468230,0.043647,0.315383,0.824251
1677108293,152894057,0.475346,0.585111,0.273471,0.467868,0.043028,0.317045,0.823851
1677108293,163284538,0.475286,0.585624,0.272617,0.467231,0.044403,0.317350,0.824022
1677108293,172939469,0.475354,0.586288,0.271815,0.466965,0.045070,0.318227,0.823798
1677108293,183126654,0.475493,0.586836,0.271087,0.466372,0.044902,0.318426,0.824066
1677108293,192882166,0.475547,0.587358,0.270289,0.465809,0.045843,0.318455,0.824322
1677108293,202899546,0.475632,0.588210,0.269521,0.466522,0.046418,0.319410,0.823516
1677108293,213091343,0.475881,0.588843,0.268785,0.466149,0.046806,0.320631,0.823231
1677108293,223068122,0.475728,0.589418,0.267961,0.466305,0.048535,0.320444,0.823116
1677108293,233612471,0.475745,0.590100,0.267259,0.466055,0.048703,0.321148,0.822973
1677108293,243236546,0.475766,0.590793,0.266560,0.465672,0.050790,0.322842,0.822400
1677108293,253062500,0.475705,0.591491,0.265828,0.466046,0.051545,0.323313,0.821957
1677108293,263595904,0.475671,0.592097,0.265137,0.465347,0.052482,0.324584,0.821793
1677108293,273102586,0.475162,0.592984,0.264157,0.465757,0.055886,0.326098,0.820736
1677108293,283891722,0.475259,0.593639,0.263463,0.464745,0.054743,0.327217,0.820941
1677108293,293346385,0.475151,0.594423,0.262655,0.464397,0.055064,0.328515,0.820598
1677108293,303492280,0.475017,0.595134,0.261881,0.463463,0.054836,0.329343,0.820810
1677108293,313278302,0.474774,0.596071,0.260893,0.463566,0.055810,0.330479,0.820229
1677108293,322996710,0.474643,0.596822,0.260092,0.462785,0.055754,0.332145,0.820001
1677108293,333256266,0.474380,0.597485,0.259209,0.461606,0.057120,0.333488,0.820026
1677108293,343604416,0.474195,0.598548,0.258229,0.462072,0.057530,0.335728,0.818820
1677108293,353104316,0.473838,0.599264,0.257226,0.461193,0.058869,0.336977,0.818708
1677108293,363305596,0.473428,0.599726,0.256114,0.458936,0.061029,0.337903,0.819436
1677108293,372751913,0.473095,0.600966,0.254950,0.459512,0.061636,0.340277,0.818084
1677108293,383020221,0.472676,0.601977,0.253694,0.458641,0.063194,0.342212,0.817647
1677108293,393137880,0.472406,0.602894,0.252572,0.457122,0.063406,0.344656,0.817454
1677108293,403137122,0.472004,0.603817,0.251411,0.456911,0.062699,0.345862,0.817117
1677108293,412802033,0.471763,0.604509,0.250312,0.455517,0.062608,0.348644,0.816720
1677108293,422771277,0.471005,0.605065,0.249044,0.455912,0.064220,0.349803,0.815878
1677108293,432909614,0.470580,0.605731,0.247968,0.456437,0.063974,0.352221,0.814563
1677108293,442821215,0.470175,0.606426,0.246918,0.456800,0.063903,0.354975,0.813169
1677108293,453038598,0.469624,0.607065,0.245765,0.456856,0.064707,0.357140,0.812125
1677108293,462935842,0.469086,0.607979,0.244475,0.457454,0.065593,0.359793,0.810544
1677108293,473168097,0.468615,0.608956,0.243270,0.458142,0.065469,0.361700,0.809316
1677108293,483386423,0.468074,0.609831,0.241923,0.457729,0.066556,0.363327,0.808733
1677108293,493497785,0.467528,0.610746,0.240554,0.457131,0.067934,0.364560,0.808401
1677108293,503020800,0.467019,0.611821,0.239245,0.457150,0.068604,0.365783,0.807781
1677108293,513495118,0.466698,0.612659,0.238100,0.453507,0.070823,0.368055,0.808610
1677108293,523466515,0.466395,0.613492,0.236980,0.451017,0.072445,0.370569,0.808711
1677108293,533328447,0.466001,0.614876,0.235755,0.451367,0.073834,0.373845,0.806880
1677108293,543374216,0.465475,0.615384,0.234769,0.449919,0.074718,0.374594,0.807260
1677108293,553026748,0.464962,0.616061,0.233792,0.449900,0.075553,0.376205,0.806444
1677108293,562955382,0.464433,0.616591,0.232954,0.449991,0.076266,0.377623,0.805663
1677108293,572749400,0.463900,0.617081,0.232231,0.450574,0.076880,0.379337,0.804473
1677108293,583597764,0.463450,0.617499,0.231583,0.450718,0.077534,0.380982,0.803551
1677108293,593399426,0.463048,0.618086,0.230950,0.451114,0.077731,0.383069,0.802317
1677108293,603238355,0.462481,0.618406,0.230265,0.450756,0.078302,0.383588,0.802215
1677108293,613406156,0.462014,0.619217,0.229508,0.451418,0.078561,0.385752,0.800778
1677108293,623578036,0.461443,0.619776,0.228782,0.450991,0.078977,0.387058,0.800347
1677108293,632991238,0.460903,0.620434,0.228071,0.450272,0.079506,0.388899,0.799808
1677108293,644034650,0.460278,0.621166,0.227267,0.449740,0.080858,0.390904,0.798993
1677108293,653171604,0.459703,0.621753,0.226548,0.448809,0.081434,0.392349,0.798749
1677108293,663423186,0.459149,0.622426,0.225779,0.448173,0.081957,0.393718,0.798379
1677108293,673405156,0.458631,0.623061,0.225045,0.447561,0.082485,0.395431,0.797822
1677108293,683401257,0.458151,0.623794,0.224343,0.447460,0.082468,0.397085,0.797058
1677108293,693632061,0.457650,0.624332,0.223639,0.446542,0.082657,0.398255,0.796970
1677108293,703497232,0.457157,0.624915,0.222989,0.445804,0.083136,0.399699,0.796611
1677108293,713628628,0.456674,0.625470,0.222312,0.444767,0.083865,0.401008,0.796456
1677108293,723736043,0.456262,0.626145,0.221616,0.443921,0.084498,0.402811,0.795951
1677108293,733607390,0.455692,0.627022,0.220845,0.443976,0.085885,0.404432,0.794949
1677108293,743259721,0.455155,0.627657,0.220120,0.442820,0.087361,0.405734,0.794769
1677108293,752883964,0.454648,0.628527,0.219377,0.442712,0.088572,0.407596,0.793742
1677108293,762681736,0.454183,0.629233,0.218633,0.441897,0.089689,0.408876,0.793412
1677108293,773137195,0.453745,0.629969,0.217857,0.441135,0.090689,0.410320,0.792978
1677108293,783603336,0.453384,0.630710,0.217142,0.439704,0.091223,0.411655,0.793019
1677108293,793127301,0.452991,0.631415,0.216366,0.437612,0.092550,0.412970,0.793339
1677108293,803681228,0.452473,0.632142,0.215499,0.435710,0.094815,0.413750,0.793712
1677108293,813281701,0.452156,0.633221,0.214675,0.435096,0.095528,0.415446,0.793077
1677108293,822813324,0.451463,0.634140,0.213590,0.435982,0.096972,0.415153,0.792568
1677108293,832881538,0.451109,0.634930,0.212893,0.435030,0.098195,0.416228,0.792377
1677108293,842939267,0.450882,0.635749,0.212340,0.433562,0.099093,0.418528,0.791858
1677108293,853134670,0.450288,0.636537,0.211518,0.433561,0.101005,0.419087,0.791321
1677108293,862641548,0.449981,0.637292,0.210820,0.432271,0.101665,0.420666,0.791104
1677108293,873088106,0.449585,0.638113,0.210031,0.431211,0.102266,0.421829,0.790986
1677108293,882799165,0.449256,0.638995,0.209175,0.429438,0.102911,0.422972,0.791257
1677108293,893252155,0.448900,0.639815,0.208387,0.427623,0.102990,0.423594,0.791897
1677108293,903551751,0.448586,0.640553,0.207667,0.425655,0.103924,0.424376,0.792416
1677108293,913040895,0.448283,0.641406,0.207070,0.424861,0.104282,0.425576,0.792151
1677108293,922729710,0.447946,0.642054,0.206516,0.424531,0.105183,0.426491,0.791717
1677108293,933762651,0.447541,0.642688,0.205978,0.424710,0.106536,0.427400,0.790949
1677108293,943505131,0.447204,0.643363,0.205505,0.424803,0.107835,0.429108,0.789798
1677108293,953254837,0.446869,0.644086,0.204965,0.424693,0.108562,0.430470,0.789015
1677108293,963139459,0.446549,0.644703,0.204457,0.423355,0.109401,0.431550,0.789029
1677108293,972997339,0.446254,0.645588,0.203877,0.422508,0.109454,0.433014,0.788673
1677108293,983010236,0.445822,0.646288,0.203190,0.421271,0.110122,0.433087,0.789201
1677108293,993315866,0.445483,0.647121,0.202587,0.419928,0.110072,0.434113,0.789361
1677108294,3912939,0.445067,0.647850,0.201984,0.418140,0.111208,0.435193,0.789556
1677108294,14124713,0.444747,0.648584,0.201431,0.416461,0.111625,0.436516,0.789654
1677108294,23828885,0.444336,0.649420,0.200844,0.415879,0.112120,0.437901,0.789124
1677108294,33893270,0.443980,0.650052,0.200333,0.414461,0.112598,0.439138,0.789115
1677108294,43703460,0.443702,0.650569,0.200006,0.412590,0.112194,0.440501,0.789393
1677108294,53748368,0.443152,0.651292,0.199455,0.412480,0.113150,0.441675,0.788657
1677108294,63775206,0.442712,0.652005,0.199001,0.412204,0.113320,0.443261,0.787887
1677108294,73374360,0.442304,0.652700,0.198585,0.411746,0.114058,0.445204,0.786924
1677108294,83033413,0.441897,0.653210,0.198207,0.410891,0.114258,0.446221,0.786766
1677108294,93101106,0.441499,0.653722,0.197793,0.409759,0.114656,0.447477,0.786585
1677108294,102996722,0.441101,0.654281,0.197292,0.408754,0.114741,0.448181,0.786695
1677108294,113199094,0.440721,0.654869,0.196809,0.407151,0.115032,0.449324,0.786832
1677108294,123548412,0.440292,0.655622,0.196272,0.406429,0.114963,0.450460,0.786565
1677108294,133591214,0.439954,0.656170,0.195826,0.404646,0.115417,0.451965,0.786555
1677108294,142982337,0.439529,0.656831,0.195339,0.404030,0.116063,0.453375,0.785965
1677108294,153327993,0.439076,0.657187,0.194860,0.403334,0.116789,0.453547,0.786115
1677108294,163417394,0.438697,0.657950,0.194365,0.403560,0.117220,0.455168,0.784998
1677108294,173190940,0.438470,0.658407,0.194022,0.401807,0.117490,0.456467,0.785102
1677108294,183484275,0.438179,0.658840,0.193603,0.400273,0.118054,0.457011,0.785485
1677108294,193565911,0.437918,0.659388,0.193137,0.399245,0.118791,0.457829,0.785420
1677108294,203124312,0.437651,0.659927,0.192674,0.398318,0.119658,0.458290,0.785490
1677108294,212795253,0.437403,0.660471,0.192163,0.397151,0.120651,0.458698,0.785692
1677108294,223272049,0.437152,0.661047,0.191658,0.395916,0.121368,0.459181,0.785922
1677108294,233503126,0.436934,0.661773,0.191042,0.394729,0.122189,0.460317,0.785727
1677108294,243219115,0.436597,0.662196,0.190431,0.392927,0.122934,0.460507,0.786402
1677108294,253237774,0.436406,0.662693,0.189960,0.391270,0.122543,0.461270,0.786843
1677108294,263572542,0.436215,0.663052,0.189473,0.389309,0.122859,0.462307,0.787157
1677108294,272876080,0.435840,0.663557,0.188915,0.389249,0.123687,0.462935,0.786688
1677108294,283379086,0.435594,0.663978,0.188467,0.388658,0.124332,0.463882,0.786321
1677108294,293198816,0.435437,0.664359,0.188059,0.388280,0.124783,0.464527,0.786055
1677108294,303112442,0.435304,0.664648,0.187743,0.387504,0.125291,0.464956,0.786103
1677108294,313276138,0.435108,0.665115,0.187299,0.387432,0.126275,0.465439,0.785696
1677108294,323368191,0.435026,0.665527,0.186946,0.386860,0.126869,0.465948,0.785580
1677108294,333322489,0.435100,0.665934,0.186659,0.385716,0.126481,0.466210,0.786049
1677108294,343013609,0.434933,0.666453,0.186126,0.385340,0.127707,0.466203,0.786040
1677108294,353391035,0.434847,0.666951,0.185699,0.383939,0.128741,0.466704,0.786260
1677108294,363559892,0.434887,0.667401,0.185347,0.382084,0.128994,0.467194,0.786830
1677108294,372939416,0.434568,0.668093,0.184766,0.382898,0.130167,0.467391,0.786124
1677108294,383616314,0.434474,0.668440,0.184469,0.381646,0.130594,0.467526,0.786582
1677108294,393155026,0.434373,0.668766,0.184114,0.380559,0.131702,0.468167,0.786543
1677108294,403356123,0.434222,0.669255,0.183675,0.380416,0.133089,0.469037,0.785860
1677108294,413549854,0.434128,0.669557,0.183353,0.379538,0.133476,0.469254,0.786089
1677108294,423397239,0.434010,0.669995,0.182953,0.378670,0.134525,0.469907,0.785938
1677108294,433412985,0.434026,0.670427,0.182546,0.377492,0.134712,0.470122,0.786344
1677108294,443080106,0.433902,0.671006,0.182094,0.377087,0.135917,0.470480,0.786117
1677108294,453545837,0.433937,0.671508,0.181747,0.376042,0.136425,0.470734,0.786378
1677108294,463309424,0.433894,0.672072,0.181311,0.375470,0.137362,0.470866,0.786409
1677108294,472685954,0.433911,0.672553,0.180997,0.374602,0.137826,0.471128,0.786585
1677108294,483441735,0.433865,0.673071,0.180611,0.374402,0.138267,0.471057,0.786646
1677108294,492926464,0.433944,0.673346,0.180444,0.372971,0.138641,0.471602,0.786933
1677108294,503333161,0.433842,0.673681,0.180143,0.373575,0.139546,0.471406,0.786603
1677108294,513520447,0.433911,0.673869,0.180029,0.373405,0.140138,0.471734,0.786382
1677108294,523073959,0.434014,0.674076,0.179991,0.373606,0.140120,0.472214,0.786002
1677108294,533590765,0.434057,0.674316,0.179883,0.374000,0.140776,0.472573,0.785481
1677108294,544175347,0.434125,0.674511,0.179746,0.373965,0.141515,0.472958,0.785133
1677108294,553178763,0.434248,0.674849,0.179594,0.373730,0.141704,0.473489,0.784891
1677108294,563126205,0.434252,0.675109,0.179326,0.373337,0.142218,0.473117,0.785209
1677108294,573202613,0.434500,0.675474,0.179183,0.372085,0.141915,0.473634,0.785546
1677108294,583560912,0.434475,0.675982,0.178900,0.372013,0.142829,0.473668,0.785395
1677108294,593346404,0.434591,0.676155,0.178778,0.371163,0.143110,0.473115,0.786079
1677108294,603561731,0.434765,0.676498,0.178706,0.371060,0.143706,0.473547,0.785758
1677108294,613741826,0.434867,0.676659,0.178671,0.371227,0.144751,0.473419,0.785565
1677108294,622957232,0.435104,0.676747,0.178810,0.371205,0.144734,0.473491,0.785535
1677108294,633185695,0.435269,0.676968,0.178863,0.371419,0.145326,0.474041,0.784993
1677108294,643352884,0.435304,0.677080,0.178795,0.371676,0.146172,0.473899,0.784800
1677108294,653158163,0.435339,0.677266,0.178716,0.371772,0.146768,0.473778,0.784716
1677108294,663545478,0.435435,0.677453,0.178668,0.371398,0.147103,0.474032,0.784677
1677108294,673468970,0.435570,0.677625,0.178621,0.371111,0.147300,0.474307,0.784609
1677108294,683187759,0.435874,0.677713,0.178683,0.370283,0.146429,0.474485,0.785056
1677108294,693416987,0.436035,0.677814,0.178604,0.369942,0.146603,0.474564,0.785137
1677108294,703211355,0.436176,0.678129,0.178462,0.370588,0.146566,0.474766,0.784717
1677108294,713469729,0.436284,0.678033,0.178312,0.369971,0.147298,0.473540,0.785611
1677108294,723812527,0.436512,0.678332,0.178237,0.370160,0.147092,0.473757,0.785430
1677108294,733592016,0.436704,0.678550,0.178133,0.369774,0.147723,0.473697,0.785530
1677108294,743042143,0.436838,0.678710,0.178077,0.369708,0.148140,0.473273,0.785737
1677108294,753063297,0.437028,0.678762,0.178064,0.368858,0.149061,0.472998,0.786128
1677108294,764115097,0.437132,0.678988,0.177939,0.369331,0.149832,0.473185,0.785647
1677108294,773525940,0.437313,0.678964,0.177963,0.368441,0.150600,0.473250,0.785879
1677108294,784019727,0.437438,0.679258,0.177858,0.368896,0.150903,0.473910,0.785209
1677108294,793260885,0.437542,0.679237,0.177844,0.368027,0.151469,0.473733,0.785614
1677108294,804290635,0.437589,0.679499,0.177641,0.367939,0.152263,0.474123,0.785267
1677108294,814064065,0.437773,0.679699,0.177505,0.366940,0.152505,0.474530,0.785442
1677108294,823402707,0.437850,0.679972,0.177306,0.366722,0.152531,0.474318,0.785667
1677108294,833489019,0.437953,0.680147,0.177148,0.365604,0.153163,0.474021,0.786244
1677108294,843472578,0.438018,0.680407,0.177008,0.365007,0.153929,0.473866,0.786465
1677108294,853671276,0.438226,0.680641,0.176969,0.363887,0.154357,0.474183,0.786709
1677108294,863372032,0.438325,0.680665,0.176980,0.363033,0.154973,0.473606,0.787330
1677108294,873436648,0.438321,0.681131,0.176890,0.363781,0.155774,0.474469,0.786306
1677108294,883482468,0.438491,0.681155,0.177028,0.361976,0.155579,0.474511,0.787152
1677108294,893949947,0.438339,0.681475,0.176953,0.362391,0.156118,0.474976,0.786573
1677108294,904008596,0.438269,0.681713,0.176968,0.362170,0.156366,0.475613,0.786241
1677108294,914147286,0.438197,0.681766,0.177071,0.361282,0.156656,0.476088,0.786304
1677108294,923655974,0.438115,0.682016,0.177103,0.361150,0.157015,0.477134,0.785659
1677108294,933374353,0.437962,0.682221,0.177049,0.361457,0.157695,0.477485,0.785168
1677108294,942909602,0.437869,0.682282,0.177048,0.361247,0.157843,0.477202,0.785407
1677108294,953225201,0.437877,0.682719,0.176967,0.361629,0.157777,0.478231,0.784619
1677108294,963247286,0.437898,0.682857,0.176900,0.360408,0.158422,0.478422,0.784933
1677108294,973043516,0.437864,0.683165,0.176722,0.359577,0.159165,0.478756,0.784961
1677108294,982924393,0.437864,0.683462,0.176569,0.358349,0.159796,0.478824,0.785352
1677108294,993417704,0.437712,0.683709,0.176295,0.358167,0.160278,0.478003,0.785837
1677108295,3461977,0.437799,0.684005,0.176168,0.357009,0.160498,0.478316,0.786129
1677108295,12987430,0.437869,0.684278,0.175998,0.356324,0.160778,0.478387,0.786339
1677108295,23195182,0.437970,0.684501,0.175918,0.355288,0.161151,0.478648,0.786573
1677108295,33190514,0.437820,0.684803,0.175665,0.355552,0.162495,0.478328,0.786372
1677108295,42683800,0.437875,0.684996,0.175591,0.354477,0.163388,0.478828,0.786368
1677108295,52638417,0.437873,0.685215,0.175488,0.354139,0.164153,0.479155,0.786161
1677108295,62980818,0.437806,0.685439,0.175341,0.354278,0.164439,0.479175,0.786027
1677108295,72479499,0.437792,0.685659,0.175231,0.353687,0.165382,0.479905,0.785650
1677108295,82646592,0.437828,0.685879,0.175187,0.353395,0.165764,0.480530,0.785319
1677108295,93488412,0.437871,0.685885,0.175214,0.352826,0.165801,0.480055,0.785857
1677108295,103397085,0.438008,0.686107,0.175244,0.352319,0.166151,0.480789,0.785562
1677108295,114118852,0.437965,0.686330,0.175150,0.352960,0.166831,0.480506,0.785303
1677108295,123851546,0.438024,0.686451,0.175171,0.352852,0.167159,0.479893,0.785656
1677108295,134046513,0.438147,0.686611,0.175162,0.352244,0.167754,0.479935,0.785777
1677108295,143969412,0.438159,0.686965,0.175074,0.352702,0.168360,0.480195,0.785283
1677108295,153192879,0.438139,0.687144,0.174993,0.352507,0.169484,0.480115,0.785178
1677108295,163285827,0.438169,0.687219,0.174928,0.352045,0.170298,0.479955,0.785306
1677108295,173083985,0.438227,0.687436,0.174851,0.352190,0.170552,0.480011,0.785152
1677108295,183299894,0.438303,0.687656,0.174804,0.352610,0.170982,0.480168,0.784774
1677108295,193559484,0.438595,0.687721,0.174919,0.352231,0.171186,0.480262,0.784842
1677108295,203477547,0.438669,0.688043,0.174840,0.353823,0.172047,0.480058,0.784062
1677108295,213401767,0.438878,0.688059,0.174936,0.353447,0.172577,0.479451,0.784487
1677108295,223248296,0.439085,0.688199,0.174960,0.353254,0.172759,0.479202,0.784685
1677108295,233145267,0.439126,0.688331,0.174850,0.354167,0.173803,0.478596,0.784413
1677108295,243690998,0.439374,0.688308,0.174994,0.354427,0.173680,0.478408,0.784438
1677108295,253448269,0.439609,0.688377,0.174996,0.354927,0.174370,0.478747,0.783851
1677108295,263738500,0.439810,0.688451,0.174954,0.355484,0.174666,0.479035,0.783357
1677108295,273478026,0.439918,0.688430,0.174957,0.355899,0.175255,0.478582,0.783314
1677108295,283329081,0.440047,0.688432,0.174946,0.356339,0.176052,0.478221,0.783155
1677108295,293394335,0.440272,0.688470,0.174984,0.356852,0.176568,0.478126,0.782864
1677108295,303793379,0.440356,0.688624,0.174908,0.357926,0.177415,0.477574,0.782520
1677108295,313628686,0.440649,0.688795,0.174973,0.358144,0.177500,0.477973,0.782156
1677108295,323590533,0.440797,0.688917,0.174898,0.359301,0.178100,0.477401,0.781838
1677108295,333351520,0.440977,0.688861,0.174871,0.359700,0.179315,0.476739,0.781781
1677108295,343346301,0.441200,0.688814,0.174901,0.360254,0.180061,0.475799,0.781927
1677108295,353153472,0.441502,0.688987,0.174946,0.361431,0.180481,0.475123,0.781698
1677108295,363034943,0.441762,0.689244,0.174923,0.362641,0.181467,0.474621,0.781214
1677108295,373700407,0.442148,0.689334,0.175057,0.362914,0.181931,0.473711,0.781532
1677108295,383590540,0.442267,0.689407,0.174980,0.364296,0.183491,0.471617,0.781791
1677108295,392998816,0.442738,0.689695,0.175050,0.365171,0.183743,0.471306,0.781511
1677108295,403631152,0.443035,0.689728,0.174970,0.365875,0.184848,0.469538,0.781985
1677108295,413549943,0.443423,0.689831,0.175044,0.366311,0.185338,0.468475,0.782302
1677108295,423510745,0.443895,0.689983,0.175124,0.367595,0.186166,0.467445,0.782119
1677108295,433342991,0.444283,0.690049,0.175148,0.368960,0.187681,0.465845,0.782070
1677108295,443328957,0.444772,0.690017,0.175184,0.370253,0.188581,0.463184,0.782823
1677108295,453256642,0.445343,0.690345,0.175185,0.372465,0.189750,0.461124,0.782707
1677108295,462856895,0.445919,0.690629,0.175236,0.374537,0.191291,0.458520,0.782872
1677108295,473234165,0.446621,0.690641,0.175539,0.373776,0.192375,0.455529,0.784714
1677108295,483511134,0.447087,0.691112,0.175458,0.375744,0.193483,0.453445,0.784709
1677108295,493834090,0.447551,0.691217,0.175579,0.376020,0.194834,0.451676,0.785262
1677108295,503852861,0.447998,0.691316,0.175686,0.376108,0.195452,0.451167,0.785360
1677108295,513535846,0.448062,0.691347,0.175507,0.377359,0.196880,0.449971,0.785089
1677108295,523354957,0.448111,0.691498,0.175347,0.378490,0.197728,0.450222,0.784187
1677108295,532837827,0.448213,0.691420,0.175341,0.378667,0.198553,0.450929,0.783486
1677108295,543382748,0.448226,0.691342,0.175307,0.379194,0.199027,0.451419,0.782829
1677108295,553584884,0.448314,0.691327,0.175321,0.379529,0.199220,0.451822,0.782385
1677108295,563590520,0.448310,0.691246,0.175256,0.379590,0.199931,0.451144,0.782565
1677108295,572876791,0.448489,0.691392,0.175206,0.379859,0.200341,0.450933,0.782451
1677108295,583262947,0.448787,0.691462,0.175282,0.380485,0.201193,0.450083,0.782418
1677108295,593131468,0.449238,0.691466,0.175406,0.381239,0.201733,0.448933,0.782573
1677108295,603346355,0.449746,0.691449,0.175417,0.381946,0.202973,0.447695,0.782616
1677108295,613119074,0.450172,0.691421,0.175421,0.383793,0.204414,0.445945,0.782337
1677108295,622726762,0.450570,0.691423,0.175448,0.385029,0.205704,0.444534,0.782194
1677108295,633659537,0.451031,0.691365,0.175531,0.384894,0.206334,0.443859,0.782479
1677108295,643201032,0.451281,0.691404,0.175525,0.385382,0.207168,0.443584,0.782173
1677108295,653584605,0.451302,0.691408,0.175441,0.386149,0.207963,0.442971,0.781932
1677108295,663161938,0.451259,0.691367,0.175382,0.386781,0.208326,0.443176,0.781406
1677108295,673663388,0.451270,0.691277,0.175334,0.386660,0.208748,0.444360,0.780680
1677108295,683230485,0.451233,0.691025,0.175357,0.386157,0.208752,0.445695,0.780168
1677108295,693856217,0.451175,0.690831,0.175327,0.385724,0.208596,0.447242,0.779538
1677108295,703885707,0.451019,0.690706,0.175271,0.385775,0.208689,0.448863,0.778555
1677108295,713427399,0.450773,0.690493,0.175181,0.385934,0.209039,0.449602,0.777956
1677108295,723565761,0.450741,0.690318,0.175214,0.385258,0.209015,0.450808,0.777599
1677108295,734151364,0.450648,0.690344,0.175145,0.385457,0.209062,0.451383,0.777155
1677108295,743778900,0.450575,0.690478,0.175115,0.385793,0.209449,0.451474,0.776831
1677108295,753566919,0.450742,0.690582,0.175207,0.384727,0.209755,0.451646,0.777177
1677108295,763805477,0.450823,0.690812,0.175200,0.384402,0.210153,0.451208,0.777485
1677108295,772820170,0.450952,0.691021,0.175235,0.383396,0.210524,0.450770,0.778134
1677108295,783898403,0.451096,0.691307,0.175263,0.383111,0.210742,0.450616,0.778305
1677108295,793062497,0.451038,0.691560,0.175210,0.383686,0.211208,0.450154,0.778163
1677108295,803356456,0.451058,0.691570,0.175257,0.382716,0.211313,0.449895,0.778762
1677108295,813896144,0.450968,0.691725,0.175217,0.382516,0.211481,0.450406,0.778519
1677108295,823656441,0.450891,0.691773,0.175184,0.382080,0.211742,0.450964,0.778339
1677108295,833281017,0.450844,0.691811,0.175179,0.381956,0.211867,0.451950,0.777794
1677108295,843294042,0.450718,0.691774,0.175147,0.381745,0.212343,0.452435,0.777486
1677108295,854019580,0.450722,0.691635,0.175199,0.380907,0.212148,0.452596,0.777856
1677108295,863550278,0.450701,0.691720,0.175152,0.381032,0.212097,0.453335,0.777378
1677108295,873161151,0.450702,0.691603,0.175145,0.380762,0.212346,0.453001,0.777637
1677108295,883389375,0.450767,0.691675,0.175121,0.381201,0.212747,0.453451,0.777050
1677108295,893457714,0.450914,0.691667,0.175127,0.381711,0.212885,0.453281,0.776861
1677108295,902911170,0.451151,0.691610,0.175193,0.382374,0.213031,0.452851,0.776746
1677108295,913490395,0.451451,0.691563,0.175266,0.383363,0.213052,0.452278,0.776586
1677108295,923281464,0.451695,0.691339,0.175332,0.383775,0.214082,0.451039,0.776821
1677108295,933235938,0.452034,0.691277,0.175395,0.384734,0.214352,0.450477,0.776598
1677108295,943517296,0.452267,0.691223,0.175385,0.386278,0.214906,0.449610,0.776180
1677108295,953370636,0.452784,0.690960,0.175559,0.386394,0.214805,0.448835,0.776599
1677108295,963706996,0.452998,0.690909,0.175524,0.388474,0.215277,0.447902,0.775969
1677108295,972964796,0.453318,0.690734,0.175540,0.389833,0.215766,0.446468,0.775978
1677108295,982799203,0.453526,0.690685,0.175449,0.391399,0.216839,0.445151,0.775647
1677108295,993648670,0.453800,0.690636,0.175436,0.392558,0.216922,0.443717,0.775860
1677108296,3636164,0.453923,0.690611,0.175297,0.394101,0.218020,0.441574,0.775992
1677108296,13895965,0.454315,0.690606,0.175328,0.395114,0.217823,0.440227,0.776298
1677108296,23617504,0.454538,0.690678,0.175218,0.396893,0.218773,0.438588,0.776051
1677108296,33365244,0.454870,0.690616,0.175160,0.398388,0.219442,0.436937,0.776027
1677108296,44024523,0.455261,0.690676,0.175130,0.399898,0.219378,0.435608,0.776016
1677108296,53723741,0.455478,0.690554,0.175069,0.401362,0.220023,0.433192,0.776430
1677108296,63507480,0.455867,0.690591,0.175103,0.402400,0.220141,0.432357,0.776324
1677108296,73609876,0.456127,0.690625,0.175043,0.404118,0.220392,0.430437,0.776428
1677108296,83368230,0.456337,0.690525,0.175011,0.405316,0.220718,0.428670,0.776688
1677108296,93024680,0.456761,0.690283,0.175135,0.405550,0.220594,0.427099,0.777467
1677108296,103317804,0.456881,0.690297,0.175033,0.407973,0.221053,0.425037,0.777199
1677108296,113398655,0.457085,0.690250,0.175052,0.408724,0.221164,0.423981,0.777349
1677108296,123243584,0.457241,0.690162,0.175078,0.409203,0.220925,0.422566,0.777935
1677108296,132911052,0.457291,0.690149,0.175060,0.409861,0.220670,0.421582,0.778195
1677108296,143736300,0.457321,0.690154,0.174984,0.410550,0.220244,0.420767,0.778394
1677108296,153146044,0.457329,0.690085,0.174922,0.410940,0.219719,0.419693,0.778916
1677108296,163094753,0.457280,0.690098,0.174812,0.412053,0.219536,0.418551,0.778994
1677108296,173497082,0.457301,0.690084,0.174738,0.413355,0.219094,0.416850,0.779341
1677108296,183745000,0.457426,0.689986,0.174748,0.413791,0.219138,0.415312,0.779917
1677108296,193958556,0.457461,0.690152,0.174717,0.414781,0.219033,0.413737,0.780258
1677108296,203218289,0.457554,0.690301,0.174756,0.414825,0.218787,0.412028,0.781207
1677108296,213676815,0.457655,0.690395,0.174815,0.414746,0.218355,0.409978,0.782448
1677108296,223107972,0.457518,0.690637,0.174732,0.416397,0.218878,0.407170,0.782891
1677108296,233454031,0.457631,0.690716,0.174841,0.416471,0.218516,0.405383,0.783879
1677108296,243562166,0.457670,0.690806,0.174871,0.416532,0.218498,0.403858,0.784639
1677108296,253041104,0.457558,0.690902,0.174794,0.417525,0.218536,0.402017,0.785046
1677108296,263574102,0.457492,0.690944,0.174766,0.418116,0.218445,0.401120,0.785216
1677108296,273141965,0.457456,0.690783,0.174781,0.418233,0.218281,0.400104,0.785718
1677108296,283100774,0.457398,0.690646,0.174785,0.418898,0.217687,0.399748,0.785709
1677108296,293205159,0.457328,0.690435,0.174764,0.419485,0.217126,0.399393,0.785732
1677108296,303809286,0.457241,0.690246,0.174779,0.420082,0.216826,0.399345,0.785520
1677108296,313085676,0.457047,0.690074,0.174734,0.421506,0.216612,0.398856,0.785064
1677108296,323243423,0.456959,0.689921,0.174735,0.422706,0.216053,0.398387,0.784811
1677108296,332703000,0.456938,0.689603,0.174815,0.422709,0.215914,0.397873,0.785109
1677108296,343268805,0.456863,0.689524,0.174758,0.423811,0.215659,0.397192,0.784929
1677108296,353462994,0.456766,0.689496,0.174671,0.425282,0.215518,0.396109,0.784719
1677108296,364241065,0.456666,0.689494,0.174590,0.427008,0.215800,0.394812,0.784359
1677108296,373249213,0.456719,0.689567,0.174582,0.428365,0.215538,0.393822,0.784188
1677108296,383650347,0.456699,0.689289,0.174567,0.428739,0.215874,0.391316,0.785145
1677108296,393294079,0.456776,0.689360,0.174481,0.430173,0.216087,0.389901,0.785006
1677108296,404121519,0.456872,0.689356,0.174428,0.431881,0.216114,0.387952,0.785027
1677108296,413409306,0.457010,0.689222,0.174408,0.433299,0.216441,0.385662,0.785283
1677108296,423121383,0.457328,0.689261,0.174389,0.435197,0.215915,0.383981,0.785202
1677108296,433638878,0.457405,0.689241,0.174277,0.437145,0.216058,0.381982,0.785056
1677108296,443401575,0.457454,0.689119,0.174209,0.438160,0.216178,0.380288,0.785279
1677108296,453476754,0.457420,0.688903,0.174049,0.440039,0.216280,0.378085,0.785265
1677108296,463854203,0.457463,0.688682,0.174012,0.442038,0.216089,0.376806,0.784809
1677108296,473231434,0.457554,0.688474,0.173961,0.444016,0.215785,0.375784,0.784266
1677108296,482814493,0.457544,0.688223,0.173940,0.444973,0.215281,0.374806,0.784330
1677108296,493503828,0.457468,0.688118,0.173848,0.446237,0.214501,0.373851,0.784281
1677108296,503130272,0.457310,0.687908,0.173826,0.447475,0.214237,0.372743,0.784176
1677108296,512979896,0.457201,0.687659,0.173850,0.448757,0.213780,0.372014,0.783914
1677108296,524002330,0.457201,0.687452,0.173867,0.449493,0.212629,0.371831,0.783892
1677108296,533463257,0.457020,0.687136,0.173876,0.450029,0.211416,0.370970,0.784320
1677108296,543551021,0.456761,0.686983,0.173799,0.451490,0.210404,0.370350,0.784046
1677108296,552867874,0.456527,0.686665,0.173824,0.452204,0.209559,0.369977,0.784037
1677108296,562820880,0.456429,0.686243,0.173922,0.452273,0.208304,0.370317,0.784171
1677108296,573140020,0.456196,0.685951,0.173922,0.453786,0.206540,0.370491,0.783681
1677108296,582629801,0.455930,0.685487,0.173902,0.454618,0.205216,0.370891,0.783357
1677108296,592516669,0.455702,0.685027,0.173912,0.455112,0.204121,0.371942,0.782859
1677108296,602854475,0.455358,0.684471,0.173868,0.456299,0.202866,0.371831,0.782546
1677108296,613273305,0.455179,0.683957,0.173861,0.456889,0.202073,0.372957,0.781871
1677108296,623162510,0.454983,0.683515,0.173794,0.458344,0.200879,0.373158,0.781231
1677108296,633484485,0.454895,0.683115,0.173755,0.459901,0.199562,0.373425,0.780525
1677108296,642992999,0.454810,0.682650,0.173735,0.460646,0.198878,0.372982,0.780473
1677108296,653844218,0.454711,0.682237,0.173713,0.461513,0.198168,0.371834,0.780689
1677108296,663504889,0.454619,0.682177,0.173667,0.463774,0.197273,0.371016,0.779964
1677108296,673252894,0.454618,0.681800,0.173699,0.463728,0.196582,0.369796,0.780745
1677108296,683266271,0.454509,0.681715,0.173692,0.464939,0.195910,0.369082,0.780532
1677108296,693433382,0.454410,0.681628,0.173630,0.466200,0.194882,0.368081,0.780510
1677108296,703524586,0.454292,0.681518,0.173565,0.467491,0.193806,0.367568,0.780247
1677108296,713375569,0.454320,0.681164,0.173577,0.467469,0.193030,0.367452,0.780507
1677108296,723661322,0.454078,0.680876,0.173462,0.468912,0.192709,0.366280,0.780271
1677108296,733324952,0.454085,0.680544,0.173440,0.469498,0.191804,0.366052,0.780249
1677108296,743185333,0.453956,0.680342,0.173337,0.471015,0.191327,0.365139,0.779880
1677108296,753738379,0.453964,0.680081,0.173297,0.471720,0.190862,0.364321,0.779950
1677108296,763348107,0.454191,0.679939,0.173300,0.472195,0.190342,0.364192,0.779850
1677108296,773341619,0.454248,0.679990,0.173217,0.474537,0.189881,0.362392,0.779379
1677108296,784016041,0.454419,0.679688,0.173255,0.474557,0.190092,0.360151,0.780354
1677108296,793670339,0.454606,0.679684,0.173233,0.475436,0.190057,0.357889,0.780868
1677108296,803444226,0.454967,0.679582,0.173255,0.475368,0.190035,0.356065,0.781748
1677108296,813741920,0.455150,0.679786,0.173157,0.477283,0.190090,0.353686,0.781648
1677108296,823708491,0.455492,0.679758,0.173135,0.477678,0.190131,0.351196,0.782519
1677108296,833646313,0.455697,0.679896,0.173055,0.479385,0.189873,0.348373,0.782799
1677108296,842511047,0.455930,0.679744,0.173059,0.479284,0.190202,0.345195,0.784188
1677108296,852910659,0.456088,0.679917,0.172940,0.480526,0.190533,0.343010,0.784306
1677108296,863612624,0.456330,0.679912,0.172878,0.481231,0.189954,0.340574,0.785076
1677108296,873385223,0.456517,0.679926,0.172803,0.482328,0.190094,0.338412,0.785303
1677108296,883426409,0.456673,0.679969,0.172692,0.483979,0.190322,0.336308,0.785136
1677108296,892608718,0.456870,0.679771,0.172618,0.484804,0.190197,0.333780,0.785736
1677108296,902992138,0.457177,0.679753,0.172569,0.485721,0.190436,0.332734,0.785555
1677108296,913292643,0.457353,0.679622,0.172494,0.486551,0.190587,0.330648,0.785886
1677108296,923351874,0.457685,0.679480,0.172451,0.486753,0.190322,0.328905,0.786556
1677108296,933139997,0.457797,0.679506,0.172381,0.487961,0.190508,0.327025,0.786546
1677108296,943808497,0.457797,0.679442,0.172300,0.488962,0.190730,0.324224,0.787030
1677108296,953358177,0.457889,0.679520,0.172249,0.489947,0.190359,0.322700,0.787134
1677108296,963580914,0.457922,0.679519,0.172230,0.490513,0.190251,0.321626,0.787248
1677108296,973526234,0.457821,0.679487,0.172140,0.491229,0.190284,0.320377,0.787302
1677108296,983599194,0.457787,0.679478,0.172085,0.492072,0.189680,0.319951,0.787094
1677108296,993578225,0.457533,0.679428,0.172003,0.493253,0.189869,0.319181,0.786622
1677108297,3708126,0.457482,0.679120,0.171984,0.493212,0.189228,0.318649,0.787018
1677108297,13318667,0.457372,0.678976,0.171925,0.493924,0.188960,0.318481,0.786704
1677108297,23548468,0.457276,0.678723,0.171918,0.494429,0.188414,0.317521,0.786906
1677108297,33779765,0.457227,0.678532,0.171954,0.494375,0.188152,0.317156,0.787150
1677108297,43127134,0.457221,0.678627,0.171946,0.495216,0.187203,0.316790,0.786994
1677108297,53236949,0.457038,0.678777,0.171875,0.496053,0.187171,0.316167,0.786725
1677108297,63409280,0.457002,0.678699,0.171919,0.495218,0.186909,0.315494,0.787584
1677108297,72947470,0.456853,0.678874,0.171870,0.495630,0.186818,0.314717,0.787657
1677108297,83190391,0.456893,0.678855,0.171921,0.495005,0.186640,0.314504,0.788177
1677108297,93518585,0.456784,0.679075,0.171860,0.496121,0.186239,0.313361,0.788025
1677108297,103076804,0.456661,0.679192,0.171808,0.496921,0.186268,0.312372,0.787907
1677108297,113075494,0.456559,0.679422,0.171696,0.498064,0.186293,0.311690,0.787450
1677108297,123527350,0.456404,0.679549,0.171591,0.498744,0.185879,0.310386,0.787632
1677108297,132699980,0.456151,0.679650,0.171526,0.498900,0.186414,0.309383,0.787802
1677108297,143341467,0.456036,0.679686,0.171522,0.498484,0.186356,0.308643,0.788369
1677108297,153509095,0.455899,0.679938,0.171443,0.500658,0.186241,0.308119,0.787222
1677108297,163275230,0.455739,0.679832,0.171412,0.502562,0.187166,0.307221,0.786140
1677108297,173619105,0.455310,0.679805,0.171278,0.504831,0.188917,0.307225,0.784263
1677108297,183498346,0.454737,0.679747,0.171003,0.506426,0.190137,0.308093,0.782598
1677108297,192586135,0.454229,0.679659,0.170784,0.506990,0.189792,0.310175,0.781493
1677108297,203211052,0.453620,0.679366,0.170660,0.507293,0.189537,0.312766,0.780325
1677108297,212847378,0.453064,0.679081,0.170675,0.508853,0.188134,0.315091,0.778712
1677108297,223727789,0.452463,0.678532,0.170718,0.509721,0.187622,0.317592,0.777250
1677108297,233218606,0.451700,0.678120,0.170631,0.511296,0.186770,0.319686,0.775561
1677108297,242988698,0.451149,0.677650,0.170501,0.511507,0.184946,0.323025,0.774474
1677108297,253187010,0.450568,0.677020,0.170429,0.511626,0.183127,0.325769,0.773678
1677108297,263482673,0.449966,0.676443,0.170483,0.512375,0.182146,0.328877,0.772098
1677108297,273345691,0.449314,0.675923,0.170515,0.513626,0.180971,0.331531,0.770405
1677108297,283445226,0.448768,0.675441,0.170532,0.513854,0.178990,0.334586,0.769395
1677108297,293370480,0.448192,0.675037,0.170423,0.513884,0.176800,0.337117,0.768776
1677108297,303314701,0.447593,0.674576,0.170343,0.513677,0.175555,0.339789,0.768024
1677108297,313002101,0.447177,0.674060,0.170353,0.513799,0.173745,0.341815,0.767454
1677108297,323391561,0.446573,0.673837,0.170268,0.516184,0.173010,0.342883,0.765541
1677108297,333396267,0.446244,0.673248,0.170309,0.516184,0.171747,0.343800,0.765414
1677108297,343445182,0.445930,0.673127,0.170223,0.517593,0.170485,0.344870,0.764262
1677108297,353252040,0.445520,0.672820,0.170118,0.518310,0.169985,0.344779,0.763929
1677108297,363352714,0.445255,0.672693,0.170052,0.519462,0.169119,0.344708,0.763370
1677108297,373110789,0.445099,0.672539,0.169976,0.520701,0.168309,0.344321,0.762880
1677108297,383272335,0.444920,0.672471,0.169871,0.522664,0.167742,0.343431,0.762063
1677108297,393427462,0.444941,0.672276,0.169740,0.524226,0.167001,0.342182,0.761715
1677108297,403328632,0.444849,0.671947,0.169588,0.525631,0.167117,0.340175,0.761620
1677108297,412998888,0.444917,0.671663,0.169433,0.527500,0.166701,0.338279,0.761263
1677108297,423676770,0.445100,0.671402,0.169332,0.529282,0.166273,0.336955,0.760708
1677108297,433486200,0.445240,0.670902,0.169233,0.530164,0.166028,0.334892,0.761057
1677108297,442901395,0.445265,0.670733,0.169132,0.531666,0.165604,0.333125,0.760878
1677108297,452629525,0.445225,0.670605,0.169091,0.532041,0.164835,0.331660,0.761422
1677108297,463109991,0.445136,0.670748,0.169003,0.532281,0.163931,0.330572,0.761922
1677108297,472630969,0.445000,0.670923,0.168934,0.532632,0.162927,0.328784,0.762665
1677108297,482846739,0.444990,0.670981,0.168989,0.532173,0.162434,0.326604,0.764027
1677108297,493241181,0.444870,0.671182,0.168970,0.532651,0.162702,0.323023,0.765158
1677108297,502968192,0.445039,0.671718,0.169037,0.533331,0.161756,0.320289,0.766034
1677108297,512961645,0.445105,0.672114,0.169042,0.532889,0.162451,0.315903,0.768013
1677108297,523539691,0.445405,0.672811,0.169143,0.533596,0.162239,0.311192,0.769489
1677108297,533284576,0.445567,0.673677,0.169159,0.535663,0.162798,0.304402,0.770650
1677108297,542911095,0.445812,0.674810,0.169132,0.537262,0.163402,0.296254,0.772582
1677108297,553638262,0.446078,0.676311,0.169054,0.538190,0.165009,0.287168,0.775022
1677108297,563100228,0.446362,0.678110,0.168885,0.538010,0.167002,0.276538,0.778577
1677108297,572695992,0.446824,0.680058,0.168806,0.537456,0.169875,0.266552,0.781814
1677108297,583044749,0.447508,0.681938,0.168790,0.537554,0.172238,0.256050,0.784734
1677108297,593380561,0.448147,0.683501,0.168804,0.537255,0.175680,0.244448,0.787870
1677108297,604123236,0.448791,0.685345,0.168685,0.539150,0.178408,0.233106,0.789398
1677108297,613921853,0.449459,0.686884,0.168535,0.539061,0.180703,0.222319,0.792044
1677108297,623575205,0.449982,0.688416,0.168307,0.539274,0.182682,0.212582,0.794115
1677108297,633784866,0.450451,0.689626,0.168282,0.540151,0.184124,0.203507,0.795563
1677108297,643874533,0.450746,0.690806,0.168310,0.542433,0.185781,0.194845,0.795794
1677108297,653362777,0.450939,0.691787,0.168286,0.543369,0.187155,0.187470,0.796604
1677108297,663726849,0.450949,0.692807,0.168127,0.543789,0.187600,0.179926,0.797951
1677108297,674088549,0.450816,0.693787,0.167924,0.544707,0.187680,0.173100,0.798816
1677108297,683511174,0.450610,0.694560,0.167850,0.546340,0.186785,0.166368,0.799340
1677108297,693641299,0.450223,0.695430,0.167748,0.549724,0.185319,0.159985,0.798665
1677108297,703593370,0.449821,0.696077,0.167613,0.551927,0.183231,0.154401,0.798726
1677108297,713291097,0.449350,0.696736,0.167395,0.553512,0.180751,0.149610,0.799106
1677108297,723109764,0.448724,0.697514,0.167097,0.555889,0.178110,0.145126,0.798876
1677108297,733642504,0.448013,0.698210,0.166874,0.558079,0.175549,0.141012,0.798652
1677108297,743018402,0.447014,0.698917,0.166791,0.560543,0.172960,0.136635,0.798253
1677108297,753287043,0.446054,0.699613,0.166783,0.561941,0.169945,0.133681,0.798417
1677108297,762995118,0.444919,0.700591,0.166730,0.563498,0.166572,0.131312,0.798424
1677108297,773581038,0.443407,0.701552,0.166663,0.564983,0.163867,0.128817,0.798341
1677108297,783190539,0.441824,0.702602,0.166454,0.567913,0.159359,0.127004,0.797464
1677108297,793255976,0.440296,0.703273,0.166148,0.570916,0.155289,0.127684,0.796013
1677108297,803821112,0.438347,0.702756,0.165915,0.571383,0.151819,0.126802,0.796489
1677108297,813257738,0.436485,0.702686,0.165570,0.574475,0.146744,0.127304,0.795134
1677108297,823213986,0.434986,0.703252,0.165211,0.579771,0.140191,0.130794,0.791899
1677108297,833457306,0.432846,0.703481,0.164942,0.583349,0.135517,0.130627,0.790111
1677108297,843559865,0.431061,0.703671,0.164859,0.585291,0.129492,0.131473,0.789545
1677108297,852820909,0.428980,0.704141,0.164697,0.587145,0.124619,0.132187,0.788833
1677108297,863636839,0.426636,0.704789,0.164554,0.588813,0.120145,0.133079,0.788134
1677108297,873390377,0.424252,0.705548,0.164416,0.590369,0.115206,0.135634,0.787271
1677108297,883267693,0.421764,0.706188,0.164261,0.591597,0.110141,0.138159,0.786635
1677108297,892922289,0.419190,0.706699,0.164123,0.593097,0.105737,0.140611,0.785675
1677108297,903237346,0.416953,0.707079,0.163875,0.594914,0.099876,0.142641,0.784701
1677108297,913113485,0.414829,0.707087,0.163701,0.595738,0.095581,0.143833,0.784394
1677108297,923307364,0.413076,0.707097,0.163579,0.596755,0.091320,0.144894,0.783932
1677108297,933108543,0.411685,0.707286,0.163518,0.598564,0.086483,0.145201,0.783044
1677108297,943719733,0.410217,0.707239,0.163521,0.599514,0.083280,0.143864,0.782912
1677108297,953600257,0.409132,0.707412,0.163513,0.600785,0.078967,0.142830,0.782574
1677108297,963559737,0.407907,0.707621,0.163475,0.601565,0.075381,0.140572,0.782737
1677108297,973268585,0.406947,0.707857,0.163474,0.601853,0.071609,0.139936,0.782983
1677108297,983751262,0.405798,0.708178,0.163439,0.602570,0.068668,0.138782,0.782901
1677108297,993121774,0.404790,0.708371,0.163407,0.602363,0.065223,0.138151,0.783466
1677108298,3371545,0.403782,0.708706,0.163276,0.602761,0.062338,0.138271,0.783374
1677108298,13473554,0.402751,0.709013,0.163014,0.604592,0.059292,0.137157,0.782394
1677108298,23850019,0.401786,0.709229,0.162774,0.606876,0.056471,0.135966,0.781042
1677108298,34145071,0.401133,0.709426,0.162509,0.609035,0.053283,0.135109,0.779733
1677108298,43114691,0.400423,0.709527,0.162234,0.610288,0.051343,0.132920,0.779260
1677108298,53454275,0.400050,0.709971,0.161952,0.612140,0.048572,0.130720,0.778356
1677108298,63340256,0.399728,0.710285,0.161880,0.613220,0.047274,0.127899,0.778054
1677108298,73245519,0.399562,0.710262,0.162087,0.615268,0.046529,0.125445,0.776881
1677108298,82988026,0.399411,0.710078,0.162252,0.617617,0.046184,0.122379,0.775525
1677108298,93646023,0.399477,0.709975,0.162348,0.618809,0.044816,0.119884,0.775045
1677108298,103197918,0.399437,0.709896,0.162282,0.619503,0.044335,0.117256,0.774921
1677108298,113243310,0.399427,0.709719,0.162251,0.620673,0.043480,0.114477,0.774448
1677108298,123405540,0.399392,0.709375,0.162231,0.622538,0.042870,0.112327,0.773299
1677108298,133447243,0.399469,0.708826,0.162197,0.624136,0.042061,0.110678,0.772293
1677108298,143531132,0.399393,0.708329,0.162022,0.626132,0.041314,0.108085,0.771084
1677108298,153319117,0.399423,0.707720,0.161743,0.627505,0.040629,0.106394,0.770238
1677108298,163108747,0.399494,0.707135,0.161481,0.629661,0.039388,0.105040,0.768728
1677108298,173564248,0.399465,0.706534,0.161233,0.632276,0.038651,0.104025,0.766754
1677108298,183241832,0.399360,0.705660,0.160962,0.634543,0.037716,0.102067,0.765189
1677108298,193325120,0.399450,0.704838,0.160587,0.637028,0.035880,0.100940,0.763360
1677108298,203137050,0.399483,0.704101,0.160124,0.639280,0.033755,0.098804,0.761852
1677108298,213464496,0.399533,0.703263,0.159629,0.640449,0.032223,0.097023,0.761166
1677108298,223391595,0.399557,0.702624,0.159160,0.643001,0.030573,0.095336,0.759293
1677108298,233512607,0.399513,0.701628,0.158816,0.645052,0.030446,0.094010,0.757723
1677108298,243886592,0.399513,0.700843,0.158514,0.648707,0.029142,0.092321,0.754855
1677108298,253786869,0.399467,0.699927,0.158242,0.652026,0.028419,0.090593,0.752229
1677108298,263398281,0.399431,0.699069,0.158005,0.655350,0.028363,0.089337,0.749487
1677108298,273495764,0.399482,0.698320,0.157867,0.659062,0.028002,0.088113,0.746384
1677108298,283298805,0.399593,0.697658,0.157714,0.662843,0.027576,0.086350,0.743251
1677108298,293651053,0.399699,0.696789,0.157527,0.665097,0.027867,0.083954,0.741499
1677108298,303089047,0.399967,0.696058,0.157370,0.666805,0.028090,0.081743,0.740203
1677108298,313442514,0.400274,0.695608,0.157206,0.668901,0.028466,0.079227,0.738569
1677108298,323554319,0.400587,0.695242,0.157043,0.671511,0.028591,0.075971,0.736535
1677108298,333195933,0.400777,0.694544,0.156931,0.673037,0.029808,0.072488,0.735445
1677108298,342858411,0.401252,0.693863,0.156889,0.675196,0.029787,0.070463,0.733660
1677108298,353310768,0.401423,0.693239,0.156818,0.678168,0.031304,0.067446,0.731135
1677108298,363047992,0.401750,0.692760,0.156746,0.681446,0.031983,0.064845,0.728288
1677108298,372819250,0.402194,0.692089,0.156656,0.683184,0.032551,0.062865,0.726807
1677108298,383026023,0.402273,0.691686,0.156510,0.685176,0.034189,0.059400,0.725146
1677108298,393035723,0.402640,0.691167,0.156377,0.686102,0.034504,0.057205,0.724432
1677108298,402953231,0.402896,0.690880,0.156277,0.688342,0.035151,0.055216,0.722427
1677108298,412829024,0.402973,0.690368,0.156175,0.690037,0.035831,0.052664,0.720966
1677108298,423389044,0.403092,0.689727,0.156170,0.691602,0.036375,0.051402,0.719528
1677108298,433232296,0.403159,0.689229,0.156276,0.694176,0.035966,0.049819,0.717178
1677108298,442976160,0.403180,0.688648,0.156378,0.696931,0.035202,0.048539,0.714627
1677108298,452952074,0.403067,0.688006,0.156516,0.699042,0.035384,0.048037,0.712588
1677108298,463845220,0.402994,0.687500,0.156643,0.700859,0.034883,0.047196,0.710881
1677108298,472897873,0.402883,0.687126,0.156785,0.702669,0.034213,0.046620,0.709164
1677108298,482388095,0.402729,0.686664,0.156883,0.704003,0.033704,0.045778,0.707918
1677108298,493175751,0.402603,0.686311,0.156960,0.705798,0.032527,0.045008,0.706234
1677108298,503309496,0.402335,0.685871,0.156996,0.707093,0.032499,0.044085,0.704996
1677108298,513730284,0.402189,0.685401,0.157027,0.707765,0.032128,0.043868,0.704352
1677108298,523192522,0.402119,0.685251,0.157129,0.709824,0.030868,0.043651,0.702347
1677108298,533169450,0.401897,0.684712,0.157172,0.710505,0.030557,0.042540,0.701740
1677108298,543347343,0.401826,0.684339,0.157258,0.712446,0.029448,0.042226,0.699836
1677108298,552922862,0.401754,0.683905,0.157351,0.714386,0.028514,0.041693,0.697926
1677108298,563798109,0.401650,0.683434,0.157424,0.716106,0.028041,0.040984,0.696223
1677108298,573755651,0.401635,0.682870,0.157462,0.718036,0.027829,0.040218,0.694286
1677108298,583866768,0.401551,0.682418,0.157530,0.720323,0.028786,0.039680,0.691904
1677108298,593742249,0.401617,0.681910,0.157516,0.722331,0.028716,0.038834,0.689859
1677108298,604073131,0.401662,0.681563,0.157490,0.724421,0.028690,0.037653,0.687731
1677108298,613837881,0.401676,0.681064,0.157448,0.725271,0.028876,0.036425,0.686893
1677108298,623240769,0.401692,0.680872,0.157517,0.727287,0.028608,0.034886,0.684849
1677108298,632642401,0.401730,0.680303,0.157551,0.727763,0.029084,0.034310,0.684352
1677108298,642868573,0.401924,0.680141,0.157675,0.729961,0.028215,0.033941,0.682062
1677108298,652938343,0.401885,0.679673,0.157796,0.730819,0.028168,0.032517,0.681214
1677108298,663115359,0.401979,0.679325,0.157935,0.732156,0.027901,0.032064,0.679809
1677108298,673216100,0.402006,0.678893,0.158130,0.733542,0.028053,0.031773,0.678321
1677108298,683246425,0.402183,0.678456,0.158409,0.735504,0.027028,0.031425,0.676252
1677108298,693406600,0.402263,0.677933,0.158730,0.737709,0.026619,0.030936,0.673884
1677108298,703117814,0.402406,0.677206,0.159102,0.739461,0.026206,0.031104,0.671970
1677108298,713371286,0.402504,0.676536,0.159539,0.742042,0.025823,0.029782,0.669194
1677108298,723204711,0.402749,0.675632,0.160053,0.743993,0.025100,0.029314,0.667073
1677108298,733640735,0.402977,0.674701,0.160620,0.746065,0.024817,0.027868,0.664827
1677108298,743024485,0.403391,0.673666,0.161288,0.748063,0.024130,0.026740,0.662650
1677108298,753286720,0.403706,0.672928,0.162050,0.750993,0.024323,0.024842,0.659394
1677108298,763275014,0.404142,0.672026,0.162832,0.752732,0.024454,0.023349,0.657458
1677108298,773406685,0.404678,0.671253,0.163694,0.754398,0.023874,0.021776,0.655622
1677108298,783202067,0.405159,0.670454,0.164610,0.755811,0.023801,0.020159,0.654047
1677108298,792574153,0.405619,0.669566,0.165612,0.757377,0.023400,0.018790,0.652288
1677108298,802893800,0.406063,0.668751,0.166763,0.759877,0.022960,0.017258,0.649432
1677108298,813257009,0.406315,0.667715,0.167939,0.762054,0.023710,0.015742,0.646888
1677108298,822654903,0.406732,0.666748,0.169212,0.764608,0.023111,0.013802,0.643933
1677108298,832976450,0.407223,0.665864,0.170574,0.766901,0.022914,0.012741,0.641230
1677108298,842783165,0.407753,0.665052,0.172026,0.768627,0.022604,0.011564,0.639193
1677108298,852782346,0.408244,0.664350,0.173547,0.769685,0.022935,0.009936,0.637934
1677108298,863381902,0.408725,0.663800,0.175189,0.770845,0.023515,0.008444,0.636533
1677108298,873119392,0.409262,0.663292,0.176931,0.772036,0.023877,0.007407,0.635087
1677108298,883722951,0.409788,0.662653,0.178727,0.772917,0.024512,0.006574,0.633999
1677108298,892528882,0.410265,0.662100,0.180617,0.774516,0.025073,0.006028,0.632028
1677108298,903051346,0.410734,0.661380,0.182570,0.775954,0.025116,0.005158,0.630268
1677108298,912613104,0.411205,0.660760,0.184594,0.777902,0.025121,0.004997,0.627864
1677108298,922664115,0.411660,0.659975,0.186652,0.779112,0.025368,0.004849,0.626352
1677108298,933281978,0.412183,0.659431,0.188807,0.780706,0.025204,0.004641,0.624373
1677108298,943776422,0.412629,0.658973,0.190995,0.782188,0.025368,0.003967,0.622513
1677108298,953586081,0.413298,0.658424,0.193199,0.782836,0.025127,0.004343,0.621705
1677108298,963360222,0.413691,0.657825,0.195424,0.783193,0.025287,0.003133,0.621256
1677108298,973694041,0.414300,0.657358,0.197716,0.784106,0.024737,0.002863,0.620127
1677108298,983488206,0.414735,0.656869,0.200046,0.785120,0.025127,0.002514,0.618828
1677108298,993607189,0.415258,0.656231,0.202317,0.785646,0.024499,0.001613,0.618189
1677108299,3233716,0.415251,0.655213,0.204446,0.784863,0.026561,-0.000191,0.619100
1677108299,12631351,0.416528,0.655230,0.207079,0.788097,0.023177,0.001878,0.615112
1677108299,22722719,0.416913,0.654531,0.209419,0.788628,0.023351,0.000848,0.614426
1677108299,33150265,0.417483,0.654052,0.211804,0.789712,0.023170,0.000910,0.613040
1677108299,43648234,0.417896,0.653411,0.214132,0.789894,0.023265,0.000403,0.612802
1677108299,53686969,0.418343,0.653148,0.216530,0.790900,0.023384,0.000107,0.611498
1677108299,63733767,0.418797,0.652645,0.218800,0.790773,0.022924,-0.000249,0.611679
1677108299,73014833,0.419177,0.652363,0.221166,0.791395,0.023029,0.000166,0.610871
1677108299,83437371,0.419744,0.651954,0.223441,0.791407,0.021987,0.001809,0.610891
1677108299,93267161,0.419889,0.651573,0.225756,0.791911,0.022271,0.001887,0.610227
1677108299,103726163,0.419856,0.651250,0.228104,0.792643,0.022860,0.000619,0.609257
1677108299,113595053,0.420132,0.650824,0.230302,0.793106,0.021397,0.000435,0.608707
1677108299,123232233,0.420349,0.650415,0.232484,0.793669,0.020477,0.001006,0.608004
1677108299,133201974,0.420549,0.649898,0.234578,0.793585,0.019512,0.001094,0.608146
1677108299,143050418,0.420745,0.649630,0.236671,0.793939,0.018549,0.001186,0.607713
1677108299,153429166,0.420883,0.649483,0.238728,0.794030,0.018615,0.001736,0.607591
1677108299,163239378,0.421018,0.649251,0.240667,0.793382,0.018546,0.001902,0.608438
1677108299,173592893,0.421210,0.649115,0.242659,0.793138,0.018040,0.001931,0.608772
1677108299,183570555,0.421390,0.648933,0.244676,0.793020,0.017552,0.002261,0.608938
1677108299,193080316,0.421047,0.648930,0.246848,0.794684,0.020418,0.003195,0.606672
1677108299,202938018,0.421287,0.648715,0.248843,0.795064,0.020082,0.005824,0.606165
1677108299,213321853,0.420923,0.648553,0.250875,0.795366,0.020200,0.002883,0.605786
1677108299,223233247,0.420847,0.648387,0.252835,0.795692,0.020226,0.003788,0.605352
1677108299,233662134,0.420661,0.648157,0.254651,0.795459,0.020069,0.003868,0.605663
1677108299,243304004,0.420050,0.648761,0.256938,0.798989,0.023550,0.006846,0.600846
1677108299,253797006,0.419854,0.648989,0.258844,0.800062,0.023709,0.007959,0.599396
1677108299,263354332,0.419733,0.648130,0.260489,0.797531,0.021132,0.007871,0.602856
1677108299,272582029,0.419372,0.648045,0.262232,0.797299,0.021307,0.008151,0.603153
1677108299,283105271,0.419278,0.648019,0.263947,0.797220,0.020235,0.009043,0.603282
1677108299,293044339,0.419004,0.648019,0.265660,0.797318,0.020245,0.009373,0.603147
1677108299,303316524,0.418779,0.648054,0.267363,0.797495,0.020641,0.009533,0.602898
1677108299,313657859,0.418606,0.648075,0.269008,0.797714,0.020644,0.009682,0.602604
1677108299,323185665,0.418486,0.648113,0.270622,0.797753,0.021222,0.010401,0.602521
1677108299,333055381,0.418395,0.648131,0.272138,0.797677,0.022077,0.011182,0.602578
1677108299,342976725,0.418201,0.648094,0.273647,0.797569,0.022478,0.010235,0.602721
1677108299,353467405,0.418062,0.648255,0.275168,0.797845,0.023544,0.010265,0.602315
1677108299,362931954,0.417968,0.648336,0.276652,0.797760,0.024099,0.010400,0.602404
1677108299,372507182,0.417683,0.648428,0.278076,0.797373,0.025113,0.009308,0.602892
1677108299,383235443,0.417496,0.648678,0.279500,0.797318,0.026299,0.010005,0.602903
1677108299,393254170,0.416848,0.648959,0.281009,0.797672,0.027944,0.008655,0.602381
1677108299,403300123,0.417044,0.648933,0.282109,0.796589,0.026193,0.009918,0.603872
1677108299,413190030,0.416707,0.649201,0.283322,0.796962,0.026555,0.010262,0.603358
1677108299,423144542,0.416680,0.649665,0.284532,0.798122,0.025515,0.011802,0.601839
1677108299,433101421,0.416480,0.650136,0.285685,0.799275,0.025113,0.012505,0.600311
1677108299,443320075,0.415488,0.650702,0.287044,0.800974,0.028793,0.013032,0.597864
1677108299,453099473,0.415441,0.649331,0.287748,0.796026,0.028832,0.015411,0.604379
1677108299,463241328,0.415076,0.649567,0.288805,0.796434,0.029380,0.015538,0.603811
1677108299,473375107,0.415389,0.649376,0.289586,0.795014,0.025105,0.014807,0.605890
1677108299,483152330,0.415282,0.649218,0.290420,0.794354,0.025074,0.015390,0.606742
1677108299,492928696,0.414915,0.649275,0.291396,0.795258,0.028392,0.017599,0.605350
1677108299,503229197,0.415200,0.649038,0.292134,0.794862,0.027377,0.017932,0.605907
1677108299,513460518,0.415437,0.648656,0.292751,0.794261,0.027265,0.017634,0.606709
1677108299,522743470,0.416068,0.648474,0.293402,0.794498,0.026316,0.018254,0.606421
1677108299,532905058,0.415053,0.648637,0.294453,0.796850,0.034689,0.015025,0.602993
1677108299,543374982,0.415442,0.648433,0.295093,0.797094,0.035861,0.013902,0.602629
1677108299,553134628,0.415737,0.648194,0.295578,0.796839,0.038371,0.012951,0.602833
1677108299,562661858,0.416190,0.648096,0.296049,0.796859,0.039797,0.011831,0.602737
1677108299,572891627,0.416509,0.648033,0.296461,0.796831,0.041778,0.010533,0.602664
1677108299,582699367,0.416728,0.647948,0.296795,0.796408,0.043881,0.008912,0.603100
1677108299,593267607,0.416900,0.648019,0.297219,0.796883,0.045483,0.006968,0.602379
1677108299,604062510,0.416899,0.648135,0.297577,0.797205,0.047638,0.005668,0.601799
1677108299,613689110,0.416942,0.648211,0.297882,0.797395,0.048771,0.004615,0.601466
1677108299,623574226,0.416955,0.648031,0.298007,0.796214,0.049330,0.004032,0.602988
1677108299,633662236,0.416751,0.648095,0.298209,0.795657,0.050523,0.003922,0.603624
1677108299,643541924,0.416501,0.648325,0.298491,0.795697,0.050867,0.003939,0.603542
1677108299,652626691,0.416463,0.648383,0.298624,0.795225,0.049691,0.004907,0.604255
1677108299,663381420,0.415973,0.648550,0.298926,0.795384,0.049552,0.003668,0.604066
1677108299,673445036,0.416690,0.648256,0.298748,0.793178,0.041880,0.004311,0.607533
1677108299,683387764,0.416445,0.648008,0.298897,0.792191,0.040281,0.004569,0.608926
1677108299,693569199,0.416143,0.647988,0.299142,0.792221,0.038865,0.005102,0.608974
1677108299,703270791,0.415874,0.647931,0.299308,0.791906,0.037104,0.005434,0.609491
