secs,nsecs,tx,ty,tz,rx,ry,rz,rw
1677108650,581730525,0.442406,0.520175,0.474998,0.583663,0.073697,0.183316,0.787592
1677108650,592037799,0.442569,0.520390,0.474688,0.582844,0.072780,0.183840,0.788161
1677108650,602263767,0.442523,0.520758,0.474300,0.582409,0.071575,0.184061,0.788542
1677108650,612139230,0.442515,0.521074,0.473929,0.581247,0.069658,0.184840,0.789388
1677108650,621835059,0.442357,0.521409,0.473578,0.580175,0.068186,0.185517,0.790146
1677108650,632188635,0.442336,0.521811,0.473280,0.579391,0.066467,0.187341,0.790438
1677108650,641930359,0.442194,0.522130,0.473023,0.579088,0.064997,0.187866,0.790657
1677108650,651863700,0.442025,0.522287,0.472818,0.578523,0.064370,0.188749,0.790912
1677108650,661490106,0.441863,0.522355,0.472660,0.578538,0.063923,0.189494,0.790759
1677108650,671846443,0.441648,0.522435,0.472492,0.579255,0.064274,0.190458,0.789974
1677108650,681880347,0.441593,0.522428,0.472384,0.579642,0.063346,0.191400,0.789537
1677108650,692085824,0.441430,0.522459,0.472239,0.580441,0.063202,0.192258,0.788753
1677108650,701750430,0.440860,0.522131,0.471903,0.579145,0.066583,0.192633,0.789335
1677108650,711578124,0.440735,0.522052,0.471682,0.578858,0.066427,0.193189,0.789423
1677108650,721622560,0.440479,0.522318,0.471341,0.579279,0.067064,0.194088,0.788840
1677108650,731409908,0.440361,0.522425,0.471037,0.578364,0.066542,0.194432,0.789470
1677108650,741750535,0.440177,0.522653,0.470683,0.577669,0.067269,0.195239,0.789718
1677108650,751333966,0.440102,0.522805,0.470367,0.576876,0.066802,0.195496,0.790274
1677108650,761350506,0.440006,0.522894,0.470028,0.575971,0.067225,0.196143,0.790737
1677108650,771559668,0.439939,0.522976,0.469721,0.575794,0.066899,0.196555,0.790792
1677108650,782162922,0.439857,0.522989,0.469402,0.575442,0.066761,0.197113,0.790921
1677108650,792381231,0.439731,0.522998,0.469080,0.575602,0.067181,0.197996,0.790548
1677108650,802438973,0.439724,0.523054,0.468765,0.576041,0.066878,0.199203,0.789951
1677108650,811696454,0.439728,0.522879,0.468440,0.575714,0.066618,0.200166,0.789967
1677108650,821892745,0.439620,0.522765,0.468086,0.575948,0.066305,0.200116,0.789836
1677108650,831735325,0.439627,0.522736,0.467693,0.576181,0.066305,0.200968,0.789450
1677108650,841816499,0.439758,0.522621,0.467356,0.576214,0.065732,0.201773,0.789268
1677108650,851651639,0.439866,0.522664,0.466924,0.576394,0.065687,0.202533,0.788946
1677108650,862300826,0.439896,0.522695,0.466453,0.576374,0.065856,0.202554,0.788941
1677108650,872510359,0.440150,0.522876,0.465966,0.575726,0.065434,0.203432,0.789224
1677108650,882051142,0.440273,0.523087,0.465495,0.574476,0.066003,0.203703,0.790016
1677108650,892198624,0.440391,0.523428,0.464978,0.573698,0.066370,0.203852,0.790512
1677108650,902167767,0.440493,0.523635,0.464573,0.572362,0.066946,0.203790,0.791448
1677108650,911824152,0.440638,0.524075,0.464143,0.572258,0.067297,0.204434,0.791327
1677108650,921900086,0.440764,0.524386,0.463805,0.572141,0.067849,0.205131,0.791184
1677108650,932322090,0.440750,0.524562,0.463521,0.572026,0.068725,0.205390,0.791124
1677108650,941693962,0.440835,0.524709,0.463267,0.572402,0.069436,0.206284,0.790558
1677108650,951347122,0.440909,0.524833,0.463000,0.573208,0.069328,0.207003,0.789795
1677108650,961906173,0.440997,0.524978,0.462743,0.573872,0.069554,0.208347,0.788939
1677108650,971683259,0.441011,0.525230,0.462430,0.575043,0.069600,0.209366,0.787811
1677108650,981806911,0.441169,0.525352,0.462067,0.574923,0.069114,0.210768,0.787568
1677108650,991987731,0.441151,0.525611,0.461588,0.575595,0.069265,0.211344,0.786910
1677108651,1962288,0.441234,0.526047,0.460972,0.576201,0.069271,0.212104,0.786260
1677108651,12224247,0.441406,0.526329,0.460367,0.575924,0.069449,0.212674,0.786294
1677108651,21762540,0.441580,0.526716,0.459657,0.575645,0.069841,0.212787,0.786433
1677108651,32205405,0.441895,0.527185,0.458946,0.575118,0.070905,0.213927,0.786414
1677108651,42019838,0.442036,0.527688,0.458142,0.575335,0.072136,0.213316,0.786309
1677108651,51666825,0.442468,0.528183,0.457429,0.574915,0.072856,0.214206,0.786308
1677108651,62047553,0.442677,0.528761,0.456602,0.575376,0.074613,0.214659,0.785682
1677108651,72693096,0.443043,0.529125,0.455828,0.574980,0.075387,0.215336,0.785713
1677108651,82376997,0.443241,0.529509,0.455001,0.575148,0.075847,0.214959,0.785649
1677108651,92422164,0.443474,0.530099,0.454122,0.575748,0.076731,0.216138,0.784800
1677108651,101661041,0.443599,0.530386,0.453279,0.575348,0.077084,0.216137,0.785059
1677108651,112263771,0.443857,0.530784,0.452472,0.575109,0.077076,0.217126,0.784962
1677108651,121798342,0.443935,0.531125,0.451632,0.574881,0.077920,0.217572,0.784922
1677108651,132403194,0.444135,0.531553,0.450833,0.574963,0.077412,0.218493,0.784657
1677108651,142289212,0.444012,0.532389,0.449842,0.577115,0.078428,0.219202,0.782775
1677108651,152608184,0.444309,0.532356,0.449190,0.575128,0.078420,0.220641,0.783834
1677108651,161987739,0.444476,0.532474,0.448533,0.573736,0.078982,0.222450,0.784286
1677108651,171950672,0.444527,0.532532,0.447875,0.572303,0.078989,0.224049,0.784877
1677108651,182466140,0.444122,0.533466,0.446829,0.574913,0.079283,0.224835,0.782712
1677108651,191678088,0.444038,0.533921,0.446046,0.574611,0.078840,0.227248,0.782282
1677108651,201660120,0.443819,0.534277,0.445194,0.573674,0.078436,0.229412,0.782378
1677108651,211424109,0.443642,0.534714,0.444337,0.572557,0.077092,0.232167,0.782517
1677108651,222355161,0.443329,0.535099,0.443386,0.571657,0.076124,0.234417,0.782600
1677108651,231835454,0.442984,0.535388,0.442412,0.570963,0.074750,0.235976,0.782770
1677108651,241823180,0.442894,0.535764,0.441452,0.570556,0.073656,0.238835,0.782303
1677108651,251977301,0.442788,0.535931,0.440512,0.569954,0.072977,0.240245,0.782374
1677108651,262097131,0.442871,0.536238,0.439611,0.570425,0.072175,0.241723,0.781650
1677108651,271740089,0.442972,0.536531,0.438686,0.571058,0.072210,0.242484,0.780948
1677108651,281954679,0.443165,0.536807,0.437796,0.571335,0.072835,0.243222,0.780458
1677108651,291762327,0.443472,0.537100,0.436938,0.571440,0.073077,0.243807,0.780176
1677108651,301251218,0.443768,0.537454,0.435984,0.571204,0.073860,0.244569,0.780036
1677108651,311332734,0.443910,0.537866,0.434958,0.571076,0.074195,0.244513,0.780116
1677108651,321936813,0.444070,0.538265,0.433843,0.570243,0.074920,0.245153,0.780455
1677108651,331618919,0.444246,0.538662,0.432697,0.569579,0.074673,0.245389,0.780889
1677108651,341837294,0.444495,0.539109,0.431568,0.569259,0.073896,0.246405,0.780877
1677108651,352200998,0.444565,0.539436,0.430396,0.569147,0.073429,0.246201,0.781067
1677108651,361831197,0.444667,0.539746,0.429301,0.568710,0.073582,0.246905,0.781149
1677108651,371287409,0.444779,0.540342,0.428265,0.569605,0.073636,0.248802,0.779888
1677108651,381939835,0.444911,0.540674,0.427284,0.570126,0.071958,0.249101,0.779568
1677108651,392320888,0.445045,0.540868,0.426342,0.570205,0.073650,0.250400,0.778936
1677108651,402243908,0.445128,0.541225,0.425424,0.571552,0.072655,0.250813,0.777909
1677108651,412300404,0.445240,0.541249,0.424545,0.570970,0.073186,0.251316,0.778124
1677108651,422275809,0.445342,0.541618,0.423648,0.571680,0.072833,0.252032,0.777404
1677108651,431436708,0.445435,0.541873,0.422783,0.571908,0.072772,0.252799,0.776993
1677108651,441693768,0.445506,0.541894,0.421884,0.570671,0.073067,0.253468,0.777657
1677108651,451635700,0.445592,0.542149,0.421012,0.570562,0.072656,0.254093,0.777571
1677108651,462296782,0.445736,0.542322,0.420118,0.569912,0.072202,0.254773,0.777868
1677108651,472081572,0.445810,0.542775,0.419291,0.570752,0.071870,0.255465,0.777055
1677108651,481752969,0.445885,0.542802,0.418473,0.569930,0.071938,0.255454,0.777656
1677108651,491780932,0.445984,0.543066,0.417701,0.569804,0.072713,0.256640,0.777285
1677108651,501670591,0.446066,0.543350,0.416931,0.569942,0.072960,0.257242,0.776962
1677108651,511693678,0.446170,0.543609,0.416191,0.569808,0.072985,0.258075,0.776781
1677108651,521470421,0.446229,0.543846,0.415414,0.569642,0.073081,0.258663,0.776699
1677108651,532144543,0.446287,0.544212,0.414615,0.569717,0.072977,0.259679,0.776314
1677108651,541914711,0.446169,0.544453,0.413730,0.569012,0.074129,0.260031,0.776604
1677108651,552197939,0.446305,0.544865,0.412861,0.568180,0.073714,0.260975,0.776937
1677108651,562010840,0.446299,0.545282,0.411945,0.567246,0.074428,0.261589,0.777344
1677108651,571800057,0.446290,0.545822,0.411065,0.566531,0.074756,0.262114,0.777657
1677108651,582265214,0.446370,0.546258,0.410215,0.564774,0.075054,0.263208,0.778536
1677108651,592710853,0.446260,0.546800,0.409369,0.563808,0.075237,0.263761,0.779031
1677108651,602400306,0.446263,0.547316,0.408492,0.562063,0.075362,0.265803,0.779586
1677108651,612480979,0.445953,0.547881,0.407557,0.561836,0.075456,0.266276,0.779580
1677108651,621998998,0.445736,0.548251,0.406657,0.560741,0.075856,0.267784,0.779812
1677108651,632001048,0.445651,0.548631,0.405837,0.560175,0.076188,0.269819,0.779485
1677108651,642486258,0.445655,0.548797,0.405082,0.559500,0.075396,0.270634,0.779765
1677108651,651912074,0.445481,0.549079,0.404270,0.559873,0.076130,0.271016,0.779292
1677108651,662121198,0.445595,0.549502,0.403557,0.560389,0.075977,0.272298,0.778489
1677108651,672594152,0.445717,0.549666,0.402880,0.560132,0.076265,0.272676,0.778514
1677108651,681594512,0.445776,0.549866,0.402166,0.560171,0.077479,0.272584,0.778398
1677108651,691701455,0.445937,0.550151,0.401442,0.560436,0.077596,0.272343,0.778280
1677108651,701696197,0.446061,0.550543,0.400670,0.560946,0.078181,0.272774,0.777703
1677108651,711567012,0.446115,0.550859,0.399849,0.561307,0.078377,0.272834,0.777401
1677108651,722202703,0.446202,0.551179,0.398928,0.561470,0.078918,0.273380,0.777037
1677108651,732087613,0.446259,0.551513,0.397944,0.561518,0.079719,0.274478,0.776534
1677108651,742075728,0.446328,0.551736,0.396923,0.561516,0.079854,0.274976,0.776345
1677108651,752280885,0.446414,0.552172,0.395821,0.561826,0.080507,0.276440,0.775533
1677108651,762160031,0.446449,0.552406,0.394606,0.561623,0.081288,0.276697,0.775506
1677108651,771385767,0.446575,0.552653,0.393429,0.561469,0.081607,0.277090,0.775444
1677108651,781172644,0.446721,0.552994,0.392162,0.561459,0.082257,0.277668,0.775177
1677108651,791762056,0.446909,0.553216,0.390884,0.561302,0.083401,0.278034,0.775036
1677108651,801844209,0.447173,0.553522,0.389582,0.561596,0.083382,0.278015,0.774832
1677108651,811938616,0.447484,0.553755,0.388212,0.561173,0.084325,0.278589,0.774831
1677108651,821943647,0.447723,0.554274,0.386758,0.562053,0.084653,0.278507,0.774186
1677108651,831688109,0.447908,0.554486,0.385270,0.561143,0.086446,0.278624,0.774606
1677108651,841560240,0.448094,0.554932,0.383797,0.561523,0.087663,0.278611,0.774198
1677108651,851446284,0.448386,0.555249,0.382367,0.561577,0.088129,0.278593,0.774113
1677108651,861680704,0.448676,0.555661,0.380947,0.561969,0.089075,0.279305,0.773463
1677108651,872344712,0.448888,0.555840,0.379558,0.561973,0.089700,0.279048,0.773481
1677108651,881915158,0.449027,0.556100,0.378093,0.562223,0.090906,0.279145,0.773123
1677108651,891866060,0.449362,0.556300,0.376736,0.562159,0.090940,0.279359,0.773089
1677108651,901853117,0.449601,0.556591,0.375405,0.562138,0.091154,0.279588,0.772996
1677108651,912555829,0.449885,0.556860,0.374048,0.562166,0.091193,0.279573,0.772976
1677108651,922159666,0.450112,0.557202,0.372758,0.562360,0.091405,0.279774,0.772737
1677108651,932372620,0.450353,0.557393,0.371524,0.561753,0.091762,0.279983,0.773061
1677108651,941791689,0.450513,0.557715,0.370294,0.562496,0.092378,0.279787,0.772518
1677108651,951787160,0.450702,0.557742,0.369196,0.561986,0.093474,0.280146,0.772627
1677108651,961823689,0.450921,0.557982,0.368151,0.562586,0.093672,0.280705,0.771963
1677108651,971932701,0.451076,0.558015,0.367138,0.562771,0.093791,0.280812,0.771775
1677108651,982157725,0.451094,0.558173,0.366052,0.563915,0.093955,0.280997,0.770852
1677108651,992259566,0.451255,0.558348,0.365005,0.564790,0.093757,0.282134,0.769819
1677108652,2031871,0.451403,0.558467,0.363900,0.565355,0.093314,0.283034,0.769128
1677108652,12087632,0.451499,0.558573,0.362766,0.565786,0.093227,0.283493,0.768653
1677108652,21936110,0.451634,0.558661,0.361597,0.565723,0.092962,0.283815,0.768612
1677108652,31555148,0.451772,0.558796,0.360412,0.565460,0.093196,0.283996,0.768710
1677108652,41780932,0.451992,0.559236,0.359195,0.565914,0.092842,0.284628,0.768185
1677108652,52302208,0.452165,0.559495,0.358027,0.565201,0.093670,0.285086,0.768440
1677108652,61625109,0.452294,0.559785,0.356808,0.565257,0.094156,0.284631,0.768508
1677108652,71658170,0.452459,0.560215,0.355616,0.565718,0.095055,0.285214,0.767841
1677108652,81929177,0.452677,0.560521,0.354454,0.565920,0.095206,0.285395,0.767607
1677108652,91498872,0.452797,0.560772,0.353271,0.566346,0.095537,0.285148,0.767343
1677108652,101299806,0.452995,0.561090,0.352162,0.566661,0.095600,0.285857,0.766839
1677108652,111549504,0.453174,0.561226,0.351051,0.566270,0.095807,0.286195,0.766976
1677108652,121894751,0.453262,0.561593,0.349944,0.566846,0.095714,0.286878,0.766306
1677108652,132512244,0.453405,0.561843,0.348852,0.566931,0.095626,0.287618,0.765977
1677108652,142080291,0.453595,0.562153,0.347763,0.566957,0.095687,0.288875,0.765477
1677108652,152601498,0.453836,0.562275,0.346717,0.566392,0.095306,0.289268,0.765794
1677108652,162122577,0.453895,0.562488,0.345639,0.566555,0.096009,0.289365,0.765550
1677108652,172042615,0.454049,0.562710,0.344626,0.566721,0.096246,0.289402,0.765382
1677108652,181956405,0.454213,0.562991,0.343561,0.567135,0.097316,0.289759,0.764806
1677108652,192200956,0.454499,0.563208,0.342576,0.567306,0.097561,0.289851,0.764612
1677108652,202405378,0.454778,0.563551,0.341600,0.567902,0.097912,0.289733,0.764169
1677108652,212081814,0.455059,0.563601,0.340635,0.567557,0.098512,0.288942,0.764648
1677108652,222081844,0.455282,0.564098,0.339689,0.568884,0.099607,0.289299,0.763385
1677108652,232308627,0.455587,0.564200,0.338798,0.568555,0.100437,0.289206,0.763556
1677108652,242138635,0.455803,0.564462,0.337882,0.569021,0.100881,0.289112,0.763186
1677108652,251943087,0.455951,0.564684,0.336922,0.569351,0.101639,0.289288,0.762772
1677108652,262100667,0.456185,0.564760,0.336017,0.568986,0.101641,0.289635,0.762913
1677108652,271655710,0.456439,0.564996,0.335054,0.569302,0.101573,0.290714,0.762275
1677108652,281947020,0.456567,0.565139,0.334057,0.569936,0.101725,0.290787,0.761753
1677108652,291822456,0.456845,0.565380,0.333125,0.571264,0.100770,0.290865,0.760855
1677108652,301790290,0.457193,0.565372,0.332201,0.571426,0.100243,0.290955,0.760769
1677108652,312078701,0.457555,0.565417,0.331285,0.571740,0.099512,0.290920,0.760642
1677108652,321937596,0.457931,0.565714,0.330371,0.572767,0.098902,0.291273,0.759814
1677108652,332195108,0.458176,0.565924,0.329441,0.573635,0.098646,0.290755,0.759390
1677108652,341546450,0.458432,0.566163,0.328543,0.574115,0.098320,0.290557,0.759146
1677108652,351532698,0.458695,0.566458,0.327665,0.574462,0.098289,0.291369,0.758575
1677108652,362365200,0.458815,0.566713,0.326800,0.574981,0.098249,0.291666,0.758073
1677108652,371909954,0.458770,0.567143,0.325874,0.576312,0.098766,0.292517,0.756666
1677108652,381688840,0.458899,0.567477,0.324966,0.576817,0.098324,0.293899,0.755803
1677108652,391654308,0.458841,0.567675,0.323974,0.576872,0.098674,0.294402,0.755520
1677108652,401870359,0.458950,0.568103,0.322990,0.577117,0.098084,0.295563,0.754956
1677108652,412139671,0.459002,0.568389,0.321992,0.576555,0.098479,0.296215,0.755078
1677108652,421693248,0.459099,0.568907,0.320966,0.576885,0.098237,0.296386,0.754791
1677108652,431958098,0.459262,0.569104,0.319972,0.575875,0.099082,0.296528,0.755395
1677108652,441565326,0.459406,0.569759,0.318975,0.576972,0.099752,0.297125,0.754235
1677108652,451915686,0.459500,0.570006,0.317978,0.576667,0.101034,0.296755,0.754443
1677108652,462323668,0.459734,0.570345,0.317058,0.576405,0.101597,0.297460,0.754289
1677108652,471961402,0.459829,0.570702,0.316046,0.576433,0.102144,0.297661,0.754115
1677108652,482464422,0.459868,0.570875,0.315013,0.575771,0.102897,0.297677,0.754512
1677108652,492120847,0.459901,0.571141,0.313953,0.575331,0.103548,0.298254,0.754530
1677108652,501885260,0.459925,0.571251,0.312978,0.574835,0.103682,0.298355,0.754850
1677108652,511732511,0.459854,0.571389,0.311950,0.575301,0.104045,0.298080,0.754555
1677108652,521955712,0.459890,0.571582,0.311020,0.576281,0.103718,0.298421,0.753716
1677108652,532277898,0.459871,0.571610,0.310105,0.576977,0.103374,0.298088,0.753363
1677108652,541788421,0.459971,0.571407,0.309209,0.576045,0.103476,0.298332,0.753965
1677108652,551886410,0.460095,0.571422,0.308342,0.576050,0.102782,0.298763,0.753885
1677108652,561876274,0.460175,0.571390,0.307442,0.575462,0.102479,0.299293,0.754165
1677108652,571878358,0.460165,0.571480,0.306525,0.575632,0.102169,0.299614,0.753950
1677108652,582199418,0.460001,0.571575,0.305558,0.576057,0.102798,0.299726,0.753495
1677108652,592380253,0.460019,0.571604,0.304641,0.576271,0.101940,0.299895,0.753381
1677108652,602175961,0.459864,0.571712,0.303722,0.576909,0.101981,0.300352,0.752705
1677108652,611525608,0.459784,0.571658,0.302742,0.576915,0.102137,0.300669,0.752552
1677108652,621997335,0.459705,0.571595,0.301814,0.577081,0.102019,0.300765,0.752403
1677108652,632267357,0.459773,0.571521,0.300887,0.576933,0.101919,0.301322,0.752307
1677108652,642319589,0.459780,0.571642,0.299965,0.578067,0.101626,0.301439,0.751429
1677108652,652622570,0.459926,0.571584,0.299052,0.578171,0.101932,0.301573,0.751254
1677108652,662011403,0.459958,0.571613,0.298098,0.579162,0.102315,0.300609,0.750825
1677108652,672162696,0.460107,0.571545,0.297220,0.579033,0.102798,0.300091,0.751065
1677108652,681316157,0.460270,0.571602,0.296305,0.579175,0.103071,0.299533,0.751141
1677108652,691985386,0.460478,0.571812,0.295357,0.579470,0.102871,0.299179,0.751082
1677108652,702174219,0.460596,0.571911,0.294380,0.579143,0.103208,0.298505,0.751556
1677108652,712122250,0.460722,0.572126,0.293434,0.578896,0.103663,0.298639,0.751631
1677108652,721947244,0.460790,0.572314,0.292473,0.578706,0.103600,0.298047,0.752020
1677108652,732284310,0.460742,0.572429,0.291495,0.578302,0.104499,0.297673,0.752355
1677108652,741615638,0.460817,0.572488,0.290597,0.577862,0.104289,0.297659,0.752728
1677108652,751873467,0.460841,0.572549,0.289705,0.577816,0.104366,0.297844,0.752679
1677108652,762066291,0.460998,0.572611,0.288854,0.578044,0.103803,0.298496,0.752323
1677108652,771636982,0.460960,0.572667,0.288008,0.578828,0.103513,0.298136,0.751903
1677108652,782177368,0.460932,0.572684,0.287127,0.578627,0.103944,0.298286,0.751939
1677108652,792217657,0.460935,0.572871,0.286229,0.578707,0.103831,0.298436,0.751834
1677108652,801594010,0.460974,0.573128,0.285356,0.577903,0.104135,0.299439,0.752011
1677108652,811241312,0.460979,0.573260,0.284491,0.576961,0.104195,0.299119,0.752853
1677108652,821480418,0.461075,0.573589,0.283688,0.576663,0.104127,0.299679,0.752868
1677108652,831254661,0.461049,0.573750,0.282827,0.576070,0.105228,0.299317,0.753313
1677108652,841350412,0.461133,0.574049,0.282072,0.575930,0.105384,0.299380,0.753373
1677108652,851569377,0.461157,0.574299,0.281289,0.575343,0.106161,0.299414,0.753699
1677108652,861482280,0.461205,0.574716,0.280495,0.575040,0.106140,0.299195,0.754019
1677108652,871374763,0.461227,0.575135,0.279774,0.574507,0.106447,0.299698,0.754183
1677108652,881851974,0.461237,0.575286,0.279100,0.573516,0.106716,0.299266,0.755070
1677108652,891612218,0.461292,0.575636,0.278462,0.573729,0.106622,0.299766,0.754724
1677108652,902073177,0.461219,0.575832,0.277857,0.573939,0.107206,0.300052,0.754367
1677108652,912267907,0.461197,0.575972,0.277256,0.573812,0.107485,0.300475,0.754255
1677108652,921853411,0.461135,0.576341,0.276657,0.574656,0.107184,0.300605,0.753604
1677108652,931791048,0.461269,0.576413,0.276073,0.573460,0.106792,0.301409,0.754249
1677108652,941682620,0.461077,0.576938,0.275454,0.574395,0.107393,0.301838,0.753280
1677108652,951967325,0.461041,0.577177,0.274837,0.573745,0.108054,0.302263,0.753511
1677108652,961975806,0.460720,0.577277,0.274155,0.572398,0.110876,0.302884,0.753875
1677108652,971757265,0.460769,0.577565,0.273587,0.572612,0.110835,0.302991,0.753676
1677108652,981416135,0.460846,0.578025,0.273033,0.573529,0.110698,0.303155,0.752932
1677108652,991386124,0.460944,0.578242,0.272482,0.573420,0.110531,0.303096,0.753064
1677108653,2048868,0.460950,0.578660,0.271801,0.573741,0.110933,0.302785,0.752885
1677108653,11927644,0.460883,0.579075,0.271071,0.573182,0.111855,0.302713,0.753204
1677108653,21497416,0.460974,0.579615,0.270355,0.572159,0.111759,0.303172,0.753811
1677108653,31714459,0.460737,0.580296,0.269430,0.571433,0.113648,0.303241,0.754051
1677108653,41419860,0.460663,0.580778,0.268618,0.569389,0.114899,0.303678,0.755231
1677108653,51590380,0.460597,0.581256,0.267809,0.567364,0.116640,0.304464,0.756172
1677108653,61613662,0.460760,0.581779,0.267063,0.566662,0.112593,0.302329,0.758165
1677108653,71633174,0.460484,0.582365,0.266301,0.567557,0.113851,0.302205,0.757356
1677108653,81890880,0.460372,0.582396,0.265687,0.566755,0.114890,0.302065,0.757856
1677108653,91506288,0.460121,0.582685,0.265028,0.567730,0.116002,0.302259,0.756879
1677108653,101555531,0.459940,0.582731,0.264411,0.567547,0.116716,0.302229,0.756918
1677108653,111667460,0.459728,0.582959,0.263757,0.567603,0.116640,0.302579,0.756748
1677108653,121353986,0.459552,0.583205,0.263069,0.567081,0.116626,0.303328,0.756842
1677108653,131467851,0.459406,0.583449,0.262328,0.565926,0.116710,0.304250,0.757323
1677108653,141870852,0.459208,0.583828,0.261597,0.565856,0.116202,0.304256,0.757451
1677108653,151450366,0.459027,0.583978,0.260916,0.564956,0.116461,0.304485,0.757991
1677108653,162021293,0.458851,0.584283,0.260297,0.565527,0.116411,0.304450,0.757587
1677108653,171751828,0.458903,0.584313,0.259756,0.564813,0.116076,0.305197,0.757870
1677108653,182323710,0.458680,0.584479,0.259127,0.565317,0.116504,0.305200,0.757428
1677108653,191777852,0.458610,0.584521,0.258530,0.564737,0.116259,0.305687,0.757701
1677108653,202625829,0.458401,0.584803,0.257812,0.564797,0.116021,0.305802,0.757647
1677108653,212186799,0.458238,0.584984,0.257054,0.563686,0.116023,0.306055,0.758371
1677108653,221699821,0.458126,0.585386,0.256276,0.562841,0.116102,0.306730,0.758714
1677108653,232131314,0.457963,0.585666,0.255495,0.561657,0.116532,0.306767,0.759510
1677108653,241541775,0.457938,0.586016,0.254735,0.560674,0.116481,0.306635,0.760297
1677108653,251692250,0.457891,0.586220,0.253976,0.559210,0.117112,0.306191,0.761457
1677108653,262215540,0.457871,0.586674,0.253238,0.558638,0.117457,0.306129,0.761848
1677108653,272059546,0.457878,0.587039,0.252541,0.557482,0.117909,0.305781,0.762764
1677108653,281596858,0.457806,0.587406,0.251872,0.556691,0.118575,0.305096,0.763513
1677108653,292137512,0.457711,0.587800,0.251224,0.556288,0.119078,0.304567,0.763939
1677108653,301831544,0.457728,0.587943,0.250685,0.554945,0.119549,0.304688,0.764793
1677108653,312506744,0.457654,0.588276,0.250143,0.554687,0.120086,0.305119,0.764725
1677108653,321924956,0.457373,0.588825,0.249446,0.556164,0.119748,0.304409,0.763988
1677108653,332074245,0.457315,0.589130,0.248910,0.555394,0.120206,0.305559,0.764017
1677108653,341864495,0.457268,0.589282,0.248352,0.553518,0.120410,0.305981,0.765177
1677108653,351172295,0.457083,0.589652,0.247710,0.552103,0.120606,0.305767,0.766253
1677108653,361897405,0.456964,0.590127,0.247009,0.550108,0.121132,0.305706,0.767627
1677108653,371469609,0.456849,0.590648,0.246355,0.548181,0.121499,0.305282,0.769116
1677108653,381221838,0.456888,0.591191,0.245814,0.546250,0.122009,0.305639,0.770266
1677108653,391550394,0.456717,0.591668,0.245225,0.545579,0.122522,0.304293,0.771192
1677108653,401871881,0.456817,0.591896,0.244825,0.543619,0.123538,0.304644,0.772275
1677108653,412222402,0.456850,0.592498,0.244362,0.544277,0.123523,0.304816,0.771746
1677108653,421982881,0.456720,0.593393,0.243821,0.545495,0.124804,0.305907,0.770247
1677108653,432952973,0.456566,0.593740,0.243320,0.544979,0.125945,0.306187,0.770315
1677108653,442481987,0.456532,0.594072,0.242863,0.543760,0.125833,0.306504,0.771068
1677108653,452855941,0.456387,0.594838,0.242269,0.543517,0.126293,0.307174,0.770898
1677108653,462513362,0.456236,0.595480,0.241593,0.541581,0.127210,0.307667,0.771912
1677108653,471887109,0.456222,0.596169,0.240940,0.539097,0.127021,0.307734,0.773653
1677108653,482260961,0.456106,0.597111,0.240241,0.537336,0.127034,0.307531,0.774956
1677108653,491734779,0.456038,0.597855,0.239618,0.534590,0.128197,0.307983,0.776482
1677108653,502397837,0.455878,0.598729,0.239016,0.533836,0.128656,0.307532,0.777105
1677108653,512826547,0.455674,0.599299,0.238459,0.532860,0.129706,0.306939,0.777834
1677108653,522062424,0.455559,0.599835,0.237965,0.532178,0.130084,0.307270,0.778106
1677108653,532040522,0.455363,0.600534,0.237421,0.532379,0.130856,0.308269,0.777445
1677108653,542019402,0.455071,0.600866,0.236900,0.531064,0.131531,0.308389,0.778182
1677108653,552379362,0.454786,0.601518,0.236320,0.530159,0.131414,0.309291,0.778461
1677108653,562249477,0.454389,0.602053,0.235606,0.528218,0.132007,0.309916,0.779430
1677108653,571712459,0.454178,0.602822,0.234916,0.526550,0.132233,0.311580,0.779858
1677108653,582448528,0.453707,0.603539,0.234097,0.525682,0.132874,0.311487,0.780371
1677108653,592295936,0.453401,0.604229,0.233310,0.524184,0.133579,0.311954,0.781071
1677108653,601996234,0.453182,0.604830,0.232544,0.521944,0.134014,0.312370,0.782330
1677108653,611860226,0.452888,0.605671,0.231671,0.520622,0.134780,0.312809,0.782903
1677108653,621735665,0.452632,0.606331,0.230852,0.518291,0.135777,0.313041,0.784184
1677108653,631540790,0.452261,0.607234,0.229953,0.517422,0.137154,0.313399,0.784375
1677108653,641453070,0.451945,0.607818,0.229184,0.515196,0.138513,0.313743,0.785463
1677108653,652384702,0.451588,0.608542,0.228345,0.514047,0.139411,0.314202,0.785874
1677108653,661567691,0.451348,0.609019,0.227652,0.511443,0.140488,0.315407,0.786897
1677108653,671803169,0.450954,0.609560,0.226841,0.509918,0.140893,0.315430,0.787805
1677108653,681872519,0.450670,0.610140,0.226098,0.508183,0.141172,0.315772,0.788739
1677108653,692019750,0.450364,0.610915,0.225269,0.507202,0.141848,0.316210,0.789073
1677108653,701591744,0.450017,0.611592,0.224463,0.505420,0.142676,0.316147,0.790092
1677108653,711447509,0.449776,0.612435,0.223737,0.504917,0.140650,0.314581,0.791401
1677108653,721734902,0.449452,0.612878,0.223105,0.502642,0.142369,0.314621,0.792525
1677108653,732315634,0.449030,0.613584,0.222447,0.502705,0.143979,0.315039,0.792028
1677108653,741847831,0.448880,0.614001,0.222008,0.501677,0.144460,0.316251,0.792109
1677108653,752335525,0.448608,0.614436,0.221596,0.500907,0.145035,0.317674,0.791922
1677108653,762569078,0.448300,0.614728,0.221136,0.499394,0.145652,0.319110,0.792186
1677108653,771921104,0.447960,0.615330,0.220517,0.497893,0.146568,0.321424,0.792027
1677108653,782378807,0.447628,0.615730,0.219949,0.496146,0.145872,0.322239,0.792920
1677108653,791623154,0.447224,0.615981,0.219369,0.493367,0.145790,0.322031,0.794751
1677108653,801744172,0.446849,0.616647,0.218630,0.492320,0.145628,0.321972,0.795455
1677108653,812389268,0.446586,0.617276,0.218031,0.490912,0.145748,0.322232,0.796197
1677108653,821804120,0.446600,0.617572,0.217697,0.486283,0.147305,0.323699,0.798154
1677108653,832441673,0.446364,0.618122,0.217213,0.484893,0.148108,0.323723,0.798841
1677108653,842090600,0.446045,0.618593,0.216783,0.483813,0.148942,0.323599,0.799390
1677108653,852134132,0.445710,0.619122,0.216325,0.482984,0.150331,0.324379,0.799316
1677108653,861931357,0.445441,0.619558,0.216005,0.482058,0.150467,0.325045,0.799579
1677108653,872436813,0.445098,0.619947,0.215678,0.481519,0.150736,0.325689,0.799590
1677108653,881750873,0.444830,0.620293,0.215383,0.481019,0.150730,0.326501,0.799561
1677108653,891916727,0.444508,0.620488,0.215166,0.479991,0.150766,0.327123,0.799918
1677108653,901851027,0.444345,0.620782,0.214941,0.478982,0.150656,0.328452,0.799999
1677108653,912154343,0.444034,0.621277,0.214551,0.479074,0.150466,0.329059,0.799730
1677108653,922383016,0.443788,0.621616,0.214230,0.477417,0.150719,0.329534,0.800478
1677108653,931641876,0.443566,0.622164,0.213820,0.475829,0.151385,0.330252,0.801001
1677108653,942043153,0.443314,0.622608,0.213456,0.474022,0.152048,0.330473,0.801855
1677108653,952253834,0.442978,0.623147,0.213053,0.473335,0.152565,0.330236,0.802261
1677108653,962131942,0.442637,0.623599,0.212712,0.472358,0.153638,0.330427,0.802553
1677108653,971811219,0.442443,0.623948,0.212446,0.471084,0.153922,0.331328,0.802876
1677108653,982135197,0.442132,0.624279,0.212150,0.470235,0.154029,0.331764,0.803173
1677108653,992380998,0.441904,0.624660,0.211869,0.469504,0.153743,0.333314,0.803014
1677108654,1827772,0.441605,0.625001,0.211536,0.468332,0.153999,0.334901,0.802988
1677108654,12495138,0.441121,0.625364,0.211057,0.468174,0.154163,0.334872,0.803061
1677108654,21362604,0.440887,0.625703,0.210697,0.466492,0.153951,0.336054,0.803587
1677108654,31443887,0.440538,0.626128,0.210209,0.465248,0.154828,0.336725,0.803859
1677108654,41644513,0.440238,0.626492,0.209789,0.463596,0.155091,0.336827,0.804719
1677108654,51180111,0.440011,0.627075,0.209327,0.462326,0.155595,0.337671,0.804999
1677108654,61676648,0.439726,0.627585,0.208834,0.460866,0.156366,0.338281,0.805431
1677108654,71945604,0.439366,0.628090,0.208361,0.459541,0.157541,0.338656,0.805801
1677108654,81367737,0.439021,0.628723,0.207848,0.459060,0.158308,0.339507,0.805566
1677108654,91828292,0.438761,0.629049,0.207488,0.457169,0.158643,0.340143,0.806307
1677108654,101776383,0.438163,0.629792,0.206792,0.458673,0.158869,0.340062,0.805442
1677108654,112283053,0.437911,0.630203,0.206463,0.457030,0.159271,0.341266,0.805788
1677108654,122166386,0.437566,0.630632,0.206048,0.455401,0.159951,0.341972,0.806276
1677108654,132603948,0.437295,0.631120,0.205694,0.453720,0.160431,0.343075,0.806660
1677108654,141696609,0.437029,0.631416,0.205423,0.451827,0.160452,0.343413,0.807573
1677108654,151805033,0.436796,0.631982,0.205098,0.451331,0.160678,0.344451,0.807364
1677108654,161930885,0.436412,0.632258,0.204823,0.450226,0.161786,0.344376,0.807792
1677108654,171412529,0.436183,0.632736,0.204583,0.449821,0.161517,0.345149,0.807741
1677108654,181506905,0.435885,0.633124,0.204335,0.448621,0.162164,0.345833,0.807986
1677108654,191869169,0.435497,0.633534,0.204061,0.447580,0.162612,0.346422,0.808221
1677108654,201760933,0.435179,0.634063,0.203734,0.446812,0.162731,0.347338,0.808229
1677108654,211580866,0.434794,0.634290,0.203431,0.444832,0.163578,0.347595,0.809039
1677108654,222087632,0.434508,0.634722,0.203069,0.443333,0.163444,0.348410,0.809538
1677108654,231965411,0.434065,0.635184,0.202602,0.441972,0.164254,0.348609,0.810033
1677108654,241490533,0.433783,0.635740,0.202165,0.440331,0.164303,0.349468,0.810546
1677108654,252039918,0.433596,0.636263,0.201753,0.438432,0.163929,0.350259,0.811310
1677108654,262220384,0.433244,0.636699,0.201277,0.436520,0.164198,0.350236,0.812296
1677108654,271659072,0.433044,0.637043,0.200926,0.434329,0.164138,0.350415,0.813404
1677108654,282068722,0.432727,0.637439,0.200579,0.433161,0.164629,0.350561,0.813865
1677108654,291835719,0.432609,0.637758,0.200392,0.431816,0.164532,0.351292,0.814284
1677108654,302104270,0.432369,0.637941,0.200242,0.431128,0.164962,0.351234,0.814586
1677108654,311285027,0.432097,0.638254,0.200035,0.431675,0.164951,0.351704,0.814096
1677108654,321680418,0.431887,0.638431,0.199878,0.431216,0.165041,0.352128,0.814138
1677108654,332146720,0.431603,0.638482,0.199670,0.430194,0.165477,0.351995,0.814647
1677108654,341217519,0.431522,0.638848,0.199408,0.429214,0.164745,0.353175,0.814801
1677108654,352097856,0.431313,0.639005,0.199146,0.427388,0.164801,0.353121,0.815773
1677108654,361643507,0.431022,0.639347,0.198785,0.426838,0.165136,0.352740,0.816158
1677108654,371183864,0.430938,0.639592,0.198569,0.425501,0.165139,0.352731,0.816859
1677108654,381570058,0.430747,0.639752,0.198381,0.425031,0.165299,0.351873,0.817441
1677108654,392016456,0.430717,0.640002,0.198297,0.424481,0.165171,0.352306,0.817567
1677108654,401586261,0.430530,0.640225,0.198133,0.424623,0.165397,0.352337,0.817434
1677108654,412305045,0.430347,0.640363,0.198016,0.423865,0.165182,0.352607,0.817754
1677108654,421681578,0.430119,0.640516,0.197818,0.423007,0.164831,0.352925,0.818132
1677108654,431413992,0.429778,0.640759,0.197587,0.422304,0.164236,0.353407,0.818407
1677108654,442004941,0.429541,0.641060,0.197261,0.421207,0.163508,0.354333,0.818717
1677108654,452345489,0.429275,0.641138,0.196949,0.418523,0.163560,0.354594,0.819969
1677108654,461879100,0.428981,0.641590,0.196407,0.416903,0.163544,0.355321,0.820483
1677108654,471589955,0.428653,0.642038,0.195726,0.414213,0.164129,0.355272,0.821749
1677108654,482133821,0.428370,0.642614,0.195000,0.410612,0.164931,0.355638,0.823236
1677108654,491669495,0.427911,0.643211,0.194177,0.408201,0.166036,0.354791,0.824577
1677108654,501725542,0.427718,0.643656,0.193654,0.405454,0.166463,0.354507,0.825967
1677108654,512157027,0.427532,0.644054,0.193289,0.404409,0.166871,0.354538,0.826383
1677108654,521933426,0.427417,0.644275,0.193075,0.404225,0.166571,0.354636,0.826492
1677108654,531355548,0.427324,0.644312,0.193050,0.403974,0.165594,0.355142,0.826594
1677108654,542201553,0.427104,0.644388,0.192948,0.404352,0.164841,0.355931,0.826220
1677108654,552034534,0.426810,0.644424,0.192810,0.404441,0.163714,0.356674,0.826080
1677108654,561853208,0.426495,0.644484,0.192715,0.404160,0.162936,0.357623,0.825962
1677108654,572463581,0.426288,0.644462,0.192621,0.403276,0.162104,0.358610,0.826129
1677108654,582252410,0.426001,0.644512,0.192483,0.403107,0.162030,0.359020,0.826048
1677108654,591797034,0.425899,0.644615,0.192393,0.402760,0.161236,0.359770,0.826046
1677108654,602414164,0.425547,0.644796,0.192057,0.403039,0.162108,0.359538,0.825841
1677108654,612113962,0.425352,0.644962,0.191813,0.402016,0.162295,0.359452,0.826340
1677108654,621817996,0.425182,0.645246,0.191515,0.400977,0.162313,0.359496,0.826822
1677108654,632637571,0.425010,0.645370,0.191283,0.399422,0.162298,0.359349,0.827641
1677108654,642094829,0.424827,0.645685,0.191013,0.398970,0.162450,0.359862,0.827606
1677108654,651638759,0.424654,0.645894,0.190804,0.398699,0.162425,0.360205,0.827593
1677108654,662058563,0.424416,0.645915,0.190639,0.398245,0.162244,0.360081,0.827900
1677108654,672225651,0.424123,0.646099,0.190357,0.397992,0.162244,0.360391,0.827888
1677108654,681831023,0.423827,0.646422,0.190035,0.397456,0.161983,0.361186,0.827850
1677108654,692759163,0.423505,0.646647,0.189644,0.395867,0.162003,0.361562,0.828443
1677108654,701998515,0.423174,0.646968,0.189277,0.394398,0.161807,0.361996,0.828992
1677108654,711973572,0.422887,0.647261,0.188973,0.392911,0.161740,0.362129,0.829653
1677108654,721956584,0.422631,0.647424,0.188755,0.391289,0.161753,0.361855,0.830536
1677108654,731928601,0.422440,0.647709,0.188626,0.390332,0.161158,0.362358,0.830883
1677108654,741600941,0.422170,0.647919,0.188490,0.390055,0.160745,0.362437,0.831058
1677108654,751555390,0.421960,0.648101,0.188435,0.389154,0.160292,0.362912,0.831361
1677108654,761669471,0.421537,0.648328,0.188199,0.389298,0.160269,0.362787,0.831352
1677108654,772094138,0.421358,0.648568,0.188127,0.387623,0.160039,0.364076,0.831616
1677108654,781674354,0.420969,0.648872,0.187856,0.387169,0.159664,0.364268,0.831815
1677108654,791950467,0.420606,0.649157,0.187587,0.386336,0.159493,0.364301,0.832221
1677108654,802318055,0.420318,0.649386,0.187395,0.384699,0.159477,0.364817,0.832756
1677108654,811770009,0.420017,0.649706,0.187085,0.383677,0.159538,0.364979,0.833145
1677108654,821560616,0.419784,0.650026,0.186751,0.381889,0.159514,0.365296,0.833831
1677108654,831871744,0.419340,0.650439,0.186243,0.380310,0.159885,0.364965,0.834627
1677108654,841894397,0.419091,0.650904,0.185704,0.377967,0.159446,0.365203,0.835670
1677108654,851715155,0.418846,0.651418,0.185260,0.375881,0.158628,0.365644,0.836573
1677108654,861627882,0.418522,0.651670,0.184886,0.373599,0.158777,0.365315,0.837711
1677108654,872084335,0.418321,0.651932,0.184641,0.371932,0.158918,0.365285,0.838438
1677108654,881301740,0.418046,0.652219,0.184426,0.371501,0.159011,0.365137,0.838676
1677108654,891499153,0.417891,0.652407,0.184311,0.370226,0.159271,0.365734,0.838930
1677108654,901848246,0.417695,0.652690,0.184158,0.369647,0.158890,0.366159,0.839073
1677108654,912378338,0.417418,0.652791,0.183950,0.367915,0.158748,0.365945,0.839954
1677108654,921998509,0.417184,0.653104,0.183688,0.366488,0.157972,0.366496,0.840483
1677108654,932251794,0.416937,0.653359,0.183428,0.364815,0.157587,0.366808,0.841147
1677108654,942318102,0.416701,0.653619,0.183176,0.363236,0.157332,0.367111,0.841746
1677108654,951556299,0.416531,0.653877,0.182994,0.362008,0.156970,0.367338,0.842243
1677108654,961685092,0.416298,0.654083,0.182840,0.361179,0.157013,0.367162,0.842667
1677108654,971440865,0.416151,0.654174,0.182811,0.359517,0.157257,0.367180,0.843324
1677108654,981557457,0.415928,0.654367,0.182715,0.358898,0.157268,0.367148,0.843600
1677108654,992172513,0.415857,0.654597,0.182703,0.357995,0.156779,0.367823,0.843781
1677108655,2211307,0.415638,0.654904,0.182640,0.358288,0.156564,0.368486,0.843407
1677108655,11839707,0.415447,0.654950,0.182629,0.358066,0.156204,0.368622,0.843509
1677108655,21353391,0.415222,0.654957,0.182665,0.357535,0.156053,0.368829,0.843672
1677108655,31755138,0.415117,0.654941,0.182761,0.356494,0.155596,0.369335,0.843975
1677108655,42362491,0.415047,0.655009,0.182802,0.355542,0.154968,0.370106,0.844154
1677108655,52140209,0.414839,0.655102,0.182701,0.355282,0.154380,0.369985,0.844425
1677108655,62216967,0.414636,0.655245,0.182551,0.354669,0.154244,0.370115,0.844650
1677108655,72069153,0.414462,0.655354,0.182443,0.353963,0.153948,0.369762,0.845155
1677108655,82145563,0.414350,0.655487,0.182392,0.353223,0.153594,0.369813,0.845506
1677108655,92228111,0.414319,0.655819,0.182314,0.353276,0.153150,0.370654,0.845196
1677108655,102041874,0.414218,0.655715,0.182361,0.351567,0.152958,0.370343,0.846080
1677108655,112593159,0.414166,0.656013,0.182240,0.351628,0.152344,0.370939,0.845904
1677108655,121856393,0.413924,0.656104,0.182182,0.351214,0.152374,0.370565,0.846234
1677108655,131892823,0.413797,0.656197,0.182153,0.350109,0.152190,0.370660,0.846684
1677108655,141745950,0.413673,0.656263,0.182144,0.349097,0.151866,0.370859,0.847072
1677108655,152047057,0.413474,0.656463,0.182021,0.348829,0.151991,0.371052,0.847076
1677108655,161847308,0.413278,0.656629,0.181911,0.348136,0.151731,0.371282,0.847307
1677108655,172139336,0.413063,0.656843,0.181718,0.347578,0.151596,0.371226,0.847585
1677108655,182071105,0.412915,0.657098,0.181520,0.346150,0.151103,0.371522,0.848127
1677108655,192368266,0.412593,0.657406,0.181149,0.344711,0.151413,0.371552,0.848645
1677108655,202263071,0.412388,0.657767,0.180784,0.342751,0.150727,0.371597,0.849540
1677108655,212924097,0.412144,0.658374,0.180339,0.341691,0.150285,0.372326,0.849726
1677108655,221675717,0.412000,0.658697,0.180154,0.339275,0.149763,0.372388,0.850759
1677108655,231921485,0.411748,0.659102,0.179974,0.338776,0.148985,0.371993,0.851267
1677108655,241442523,0.411612,0.659465,0.179999,0.338104,0.148671,0.372471,0.851380
1677108655,252280626,0.411352,0.659746,0.179925,0.338530,0.148508,0.372314,0.851308
1677108655,261752482,0.411101,0.660014,0.179913,0.337921,0.148587,0.372940,0.851262
1677108655,272206879,0.410759,0.660434,0.179684,0.337588,0.148453,0.373670,0.851098
1677108655,282004373,0.410390,0.660635,0.179490,0.335476,0.147871,0.373834,0.851962
1677108655,291858484,0.410077,0.661082,0.179134,0.333281,0.147612,0.374958,0.852374
1677108655,302013659,0.409732,0.661521,0.178759,0.331077,0.146546,0.375181,0.853318
1677108655,311855553,0.409368,0.662035,0.178287,0.329601,0.146244,0.375222,0.853923
1677108655,322081503,0.409303,0.662415,0.178095,0.326393,0.145475,0.375835,0.855016
1677108655,331973514,0.409011,0.662969,0.177710,0.325634,0.145645,0.375467,0.855438
1677108655,341802662,0.408794,0.663460,0.177438,0.324296,0.145893,0.375661,0.855819
1677108655,352214376,0.408518,0.663874,0.177176,0.323308,0.146556,0.375420,0.856185
1677108655,362151421,0.408331,0.664270,0.177059,0.322107,0.146611,0.375813,0.856456
1677108655,371898781,0.408017,0.664807,0.176753,0.322325,0.146732,0.376501,0.856051
1677108655,382090741,0.407714,0.664993,0.176544,0.320740,0.147728,0.377082,0.856219
1677108655,391652431,0.407419,0.665181,0.176291,0.319977,0.147345,0.377046,0.856586
1677108655,402008989,0.407161,0.665464,0.175916,0.318460,0.147937,0.377732,0.856747
1677108655,412183227,0.407013,0.665937,0.175384,0.316895,0.147701,0.378853,0.856874
1677108655,421705968,0.406684,0.666143,0.174801,0.313812,0.148051,0.378129,0.858266
1677108655,431809138,0.406527,0.666733,0.174120,0.312341,0.147359,0.378439,0.858785
1677108655,442434766,0.406464,0.667015,0.173793,0.310109,0.147030,0.378246,0.859735
1677108655,452435010,0.406440,0.667240,0.173711,0.310377,0.146876,0.377611,0.859944
1677108655,461081344,0.406495,0.667283,0.173884,0.310595,0.147100,0.377200,0.860007
1677108655,471264967,0.406517,0.667291,0.174017,0.311346,0.146851,0.377066,0.859837
1677108655,481665930,0.406431,0.667237,0.174109,0.311636,0.146714,0.377127,0.859728
1677108655,492341831,0.406340,0.667177,0.174058,0.311307,0.147103,0.377899,0.859442
1677108655,501720925,0.406209,0.667273,0.173797,0.311657,0.146859,0.378651,0.859026
1677108655,511758255,0.406039,0.667287,0.173489,0.311214,0.146649,0.379000,0.859069
1677108655,521938114,0.405939,0.667206,0.173191,0.309191,0.147220,0.379364,0.859540
1677108655,532346658,0.406000,0.667269,0.173093,0.309589,0.146465,0.379359,0.859529
1677108655,541971307,0.406027,0.667275,0.173150,0.310915,0.147063,0.378730,0.859225
1677108655,552289323,0.406116,0.667315,0.173161,0.311418,0.146646,0.378387,0.859265
1677108655,561963238,0.406164,0.667281,0.173115,0.311084,0.146020,0.377893,0.859710
1677108655,572198316,0.406209,0.667189,0.173170,0.311164,0.145986,0.377815,0.859721
1677108655,582232864,0.406210,0.667000,0.173160,0.311593,0.146250,0.377483,0.859667
1677108655,591675368,0.406188,0.666875,0.173048,0.312287,0.146456,0.377683,0.859292
1677108655,601832063,0.406203,0.666799,0.172931,0.313520,0.146453,0.378175,0.858627
1677108655,612018706,0.406267,0.666582,0.172989,0.313764,0.146330,0.378016,0.858629
1677108655,621876242,0.406383,0.666614,0.172906,0.314863,0.146156,0.378534,0.858028
1677108655,632163727,0.406482,0.666454,0.172946,0.314764,0.145925,0.377933,0.858368
1677108655,642321379,0.406514,0.666559,0.172814,0.316104,0.146212,0.377618,0.857965
1677108655,652392126,0.406727,0.666483,0.172965,0.315581,0.145654,0.377401,0.858349
1677108655,662422171,0.406721,0.666592,0.172837,0.316506,0.145882,0.377159,0.858075
1677108655,672517873,0.406779,0.666609,0.172813,0.316819,0.145752,0.377303,0.857919
1677108655,681920798,0.406814,0.666491,0.172800,0.316496,0.146141,0.377432,0.857915
1677108655,692557734,0.406752,0.666519,0.172617,0.317589,0.146545,0.377556,0.857388
1677108655,702246797,0.406798,0.666471,0.172621,0.317223,0.146612,0.378403,0.857138
1677108655,711791799,0.406707,0.666368,0.172522,0.317589,0.147282,0.378104,0.857020
1677108655,721355515,0.406759,0.666285,0.172531,0.317368,0.147681,0.378531,0.856844
1677108655,732381702,0.406785,0.666114,0.172570,0.317787,0.148168,0.378243,0.856732
1677108655,741559697,0.406959,0.666130,0.172606,0.319370,0.147776,0.378498,0.856098
1677108655,751789424,0.407108,0.665999,0.172662,0.320126,0.148919,0.378765,0.855500
1677108655,762036205,0.407263,0.665670,0.172792,0.320517,0.149648,0.378161,0.855493
1677108655,771942612,0.407540,0.665665,0.172761,0.321909,0.149997,0.378692,0.854674
1677108655,781552790,0.407753,0.665539,0.172714,0.323312,0.149992,0.378146,0.854387
1677108655,791753399,0.408013,0.665295,0.172762,0.323810,0.150706,0.377656,0.854290
1677108655,802050863,0.408276,0.665054,0.172872,0.325255,0.150886,0.376584,0.854182
1677108655,812526054,0.408721,0.664870,0.173107,0.325835,0.151091,0.376629,0.853905
1677108655,822228711,0.408887,0.664583,0.173163,0.326863,0.151712,0.375395,0.853945
1677108655,832437407,0.409052,0.664534,0.173140,0.328631,0.152110,0.375276,0.853248
1677108655,841674868,0.409314,0.664235,0.173265,0.329106,0.152417,0.375556,0.852887
1677108655,852326681,0.409383,0.664081,0.173269,0.331394,0.153138,0.375545,0.851876
1677108655,862133578,0.409568,0.663630,0.173440,0.332350,0.153421,0.375221,0.851595
1677108655,871805851,0.409688,0.663347,0.173423,0.334620,0.153980,0.374861,0.850764
1677108655,882599377,0.410000,0.662980,0.173535,0.336133,0.153741,0.374491,0.850373
1677108655,892048048,0.410464,0.662440,0.173838,0.336201,0.153717,0.374143,0.850504
1677108655,902035705,0.410707,0.662217,0.173816,0.339486,0.154173,0.372874,0.849673
1677108655,912263931,0.411171,0.661841,0.174013,0.341064,0.154723,0.372003,0.849323
1677108655,922039518,0.411572,0.661602,0.174057,0.343763,0.155249,0.370557,0.848771
1677108655,932160773,0.411930,0.661162,0.174230,0.345165,0.155907,0.368196,0.849109
1677108655,942324094,0.412424,0.660927,0.174351,0.346648,0.156112,0.366758,0.849090
1677108655,951998243,0.412812,0.660871,0.174359,0.348706,0.156409,0.365545,0.848715
1677108655,962209213,0.413173,0.660691,0.174376,0.349744,0.157402,0.364542,0.848536
1677108655,971843837,0.413462,0.660369,0.174457,0.350913,0.158151,0.363032,0.848561
1677108655,981711958,0.413899,0.660117,0.174557,0.352604,0.158053,0.362442,0.848131
1677108655,992152094,0.414241,0.659762,0.174545,0.354353,0.158185,0.361389,0.847827
1677108656,2084459,0.414698,0.659516,0.174644,0.356493,0.158317,0.361226,0.846973
1677108656,12261059,0.414991,0.659045,0.174786,0.357913,0.159135,0.360203,0.846657
1677108656,21908293,0.415299,0.658620,0.174813,0.359452,0.159504,0.359046,0.846427
1677108656,32211529,0.415617,0.658230,0.174854,0.361661,0.159551,0.357823,0.845995
1677108656,41804349,0.415935,0.657973,0.174823,0.364194,0.160418,0.357034,0.845077
1677108656,52240166,0.416311,0.657585,0.174935,0.365215,0.160647,0.356170,0.844958
1677108656,62161852,0.416495,0.657292,0.174918,0.366930,0.161438,0.354900,0.844598
1677108656,71939292,0.416751,0.657147,0.174938,0.368653,0.161730,0.354451,0.843981
1677108656,83173248,0.417012,0.656950,0.175000,0.370099,0.161853,0.353954,0.843533
1677108656,91728398,0.417208,0.656621,0.175050,0.371046,0.162248,0.353019,0.843432
1677108656,101676886,0.417337,0.656415,0.175049,0.372426,0.162704,0.352218,0.843071
1677108656,112074068,0.417646,0.656226,0.175160,0.372840,0.162208,0.352036,0.843060
1677108656,121893321,0.417738,0.656001,0.175194,0.373077,0.162229,0.351064,0.843356
1677108656,131560282,0.417895,0.655945,0.175198,0.373541,0.161872,0.350878,0.843297
1677108656,141659682,0.417814,0.655870,0.175120,0.374962,0.162468,0.350223,0.842824
1677108656,152004433,0.417918,0.655673,0.175215,0.375272,0.162493,0.350345,0.842630
1677108656,161488136,0.418014,0.655404,0.175264,0.375539,0.162556,0.350911,0.842263
1677108656,171763163,0.418026,0.655188,0.175267,0.376208,0.162782,0.351499,0.841676
1677108656,182099943,0.418011,0.654955,0.175247,0.377414,0.162595,0.351763,0.841061
1677108656,192259427,0.418007,0.654778,0.175201,0.378501,0.162878,0.351962,0.840435
1677108656,202123429,0.418096,0.654484,0.175272,0.378688,0.163104,0.351675,0.840427
1677108656,212063256,0.418345,0.654429,0.175293,0.379336,0.162617,0.351619,0.840253
1677108656,221809217,0.418442,0.654491,0.175207,0.380500,0.162903,0.350725,0.840044
1677108656,231449823,0.418656,0.654421,0.175163,0.380452,0.163551,0.349823,0.840316
1677108656,241976702,0.418981,0.654519,0.175154,0.381157,0.162849,0.349201,0.840392
1677108656,252006611,0.419099,0.654465,0.175117,0.381904,0.163230,0.347773,0.840571
1677108656,262296314,0.419149,0.654454,0.174994,0.383495,0.163782,0.346622,0.840215
1677108656,272068633,0.419252,0.654234,0.174994,0.384753,0.164024,0.345525,0.840044
1677108656,281874077,0.419487,0.653958,0.175082,0.385609,0.164241,0.345599,0.839578
1677108656,292169099,0.419631,0.653582,0.175169,0.386851,0.163996,0.345226,0.839209
1677108656,301854283,0.419812,0.653213,0.175269,0.388046,0.164058,0.345370,0.838585
1677108656,312009566,0.419892,0.652919,0.175249,0.390123,0.163884,0.344716,0.837924
1677108656,321572296,0.420124,0.652709,0.175288,0.391053,0.163952,0.344891,0.837405
1677108656,332166343,0.420343,0.652315,0.175379,0.391586,0.163147,0.343418,0.837919
1677108656,341557107,0.420437,0.652325,0.175250,0.393865,0.163376,0.342467,0.837195
1677108656,351957530,0.420553,0.652161,0.175228,0.395193,0.163543,0.341363,0.836987
1677108656,362064241,0.420664,0.651872,0.175211,0.396236,0.163443,0.340935,0.836688
1677108656,371932729,0.420608,0.651487,0.175244,0.396875,0.163730,0.341138,0.836246
1677108656,382166964,0.420513,0.651183,0.175209,0.398210,0.163469,0.342100,0.835269
1677108656,392253318,0.420409,0.650721,0.175274,0.398835,0.162594,0.343558,0.834543
1677108656,402168914,0.420047,0.650317,0.175201,0.400216,0.162601,0.344487,0.833497
1677108656,412078642,0.419901,0.649934,0.175243,0.400501,0.162071,0.346683,0.832552
1677108656,422311057,0.419573,0.649599,0.175233,0.401612,0.161633,0.347533,0.831747
1677108656,432202008,0.419390,0.649175,0.175343,0.401435,0.161182,0.348502,0.831515
1677108656,441992582,0.419215,0.649041,0.175354,0.402287,0.160662,0.349324,0.830858
1677108656,452240393,0.419078,0.648769,0.175396,0.402301,0.160769,0.349600,0.830715
1677108656,462325445,0.418836,0.648695,0.175307,0.403571,0.160813,0.349467,0.830146
1677108656,471575005,0.418910,0.648585,0.175364,0.403406,0.159976,0.350783,0.829833
1677108656,481345965,0.418784,0.648405,0.175320,0.403814,0.159887,0.351353,0.829410
1677108656,491909449,0.418596,0.648223,0.175219,0.405000,0.159654,0.351959,0.828619
1677108656,502054689,0.418432,0.647879,0.175256,0.405477,0.159225,0.352629,0.828184
1677108656,512364570,0.418264,0.647565,0.175252,0.406581,0.159479,0.353797,0.827095
1677108656,522479011,0.418159,0.647290,0.175334,0.408356,0.158657,0.355011,0.825857
1677108656,532315207,0.417874,0.646857,0.175350,0.409511,0.159009,0.355324,0.825083
1677108656,541739168,0.417585,0.646638,0.175248,0.411098,0.159591,0.356351,0.823737
1677108656,552394684,0.417529,0.646354,0.175299,0.411777,0.159154,0.357572,0.822953
1677108656,562064939,0.417368,0.646155,0.175271,0.413584,0.158595,0.358118,0.821917
1677108656,571872979,0.417199,0.645937,0.175274,0.415883,0.158488,0.357917,0.820865
1677108656,582319225,0.417086,0.645595,0.175299,0.417716,0.158685,0.357428,0.820109
1677108656,591829272,0.416952,0.645467,0.175268,0.420404,0.159191,0.357122,0.818769
1677108656,601951206,0.416919,0.645159,0.175332,0.422155,0.159499,0.356552,0.818056
1677108656,612044785,0.416796,0.645176,0.175183,0.425883,0.160630,0.356085,0.816104
1677108656,621570020,0.416680,0.645021,0.175073,0.429188,0.161838,0.355029,0.814592
1677108656,632068040,0.416734,0.644732,0.175028,0.431232,0.162836,0.354258,0.813649
1677108656,641686040,0.416864,0.644582,0.174968,0.433748,0.163275,0.353733,0.812451
1677108656,651358986,0.416804,0.644426,0.174807,0.437544,0.163592,0.351351,0.811385
1677108656,661666890,0.416963,0.644221,0.174729,0.440642,0.164365,0.350007,0.810132
1677108656,672455546,0.417070,0.643830,0.174750,0.443743,0.164227,0.347341,0.809615
1677108656,682841008,0.417149,0.643628,0.174629,0.447475,0.164620,0.345095,0.808440
1677108656,692485740,0.417296,0.643450,0.174525,0.450782,0.163949,0.343138,0.807572
1677108656,702467789,0.417294,0.643126,0.174389,0.454200,0.163857,0.339974,0.807014
1677108656,712548870,0.417401,0.642978,0.174245,0.458160,0.163858,0.338590,0.805355
1677108656,722645840,0.417313,0.642607,0.174131,0.462029,0.164268,0.335819,0.804220
1677108656,732394283,0.417225,0.642359,0.173947,0.466523,0.164103,0.333428,0.802653
1677108656,742102782,0.417051,0.642102,0.173704,0.470386,0.164691,0.331575,0.801044
1677108656,752576759,0.416868,0.641798,0.173499,0.473633,0.164905,0.329871,0.799789
1677108656,762294170,0.416564,0.641653,0.173204,0.478038,0.165172,0.328062,0.797855
1677108656,772477012,0.416194,0.641495,0.172892,0.482068,0.165501,0.326340,0.796067
1677108656,782427108,0.415849,0.641354,0.172544,0.486069,0.165767,0.324500,0.794328
1677108656,792407916,0.415617,0.641290,0.172281,0.489765,0.165321,0.322986,0.792767
1677108656,802690577,0.415215,0.641178,0.172063,0.493434,0.165098,0.319962,0.791764
1677108656,812575616,0.414935,0.641284,0.172005,0.496772,0.164219,0.317819,0.790722
1677108656,821793648,0.414494,0.641392,0.171984,0.499431,0.163317,0.315036,0.790347
1677108656,832435434,0.413724,0.641654,0.171877,0.502048,0.162926,0.312547,0.789758
1677108656,842314139,0.413094,0.642082,0.171711,0.504573,0.160626,0.311449,0.789054
1677108656,852304892,0.412218,0.642375,0.171535,0.506807,0.158861,0.310475,0.788362
1677108656,862072578,0.411249,0.642553,0.171379,0.508830,0.157218,0.310054,0.787554
1677108656,872222860,0.410170,0.642737,0.171158,0.511241,0.155385,0.309908,0.786413
1677108656,882270835,0.409016,0.642939,0.170934,0.514046,0.153382,0.309717,0.785052
1677108656,891688441,0.408002,0.642930,0.170663,0.515927,0.151346,0.309698,0.784220
1677108656,901336825,0.407100,0.643101,0.170341,0.518695,0.149227,0.309799,0.782759
1677108656,912310594,0.406335,0.643179,0.170057,0.521716,0.147028,0.308464,0.781694
1677108656,921741359,0.405723,0.643375,0.169773,0.525406,0.145396,0.306234,0.780403
1677108656,931625617,0.405343,0.643578,0.169553,0.528843,0.143683,0.303105,0.779620
1677108656,941014787,0.405154,0.643868,0.169397,0.531793,0.141553,0.298883,0.779633
1677108656,951592350,0.404987,0.644287,0.169276,0.534218,0.139922,0.293711,0.780235
1677108656,962398208,0.404758,0.645037,0.169205,0.536815,0.138357,0.288211,0.780783
1677108656,971817119,0.404373,0.646054,0.169112,0.539236,0.136848,0.282767,0.781371
1677108656,981655934,0.403603,0.647258,0.168965,0.541221,0.136843,0.278385,0.781572
1677108656,992025653,0.402699,0.648508,0.168783,0.542127,0.136774,0.275952,0.781819
1677108657,2765813,0.401313,0.649835,0.168526,0.543638,0.136780,0.273780,0.781533
1677108657,12340915,0.399926,0.650880,0.168383,0.543803,0.136119,0.273691,0.781565
1677108657,22032542,0.398396,0.651818,0.168216,0.544621,0.134402,0.274320,0.781072
1677108657,32255591,0.396938,0.652593,0.168169,0.545040,0.131824,0.276152,0.780573
1677108657,41677215,0.395285,0.653205,0.168057,0.546206,0.129167,0.276755,0.779988
1677108657,51867208,0.393844,0.653720,0.168021,0.547316,0.125522,0.277446,0.779560
1677108657,61681504,0.392630,0.654192,0.168022,0.548366,0.122211,0.278042,0.779135
1677108657,72367012,0.391471,0.654625,0.167995,0.550225,0.119043,0.276713,0.778789
1677108657,81899521,0.390624,0.654993,0.168061,0.551520,0.115688,0.274656,0.779106
1677108657,91469961,0.389990,0.655830,0.168030,0.554145,0.112109,0.272023,0.778690
1677108657,101295504,0.389273,0.656554,0.168099,0.554880,0.109822,0.267802,0.779955
1677108657,111784260,0.388578,0.657744,0.168057,0.555687,0.108094,0.263769,0.780995
1677108657,122189084,0.387855,0.658913,0.168004,0.555410,0.107335,0.259894,0.782594
1677108657,132416902,0.386974,0.660326,0.167817,0.556492,0.106736,0.256111,0.783155
1677108657,141536684,0.386279,0.661595,0.167695,0.557908,0.104938,0.252950,0.783418
1677108657,151251647,0.385473,0.662496,0.167545,0.559195,0.104005,0.249761,0.783647
1677108657,161639597,0.384698,0.663434,0.167348,0.561965,0.102163,0.246879,0.782821
1677108657,171930251,0.383886,0.664136,0.167097,0.564403,0.100662,0.243887,0.782199
1677108657,181849052,0.383181,0.664829,0.166799,0.566534,0.098816,0.241336,0.781685
1677108657,191622280,0.382501,0.665601,0.166430,0.568868,0.096653,0.238394,0.781163
1677108657,201942479,0.381887,0.666475,0.166130,0.571682,0.094090,0.234925,0.780472
1677108657,211714101,0.381373,0.667085,0.165939,0.573485,0.092225,0.231060,0.780526
1677108657,221461498,0.380893,0.667756,0.165778,0.575861,0.090084,0.226589,0.780337
1677108657,231062812,0.380439,0.668608,0.165570,0.578243,0.088139,0.222423,0.779996
1677108657,241593932,0.379845,0.669606,0.165225,0.580763,0.086693,0.218141,0.779496
1677108657,252138369,0.379265,0.670568,0.164878,0.582464,0.085633,0.214526,0.779347
1677108657,261952490,0.378717,0.671504,0.164545,0.584459,0.083859,0.210738,0.779079
1677108657,271560061,0.378263,0.672293,0.164334,0.586213,0.082110,0.207698,0.778764
1677108657,281992730,0.377623,0.673168,0.164096,0.589087,0.080869,0.204057,0.777688
1677108657,292430124,0.377090,0.673819,0.163873,0.591002,0.079275,0.200716,0.777267
1677108657,302015570,0.376622,0.674497,0.163601,0.592584,0.077263,0.198066,0.776945
1677108657,312001068,0.376084,0.675283,0.163263,0.594792,0.075653,0.195132,0.776159
1677108657,321436120,0.375549,0.675838,0.162927,0.597127,0.073558,0.190962,0.775604
1677108657,331650927,0.375272,0.676351,0.162598,0.599835,0.071709,0.187941,0.774425
1677108657,342492225,0.374948,0.676781,0.162258,0.602953,0.070544,0.183564,0.773159
1677108657,352479683,0.374752,0.677125,0.161907,0.605352,0.069765,0.179123,0.772397
1677108657,362090956,0.374546,0.677861,0.161432,0.609183,0.069668,0.174421,0.770467
1677108657,372072033,0.374511,0.678428,0.160960,0.611529,0.070392,0.170436,0.769434
1677108657,382204692,0.374482,0.679057,0.160560,0.614224,0.071163,0.165809,0.768227
1677108657,391900767,0.374574,0.679659,0.160308,0.616658,0.071748,0.161274,0.767187
1677108657,401545664,0.374619,0.680314,0.160047,0.618829,0.072530,0.156625,0.766328
1677108657,411797555,0.374777,0.680757,0.159843,0.619708,0.072734,0.152770,0.766377
1677108657,421368314,0.374767,0.681313,0.159649,0.621797,0.072899,0.148651,0.765478
1677108657,431893497,0.374827,0.681696,0.159442,0.624002,0.072088,0.144751,0.764508
1677108657,441285224,0.374792,0.681817,0.159252,0.625687,0.071566,0.141571,0.763775
1677108657,451783455,0.374807,0.681938,0.159008,0.627254,0.070482,0.139048,0.763053
1677108657,461694987,0.374746,0.682178,0.158702,0.629099,0.069132,0.136752,0.762072
1677108657,471518786,0.374476,0.682333,0.158379,0.630798,0.068397,0.133604,0.761292
1677108657,481747630,0.374533,0.682381,0.158165,0.631915,0.067233,0.132128,0.760727
1677108657,491713474,0.374498,0.682560,0.157946,0.633379,0.066033,0.129706,0.760031
1677108657,502039615,0.374451,0.682951,0.157742,0.634714,0.065055,0.127548,0.759366
1677108657,511978102,0.374428,0.683196,0.157534,0.634958,0.064557,0.125505,0.759545
1677108657,522068468,0.374476,0.683464,0.157348,0.635843,0.063256,0.123264,0.759282
1677108657,532155079,0.374396,0.683524,0.157241,0.636939,0.062637,0.120757,0.758817
1677108657,541709308,0.374343,0.683580,0.157159,0.638179,0.061875,0.118743,0.758155
1677108657,551971521,0.374380,0.683634,0.156978,0.639318,0.060328,0.116949,0.757599
1677108657,561903989,0.374337,0.683838,0.156762,0.640929,0.058943,0.115305,0.756598
1677108657,571837658,0.374287,0.683967,0.156528,0.642426,0.057301,0.113657,0.755703
1677108657,582282812,0.374239,0.683950,0.156297,0.643466,0.056689,0.112916,0.754975
1677108657,592380907,0.374112,0.684211,0.156029,0.645637,0.055882,0.111916,0.753330
1677108657,602408166,0.373968,0.684327,0.155749,0.646868,0.055197,0.110716,0.752500
1677108657,612305228,0.373958,0.684513,0.155474,0.648180,0.054134,0.110163,0.751529
1677108657,621633329,0.373805,0.684560,0.155246,0.648994,0.053528,0.108634,0.751092
1677108657,631658499,0.373840,0.684665,0.155156,0.649943,0.052049,0.107748,0.750504
1677108657,642628432,0.373814,0.684707,0.155110,0.650580,0.050752,0.106602,0.750204
1677108657,652156879,0.373786,0.684868,0.155054,0.651068,0.049598,0.105633,0.749995
1677108657,662247047,0.373798,0.685202,0.154990,0.652007,0.047483,0.104607,0.749459
1677108657,672102094,0.373671,0.685422,0.154947,0.652292,0.046073,0.103553,0.749446
1677108657,681798212,0.373670,0.685863,0.154896,0.653327,0.044067,0.103108,0.748726
1677108657,691318700,0.373611,0.686283,0.154840,0.653662,0.042560,0.103045,0.748529
1677108657,701113259,0.373456,0.686867,0.154789,0.653852,0.041396,0.102214,0.748543
1677108657,711011247,0.373375,0.687603,0.154796,0.654268,0.040190,0.101791,0.748303
1677108657,720953084,0.373446,0.688176,0.154867,0.653944,0.038815,0.101366,0.748716
1677108657,731932192,0.373541,0.688711,0.155002,0.653542,0.037846,0.100733,0.749202
1677108657,741795087,0.373565,0.689313,0.155153,0.653639,0.036344,0.098722,0.749459
1677108657,752251340,0.373826,0.690022,0.155308,0.653564,0.033827,0.097397,0.749816
1677108657,761572814,0.373922,0.690663,0.155452,0.652940,0.031873,0.094979,0.750755
1677108657,771425313,0.374141,0.691246,0.155649,0.652447,0.029339,0.093170,0.751513
1677108657,782355783,0.374505,0.691908,0.155827,0.652912,0.026400,0.092169,0.751342
1677108657,791926123,0.374611,0.692325,0.156025,0.652921,0.024792,0.090536,0.751587
1677108657,802437772,0.374784,0.692993,0.156174,0.654095,0.022687,0.089012,0.750814
1677108657,811878312,0.374971,0.693574,0.156340,0.655019,0.021765,0.088693,0.750073
1677108657,822040325,0.375266,0.693762,0.156536,0.654778,0.020298,0.088051,0.750400
1677108657,831231179,0.375528,0.694001,0.156768,0.655243,0.019428,0.087607,0.750069
1677108657,841909452,0.375710,0.694214,0.156877,0.655605,0.018797,0.086702,0.749875
1677108657,851838978,0.375935,0.694489,0.156935,0.655834,0.017572,0.085649,0.749825
1677108657,861581152,0.376294,0.694830,0.156939,0.656240,0.015065,0.084584,0.749645
1677108657,871800113,0.376537,0.694943,0.156894,0.656318,0.013383,0.083323,0.749750
1677108657,881752575,0.376883,0.694986,0.156852,0.657313,0.011065,0.082100,0.749050
1677108657,891670930,0.377212,0.695022,0.156862,0.659202,0.009263,0.081269,0.747504
1677108657,901773879,0.377569,0.694895,0.156783,0.661099,0.007265,0.080035,0.745982
1677108657,911796597,0.377825,0.694614,0.156677,0.662719,0.005674,0.077971,0.744777
1677108657,921808664,0.378203,0.694405,0.156578,0.664457,0.004488,0.076689,0.743368
1677108657,932368406,0.378644,0.694212,0.156500,0.666297,0.002972,0.074903,0.741909
1677108657,942345429,0.379087,0.693921,0.156414,0.667411,0.002369,0.073687,0.741031
1677108657,952372881,0.379418,0.693741,0.156294,0.668405,0.002045,0.071432,0.740357
1677108657,961788033,0.380083,0.693898,0.156191,0.669953,0.000342,0.070184,0.739078
1677108657,972275038,0.380505,0.693748,0.156020,0.670073,-0.000368,0.067909,0.739182
1677108657,982338399,0.381117,0.693735,0.155919,0.671150,-0.002427,0.065934,0.738380
1677108657,992149609,0.381551,0.693539,0.155757,0.671949,-0.002726,0.064320,0.737794
1677108658,2221230,0.381983,0.693418,0.155616,0.673682,-0.003017,0.062604,0.736359
1677108658,12147924,0.382482,0.693136,0.155458,0.675064,-0.003461,0.061087,0.735218
1677108658,22008365,0.382921,0.692666,0.155287,0.675807,-0.003108,0.059444,0.734672
1677108658,31810454,0.383461,0.692395,0.155155,0.677172,-0.003072,0.057926,0.733535
1677108658,41629803,0.383982,0.691961,0.154961,0.678074,-0.002769,0.056131,0.732842
1677108658,52129175,0.384506,0.691720,0.154760,0.680026,-0.003464,0.053336,0.731237
1677108658,61572010,0.385173,0.691404,0.154590,0.681155,-0.004720,0.051368,0.730320
1677108658,72069482,0.385639,0.691157,0.154365,0.682010,-0.005205,0.048827,0.729693
1677108658,82330583,0.386143,0.691040,0.154136,0.682908,-0.005921,0.046622,0.728991
1677108658,92183400,0.386685,0.690726,0.154002,0.683240,-0.006388,0.045061,0.728774
1677108658,101892298,0.387038,0.690585,0.153887,0.685179,-0.006262,0.042921,0.727082
1677108658,111314393,0.387500,0.690255,0.153798,0.686825,-0.006627,0.041370,0.725614
1677108658,122255232,0.387903,0.689809,0.153759,0.687882,-0.006427,0.039573,0.724714
1677108658,131935678,0.388340,0.689575,0.153689,0.689033,-0.006484,0.037804,0.723715
1677108658,142074787,0.388734,0.689479,0.153643,0.690256,-0.006780,0.035803,0.722647
1677108658,152016628,0.389095,0.689260,0.153629,0.690771,-0.006582,0.034046,0.722242
1677108658,161955692,0.389546,0.689060,0.153646,0.691362,-0.007403,0.032551,0.721737
1677108658,171737499,0.389835,0.688997,0.153671,0.692486,-0.007571,0.031029,0.720724
1677108658,182106859,0.390147,0.688871,0.153714,0.692990,-0.007936,0.029745,0.720290
1677108658,192044401,0.390430,0.688806,0.153763,0.693147,-0.008626,0.028566,0.720178
1677108658,202124160,0.390611,0.688860,0.153800,0.693400,-0.008936,0.027475,0.719973
1677108658,211665119,0.390796,0.688879,0.153792,0.693364,-0.009757,0.026361,0.720039
1677108658,221200941,0.390893,0.688883,0.153770,0.693960,-0.010094,0.025478,0.719492
1677108658,231649140,0.391055,0.688765,0.153782,0.694645,-0.010705,0.025493,0.718821
1677108658,242235164,0.391039,0.688466,0.153762,0.695102,-0.010934,0.024725,0.718403
1677108658,252471212,0.391139,0.688163,0.153777,0.696359,-0.011693,0.024479,0.717181
1677108658,262261409,0.391222,0.687864,0.153771,0.697829,-0.012090,0.024344,0.715749
1677108658,272309479,0.391252,0.687481,0.153799,0.698964,-0.011883,0.024157,0.714650
1677108658,282335180,0.391384,0.687149,0.153810,0.700119,-0.012044,0.023902,0.713525
1677108658,292158776,0.391546,0.686869,0.153849,0.701057,-0.011920,0.023477,0.712619
1677108658,301780491,0.391651,0.686731,0.153854,0.701600,-0.011037,0.022833,0.712120
1677108658,312113067,0.391885,0.686701,0.153865,0.701734,-0.010845,0.022212,0.712010
1677108658,321939932,0.392190,0.686735,0.153835,0.701406,-0.011418,0.021592,0.712343
1677108658,331767008,0.392302,0.686647,0.153805,0.700768,-0.011091,0.020531,0.713007
1677108658,341957718,0.392497,0.686654,0.153844,0.701308,-0.011599,0.019896,0.712486
1677108658,351707356,0.392553,0.686238,0.153946,0.701492,-0.011923,0.019238,0.712318
1677108658,362066370,0.392673,0.685799,0.154126,0.702961,-0.012452,0.019474,0.710852
1677108658,371681997,0.392677,0.685259,0.154333,0.704904,-0.012406,0.019458,0.708927
1677108658,382371887,0.392655,0.684638,0.154515,0.706839,-0.011950,0.019288,0.707010
1677108658,392071042,0.392988,0.684233,0.154719,0.709298,-0.012598,0.020012,0.704512
1677108658,401752199,0.393018,0.683662,0.154917,0.710596,-0.011466,0.019322,0.703242
1677108658,411899209,0.393169,0.683320,0.155083,0.711831,-0.010874,0.017897,0.702038
1677108658,421933962,0.393486,0.683079,0.155249,0.712343,-0.010784,0.016908,0.701545
1677108658,431784034,0.393800,0.682779,0.155431,0.711712,-0.010441,0.015651,0.702220
1677108658,441719102,0.394119,0.682624,0.155624,0.711391,-0.010664,0.014386,0.702568
1677108658,451861911,0.394296,0.682404,0.155871,0.711414,-0.010454,0.013074,0.702573
1677108658,461945239,0.394487,0.682148,0.156256,0.712495,-0.010359,0.012646,0.701486
1677108658,472284871,0.394573,0.681543,0.156703,0.713547,-0.010391,0.012172,0.700424
1677108658,481908321,0.394641,0.680972,0.157229,0.715805,-0.010084,0.012658,0.698113
1677108658,492159732,0.394633,0.680231,0.157789,0.717829,-0.009653,0.012206,0.696045
1677108658,501877598,0.394804,0.679719,0.158459,0.720952,-0.009452,0.012155,0.692814
1677108658,512096427,0.394970,0.678985,0.159088,0.722709,-0.008921,0.011278,0.691003
1677108658,521777552,0.395221,0.678334,0.159742,0.723799,-0.008003,0.010527,0.689884
1677108658,531933984,0.395617,0.678018,0.160453,0.724914,-0.007519,0.009632,0.688731
1677108658,542102616,0.395988,0.677734,0.161128,0.724884,-0.006920,0.008065,0.688789
1677108658,551747895,0.396373,0.677428,0.161828,0.724380,-0.006803,0.006203,0.689339
1677108658,561938965,0.396651,0.677134,0.162599,0.724085,-0.006120,0.005051,0.689665
1677108658,572325725,0.396862,0.676883,0.163419,0.724823,-0.005964,0.003858,0.688899
1677108658,582044497,0.396997,0.676393,0.164299,0.725660,-0.005494,0.003741,0.688021
1677108658,591841045,0.397220,0.675814,0.165251,0.727195,-0.005793,0.004641,0.686391
1677108658,601414143,0.397207,0.675331,0.166238,0.729396,-0.005225,0.004889,0.684055
1677108658,611899260,0.397170,0.674604,0.167211,0.730674,-0.004340,0.005119,0.682693
1677108658,621708406,0.397298,0.674045,0.168256,0.732407,-0.003867,0.005876,0.680831
1677108658,631907603,0.397390,0.673454,0.169289,0.733665,-0.003318,0.005711,0.679479
1677108658,641894206,0.397530,0.672823,0.170330,0.734361,-0.002997,0.005019,0.678734
1677108658,651867783,0.397809,0.672353,0.171406,0.735241,-0.002917,0.004633,0.677784
1677108658,662376151,0.398161,0.672001,0.172492,0.736350,-0.002732,0.004290,0.676582
1677108658,672147382,0.398529,0.671490,0.173601,0.737076,-0.002622,0.004146,0.675792
1677108658,681951543,0.398760,0.671010,0.174694,0.738274,-0.002139,0.003251,0.674489
1677108658,691466935,0.399021,0.670374,0.175757,0.739451,-0.001617,0.003308,0.673200
1677108658,701648067,0.399242,0.669742,0.176870,0.741349,-0.001367,0.002835,0.671112
1677108658,712181093,0.399415,0.668890,0.177905,0.742574,-0.000936,0.002591,0.669758
1677108658,721615389,0.399553,0.668171,0.178962,0.744228,-0.000358,0.002310,0.667922
1677108658,731029310,0.399811,0.667574,0.180039,0.745695,0.000266,0.003166,0.666280
1677108658,741639996,0.399926,0.667101,0.181045,0.746837,0.000961,0.003129,0.664999
1677108658,751201915,0.400072,0.666755,0.182061,0.747784,0.001535,0.003466,0.663931
1677108658,761422777,0.400203,0.666580,0.183064,0.748833,0.001909,0.003739,0.662745
1677108658,771801139,0.400289,0.666325,0.184053,0.748992,0.002478,0.004064,0.662562
1677108658,781665560,0.400404,0.666258,0.185058,0.749560,0.002509,0.004487,0.661916
1677108658,791933613,0.400428,0.666112,0.186070,0.749729,0.002629,0.004725,0.661723
1677108658,801949374,0.400405,0.665874,0.187072,0.749614,0.002619,0.005346,0.661848
1677108658,811835942,0.400473,0.665745,0.188126,0.750118,0.002023,0.006395,0.661270
1677108658,821191416,0.400382,0.665598,0.189160,0.750525,0.001873,0.007043,0.660802
1677108658,831174567,0.400397,0.665426,0.190195,0.751056,0.001128,0.008554,0.660182
1677108658,841761793,0.400315,0.665269,0.191278,0.751859,0.000641,0.009529,0.659255
1677108658,852358674,0.400166,0.665081,0.192324,0.752712,0.001140,0.011099,0.658256
1677108658,862274403,0.400066,0.664856,0.193398,0.753590,0.000794,0.011903,0.657237
1677108658,871849781,0.399955,0.664675,0.194535,0.754593,0.000675,0.012694,0.656070
1677108658,881730331,0.400020,0.664452,0.195686,0.755124,0.000312,0.014227,0.655428
1677108658,892406507,0.400129,0.664260,0.196845,0.755501,-0.000229,0.015312,0.654969
1677108658,901831027,0.400103,0.664222,0.197992,0.756141,-0.000679,0.015544,0.654224
1677108658,911727251,0.400083,0.664049,0.199129,0.756114,-0.000630,0.016021,0.654243
1677108658,922400857,0.400177,0.664061,0.200360,0.756954,-0.001213,0.016857,0.653249
1677108658,932248805,0.400184,0.663708,0.201551,0.757030,-0.001216,0.017523,0.653144
1677108658,942894299,0.400218,0.663413,0.202849,0.757943,-0.001395,0.018309,0.652062
1677108658,952463885,0.400319,0.663089,0.204146,0.759118,-0.002253,0.018509,0.650686
1677108658,961586504,0.400392,0.662715,0.205494,0.760122,-0.002024,0.019754,0.649477
1677108658,971485516,0.400497,0.662414,0.206830,0.761248,-0.001923,0.020421,0.648136
1677108658,981174534,0.400658,0.662296,0.208246,0.762584,-0.001962,0.020360,0.646566
1677108658,991064396,0.400950,0.662151,0.209602,0.763371,-0.001930,0.020769,0.645623
1677108659,1326108,0.401259,0.661125,0.210853,0.761064,-0.002233,0.020788,0.648339
1677108659,11682836,0.401499,0.660879,0.212242,0.761449,-0.002174,0.020165,0.647908
1677108659,21835237,0.401898,0.660800,0.213714,0.762606,-0.002928,0.019690,0.646556
1677108659,32159962,0.402105,0.660352,0.215160,0.762455,-0.002287,0.019424,0.646745
1677108659,41668891,0.402420,0.659865,0.216605,0.762437,-0.001866,0.020101,0.646747
1677108659,52131724,0.402402,0.659194,0.217982,0.761924,-0.000218,0.019481,0.647373
1677108659,62374911,0.402125,0.658360,0.219290,0.760965,0.002951,0.018870,0.648511
1677108659,71963686,0.403392,0.658698,0.221229,0.764940,-0.002590,0.020793,0.643760
1677108659,82189495,0.403572,0.658240,0.222780,0.765626,-0.002577,0.020528,0.642954
1677108659,92273670,0.403923,0.657839,0.224325,0.766102,-0.002966,0.021308,0.642359
1677108659,102129020,0.404181,0.657532,0.225915,0.766539,-0.003116,0.021137,0.641842
1677108659,111757007,0.404468,0.657117,0.227438,0.766080,-0.002909,0.021425,0.642382
1677108659,122055905,0.404851,0.656972,0.229042,0.766451,-0.003086,0.022147,0.641914
1677108659,131963800,0.405110,0.656668,0.230618,0.766665,-0.003285,0.021507,0.641679
1677108659,141863716,0.405532,0.656351,0.232227,0.767115,-0.003947,0.021827,0.641126
1677108659,151765854,0.405881,0.655774,0.233798,0.767524,-0.004497,0.021792,0.640634
1677108659,161285641,0.406072,0.655191,0.235336,0.768476,-0.003904,0.021639,0.639500
1677108659,172071420,0.406490,0.654611,0.236951,0.769833,-0.004540,0.022328,0.637839
1677108659,181974217,0.407112,0.653699,0.238491,0.769745,-0.005582,0.024569,0.637855
1677108659,192231390,0.407147,0.653364,0.240233,0.771747,-0.004934,0.021829,0.635536
1677108659,202229954,0.407286,0.652625,0.241788,0.771461,-0.003285,0.022017,0.635887
1677108659,211709181,0.407280,0.652162,0.243324,0.771404,-0.000473,0.022268,0.635956
1677108659,222038157,0.408306,0.652110,0.245243,0.773235,-0.005359,0.021666,0.633726
1677108659,232085410,0.408578,0.651861,0.246792,0.772812,-0.005025,0.021636,0.634246
1677108659,241313287,0.408820,0.651666,0.248304,0.772457,-0.004798,0.021641,0.634680
1677108659,251773553,0.409062,0.651508,0.249811,0.772309,-0.005228,0.021539,0.634861
1677108659,261874992,0.409278,0.651246,0.251309,0.772400,-0.006266,0.021616,0.634737
1677108659,271934490,0.409355,0.650856,0.252766,0.772503,-0.006618,0.022310,0.634585
1677108659,281298661,0.409428,0.650640,0.254246,0.773494,-0.007324,0.022836,0.633349
1677108659,291127074,0.409500,0.650105,0.255641,0.773455,-0.008059,0.023638,0.633359
1677108659,301521755,0.409449,0.649872,0.257121,0.774250,-0.008357,0.024245,0.632360
1677108659,311827269,0.409515,0.649353,0.258500,0.774197,-0.009133,0.024868,0.632390
1677108659,321973992,0.409541,0.649086,0.259899,0.774783,-0.009408,0.025730,0.631633
1677108659,332447255,0.409693,0.648723,0.261245,0.774853,-0.010012,0.026320,0.631515
1677108659,341683438,0.409732,0.648391,0.262513,0.774496,-0.010026,0.026401,0.631948
1677108659,351831357,0.410069,0.648336,0.263806,0.774736,-0.011401,0.026263,0.631637
1677108659,361990024,0.410341,0.648180,0.265033,0.774540,-0.011585,0.026653,0.631857
1677108659,372379929,0.410735,0.647912,0.266207,0.774175,-0.012908,0.026022,0.632304
1677108659,382016274,0.411069,0.647636,0.267404,0.774368,-0.013612,0.025013,0.632094
1677108659,391999475,0.410724,0.647586,0.268723,0.776256,-0.009491,0.024504,0.629870
1677108659,402072529,0.410899,0.647225,0.269873,0.776879,-0.008592,0.024205,0.629125
1677108659,412099380,0.411260,0.646768,0.270979,0.777223,-0.008671,0.024008,0.628707
1677108659,421740746,0.411446,0.646452,0.272142,0.778300,-0.008507,0.022770,0.627422
1677108659,431448884,0.411651,0.646262,0.273347,0.779516,-0.007836,0.022141,0.625941
1677108659,442151227,0.411924,0.645900,0.274477,0.779654,-0.007761,0.021477,0.625794
1677108659,451748710,0.412137,0.645789,0.275605,0.779707,-0.006926,0.021367,0.625741
1677108659,462276737,0.412340,0.645803,0.276714,0.779394,-0.006267,0.020798,0.626158
1677108659,472341278,0.412596,0.646013,0.277835,0.779145,-0.005961,0.020982,0.626464
1677108659,482128739,0.412683,0.646091,0.278856,0.778099,-0.005307,0.020646,0.627780
1677108659,491510831,0.412911,0.646304,0.279949,0.777716,-0.005835,0.021035,0.628236
1677108659,501835581,0.412880,0.646314,0.280959,0.776967,-0.005560,0.020830,0.629173
1677108659,512097908,0.412904,0.646454,0.282092,0.777486,-0.005985,0.021358,0.628509
1677108659,521356796,0.412969,0.646639,0.283243,0.778546,-0.006540,0.022320,0.627156
1677108659,531473463,0.412896,0.646992,0.284419,0.780481,-0.006828,0.022700,0.624730
1677108659,542014661,0.413016,0.647465,0.285718,0.782805,-0.008065,0.023015,0.621789
1677108659,551853323,0.413114,0.645776,0.286576,0.777600,-0.007804,0.024485,0.628234
1677108659,561178655,0.413116,0.645765,0.287735,0.777471,-0.007020,0.025222,0.628374
1677108659,571372901,0.413301,0.645988,0.288999,0.777913,-0.007406,0.025246,0.627821
1677108659,581322318,0.413479,0.645923,0.290203,0.777308,-0.007233,0.025504,0.628561
1677108659,591344358,0.413680,0.646006,0.291519,0.777490,-0.007236,0.025370,0.628341
1677108659,601960429,0.413843,0.645918,0.292787,0.777177,-0.006862,0.024941,0.628750
1677108659,611982943,0.414018,0.645920,0.294027,0.777479,-0.006538,0.024734,0.628388
1677108659,621747772,0.414155,0.645894,0.295207,0.777757,-0.005800,0.024225,0.628071
1677108659,631994779,0.414629,0.645657,0.296320,0.777313,-0.007120,0.024486,0.628597
1677108659,642004652,0.415273,0.645673,0.297456,0.777424,-0.009161,0.025549,0.628391
1677108659,652848834,0.415878,0.645471,0.298506,0.776517,-0.011351,0.026102,0.629453
1677108659,662169349,0.416336,0.645311,0.299563,0.775614,-0.012768,0.026055,0.630540
1677108659,671953590,0.415213,0.646255,0.301055,0.779366,-0.004323,0.024516,0.626075
1677108659,682409223,0.415233,0.646223,0.302051,0.778533,-0.003120,0.024568,0.627115
1677108659,692516152,0.415331,0.646442,0.303083,0.778438,-0.002306,0.024705,0.627231
1677108659,701849378,0.415653,0.646537,0.304068,0.777680,-0.003345,0.024850,0.628160
1677108659,711526297,0.415618,0.646883,0.305064,0.777929,-0.002389,0.024521,0.627868
1677108659,721531656,0.415647,0.647093,0.306007,0.777693,-0.001909,0.024295,0.628171
1677108659,732288744,0.415640,0.647410,0.306962,0.778157,-0.001563,0.024306,0.627597
1677108659,741769820,0.415782,0.647397,0.307815,0.777966,-0.002220,0.024541,0.627823
1677108659,751529544,0.415680,0.647504,0.308646,0.778418,-0.001139,0.025282,0.627235
1677108659,761856852,0.415579,0.647415,0.309317,0.778314,-0.000429,0.025394,0.627362
1677108659,771978081,0.415496,0.647432,0.309961,0.778448,0.000074,0.025666,0.627184
1677108659,782451781,0.415128,0.647522,0.310570,0.778690,0.002468,0.025644,0.626880
1677108659,792905026,0.415117,0.647579,0.311078,0.778265,0.002894,0.025975,0.627392
1677108659,802048951,0.414957,0.647624,0.311550,0.777696,0.003892,0.025657,0.628104
1677108659,811595484,0.414820,0.647617,0.311947,0.776808,0.004857,0.025258,0.629212
1677108659,822014725,0.414759,0.647887,0.312359,0.777034,0.006194,0.025749,0.628901
1677108659,831641868,0.414713,0.647917,0.312680,0.776717,0.006638,0.025390,0.629303
1677108659,841591304,0.414646,0.647761,0.312839,0.775996,0.007481,0.024866,0.630203
1677108659,851317772,0.414593,0.647800,0.313112,0.776363,0.008149,0.024291,0.629765
1677108659,861907250,0.416219,0.648258,0.313719,0.779179,-0.000806,0.024663,0.626316
1677108659,871477772,0.416437,0.648134,0.313874,0.779299,-0.001063,0.024565,0.626170
1677108659,882275726,0.416460,0.648280,0.314164,0.780596,0.000440,0.024288,0.624563
1677108659,891812847,0.416799,0.648193,0.314352,0.780790,0.000072,0.024365,0.624318
1677108659,901919407,0.416890,0.648185,0.314576,0.781058,0.001053,0.023644,0.624010
1677108659,912146338,0.417148,0.648381,0.314854,0.781688,0.001499,0.023295,0.623233
1677108659,922523727,0.417264,0.648417,0.315099,0.781453,0.002424,0.022389,0.623557
1677108659,932424003,0.417431,0.648565,0.315319,0.781313,0.003552,0.022776,0.623713
1677108659,941383567,0.417465,0.648739,0.315600,0.781335,0.004442,0.021660,0.623720
