secs,nsecs,tx,ty,tz,rx,ry,rz,rw
1677109995,518313273,0.473745,0.563337,0.463870,0.615081,0.140870,0.258626,0.731399
1677109995,528518270,0.473833,0.563420,0.463646,0.614553,0.140662,0.259486,0.731578
1677109995,538675665,0.473858,0.563774,0.463414,0.614922,0.140482,0.259730,0.731216
1677109995,549063651,0.473952,0.564103,0.463244,0.614840,0.140795,0.259954,0.731145
1677109995,558205082,0.474171,0.564353,0.463073,0.614338,0.140933,0.259705,0.731629
1677109995,569194939,0.474255,0.564853,0.462974,0.614852,0.141755,0.259315,0.731176
1677109995,578164333,0.474498,0.565322,0.462901,0.615185,0.142559,0.259168,0.730792
1677109995,588661961,0.474556,0.565573,0.462833,0.615077,0.143975,0.258062,0.730996
1677109995,598761616,0.474851,0.565872,0.462811,0.614872,0.144623,0.258383,0.730927
1677109995,609233006,0.474956,0.566171,0.462750,0.615541,0.144965,0.257156,0.730729
1677109995,618684899,0.475128,0.566528,0.462666,0.616322,0.145475,0.257603,0.729812
1677109995,628700256,0.475296,0.566734,0.462544,0.616624,0.145778,0.257926,0.729382
1677109995,638945737,0.475390,0.566917,0.462360,0.616911,0.145851,0.257972,0.729108
1677109995,648129506,0.475550,0.567080,0.462130,0.616829,0.145416,0.258477,0.729085
1677109995,659092470,0.475614,0.567354,0.461912,0.617194,0.145023,0.258684,0.728782
1677109995,669114592,0.475653,0.567520,0.461673,0.616933,0.145167,0.258977,0.728870
1677109995,678641014,0.475810,0.567660,0.461408,0.616640,0.144887,0.259271,0.729068
1677109995,689119544,0.475937,0.567899,0.461150,0.616770,0.144959,0.259587,0.728832
1677109995,698630591,0.476079,0.568120,0.460883,0.617005,0.144949,0.259330,0.728727
1677109995,708135139,0.476345,0.568323,0.460636,0.617136,0.144715,0.259038,0.728766
1677109995,718171589,0.476510,0.568542,0.460435,0.617627,0.145446,0.258595,0.728362
1677109995,728936654,0.476755,0.568675,0.460238,0.617447,0.146362,0.258375,0.728409
1677109995,737959499,0.476976,0.568913,0.460045,0.617659,0.146527,0.257669,0.728446
1677109995,747928892,0.477157,0.569270,0.459863,0.618053,0.146785,0.257123,0.728253
1677109995,758369158,0.477287,0.569533,0.459696,0.618067,0.147397,0.256489,0.728341
1677109995,768613898,0.477562,0.569739,0.459595,0.617752,0.147499,0.256637,0.728535
1677109995,778299326,0.477586,0.570098,0.459461,0.618705,0.148301,0.256605,0.727575
1677109995,788942433,0.477640,0.570159,0.459313,0.618847,0.148820,0.256273,0.727465
1677109995,798518421,0.477720,0.570228,0.459139,0.619344,0.148693,0.256266,0.727070
1677109995,808385728,0.477724,0.570319,0.458935,0.619906,0.148985,0.256926,0.726298
1677109995,818314932,0.477746,0.570279,0.458718,0.619679,0.148991,0.257845,0.726165
1677109995,828648741,0.477565,0.570363,0.458424,0.619898,0.149159,0.257986,0.725894
1677109995,838349394,0.477508,0.570626,0.458177,0.620191,0.148395,0.259285,0.725337
1677109995,848358995,0.477322,0.570725,0.457855,0.619976,0.148462,0.259929,0.725277
1677109995,859149065,0.477256,0.570816,0.457572,0.619899,0.147588,0.260608,0.725277
1677109995,868875086,0.476995,0.570813,0.457305,0.619845,0.147929,0.260743,0.725205
1677109995,878485503,0.476903,0.570914,0.457080,0.620257,0.147535,0.261631,0.724613
1677109995,888848206,0.476740,0.570878,0.456892,0.620462,0.147501,0.262678,0.724065
1677109995,898637699,0.476595,0.570761,0.456670,0.620732,0.147404,0.263431,0.723580
1677109995,908396021,0.476372,0.570728,0.456435,0.621604,0.147079,0.264055,0.722669
1677109995,918649520,0.476203,0.570671,0.456168,0.622110,0.146526,0.265198,0.721927
1677109995,928586471,0.475947,0.570614,0.455843,0.622520,0.146147,0.266016,0.721350
1677109995,938244522,0.475693,0.570446,0.455518,0.622416,0.146021,0.267022,0.721094
1677109995,948477152,0.475479,0.570327,0.455108,0.622229,0.145569,0.267935,0.721007
1677109995,958457973,0.475255,0.570232,0.454697,0.621788,0.145140,0.269001,0.721077
1677109995,968455476,0.474987,0.570317,0.454302,0.621985,0.144955,0.269826,0.720637
1677109995,978465744,0.474730,0.570327,0.453909,0.621721,0.145096,0.271192,0.720323
1677109995,988913644,0.474421,0.570366,0.453498,0.621982,0.145040,0.271710,0.719914
1677109995,998524086,0.474166,0.570277,0.453125,0.621698,0.145731,0.272695,0.719647
1677109996,8836095,0.473885,0.570368,0.452715,0.622221,0.145739,0.273811,0.718769
1677109996,18836082,0.473568,0.570325,0.452248,0.622188,0.146434,0.274621,0.718347
1677109996,28062248,0.473310,0.570329,0.451834,0.622077,0.146917,0.276096,0.717779
1677109996,38407610,0.472973,0.570391,0.451370,0.622678,0.146835,0.276283,0.717202
1677109996,48418830,0.472872,0.570312,0.450894,0.622299,0.146726,0.277635,0.717032
1677109996,58453915,0.472642,0.570379,0.450404,0.622790,0.146870,0.278633,0.716188
1677109996,68314512,0.472352,0.570459,0.449865,0.623594,0.147218,0.279041,0.715258
1677109996,78554892,0.472254,0.570389,0.449366,0.623545,0.147499,0.280113,0.714824
1677109996,88584800,0.472056,0.570524,0.448784,0.624504,0.147744,0.280376,0.713832
1677109996,98299547,0.471946,0.570568,0.448162,0.624556,0.148425,0.281302,0.713281
1677109996,108660208,0.471826,0.570599,0.447519,0.624412,0.149116,0.281928,0.713015
1677109996,118662374,0.471644,0.570832,0.446786,0.624866,0.149954,0.282283,0.712301
1677109996,128500855,0.471514,0.570983,0.446071,0.624537,0.150530,0.282905,0.712221
1677109996,138962001,0.471320,0.571166,0.445302,0.624323,0.151594,0.283325,0.712016
1677109996,148359504,0.471147,0.571439,0.444499,0.624199,0.152420,0.284077,0.711649
1677109996,158213781,0.471087,0.571529,0.443731,0.623391,0.153248,0.285189,0.711734
1677109996,168481102,0.470863,0.571711,0.442925,0.623511,0.154174,0.285327,0.711374
1677109996,178316947,0.470763,0.571754,0.442145,0.623253,0.154364,0.285579,0.711458
1677109996,189038008,0.470709,0.571903,0.441409,0.623574,0.154262,0.286145,0.710971
1677109996,199348356,0.470558,0.571907,0.440601,0.623934,0.154853,0.286272,0.710476
1677109996,208958360,0.470495,0.571809,0.439853,0.624474,0.155371,0.286416,0.709829
1677109996,218536664,0.470465,0.571672,0.439056,0.625262,0.155877,0.286609,0.708946
1677109996,228483172,0.470432,0.571558,0.438253,0.626230,0.156325,0.286857,0.707892
1677109996,238928391,0.470395,0.571530,0.437414,0.627318,0.156825,0.287206,0.706675
1677109996,248447395,0.470468,0.571334,0.436566,0.626879,0.157185,0.287702,0.706783
1677109996,258655269,0.470382,0.571293,0.435683,0.626959,0.157767,0.287558,0.706641
1677109996,268842640,0.470273,0.571435,0.434773,0.626932,0.158475,0.287976,0.706336
1677109996,278976545,0.470191,0.571510,0.433883,0.626737,0.158935,0.288133,0.706342
1677109996,289231420,0.470103,0.571747,0.433004,0.627275,0.159687,0.288568,0.705518
1677109996,298811670,0.470099,0.571662,0.432109,0.626938,0.159957,0.288320,0.705857
1677109996,308998171,0.469934,0.571739,0.431270,0.627578,0.161159,0.288359,0.704999
1677109996,318643609,0.469972,0.571674,0.430466,0.627988,0.161252,0.288426,0.704584
1677109996,327878021,0.469937,0.571541,0.429662,0.628355,0.162007,0.288595,0.704015
1677109996,338257081,0.469966,0.571445,0.428837,0.628869,0.162415,0.288821,0.703369
1677109996,348463456,0.469966,0.571463,0.428007,0.629407,0.163171,0.289316,0.702509
1677109996,358207224,0.469890,0.571453,0.427143,0.629622,0.163795,0.288998,0.702301
1677109996,368642676,0.470003,0.571545,0.426272,0.629107,0.164114,0.289859,0.702333
1677109996,378569273,0.469731,0.571666,0.425423,0.628980,0.165499,0.289279,0.702362
1677109996,389019584,0.469723,0.571863,0.424565,0.628537,0.166024,0.289390,0.702588
1677109996,398339167,0.469635,0.572218,0.423748,0.628635,0.167023,0.289811,0.702091
1677109996,409021095,0.469673,0.572392,0.422940,0.628281,0.167746,0.290411,0.701987
1677109996,418715079,0.469672,0.572558,0.422179,0.628178,0.168645,0.290726,0.701733
1677109996,427966166,0.469717,0.572764,0.421447,0.628666,0.168636,0.291168,0.701115
1677109996,438428947,0.469720,0.572866,0.420685,0.628901,0.169566,0.291585,0.700507
1677109996,447814085,0.469809,0.572798,0.419963,0.628770,0.169999,0.291817,0.700422
1677109996,457992180,0.469849,0.572990,0.419211,0.629786,0.170225,0.292187,0.699300
1677109996,468167476,0.469931,0.573064,0.418411,0.630036,0.170571,0.292688,0.698781
1677109996,477898802,0.469889,0.573195,0.417602,0.630224,0.171512,0.293322,0.698114
1677109996,487908328,0.469869,0.573438,0.416762,0.630526,0.172260,0.293818,0.697448
1677109996,498064393,0.469939,0.573754,0.415914,0.630884,0.172627,0.294569,0.696717
1677109996,508268400,0.470021,0.574084,0.414995,0.631185,0.173217,0.295190,0.696035
1677109996,518452035,0.470033,0.574360,0.414057,0.631324,0.174338,0.295404,0.695537
1677109996,528568453,0.470220,0.574643,0.413138,0.631232,0.174752,0.295768,0.695363
1677109996,538518572,0.470320,0.574888,0.412169,0.631149,0.176002,0.295932,0.695053
1677109996,548622428,0.470395,0.575353,0.411265,0.632197,0.176872,0.296029,0.693837
1677109996,559092193,0.470569,0.575551,0.410322,0.632615,0.177770,0.295798,0.693325
1677109996,569239180,0.470998,0.575649,0.409413,0.632234,0.178114,0.296408,0.693324
1677109996,578179674,0.471256,0.575924,0.408497,0.632883,0.178729,0.296994,0.692322
1677109996,588537677,0.471352,0.576208,0.407495,0.633777,0.179732,0.296703,0.691369
1677109996,598353834,0.471516,0.576517,0.406496,0.634681,0.180105,0.296689,0.690447
1677109996,608180887,0.471662,0.576651,0.405420,0.634666,0.181237,0.296913,0.690069
1677109996,618958950,0.471863,0.576942,0.404368,0.635517,0.181647,0.297223,0.689043
1677109996,628536298,0.472223,0.577154,0.403296,0.635978,0.181580,0.297851,0.688364
1677109996,638472762,0.472483,0.577231,0.402160,0.636004,0.182449,0.297987,0.688052
1677109996,648853174,0.472698,0.577518,0.400963,0.636731,0.183188,0.298046,0.687157
1677109996,658604756,0.473008,0.577844,0.399789,0.637110,0.183710,0.298028,0.686674
1677109996,668701422,0.473293,0.578199,0.398568,0.637276,0.184399,0.297838,0.686418
1677109996,677944548,0.473661,0.578443,0.397328,0.636772,0.185307,0.297784,0.686664
1677109996,687984601,0.473895,0.578846,0.396137,0.636694,0.186824,0.297800,0.686318
1677109996,697790870,0.474270,0.579249,0.394952,0.636920,0.187369,0.297634,0.686032
1677109996,707802362,0.474437,0.579665,0.393776,0.637591,0.188646,0.296918,0.685369
1677109996,717807174,0.474787,0.579838,0.392600,0.637462,0.189673,0.297046,0.685149
1677109996,727931731,0.475083,0.580068,0.391477,0.638393,0.190077,0.296647,0.684343
1677109996,738009489,0.475411,0.580103,0.390328,0.638979,0.190935,0.296447,0.683644
1677109996,748109738,0.475701,0.580248,0.389184,0.640446,0.191527,0.296357,0.682143
1677109996,758484944,0.476088,0.580197,0.388072,0.640936,0.191538,0.296227,0.681736
1677109996,769401110,0.476271,0.580357,0.386910,0.641848,0.192112,0.296331,0.680670
1677109996,779096780,0.476560,0.580589,0.385753,0.642253,0.192177,0.297125,0.679924
1677109996,789229108,0.476718,0.580706,0.384571,0.642063,0.192959,0.297086,0.679898
1677109996,799204164,0.476899,0.580809,0.383390,0.641924,0.193496,0.297038,0.679898
1677109996,809136028,0.477127,0.581075,0.382251,0.642252,0.193966,0.297655,0.679184
1677109996,818771039,0.477371,0.581285,0.381067,0.642814,0.194508,0.297470,0.678578
1677109996,828272201,0.477695,0.581487,0.379959,0.643148,0.194970,0.297789,0.677989
1677109996,838695191,0.477683,0.581924,0.378771,0.645404,0.195981,0.296258,0.676222
1677109996,848379585,0.478048,0.582023,0.377728,0.645208,0.196658,0.296579,0.676072
1677109996,858975747,0.478445,0.582070,0.376718,0.644659,0.197259,0.296937,0.676263
1677109996,869017684,0.478905,0.582026,0.375695,0.644219,0.197280,0.296834,0.676722
1677109996,878800226,0.479142,0.582116,0.374699,0.644846,0.198032,0.296784,0.675926
1677109996,888724350,0.479415,0.582106,0.373647,0.645519,0.198493,0.296028,0.675480
1677109996,898536033,0.479973,0.582064,0.372656,0.645382,0.197978,0.296990,0.675339
1677109996,908693085,0.480122,0.581387,0.371469,0.643467,0.199968,0.295610,0.677184
1677109996,918225232,0.480270,0.581774,0.370490,0.645033,0.199840,0.295319,0.675857
1677109996,928441505,0.480546,0.582092,0.369536,0.645691,0.199759,0.295817,0.675035
1677109996,938765894,0.480772,0.582280,0.368568,0.645865,0.200177,0.295876,0.674719
1677109996,948584396,0.481108,0.582605,0.367641,0.646722,0.199607,0.296032,0.673997
1677109996,958575736,0.481304,0.582799,0.366704,0.647064,0.200553,0.296462,0.673199
1677109996,968651825,0.481433,0.583056,0.365798,0.648136,0.201162,0.296381,0.672021
1677109996,978670061,0.481792,0.583004,0.364885,0.647999,0.200972,0.296493,0.672160
1677109996,988561765,0.482021,0.583051,0.363945,0.648558,0.201176,0.296155,0.671708
1677109996,998166872,0.482284,0.583245,0.363016,0.649715,0.200921,0.296465,0.670529
1677109997,8713095,0.482595,0.583380,0.362032,0.650270,0.200891,0.297028,0.669751
1677109997,18050954,0.482636,0.583365,0.360948,0.650421,0.202012,0.296694,0.669415
1677109997,27763250,0.482785,0.583594,0.359861,0.650775,0.202305,0.296973,0.668859
1677109997,37766836,0.482865,0.583823,0.358708,0.650497,0.203266,0.297393,0.668651
1677109997,47992716,0.483004,0.584297,0.357551,0.650821,0.203053,0.297732,0.668250
1677109997,57827333,0.483104,0.584641,0.356364,0.650497,0.203171,0.297665,0.668558
1677109997,67865710,0.483217,0.584881,0.355161,0.649855,0.203216,0.297635,0.669182
1677109997,78438357,0.483296,0.585237,0.353944,0.650201,0.202701,0.297601,0.669018
1677109997,88322477,0.483269,0.585572,0.352747,0.650879,0.203027,0.297671,0.668228
1677109997,98681597,0.483460,0.585641,0.351525,0.650798,0.202821,0.297957,0.668242
1677109997,109001835,0.483576,0.585664,0.350377,0.651439,0.202674,0.297546,0.667845
1677109997,117952066,0.483720,0.585836,0.349187,0.652482,0.203522,0.297826,0.666442
1677109997,127856391,0.483900,0.586020,0.348009,0.653572,0.203519,0.298305,0.665160
1677109997,137978446,0.484109,0.586003,0.346775,0.653572,0.203820,0.298642,0.664916
1677109997,148582809,0.484191,0.586297,0.345511,0.654631,0.204504,0.298800,0.663593
1677109997,158556659,0.484298,0.586441,0.344219,0.654661,0.205426,0.298812,0.663272
1677109997,168618034,0.484420,0.586822,0.342903,0.655293,0.206263,0.299016,0.662296
1677109997,179176540,0.484581,0.587044,0.341595,0.655147,0.206965,0.298577,0.662419
1677109997,188436128,0.484811,0.587402,0.340282,0.655187,0.208039,0.298790,0.661947
1677109997,198880629,0.485081,0.587649,0.338975,0.655138,0.208729,0.298370,0.661968
1677109997,208278720,0.485275,0.587971,0.337730,0.655745,0.209752,0.297436,0.661464
1677109997,218753677,0.485503,0.588230,0.336502,0.656372,0.210896,0.296471,0.660911
1677109997,228628749,0.485847,0.588370,0.335309,0.656714,0.212021,0.295982,0.660431
1677109997,239033309,0.486275,0.588453,0.334177,0.656863,0.212801,0.295985,0.660030
1677109997,248742504,0.486387,0.588661,0.333019,0.658238,0.214424,0.294793,0.658668
1677109997,259460236,0.486715,0.588657,0.331901,0.658369,0.215370,0.294167,0.658507
1677109997,269223984,0.486921,0.588758,0.330786,0.659101,0.216574,0.293795,0.657546
1677109997,279037739,0.487166,0.588878,0.329731,0.659923,0.217251,0.293482,0.656637
1677109997,289486653,0.487326,0.588966,0.328619,0.660370,0.218148,0.292883,0.656157
1677109997,298686224,0.487371,0.589084,0.327536,0.660546,0.219681,0.292819,0.655497
1677109997,308470646,0.487421,0.589261,0.326482,0.660749,0.220914,0.292562,0.654993
1677109997,318700793,0.488090,0.589605,0.325391,0.660618,0.218415,0.293489,0.655548
1677109997,329314055,0.488291,0.589759,0.324347,0.660328,0.218794,0.293561,0.655682
1677109997,338718746,0.488376,0.589942,0.323330,0.660322,0.219809,0.293011,0.655594
1677109997,348831103,0.488480,0.590512,0.322383,0.661406,0.220307,0.293080,0.654302
1677109997,359172317,0.488660,0.590783,0.321447,0.661943,0.220743,0.293020,0.653638
1677109997,369203884,0.488920,0.590937,0.320551,0.662215,0.221063,0.293046,0.653243
1677109997,379340875,0.488932,0.591029,0.319639,0.662699,0.222471,0.292722,0.652419
1677109997,389470318,0.489050,0.591212,0.318783,0.663671,0.223271,0.292870,0.651090
1677109997,398771675,0.489271,0.591263,0.317939,0.664198,0.223447,0.293584,0.650169
1677109997,408504091,0.489205,0.591291,0.317042,0.665237,0.224469,0.293091,0.648977
1677109997,418802621,0.489329,0.591302,0.316151,0.665551,0.225029,0.294127,0.647992
1677109997,428648422,0.489443,0.591396,0.315258,0.666027,0.225139,0.295277,0.646941
1677109997,438378198,0.489444,0.591200,0.314296,0.666210,0.225217,0.295057,0.646825
1677109997,448273876,0.489435,0.591295,0.313383,0.666529,0.225681,0.295435,0.646162
1677109997,458382128,0.489420,0.591476,0.312406,0.666568,0.226340,0.296276,0.645505
1677109997,468424756,0.489486,0.591745,0.311429,0.666668,0.226117,0.296385,0.645430
1677109997,478089597,0.489385,0.592135,0.310488,0.666698,0.227217,0.296552,0.644936
1677109997,488409482,0.489326,0.592433,0.309545,0.665641,0.229042,0.296822,0.645259
1677109997,498354109,0.489387,0.592769,0.308700,0.665017,0.229089,0.296448,0.646056
1677109997,508505813,0.489491,0.592959,0.307856,0.663503,0.230155,0.296607,0.647161
1677109997,518687372,0.489481,0.593999,0.307162,0.665392,0.230623,0.297164,0.644795
1677109997,528793053,0.489649,0.593647,0.306284,0.663327,0.231592,0.296945,0.646673
1677109997,538282048,0.489344,0.594197,0.305504,0.665758,0.233218,0.296023,0.644007
1677109997,548720767,0.489333,0.594281,0.304676,0.666271,0.233711,0.296085,0.643269
1677109997,558865392,0.489436,0.594435,0.303813,0.666922,0.233504,0.296683,0.642394
1677109997,568336555,0.489508,0.594637,0.302946,0.667743,0.233121,0.297609,0.641251
1677109997,578865391,0.489429,0.594740,0.302030,0.668062,0.233349,0.297936,0.640684
1677109997,588383832,0.489416,0.595008,0.301043,0.668378,0.233061,0.298447,0.640221
1677109997,599018248,0.489351,0.595178,0.300041,0.668197,0.233096,0.298697,0.640281
1677109997,608145965,0.489284,0.595499,0.299048,0.668009,0.233606,0.299311,0.640003
1677109997,619007032,0.489252,0.595772,0.297991,0.667461,0.234273,0.299534,0.640228
1677109997,628206484,0.489213,0.595995,0.296956,0.667093,0.235170,0.299230,0.640424
1677109997,638396361,0.489231,0.596225,0.295971,0.667132,0.236046,0.298569,0.640370
1677109997,648898290,0.489315,0.596541,0.295024,0.667385,0.236815,0.298617,0.639800
1677109997,658414338,0.489492,0.596736,0.294051,0.667035,0.237513,0.298703,0.639865
1677109997,668704786,0.489449,0.596937,0.293061,0.667130,0.238632,0.297938,0.639708
1677109997,678864833,0.489519,0.597184,0.292086,0.667180,0.239161,0.298061,0.639400
1677109997,689146145,0.489491,0.597422,0.291085,0.667466,0.239755,0.297908,0.638950
1677109997,698717753,0.489363,0.597582,0.290094,0.667806,0.240611,0.297557,0.638437
1677109997,709101953,0.489283,0.597718,0.289087,0.667511,0.241669,0.298135,0.638076
1677109997,718826836,0.489139,0.597865,0.288073,0.667417,0.242695,0.298471,0.637627
1677109997,729137514,0.488873,0.598026,0.287080,0.667111,0.244135,0.299253,0.637032
1677109997,738547560,0.488684,0.598106,0.286061,0.666783,0.244947,0.299895,0.636760
1677109997,748811176,0.488368,0.598414,0.285128,0.667471,0.245772,0.301198,0.635105
1677109997,758351219,0.488155,0.598356,0.284137,0.667426,0.245805,0.301590,0.634953
1677109997,768602532,0.487946,0.598179,0.283138,0.667293,0.246202,0.302598,0.634460
1677109997,779315169,0.487722,0.598123,0.282136,0.668077,0.246149,0.303760,0.633098
1677109997,789141747,0.487658,0.597845,0.281077,0.668517,0.245742,0.304433,0.632469
1677109997,798643033,0.487506,0.597694,0.280003,0.669586,0.245801,0.305439,0.630827
1677109997,809043818,0.487427,0.597442,0.278883,0.670219,0.246152,0.305822,0.629833
1677109997,818437517,0.487232,0.597282,0.277755,0.671055,0.247095,0.305562,0.628698
1677109997,828326198,0.487159,0.597116,0.276615,0.670807,0.248249,0.305635,0.628473
1677109997,838660379,0.487475,0.597398,0.275461,0.671194,0.246126,0.306312,0.628565
1677109997,848537491,0.487186,0.597542,0.274347,0.671293,0.248332,0.305589,0.627943
1677109997,858392519,0.487034,0.597739,0.273249,0.670998,0.250109,0.305248,0.627719
1677109997,868773266,0.486700,0.597898,0.272157,0.670959,0.252191,0.303950,0.627558
1677109997,878488825,0.486519,0.597984,0.271075,0.670531,0.253606,0.303063,0.627874
1677109997,888773850,0.486445,0.597992,0.269949,0.669813,0.255143,0.303170,0.627965
1677109997,898476829,0.486313,0.598063,0.268886,0.670519,0.255658,0.301994,0.627569
1677109997,908830712,0.486384,0.597795,0.267758,0.669807,0.256145,0.301512,0.628362
1677109997,918370198,0.486398,0.597720,0.266705,0.670244,0.256517,0.301551,0.627726
1677109997,928845326,0.486375,0.597707,0.265669,0.671015,0.256542,0.301374,0.626977
1677109997,939136133,0.486426,0.597812,0.264637,0.672266,0.256000,0.301107,0.625985
1677109997,948602036,0.486481,0.597765,0.263617,0.672921,0.255805,0.300934,0.625444
1677109997,959280962,0.486359,0.597738,0.262615,0.673320,0.257007,0.300528,0.624716
1677109997,969174262,0.486301,0.597762,0.261662,0.673636,0.257494,0.299731,0.624558
1677109997,978605741,0.486360,0.597802,0.260662,0.673123,0.257875,0.299597,0.625017
1677109997,988787200,0.486160,0.598065,0.259746,0.673057,0.259204,0.299099,0.624778
1677109997,998897289,0.486083,0.597876,0.258796,0.671907,0.260013,0.297213,0.626577
1677109998,8798235,0.486056,0.598153,0.257976,0.671564,0.261185,0.297183,0.626472
1677109998,18606757,0.485862,0.598315,0.257168,0.671573,0.262715,0.296080,0.626344
1677109998,28972290,0.485720,0.598490,0.256422,0.671682,0.264466,0.295704,0.625668
1677109998,38559367,0.486344,0.599113,0.255583,0.672546,0.260985,0.296813,0.625676
1677109998,48972689,0.486342,0.599240,0.254755,0.672174,0.261836,0.296886,0.625686
1677109998,58704432,0.486395,0.599538,0.253919,0.672730,0.261646,0.296620,0.625293
1677109998,68672943,0.486374,0.599774,0.253052,0.673044,0.261757,0.296276,0.625073
1677109998,78480677,0.486401,0.599974,0.252115,0.672957,0.262453,0.296628,0.624708
1677109998,89043560,0.486341,0.600332,0.251105,0.673321,0.262926,0.296353,0.624246
1677109998,98772074,0.486383,0.600675,0.250050,0.673443,0.263277,0.296104,0.624086
1677109998,108417638,0.486434,0.601199,0.248892,0.673143,0.264399,0.296851,0.623579
1677109998,118157990,0.486439,0.601549,0.247673,0.672366,0.265467,0.295537,0.624587
1677109998,128371877,0.486520,0.602294,0.246475,0.672349,0.266709,0.294742,0.624452
1677109998,138715252,0.486746,0.602790,0.245197,0.670648,0.268085,0.293561,0.626246
1677109998,148712830,0.486954,0.603565,0.243995,0.669626,0.269518,0.292132,0.627392
1677109998,158882560,0.487151,0.604348,0.242874,0.668215,0.271402,0.290763,0.628718
1677109998,168605927,0.487389,0.605353,0.241875,0.667763,0.272638,0.289742,0.629134
1677109998,178586773,0.487656,0.605948,0.240919,0.666391,0.274497,0.288552,0.630327
1677109998,188801580,0.487751,0.606574,0.240060,0.666447,0.276109,0.286370,0.630559
1677109998,198530740,0.487893,0.607007,0.239252,0.665985,0.277987,0.285919,0.630427
1677109998,208650989,0.487918,0.607713,0.238450,0.666218,0.279580,0.286285,0.629309
1677109998,218740057,0.488000,0.608050,0.237680,0.665636,0.279575,0.286706,0.629736
1677109998,228602994,0.487656,0.608592,0.236993,0.665971,0.279689,0.287024,0.629185
1677109998,238493140,0.487327,0.609068,0.236252,0.664916,0.279305,0.288523,0.629786
1677109998,248469738,0.486822,0.609631,0.235539,0.663826,0.278843,0.290588,0.630190
1677109998,259087804,0.486237,0.610359,0.234884,0.663045,0.277612,0.292885,0.630493
1677109998,269296279,0.485720,0.610873,0.234175,0.661215,0.276315,0.294992,0.632000
1677109998,278331908,0.485114,0.611420,0.233550,0.659477,0.275785,0.297650,0.632801
1677109998,288612708,0.484585,0.612232,0.232945,0.658658,0.274593,0.300035,0.633047
1677109998,298698457,0.483940,0.612797,0.232328,0.657299,0.274855,0.301668,0.633568
1677109998,308596344,0.483483,0.613426,0.231715,0.655743,0.274704,0.303441,0.634399
1677109998,318892934,0.483045,0.614327,0.231150,0.654964,0.274383,0.305048,0.634572
1677109998,328796363,0.482630,0.615282,0.230620,0.653934,0.274614,0.306767,0.634706
1677109998,339016740,0.482236,0.616238,0.230116,0.652920,0.275412,0.307785,0.634911
1677109998,348598924,0.481906,0.617205,0.229579,0.651980,0.275796,0.308134,0.635541
1677109998,358672573,0.481751,0.618458,0.229152,0.651788,0.275483,0.309104,0.635403
1677109998,368137609,0.481611,0.619575,0.228638,0.650943,0.275767,0.309707,0.635852
1677109998,377978590,0.481329,0.620406,0.228120,0.649511,0.276717,0.309561,0.636974
1677109998,388634833,0.481087,0.621335,0.227574,0.648296,0.277322,0.309657,0.637901
1677109998,398115856,0.480966,0.622127,0.226986,0.646719,0.277095,0.309667,0.639593
1677109998,408406285,0.480692,0.623024,0.226382,0.645528,0.277875,0.310167,0.640215
1677109998,418605384,0.480483,0.623817,0.225779,0.644580,0.277175,0.310461,0.641331
1677109998,428081756,0.480273,0.624670,0.225161,0.643441,0.277866,0.311937,0.641459
1677109998,438010594,0.479967,0.625432,0.224507,0.642841,0.278708,0.312430,0.641456
1677109998,448369099,0.479631,0.626209,0.223817,0.642043,0.279565,0.313891,0.641168
1677109998,458207300,0.479199,0.626957,0.223114,0.641251,0.280642,0.314909,0.640991
1677109998,467936176,0.478699,0.627854,0.222401,0.641288,0.280895,0.315668,0.640469
1677109998,478300895,0.478341,0.628519,0.221711,0.640296,0.280917,0.316653,0.640966
1677109998,488733940,0.478034,0.629106,0.220973,0.638664,0.281434,0.318428,0.641488
1677109998,498466099,0.477711,0.629913,0.220271,0.638290,0.281154,0.319927,0.641237
1677109998,507786464,0.477293,0.630544,0.219575,0.637492,0.281688,0.320544,0.641488
1677109998,518189605,0.476940,0.631392,0.218922,0.637378,0.281808,0.321523,0.641059
1677109998,528125384,0.477081,0.632303,0.218280,0.636615,0.279392,0.323114,0.642074
1677109998,538204812,0.476457,0.632833,0.217689,0.635330,0.281558,0.322745,0.642585
1677109998,548619552,0.476007,0.633552,0.217267,0.634824,0.282375,0.322579,0.642811
1677109998,558316888,0.476065,0.633972,0.216799,0.631592,0.283240,0.324724,0.644531
1677109998,568487384,0.475762,0.634562,0.216373,0.630966,0.283857,0.324657,0.644907
1677109998,579126019,0.475650,0.635000,0.216008,0.629888,0.283918,0.325151,0.645684
1677109998,588496447,0.475384,0.635451,0.215594,0.629633,0.284365,0.325354,0.645634
1677109998,597906281,0.475093,0.635850,0.215209,0.629046,0.285102,0.326444,0.645331
1677109998,608362519,0.474960,0.636090,0.214774,0.627401,0.284850,0.327979,0.646265
1677109998,618286595,0.474449,0.636432,0.214292,0.626606,0.284965,0.328682,0.646628
1677109998,627880394,0.474034,0.636696,0.213785,0.625067,0.284780,0.330048,0.647503
1677109998,638257122,0.473451,0.637079,0.213263,0.623954,0.284879,0.331274,0.647906
1677109998,648469016,0.472893,0.637486,0.212693,0.623205,0.284421,0.332088,0.648412
1677109998,659213912,0.472508,0.637938,0.212059,0.621202,0.284906,0.334324,0.648972
1677109998,669201584,0.472186,0.638329,0.211469,0.620067,0.284356,0.335710,0.649583
1677109998,678878341,0.471846,0.638640,0.210823,0.618562,0.284651,0.336347,0.650558
1677109998,688636683,0.471657,0.639036,0.210188,0.617385,0.283653,0.336642,0.651957
1677109998,698653542,0.471340,0.639620,0.209524,0.616467,0.283157,0.336355,0.653189
1677109998,709052759,0.470882,0.640122,0.208876,0.615083,0.283057,0.335269,0.655093
1677109998,718630929,0.470268,0.640675,0.208208,0.612766,0.284541,0.335640,0.656430
1677109998,728376409,0.469579,0.641121,0.207577,0.609765,0.286178,0.335987,0.658332
1677109998,738093142,0.469074,0.641774,0.206927,0.606501,0.286242,0.337687,0.660447
1677109998,748180910,0.468344,0.642344,0.206308,0.604157,0.285119,0.336378,0.663740
1677109998,758049424,0.468047,0.642626,0.205843,0.599676,0.283793,0.338237,0.667417
1677109998,768104738,0.467246,0.643119,0.205419,0.598199,0.283748,0.339378,0.668182
1677109998,778215432,0.466686,0.643368,0.205110,0.596879,0.282853,0.340506,0.669168
1677109998,789233459,0.466028,0.643592,0.204897,0.596480,0.282379,0.342090,0.668916
1677109998,798767212,0.465180,0.643757,0.204712,0.597187,0.282106,0.343158,0.667852
1677109998,808830066,0.464686,0.643746,0.204578,0.596707,0.280459,0.345718,0.667654
1677109998,818488837,0.463929,0.643722,0.204393,0.596216,0.279182,0.347661,0.667620
1677109998,828696752,0.463190,0.643824,0.204159,0.595660,0.277240,0.350217,0.667589
1677109998,838808193,0.462372,0.644008,0.203888,0.594752,0.275456,0.352791,0.667781
1677109998,848898869,0.461488,0.644184,0.203594,0.592908,0.274593,0.355517,0.668331
1677109998,858931081,0.460816,0.644361,0.203282,0.590451,0.272834,0.357949,0.669927
1677109998,869184376,0.460109,0.644671,0.203029,0.588255,0.271906,0.360484,0.670876
1677109998,879124460,0.459403,0.645097,0.202788,0.586908,0.271305,0.362134,0.671410
1677109998,888872411,0.458782,0.645307,0.202592,0.584902,0.271086,0.362827,0.672874
1677109998,898887569,0.458257,0.645902,0.202492,0.584415,0.270897,0.364536,0.672449
1677109998,908142447,0.457797,0.646104,0.202384,0.583037,0.271146,0.364864,0.673366
1677109998,918306615,0.457382,0.646513,0.202352,0.582284,0.271459,0.365934,0.673311
1677109998,928746985,0.457449,0.647082,0.202264,0.580898,0.268466,0.368619,0.674243
1677109998,938362073,0.456746,0.647319,0.202121,0.579078,0.270039,0.369067,0.674935
1677109998,948269841,0.456030,0.647714,0.201946,0.577266,0.270555,0.370382,0.675560
1677109998,958244622,0.455364,0.648147,0.201787,0.574767,0.270342,0.371925,0.676927
1677109998,968431418,0.454550,0.648723,0.201554,0.572741,0.270082,0.373556,0.677849
1677109998,978290651,0.453946,0.649138,0.201335,0.569728,0.269004,0.375470,0.679757
1677109998,988903537,0.453203,0.649570,0.201131,0.567533,0.268262,0.376771,0.681165
1677109998,998682527,0.452535,0.650032,0.201000,0.565669,0.267303,0.378528,0.682117
1677109999,8958019,0.452074,0.650433,0.200937,0.563190,0.266670,0.381226,0.682914
1677109999,18357131,0.451469,0.650857,0.200920,0.561958,0.265888,0.382843,0.683328
1677109999,29192592,0.450903,0.651217,0.200912,0.560522,0.265668,0.384710,0.683546
1677109999,38615700,0.450292,0.651588,0.200894,0.559446,0.265667,0.386521,0.683405
1677109999,48393171,0.449946,0.651854,0.200879,0.558099,0.264796,0.388443,0.683755
1677109999,59041876,0.449366,0.652219,0.200819,0.557905,0.264738,0.389472,0.683350
1677109999,69052985,0.449013,0.652537,0.200766,0.557267,0.264049,0.390658,0.683461
1677109999,78698165,0.448772,0.652871,0.200664,0.556782,0.262813,0.391750,0.683707
1677109999,88779112,0.448431,0.653216,0.200454,0.556070,0.262918,0.392678,0.683714
1677109999,98376299,0.448244,0.653484,0.200225,0.554649,0.262595,0.393312,0.684627
1677109999,108659589,0.447975,0.653852,0.199925,0.553232,0.262692,0.393630,0.685552
1677109999,119114411,0.447785,0.654378,0.199614,0.551775,0.262422,0.394226,0.686487
1677109999,128739450,0.447620,0.654904,0.199325,0.550145,0.262195,0.394728,0.687594
1677109999,138976458,0.447432,0.655400,0.199005,0.548530,0.262523,0.394837,0.688695
1677109999,148881509,0.447245,0.655939,0.198727,0.547228,0.263073,0.395226,0.689297
1677109999,158973668,0.447030,0.656440,0.198406,0.545510,0.264894,0.395911,0.689568
1677109999,168887769,0.446829,0.657002,0.198114,0.545210,0.265020,0.396097,0.689651
1677109999,178228069,0.446467,0.657334,0.197776,0.544267,0.265896,0.395860,0.690194
1677109999,188616754,0.446247,0.657868,0.197424,0.543405,0.265615,0.396316,0.690719
1677109999,198908673,0.446013,0.658460,0.197088,0.542188,0.265013,0.397825,0.691040
1677109999,208977256,0.445597,0.658970,0.196680,0.541074,0.264912,0.397855,0.691934
1677109999,218643541,0.445441,0.659253,0.196355,0.538367,0.264238,0.398721,0.693802
1677109999,228740597,0.445225,0.659674,0.196005,0.536477,0.264144,0.399438,0.694888
1677109999,239024014,0.445137,0.660101,0.195722,0.534612,0.263426,0.400327,0.696085
1677109999,248487634,0.444866,0.660596,0.195483,0.533702,0.263530,0.400785,0.696480
1677109999,258207942,0.444613,0.661032,0.195249,0.533042,0.263824,0.400753,0.696893
1677109999,269234600,0.444540,0.661440,0.195138,0.532067,0.263771,0.401552,0.697198
1677109999,278797647,0.444485,0.661929,0.195073,0.531587,0.263184,0.402518,0.697230
1677109999,289054012,0.444165,0.662142,0.194953,0.530896,0.263969,0.402096,0.697702
1677109999,298342528,0.443981,0.662592,0.194857,0.530383,0.263872,0.403408,0.697372
1677109999,308602435,0.443935,0.662850,0.194771,0.528489,0.262869,0.404686,0.698448
1677109999,318757807,0.443537,0.663317,0.194587,0.527973,0.262413,0.405370,0.698612
1677109999,328987618,0.443218,0.663668,0.194360,0.526464,0.261909,0.406199,0.699458
1677109999,338899940,0.442889,0.664206,0.194127,0.525322,0.260981,0.407264,0.700044
1677109999,349072177,0.442630,0.664694,0.193900,0.523595,0.260032,0.408549,0.700942
1677109999,358243138,0.442319,0.665127,0.193635,0.522117,0.259348,0.408715,0.702200
1677109999,368337042,0.442052,0.665726,0.193385,0.520831,0.259160,0.409840,0.702569
1677109999,378803028,0.441777,0.666159,0.193173,0.519230,0.259499,0.410060,0.703499
1677109999,388372317,0.441529,0.666661,0.192932,0.517768,0.260074,0.410465,0.704128
1677109999,398168637,0.441323,0.667224,0.192718,0.516334,0.260184,0.410844,0.704919
1677109999,408361404,0.441005,0.667896,0.192500,0.514928,0.260845,0.411530,0.705303
1677109999,418628173,0.440790,0.668391,0.192264,0.512554,0.260985,0.412209,0.706583
1677109999,428999732,0.440291,0.669090,0.191916,0.511428,0.261279,0.412395,0.707181
1677109999,438320424,0.440037,0.669642,0.191628,0.508603,0.261077,0.413651,0.708558
1677109999,448096771,0.439594,0.670099,0.191337,0.505882,0.261502,0.414582,0.709804
1677109999,458307355,0.439216,0.670703,0.191109,0.503946,0.261316,0.415855,0.710505
1677109999,467972216,0.438793,0.671182,0.190917,0.502325,0.261544,0.416817,0.711005
1677109999,477953740,0.438391,0.671638,0.190797,0.501501,0.261354,0.417519,0.711244
1677109999,488270648,0.438106,0.671954,0.190744,0.499860,0.261604,0.418808,0.711550
1677109999,498599441,0.437768,0.672364,0.190679,0.499174,0.261281,0.419912,0.711499
1677109999,508849738,0.437470,0.672690,0.190637,0.497729,0.261056,0.421029,0.711934
1677109999,518881653,0.437106,0.673120,0.190578,0.496605,0.260710,0.422222,0.712140
1677109999,528703102,0.436837,0.673507,0.190525,0.494714,0.260431,0.423664,0.712700
1677109999,538816519,0.436457,0.673799,0.190441,0.493130,0.260401,0.423799,0.713728
1677109999,548506107,0.436242,0.674189,0.190453,0.491436,0.260190,0.425067,0.714220
1677109999,558699802,0.435883,0.674576,0.190397,0.490545,0.260248,0.424882,0.714921
1677109999,568771146,0.435701,0.675004,0.190430,0.488987,0.260144,0.426104,0.715299
1677109999,578760963,0.435519,0.675457,0.190471,0.487626,0.259637,0.427115,0.715808
1677109999,588793097,0.435047,0.675770,0.190414,0.486663,0.260157,0.426962,0.716366
1677109999,598340822,0.434836,0.676158,0.190435,0.485142,0.259406,0.428047,0.717023
1677109999,608719434,0.434595,0.676599,0.190475,0.484046,0.259110,0.429392,0.717066
1677109999,617861099,0.434268,0.676770,0.190538,0.483173,0.259108,0.429421,0.717638
1677109999,628230194,0.434213,0.677152,0.190690,0.482429,0.258001,0.431014,0.717582
1677109999,639110886,0.433905,0.677383,0.190788,0.482572,0.257555,0.430833,0.717755
1677109999,648809060,0.433850,0.677491,0.190930,0.481495,0.256899,0.431470,0.718331
1677109999,659085598,0.433680,0.677925,0.191025,0.481930,0.256146,0.432417,0.717739
1677109999,669572051,0.433495,0.678088,0.191068,0.481354,0.255576,0.432599,0.718218
1677109999,678898763,0.433311,0.678456,0.191022,0.480699,0.254974,0.433563,0.718290
1677109999,688971778,0.433070,0.678739,0.190929,0.479411,0.254849,0.434182,0.718821
1677109999,698558710,0.432898,0.679032,0.190845,0.478020,0.254122,0.434972,0.719527
1677109999,708383566,0.432691,0.679445,0.190729,0.476849,0.254176,0.436135,0.719580
1677109999,718661985,0.432368,0.679825,0.190610,0.476036,0.254373,0.436796,0.719648
1677109999,729142723,0.432072,0.680095,0.190502,0.474969,0.254423,0.437207,0.720086
1677109999,738330138,0.431728,0.680627,0.190321,0.474557,0.254933,0.438429,0.719434
1677109999,749065655,0.431474,0.680828,0.190240,0.472881,0.255206,0.439113,0.720023
1677109999,759010290,0.431177,0.681255,0.190132,0.472859,0.254926,0.439933,0.719636
1677109999,768810305,0.430981,0.681465,0.190128,0.471861,0.255071,0.441033,0.719567
1677109999,778784914,0.430867,0.681793,0.190133,0.471782,0.254670,0.442415,0.718911
1677109999,789222819,0.430574,0.681861,0.190104,0.471344,0.255450,0.442794,0.718689
1677109999,798571672,0.430433,0.682035,0.190078,0.470339,0.255286,0.444331,0.718457
1677109999,808626323,0.430003,0.682375,0.189848,0.470717,0.255395,0.444867,0.717838
1677109999,818998074,0.429869,0.682636,0.189721,0.468875,0.254608,0.446520,0.718297
1677109999,828769794,0.429514,0.682854,0.189428,0.467132,0.254923,0.447171,0.718916
1677109999,838613798,0.429077,0.683334,0.189083,0.466589,0.254857,0.447562,0.719048
1677109999,848135869,0.428867,0.683679,0.188859,0.464248,0.254936,0.448503,0.719949
1677109999,858371460,0.428626,0.684127,0.188668,0.462181,0.255252,0.449083,0.720805
1677109999,868076132,0.428302,0.684607,0.188510,0.460478,0.255889,0.449463,0.721432
1677109999,878357668,0.428135,0.685199,0.188485,0.458897,0.256024,0.450256,0.721896
1677109999,888740725,0.427944,0.685614,0.188520,0.457780,0.256105,0.449965,0.722758
1677109999,898687398,0.427689,0.685989,0.188633,0.456272,0.257321,0.450408,0.723004
1677109999,908584830,0.427409,0.686468,0.188755,0.455659,0.258033,0.450662,0.722978
1677109999,918754307,0.427144,0.686882,0.188943,0.454551,0.258391,0.451670,0.722919
1677109999,928550456,0.426896,0.687139,0.189130,0.453178,0.257967,0.452163,0.723624
1677109999,938739171,0.426520,0.687525,0.189241,0.451782,0.258219,0.453403,0.723631
1677109999,948741298,0.426249,0.687823,0.189316,0.449935,0.257690,0.454542,0.724256
1677109999,958564179,0.425806,0.688163,0.189412,0.448387,0.257573,0.455111,0.724900
1677109999,968604762,0.425533,0.688562,0.189501,0.446529,0.257459,0.456084,0.725475
1677109999,978919267,0.425233,0.689015,0.189615,0.445197,0.257729,0.456714,0.725802
1677109999,989060443,0.425005,0.689446,0.189787,0.444106,0.257798,0.456792,0.726397
1677109999,999088433,0.424890,0.689836,0.190046,0.442847,0.257946,0.457018,0.726969
1677110000,8974664,0.424761,0.690404,0.190248,0.442274,0.258201,0.457609,0.726856
1677110000,19098697,0.424443,0.690709,0.190390,0.441405,0.259196,0.457032,0.727393
1677110000,29113098,0.424343,0.691130,0.190567,0.439647,0.259157,0.457958,0.727889
1677110000,38763641,0.423839,0.691485,0.190556,0.439022,0.260022,0.457529,0.728227
1677110000,49164774,0.423685,0.691825,0.190646,0.436335,0.259869,0.459071,0.728926
1677110000,58873971,0.423334,0.692192,0.190605,0.434816,0.259827,0.459733,0.729431
1677110000,68353982,0.422864,0.692545,0.190521,0.433478,0.260308,0.460446,0.729606
1677110000,79080076,0.422460,0.693002,0.190397,0.432609,0.260345,0.461305,0.729567
1677110000,88495188,0.422113,0.693185,0.190314,0.430344,0.260704,0.461723,0.730513
1677110000,98847463,0.421743,0.693495,0.190251,0.428479,0.260855,0.462240,0.731228
1677110000,109027382,0.421273,0.693792,0.190203,0.426394,0.261390,0.462312,0.732210
1677110000,118750080,0.420962,0.694269,0.190228,0.425002,0.261015,0.463024,0.732703
1677110000,128942180,0.420704,0.694599,0.190348,0.422992,0.261076,0.463810,0.733346
1677110000,139381014,0.420169,0.694963,0.190410,0.423143,0.261654,0.463562,0.733211
1677110000,148872713,0.419908,0.695282,0.190618,0.422492,0.261441,0.464389,0.733139
1677110000,158880900,0.419488,0.695430,0.190731,0.421997,0.261834,0.464654,0.733115
1677110000,169093768,0.419098,0.695551,0.190820,0.421396,0.261648,0.465557,0.732954
1677110000,178383938,0.418856,0.695726,0.190880,0.420085,0.260816,0.466927,0.733132
1677110000,188633721,0.418245,0.695866,0.190740,0.419484,0.261080,0.467578,0.732967
1677110000,199294101,0.417974,0.695961,0.190691,0.417085,0.260097,0.468905,0.733838
1677110000,209079368,0.417429,0.696262,0.190519,0.416704,0.260030,0.469369,0.733782
1677110000,218669387,0.417035,0.696565,0.190423,0.415947,0.259831,0.470197,0.733751
1677110000,228319348,0.416769,0.696807,0.190412,0.415071,0.259921,0.470916,0.733755
1677110000,238480728,0.416432,0.696948,0.190371,0.414535,0.260347,0.470854,0.733946
1677110000,249109409,0.416051,0.697028,0.190346,0.413986,0.260432,0.470545,0.734424
1677110000,258167365,0.415651,0.697338,0.190214,0.413944,0.260556,0.471003,0.734110
1677110000,268401414,0.415345,0.697422,0.190139,0.412803,0.260382,0.471639,0.734405
1677110000,278336172,0.414968,0.697697,0.189943,0.412184,0.260524,0.472833,0.733935
1677110000,288708939,0.414569,0.697788,0.189735,0.411594,0.260238,0.473231,0.734111
1677110000,298650742,0.414149,0.697775,0.189499,0.410398,0.260375,0.473578,0.734508
1677110000,308797492,0.413986,0.697856,0.189293,0.408774,0.259553,0.474796,0.734918
1677110000,318625858,0.413658,0.697997,0.189034,0.407880,0.258862,0.475496,0.735206
1677110000,328723029,0.413223,0.698191,0.188677,0.407199,0.259112,0.475996,0.735172
1677110000,338957238,0.412937,0.698192,0.188463,0.405607,0.259096,0.476290,0.735867
1677110000,348761895,0.412681,0.698334,0.188305,0.405068,0.258656,0.476466,0.736205
1677110000,358869751,0.412412,0.698431,0.188212,0.404441,0.258815,0.476938,0.736187
1677110000,368451950,0.412166,0.698534,0.188127,0.404320,0.258470,0.477363,0.736100
1677110000,378313452,0.411965,0.698649,0.188105,0.403904,0.258293,0.478348,0.735751
1677110000,388248120,0.411637,0.698732,0.187967,0.404114,0.257905,0.478635,0.735586
1677110000,398452364,0.411448,0.698740,0.187912,0.403399,0.257477,0.479473,0.735582
1677110000,408458741,0.411218,0.698918,0.187801,0.403478,0.256867,0.480478,0.735096
1677110000,418607151,0.410972,0.699043,0.187653,0.403001,0.256806,0.481675,0.734595
1677110000,428690261,0.410725,0.699211,0.187463,0.403148,0.256253,0.482207,0.734358
1677110000,438774015,0.410362,0.699516,0.187139,0.402886,0.256452,0.483069,0.733866
1677110000,448216141,0.410167,0.699536,0.186903,0.400575,0.256070,0.483226,0.735160
1677110000,458236185,0.409870,0.700004,0.186530,0.399466,0.255724,0.484345,0.735148
1677110000,468842669,0.409515,0.700460,0.186177,0.398673,0.255672,0.484843,0.735268
1677110000,478368993,0.409187,0.700754,0.185836,0.397395,0.256221,0.484721,0.735849
1677110000,488498659,0.409000,0.701165,0.185576,0.396440,0.256260,0.485355,0.735933
1677110000,498393442,0.408667,0.701483,0.185317,0.395234,0.257128,0.485646,0.736087
1677110000,508351611,0.408408,0.701996,0.185036,0.394524,0.257085,0.486897,0.735656
1677110000,517964260,0.407935,0.702208,0.184717,0.393281,0.257723,0.487134,0.735941
1677110000,528904684,0.407593,0.702623,0.184424,0.392204,0.257185,0.488103,0.736062
1677110000,538270072,0.407341,0.702885,0.184225,0.390398,0.256727,0.489407,0.736316
1677110000,548468142,0.407028,0.703112,0.184044,0.389331,0.256346,0.490067,0.736575
1677110000,558863995,0.406634,0.703429,0.183836,0.389013,0.257031,0.490655,0.736113
1677110000,568541026,0.406326,0.703594,0.183761,0.388592,0.257070,0.490868,0.736179
1677110000,578376624,0.406063,0.703910,0.183643,0.388075,0.257650,0.491713,0.735685
1677110000,588828406,0.405923,0.704612,0.183611,0.388928,0.256012,0.493287,0.734752
1677110000,598717596,0.405750,0.704463,0.183625,0.386304,0.256797,0.493345,0.735823
1677110000,608768890,0.405505,0.704748,0.183564,0.386023,0.256948,0.493960,0.735505
1677110000,619028613,0.405346,0.704553,0.183650,0.384493,0.257173,0.493570,0.736489
1677110000,628671070,0.405210,0.704789,0.183658,0.384867,0.256932,0.494135,0.735998
1677110000,638826036,0.405060,0.704840,0.183649,0.384406,0.257628,0.494667,0.735639
1677110000,649027555,0.404946,0.705035,0.183658,0.384462,0.257440,0.495469,0.735136
1677110000,658766506,0.404772,0.705147,0.183558,0.384472,0.257651,0.495945,0.734735
1677110000,668672509,0.404674,0.705256,0.183489,0.384688,0.256400,0.495980,0.735036
1677110000,678338657,0.404711,0.705340,0.183437,0.383673,0.255845,0.496984,0.735082
1677110000,689115195,0.404479,0.705439,0.183208,0.384047,0.256184,0.496909,0.734819
1677110000,698738302,0.404356,0.705519,0.183092,0.384043,0.256662,0.496916,0.734650
1677110000,708389777,0.404484,0.705602,0.183068,0.383159,0.256474,0.497431,0.734828
1677110000,717902257,0.404390,0.705644,0.182937,0.382604,0.257402,0.497479,0.734760
1677110000,727896385,0.404316,0.705721,0.182799,0.381612,0.257961,0.497600,0.734999
1677110000,738138287,0.404038,0.705820,0.182584,0.381665,0.258463,0.497239,0.735039
1677110000,749513077,0.403785,0.706019,0.182334,0.381870,0.258458,0.497485,0.734768
1677110000,758191906,0.403761,0.706297,0.182187,0.382113,0.257090,0.498546,0.734402
1677110000,768545305,0.403571,0.706002,0.182034,0.380521,0.257947,0.498924,0.734671
1677110000,778710175,0.403444,0.706043,0.181878,0.380706,0.257657,0.499891,0.734020
1677110000,789100994,0.403257,0.706317,0.181603,0.382406,0.256741,0.500883,0.732779
1677110000,798777818,0.402923,0.706131,0.181322,0.381860,0.257931,0.501491,0.732231
1677110000,809087347,0.402878,0.706026,0.181097,0.380535,0.257907,0.502606,0.732164
1677110000,818830173,0.402604,0.706111,0.180688,0.380639,0.257518,0.503215,0.731829
1677110000,828728372,0.402378,0.706006,0.180348,0.379142,0.257832,0.504053,0.731919
1677110000,838554456,0.402118,0.705840,0.179963,0.378122,0.258088,0.504086,0.732333
1677110000,848590768,0.402032,0.706142,0.179649,0.378313,0.256916,0.505469,0.731693
1677110000,858522858,0.401784,0.706106,0.179278,0.377793,0.257624,0.506022,0.731330
1677110000,868497933,0.401670,0.705966,0.178993,0.376781,0.258111,0.506154,0.731589
1677110000,878676650,0.401646,0.706043,0.178770,0.376480,0.257966,0.506764,0.731373
1677110000,888641060,0.401588,0.706035,0.178536,0.376697,0.257791,0.506558,0.731466
1677110000,898487001,0.401543,0.706007,0.178349,0.376761,0.257923,0.506209,0.731628
1677110000,908835014,0.401610,0.706123,0.178230,0.377605,0.257301,0.505890,0.731632
1677110000,918827970,0.401621,0.705969,0.178128,0.377174,0.258318,0.505529,0.731746
1677110000,928365928,0.401855,0.705880,0.178188,0.376420,0.258048,0.505301,0.732386
1677110000,937857136,0.401797,0.705938,0.178100,0.377180,0.258614,0.504874,0.732090
1677110000,948131911,0.401893,0.706572,0.178044,0.379974,0.256591,0.505379,0.731008
1677110000,958711737,0.401894,0.706155,0.178038,0.377991,0.258405,0.504854,0.731760
1677110000,968409510,0.401901,0.706667,0.177953,0.380639,0.257224,0.505107,0.730628
1677110000,978342732,0.401853,0.706461,0.177878,0.379917,0.258921,0.504697,0.730687
1677110000,988244338,0.401871,0.706542,0.177828,0.380303,0.259563,0.504773,0.730206
1677110000,998579154,0.401989,0.706497,0.177830,0.379636,0.260118,0.504582,0.730488
1677110001,8703867,0.402113,0.706564,0.177774,0.379270,0.260513,0.504661,0.730482
1677110001,18328030,0.402118,0.706686,0.177667,0.379605,0.261115,0.504453,0.730237
1677110001,28498472,0.402150,0.706792,0.177535,0.379433,0.261744,0.504125,0.730327
1677110001,38853140,0.402069,0.707346,0.177297,0.382100,0.261426,0.503848,0.729241
1677110001,48559882,0.402180,0.707328,0.177136,0.380972,0.262537,0.503426,0.729724
1677110001,58346223,0.402303,0.707283,0.176976,0.379292,0.264113,0.503430,0.730027
1677110001,68713244,0.402285,0.707463,0.176757,0.379328,0.265037,0.502942,0.730011
1677110001,78802269,0.402413,0.707755,0.176564,0.379556,0.264810,0.502376,0.730363
1677110001,88332826,0.402399,0.707727,0.176365,0.378293,0.266442,0.502030,0.730663
1677110001,98660626,0.402429,0.707906,0.176171,0.378203,0.267653,0.501731,0.730473
1677110001,108830068,0.402509,0.708000,0.176119,0.378214,0.267971,0.501178,0.730730
1677110001,118505188,0.402648,0.708103,0.176086,0.378387,0.268313,0.501040,0.730610
1677110001,129161074,0.402758,0.708196,0.176104,0.378809,0.269036,0.500765,0.730313
1677110001,138867119,0.402859,0.708260,0.176082,0.379625,0.269832,0.500587,0.729718
1677110001,148583812,0.402990,0.708399,0.176089,0.380600,0.270229,0.500784,0.728927
1677110001,158858900,0.403151,0.708394,0.176053,0.380824,0.270539,0.500623,0.728806
1677110001,168798044,0.403253,0.708440,0.175960,0.380718,0.270927,0.500767,0.728618
1677110001,179148376,0.403213,0.708457,0.175756,0.380799,0.271462,0.500383,0.728641
1677110001,188586847,0.403265,0.708781,0.175560,0.381361,0.271609,0.501156,0.727760
1677110001,198064368,0.403361,0.708737,0.175521,0.381887,0.272642,0.500085,0.727835
1677110001,208210495,0.403626,0.708843,0.175644,0.382445,0.273533,0.500064,0.727222
1677110001,218778954,0.403779,0.708733,0.175667,0.382333,0.274384,0.498972,0.727710
1677110001,228867747,0.403842,0.708889,0.175580,0.382635,0.274488,0.498681,0.727712
1677110001,238660166,0.403920,0.709082,0.175532,0.382899,0.274763,0.498748,0.727423
1677110001,248298961,0.404048,0.709170,0.175540,0.383318,0.275370,0.498319,0.727267
1677110001,259010406,0.404181,0.709205,0.175569,0.383795,0.275976,0.498246,0.726835
1677110001,268569654,0.404237,0.709312,0.175492,0.384204,0.276683,0.498444,0.726214
1677110001,278140612,0.404213,0.709322,0.175425,0.384498,0.276945,0.498113,0.726186
1677110001,288445488,0.404348,0.709156,0.175424,0.383617,0.277349,0.497881,0.726657
1677110001,298446789,0.404231,0.709238,0.175344,0.384849,0.278580,0.497427,0.725844
1677110001,308185332,0.404430,0.709259,0.175439,0.385146,0.278756,0.497591,0.725507
1677110001,318561987,0.404674,0.709257,0.175466,0.384887,0.278916,0.497832,0.725417
1677110001,328875811,0.404623,0.709344,0.175392,0.385526,0.279571,0.497520,0.725040
1677110001,338923320,0.404521,0.709420,0.175291,0.386400,0.280301,0.497121,0.724567
1677110001,348782736,0.404541,0.709446,0.175254,0.386535,0.281192,0.497088,0.724172
1677110001,358378135,0.404615,0.709495,0.175220,0.386890,0.281937,0.497049,0.723720
1677110001,368374376,0.404674,0.709266,0.175209,0.386782,0.282392,0.495865,0.724412
1677110001,377799980,0.404594,0.709531,0.175124,0.388089,0.283087,0.496059,0.723308
1677110001,388036241,0.404660,0.709503,0.175138,0.388303,0.283457,0.495778,0.723240
1677110001,398420922,0.404666,0.709490,0.175147,0.389015,0.283911,0.495194,0.723080
1677110001,408956082,0.404738,0.709570,0.175146,0.389484,0.284138,0.495286,0.722675
1677110001,419103704,0.404735,0.710083,0.175083,0.392383,0.283004,0.495419,0.721460
1677110001,428930935,0.404807,0.709572,0.175101,0.390087,0.284931,0.495121,0.722151
1677110001,438803919,0.404798,0.709506,0.175084,0.390376,0.285866,0.494972,0.721727
1677110001,448672619,0.404814,0.709599,0.175017,0.391299,0.286328,0.495160,0.720915
1677110001,458705798,0.404773,0.709542,0.174930,0.392312,0.286812,0.494363,0.720719
1677110001,469091459,0.404743,0.709663,0.174847,0.393574,0.287257,0.494368,0.719849
1677110001,478773724,0.404834,0.709722,0.174808,0.394312,0.287488,0.494258,0.719429
1677110001,489024541,0.404977,0.709503,0.174854,0.394030,0.288007,0.493529,0.719876
1677110001,498559176,0.405003,0.709621,0.174833,0.394815,0.288482,0.493522,0.719260
1677110001,508863210,0.404978,0.709701,0.174783,0.395547,0.289012,0.493315,0.718787
1677110001,519139340,0.404986,0.709732,0.174799,0.395955,0.289569,0.493242,0.718388
1677110001,529020470,0.404828,0.709722,0.174680,0.397529,0.290132,0.492082,0.718087
1677110001,538360798,0.405040,0.709657,0.174755,0.397101,0.289730,0.492648,0.718099
1677110001,548900059,0.404966,0.709727,0.174628,0.398405,0.290441,0.492843,0.716954
1677110001,558919337,0.404934,0.709658,0.174569,0.399587,0.290802,0.492575,0.716334
1677110001,568783011,0.404869,0.709612,0.174496,0.400950,0.291602,0.492321,0.715421
1677110001,578455191,0.404893,0.709510,0.174475,0.401741,0.292120,0.491982,0.715000
1677110001,588428510,0.404998,0.709359,0.174470,0.402079,0.292581,0.491544,0.714922
1677110001,598555465,0.404975,0.709290,0.174403,0.403596,0.293258,0.490156,0.714743
1677110001,609465090,0.404867,0.709684,0.174260,0.407316,0.293451,0.488805,0.713477
1677110001,618961340,0.405042,0.709750,0.174252,0.408417,0.293743,0.487858,0.713376
1677110001,628840599,0.405047,0.709356,0.174168,0.407750,0.296349,0.485762,0.714110
1677110001,638920111,0.405310,0.709820,0.174090,0.410534,0.295566,0.484438,0.713739
1677110001,649083751,0.405350,0.709845,0.173981,0.411795,0.297092,0.482053,0.713993
1677110001,658447474,0.405239,0.709482,0.173811,0.412229,0.300405,0.479049,0.714378
1677110001,668835055,0.405568,0.709664,0.173718,0.414653,0.299788,0.477570,0.714225
1677110001,679353122,0.405477,0.709550,0.173505,0.416915,0.301848,0.475828,0.713203
1677110001,688369547,0.405484,0.709189,0.173394,0.418608,0.302715,0.474316,0.712851
1677110001,698051542,0.405320,0.708744,0.173246,0.420760,0.303993,0.472849,0.712013
1677110001,708901017,0.405186,0.708250,0.173093,0.422963,0.304485,0.472051,0.711026
1677110001,718835851,0.404762,0.707583,0.172900,0.424718,0.306349,0.471098,0.709811
1677110001,728248601,0.404593,0.707461,0.172710,0.428563,0.305187,0.471078,0.708011
1677110001,738388249,0.404252,0.707301,0.172513,0.432161,0.304607,0.471463,0.705814
1677110001,748473346,0.403824,0.706344,0.172280,0.433163,0.305969,0.469805,0.705717
1677110001,758478780,0.403958,0.705512,0.172232,0.433579,0.304520,0.469000,0.706623
1677110001,768419721,0.403467,0.705366,0.172022,0.437397,0.304830,0.468803,0.704262
1677110001,778547301,0.403411,0.704990,0.171919,0.440413,0.303216,0.467400,0.704013
1677110001,788363730,0.403519,0.704824,0.171769,0.443878,0.301330,0.466300,0.703375
1677110001,798738110,0.403528,0.704254,0.171640,0.446108,0.301618,0.463671,0.703579
1677110001,808609798,0.403664,0.704059,0.171450,0.450456,0.300406,0.460474,0.703427
1677110001,818531082,0.403846,0.703878,0.171218,0.453883,0.299863,0.457590,0.703338
1677110001,828292213,0.404007,0.703689,0.170933,0.457287,0.299771,0.453998,0.703500
1677110001,837867429,0.403975,0.703614,0.170510,0.461541,0.300272,0.449964,0.703099
1677110001,847980289,0.403991,0.703521,0.170140,0.465017,0.301494,0.446030,0.702793
1677110001,858040357,0.403940,0.703317,0.169742,0.468270,0.302641,0.441868,0.702769
1677110001,869015321,0.403839,0.703414,0.169323,0.472269,0.303422,0.438646,0.701774
1677110001,878945404,0.403800,0.703234,0.169016,0.474763,0.303906,0.435768,0.701675
1677110001,888490008,0.403619,0.703078,0.168770,0.478047,0.303914,0.432700,0.701340
1677110001,897956623,0.403387,0.703072,0.168546,0.481614,0.302990,0.430559,0.700617
1677110001,908358469,0.402890,0.702857,0.168246,0.484747,0.302985,0.428288,0.699850
1677110001,917910576,0.402381,0.702607,0.167977,0.487644,0.302700,0.426743,0.698904
1677110001,929208727,0.401815,0.702437,0.167637,0.490885,0.302234,0.425534,0.697572
1677110001,938783432,0.401276,0.701976,0.167330,0.493129,0.301870,0.423961,0.697105
1677110001,948871284,0.400713,0.701770,0.167042,0.495959,0.301725,0.422971,0.695760
1677110001,959027109,0.400372,0.701573,0.166790,0.498728,0.300894,0.421536,0.695011
1677110001,968526327,0.400018,0.701400,0.166524,0.501459,0.300756,0.419131,0.694560
1677110001,978292707,0.399880,0.701467,0.166276,0.504407,0.299752,0.416111,0.694675
1677110001,988507267,0.399647,0.701687,0.165986,0.507797,0.299297,0.411666,0.695050
1677110001,998753419,0.399574,0.702147,0.165704,0.511122,0.298801,0.406894,0.695636
1677110002,8598951,0.399604,0.702704,0.165421,0.513409,0.299099,0.402326,0.696480
1677110002,18380827,0.399332,0.703326,0.165095,0.516281,0.299669,0.395747,0.697880
1677110002,28673403,0.399235,0.704006,0.164837,0.517765,0.300305,0.390385,0.699525
1677110002,38905177,0.398973,0.704633,0.164671,0.519231,0.300574,0.384931,0.701344
1677110002,48728727,0.398556,0.705418,0.164524,0.520565,0.301137,0.381269,0.702112
1677110002,58720966,0.397894,0.706003,0.164412,0.522153,0.300427,0.377285,0.703389
1677110002,68804484,0.397318,0.706349,0.164342,0.522728,0.298948,0.375036,0.704793
1677110002,78365169,0.396409,0.706637,0.164274,0.524614,0.297773,0.373393,0.704762
1677110002,88995716,0.395678,0.706473,0.164322,0.525315,0.295533,0.372268,0.705777
1677110002,98671730,0.394818,0.706498,0.164305,0.527340,0.292735,0.371876,0.705640
1677110002,108305307,0.393822,0.706425,0.164224,0.529944,0.290124,0.370843,0.705311
1677110002,118716213,0.392929,0.706134,0.164145,0.531467,0.287953,0.369485,0.705767
1677110002,128422467,0.392276,0.705993,0.164072,0.533307,0.285189,0.368541,0.705995
1677110002,138790530,0.391535,0.706089,0.163867,0.536214,0.282655,0.367067,0.705580
1677110002,148768074,0.390832,0.705966,0.163672,0.538364,0.281089,0.364131,0.706089
1677110002,158734733,0.390368,0.705968,0.163494,0.541045,0.279236,0.361565,0.706094
1677110002,168436860,0.389987,0.705953,0.163331,0.543968,0.277519,0.358089,0.706296
1677110002,178414865,0.389817,0.705964,0.163191,0.546510,0.276067,0.354933,0.706496
1677110002,188957251,0.389616,0.705903,0.163020,0.549374,0.274971,0.350480,0.706925
1677110002,198581445,0.389807,0.705760,0.162920,0.551207,0.273177,0.346616,0.708098
1677110002,208239892,0.390012,0.705462,0.162864,0.553655,0.271537,0.341574,0.709268
1677110002,219050374,0.390331,0.705256,0.162839,0.556546,0.269964,0.336630,0.709969
1677110002,228777899,0.390680,0.705054,0.162770,0.559152,0.268527,0.331931,0.710679
1677110002,238639507,0.390887,0.704611,0.162649,0.561068,0.267527,0.326214,0.712192
1677110002,248533580,0.391204,0.704413,0.162461,0.563345,0.266084,0.321670,0.713001
1677110002,258682607,0.391481,0.703916,0.162297,0.564595,0.264836,0.316555,0.714764
1677110002,269212260,0.391780,0.703537,0.162103,0.566063,0.264153,0.312015,0.715851
1677110002,278097284,0.392098,0.703339,0.161934,0.568754,0.262792,0.307470,0.716185
1677110002,289082813,0.392552,0.702943,0.161787,0.570814,0.260521,0.302091,0.717664
1677110002,298489948,0.392905,0.702739,0.161623,0.573436,0.257397,0.296135,0.719181
1677110002,308575790,0.393207,0.702697,0.161422,0.575799,0.255054,0.291215,0.720137
1677110002,318632154,0.393594,0.702577,0.161258,0.577607,0.253307,0.286159,0.721331
1677110002,328833379,0.393947,0.702525,0.161121,0.580563,0.251626,0.280574,0.721741
1677110002,338292393,0.394475,0.702477,0.160973,0.583481,0.249874,0.275267,0.722040
1677110002,349200245,0.395087,0.702374,0.160763,0.585558,0.248841,0.269623,0.722844
1677110002,358539153,0.395794,0.702423,0.160571,0.587707,0.247975,0.264005,0.723471
1677110002,368896538,0.396667,0.702491,0.160396,0.589692,0.246784,0.257588,0.724575
1677110002,378442065,0.397419,0.702811,0.160196,0.592567,0.245605,0.249825,0.725348
1677110002,388419744,0.398442,0.703131,0.160029,0.594062,0.244738,0.243407,0.726600
1677110002,398777647,0.399393,0.703452,0.159865,0.594695,0.244910,0.236725,0.728229
1677110002,408923667,0.400238,0.704109,0.159697,0.597015,0.244708,0.229852,0.728601
1677110002,419027536,0.401244,0.704510,0.159618,0.598015,0.244257,0.223608,0.729874
1677110002,428412185,0.402294,0.704968,0.159498,0.599699,0.242456,0.217487,0.730941
1677110002,438668126,0.403141,0.705356,0.159350,0.601760,0.241052,0.211035,0.731603
1677110002,448493177,0.403993,0.705705,0.159151,0.604158,0.238827,0.205086,0.732048
1677110002,458432152,0.404864,0.705835,0.158953,0.606171,0.236161,0.199532,0.732783
1677110002,468383124,0.405596,0.706034,0.158792,0.608176,0.234189,0.194958,0.732986
1677110002,478395088,0.406404,0.706201,0.158714,0.609923,0.232410,0.191986,0.732885
1677110002,488726149,0.406770,0.706310,0.158777,0.612002,0.231388,0.188529,0.732373
1677110002,498184488,0.407286,0.706330,0.158875,0.613114,0.229553,0.186826,0.732456
1677110002,508955702,0.407443,0.706345,0.159049,0.615041,0.228130,0.185089,0.731726
1677110002,519105955,0.407706,0.706328,0.159184,0.617170,0.225974,0.184912,0.730647
1677110002,529011075,0.407853,0.706038,0.159329,0.618743,0.223418,0.184894,0.730107
1677110002,537986529,0.407749,0.706052,0.159439,0.621833,0.220236,0.184619,0.728516
1677110002,548328826,0.407669,0.705676,0.159542,0.622786,0.217362,0.184968,0.728477
1677110002,558820338,0.407648,0.705464,0.159676,0.624193,0.214137,0.186581,0.727816
1677110002,569099061,0.407444,0.705270,0.159849,0.625904,0.210671,0.186785,0.727305
1677110002,578686420,0.407333,0.705008,0.159967,0.626979,0.206795,0.187502,0.727308
1677110002,588653070,0.407173,0.704825,0.160091,0.628097,0.203350,0.188091,0.727162
1677110002,598775345,0.407093,0.704807,0.160217,0.629642,0.199207,0.188363,0.726903
1677110002,609213904,0.407140,0.704549,0.160340,0.629943,0.195746,0.189133,0.727382
1677110002,618488548,0.407024,0.704549,0.160470,0.632088,0.192407,0.188498,0.726576
1677110002,628814657,0.407090,0.704360,0.160624,0.633291,0.190317,0.188845,0.725988
1677110002,638885011,0.407211,0.704255,0.160775,0.634786,0.187958,0.188396,0.725414
1677110002,648816785,0.407418,0.704075,0.160928,0.635640,0.186444,0.188163,0.725117
1677110002,658305578,0.407693,0.704035,0.161080,0.637306,0.184591,0.187399,0.724326
1677110002,668980542,0.407987,0.703739,0.161185,0.637843,0.184011,0.186416,0.724255
1677110002,678839675,0.408362,0.703499,0.161227,0.639057,0.182958,0.185014,0.723811
1677110002,689116968,0.408661,0.703413,0.161212,0.641422,0.181110,0.181965,0.722956
1677110002,698696432,0.409236,0.703024,0.161239,0.642465,0.178924,0.179890,0.723094
1677110002,709355307,0.409613,0.702795,0.161221,0.644793,0.176926,0.176700,0.722299
1677110002,719076385,0.410269,0.702511,0.161208,0.646375,0.173910,0.174369,0.722185
1677110002,728626408,0.410611,0.702221,0.161179,0.648127,0.172795,0.171501,0.721568
1677110002,738422351,0.411149,0.701846,0.161081,0.649402,0.170595,0.169132,0.721505
1677110002,748496318,0.411474,0.701688,0.160963,0.651419,0.169088,0.166665,0.720615
1677110002,758388236,0.411880,0.701282,0.160875,0.652404,0.166801,0.164444,0.720766
1677110002,768787057,0.412150,0.701102,0.160773,0.654054,0.164279,0.162130,0.720374
1677110002,779059114,0.412388,0.700923,0.160642,0.655672,0.161144,0.160059,0.720075
1677110002,788107068,0.412668,0.700495,0.160444,0.656110,0.157989,0.158898,0.720632
1677110002,799092253,0.412922,0.700143,0.160151,0.656399,0.154537,0.158582,0.721186
1677110002,808548039,0.412765,0.699980,0.159777,0.657523,0.151839,0.156979,0.721087
1677110002,818368688,0.412848,0.699701,0.159428,0.657680,0.148729,0.156840,0.721622
1677110002,828573769,0.412818,0.699518,0.159108,0.658774,0.146073,0.156494,0.721241
1677110002,838998165,0.412834,0.699136,0.158849,0.659446,0.144149,0.156666,0.720977
1677110002,848265457,0.412726,0.698733,0.158558,0.660849,0.142740,0.155836,0.720152
1677110002,859083540,0.412827,0.698226,0.158375,0.661424,0.141058,0.155776,0.719969
1677110002,868806341,0.412990,0.697900,0.158197,0.662477,0.138914,0.155364,0.719506
1677110002,878177804,0.413020,0.697677,0.158036,0.664010,0.137605,0.154147,0.718605
1677110002,888412975,0.413248,0.697338,0.157901,0.664780,0.136249,0.153513,0.718288
1677110002,898549773,0.413413,0.697028,0.157733,0.665884,0.134132,0.150901,0.718217
1677110002,908169395,0.413674,0.696767,0.157543,0.667220,0.131800,0.148822,0.717843
1677110002,918021817,0.414002,0.696399,0.157372,0.668135,0.129316,0.146559,0.717910
1677110002,928534811,0.414257,0.696112,0.157177,0.669405,0.126793,0.143933,0.717707
1677110002,938668462,0.414454,0.695747,0.157042,0.670073,0.125282,0.141913,0.717751
1677110002,949500757,0.414573,0.695503,0.156882,0.671045,0.124166,0.139921,0.717429
1677110002,958839597,0.414646,0.695301,0.156689,0.672065,0.123872,0.138884,0.716725
1677110002,968651816,0.414784,0.695095,0.156518,0.672534,0.123656,0.138608,0.716377
1677110002,978320516,0.414818,0.694785,0.156341,0.672909,0.123020,0.137479,0.716351
1677110002,988079234,0.414783,0.694539,0.156234,0.673660,0.122938,0.136997,0.715752
1677110002,998590478,0.414841,0.694404,0.156156,0.675094,0.122150,0.136580,0.714614
1677110003,8143183,0.414867,0.694059,0.156078,0.676194,0.120579,0.135156,0.714111
1677110003,18039465,0.415010,0.693676,0.155994,0.677238,0.118229,0.133795,0.713772
1677110003,28219921,0.415097,0.693229,0.155926,0.678606,0.116075,0.132285,0.713106
1677110003,39396635,0.415189,0.692683,0.155854,0.679495,0.113297,0.130245,0.713082
1677110003,49428500,0.415150,0.692534,0.155783,0.681435,0.110900,0.128615,0.711903
1677110003,58250390,0.415111,0.692227,0.155718,0.681775,0.109283,0.128555,0.711838
1677110003,68391103,0.415088,0.691967,0.155648,0.681700,0.107522,0.128396,0.712207
1677110003,77690242,0.414733,0.691898,0.155565,0.682555,0.106986,0.128030,0.711534
1677110003,88045003,0.414476,0.691692,0.155612,0.682880,0.106406,0.128461,0.711232
1677110003,98499125,0.414477,0.691475,0.155744,0.684027,0.104226,0.129307,0.710299
1677110003,108626220,0.414342,0.690993,0.155918,0.685617,0.102461,0.129232,0.709034
1677110003,118832988,0.414195,0.690267,0.156034,0.687264,0.101408,0.129090,0.707616
1677110003,129084423,0.414175,0.689567,0.156171,0.689862,0.099006,0.128492,0.705534
1677110003,138543611,0.414164,0.688902,0.156316,0.692306,0.097167,0.128012,0.703479
1677110003,148663945,0.414154,0.688329,0.156498,0.695024,0.095869,0.127722,0.701027
1677110003,159049154,0.414144,0.687538,0.156707,0.696796,0.094850,0.126735,0.699584
1677110003,168929800,0.414256,0.687031,0.156912,0.699064,0.093625,0.125440,0.697717
1677110003,177982233,0.414435,0.686381,0.157085,0.700155,0.093051,0.125011,0.696776
1677110003,188911448,0.414535,0.686153,0.157360,0.702280,0.092178,0.123582,0.695006
1677110003,198185213,0.414715,0.685572,0.157613,0.702701,0.091288,0.122569,0.694877
1677110003,208012310,0.414863,0.685296,0.157976,0.704547,0.089860,0.121440,0.693391
1677110003,218749331,0.414938,0.684596,0.158334,0.705261,0.089172,0.120347,0.692944
1677110003,229515186,0.414899,0.684114,0.158823,0.707821,0.088183,0.119357,0.690628
1677110003,238789844,0.414890,0.683493,0.159291,0.709870,0.087388,0.119075,0.688672
1677110003,248444284,0.414902,0.682862,0.159811,0.712335,0.086017,0.118614,0.686375
1677110003,258698619,0.414814,0.682209,0.160357,0.714847,0.085001,0.117991,0.683993
1677110003,269135798,0.414741,0.681670,0.160934,0.717429,0.083923,0.117385,0.681523
1677110003,279329106,0.414750,0.681049,0.161508,0.719380,0.082878,0.117275,0.679610
1677110003,289213506,0.414646,0.680769,0.162165,0.721768,0.081966,0.116478,0.677322
1677110003,299007084,0.414625,0.680277,0.162797,0.722837,0.081048,0.116098,0.676357
1677110003,308716571,0.414462,0.679834,0.163511,0.724006,0.080369,0.115307,0.675323
1677110003,318678048,0.414370,0.679415,0.164289,0.725439,0.079052,0.114854,0.674016
1677110003,328816061,0.414158,0.678957,0.165176,0.727297,0.078088,0.114383,0.672204
1677110003,338946717,0.413900,0.678207,0.166075,0.728381,0.076978,0.113823,0.671252
1677110003,348377919,0.413898,0.677614,0.167104,0.730388,0.074685,0.114793,0.669162
1677110003,358639201,0.413599,0.676946,0.168189,0.732686,0.073479,0.115109,0.666725
1677110003,368881969,0.413274,0.676128,0.169234,0.734631,0.072165,0.114949,0.664753
1677110003,378566465,0.413049,0.675310,0.170379,0.736398,0.070237,0.115585,0.662891
1677110003,388463438,0.412806,0.674608,0.171520,0.738471,0.067760,0.115781,0.660806
1677110003,398493736,0.412462,0.673966,0.172703,0.740791,0.066283,0.116177,0.658284
1677110003,408195949,0.412153,0.673309,0.173913,0.742909,0.064682,0.116793,0.655944
1677110003,418383473,0.411794,0.672500,0.175054,0.744379,0.064007,0.117102,0.654286
1677110003,428036468,0.411579,0.671782,0.176286,0.746090,0.062684,0.117564,0.652380
1677110003,438288927,0.411362,0.671288,0.177541,0.748117,0.061681,0.117750,0.650117
1677110003,448338599,0.411194,0.670726,0.178760,0.749248,0.060305,0.117691,0.648953
1677110003,458048262,0.411024,0.670284,0.179935,0.749927,0.059080,0.117976,0.648229
1677110003,468354359,0.410816,0.670028,0.181061,0.750846,0.058148,0.118142,0.647219
1677110003,478614726,0.410515,0.669623,0.182136,0.750949,0.057453,0.118223,0.647147
1677110003,489150991,0.410265,0.669426,0.183244,0.751544,0.055814,0.118071,0.646627
1677110003,498440074,0.410123,0.669037,0.184269,0.751431,0.054137,0.119076,0.646716
1677110003,509046924,0.409812,0.668769,0.185276,0.752331,0.052220,0.118658,0.645903
1677110003,518909503,0.409610,0.668289,0.186157,0.752342,0.050773,0.119293,0.645889
1677110003,528621405,0.409396,0.667919,0.187010,0.752626,0.049095,0.119899,0.645576
1677110003,538849040,0.409046,0.667611,0.187794,0.752545,0.048190,0.120384,0.645648
1677110003,548634403,0.408800,0.667468,0.188579,0.753478,0.046314,0.120315,0.644710
1677110003,558367238,0.408485,0.666910,0.189248,0.753582,0.046004,0.120851,0.644510
1677110003,569197232,0.408347,0.666387,0.189995,0.755408,0.044857,0.121074,0.642408
1677110003,578604717,0.408249,0.665600,0.190763,0.757706,0.044231,0.121560,0.639647
1677110003,588470258,0.408192,0.664651,0.191573,0.760452,0.043223,0.121337,0.636492
1677110003,598148021,0.408070,0.663732,0.192370,0.763217,0.042818,0.120703,0.633322
1677110003,608707639,0.408107,0.662758,0.193157,0.765187,0.041440,0.120357,0.631099
1677110003,618048271,0.408033,0.662014,0.193928,0.766530,0.040864,0.120192,0.629536
1677110003,628462498,0.407997,0.661452,0.194721,0.767106,0.039355,0.120024,0.628962
1677110003,639064083,0.407864,0.660945,0.195497,0.766765,0.037869,0.119769,0.629517
1677110003,648768897,0.407627,0.660651,0.196366,0.767430,0.036234,0.118809,0.628985
1677110003,658418647,0.407472,0.660197,0.197313,0.767676,0.034525,0.118862,0.628771
1677110003,669137089,0.407222,0.659529,0.198221,0.768059,0.033281,0.118953,0.628353
1677110003,679253855,0.406981,0.658835,0.199220,0.769223,0.031713,0.119379,0.626928
1677110003,688655297,0.406689,0.658091,0.200255,0.770729,0.030445,0.119961,0.625027
1677110003,699079713,0.406388,0.657070,0.201179,0.771583,0.029489,0.120473,0.623920
1677110003,708938052,0.406122,0.656365,0.202223,0.773542,0.028235,0.120820,0.621480
1677110003,719322595,0.405942,0.655581,0.203264,0.774914,0.027080,0.121690,0.619650
1677110003,729083736,0.405787,0.654917,0.204333,0.776363,0.025580,0.121890,0.617859
1677110003,738648599,0.405649,0.654405,0.205447,0.777647,0.024604,0.122188,0.616223
1677110003,749032746,0.405492,0.653817,0.206518,0.777899,0.023786,0.122047,0.615964
1677110003,758868619,0.405475,0.653351,0.207617,0.777716,0.022573,0.122361,0.616178
1677110003,769096803,0.405243,0.653019,0.208720,0.777635,0.022266,0.121610,0.616440
1677110003,778618781,0.405091,0.652764,0.209915,0.777695,0.021847,0.121459,0.616409
1677110003,788219409,0.404966,0.652533,0.211165,0.778307,0.021286,0.121442,0.615660
1677110003,798575264,0.404908,0.652344,0.212532,0.779761,0.020788,0.122340,0.613655
1677110003,808073475,0.404926,0.650980,0.213695,0.778029,0.019532,0.122395,0.615880
1677110003,818388453,0.404897,0.650302,0.215038,0.779483,0.018921,0.122525,0.614033
1677110003,828605349,0.404747,0.649412,0.216314,0.780418,0.018856,0.122400,0.612870
1677110003,839117231,0.404778,0.648784,0.217698,0.781807,0.017732,0.122953,0.611020
1677110003,849084770,0.404609,0.647998,0.218974,0.782218,0.017077,0.122718,0.610560
1677110003,858840634,0.404589,0.647459,0.220340,0.782452,0.015713,0.123058,0.610228
1677110003,868777837,0.404449,0.647038,0.221681,0.782419,0.014536,0.122987,0.610314
1677110003,879045880,0.404133,0.646434,0.223008,0.781870,0.014288,0.122873,0.611046
1677110003,888777673,0.403718,0.645696,0.224170,0.780837,0.015159,0.122790,0.612362
1677110003,898800161,0.403854,0.645153,0.225789,0.781642,0.011885,0.123310,0.611301
1677110003,908536637,0.403797,0.644470,0.227287,0.782082,0.010215,0.123639,0.610702
1677110003,918785856,0.403721,0.643932,0.228830,0.783314,0.008896,0.124376,0.608992
1677110003,928831515,0.403698,0.643324,0.230412,0.784480,0.007355,0.125253,0.607330
1677110003,938662368,0.403487,0.642710,0.231878,0.785302,0.007187,0.125864,0.606141
1677110003,948648113,0.403314,0.641928,0.233294,0.785538,0.006740,0.126001,0.605813
1677110003,958636606,0.403150,0.641273,0.234809,0.785910,0.006103,0.126022,0.605331
1677110003,968585793,0.403221,0.640614,0.236279,0.785787,0.004508,0.126405,0.605425
1677110003,979076082,0.403348,0.640025,0.237734,0.785624,0.002445,0.126700,0.605588
1677110003,989290010,0.403641,0.639397,0.239126,0.784703,-0.000001,0.127260,0.606668
1677110003,998799684,0.402796,0.639177,0.240645,0.785548,0.003129,0.126166,0.605794
1677110004,8766901,0.402833,0.638776,0.242169,0.785300,0.001806,0.126513,0.606049
1677110004,18552340,0.402795,0.638121,0.243635,0.784707,0.000994,0.126155,0.606893
1677110004,28584477,0.402881,0.637531,0.245293,0.785301,-0.000393,0.126490,0.606054
1677110004,38603789,0.402784,0.636727,0.246870,0.785724,-0.000120,0.126695,0.605463
1677110004,48761410,0.402741,0.635848,0.248468,0.786265,-0.000628,0.126890,0.604720
1677110004,58578050,0.402641,0.635135,0.250172,0.787255,-0.001450,0.127618,0.603275
1677110004,69025335,0.402583,0.634566,0.251821,0.788369,-0.001837,0.127837,0.601772
1677110004,79322531,0.402535,0.633743,0.253418,0.788184,-0.002523,0.128030,0.601970
1677110004,88668186,0.401949,0.633325,0.255063,0.789214,-0.000717,0.127284,0.600783
1677110004,98951956,0.402435,0.632651,0.256635,0.788444,-0.004361,0.128336,0.601554
1677110004,108099122,0.402785,0.632066,0.258210,0.787818,-0.006956,0.129638,0.602069
1677110004,118760939,0.403097,0.631390,0.259737,0.786963,-0.009267,0.131123,0.602836
1677110004,128241073,0.402031,0.631253,0.261509,0.789069,-0.006188,0.129282,0.600514
1677110004,138810295,0.402010,0.630600,0.263063,0.789003,-0.007397,0.129815,0.600473
1677110004,148638601,0.401806,0.630038,0.264598,0.789466,-0.007514,0.130052,0.599811
1677110004,158668565,0.401651,0.629613,0.266158,0.790687,-0.008233,0.130237,0.598152
1677110004,168290126,0.401553,0.629338,0.267658,0.792196,-0.008551,0.130755,0.596033
1677110004,178767801,0.401355,0.629443,0.269230,0.794969,-0.008626,0.130449,0.592396
1677110004,188238046,0.401602,0.627902,0.270355,0.791588,-0.008796,0.131428,0.596689
1677110004,198964404,0.401637,0.627632,0.271764,0.792129,-0.008537,0.131647,0.595926
1677110004,208901809,0.401710,0.627343,0.273083,0.792060,-0.008017,0.131642,0.596026
1677110004,218637650,0.401788,0.627234,0.274391,0.792327,-0.007289,0.130982,0.595825
1677110004,228452939,0.401943,0.627004,0.275625,0.791792,-0.007021,0.130633,0.596617
1677110004,238841747,0.402051,0.627066,0.276962,0.792333,-0.006601,0.129742,0.596097
1677110004,248384725,0.402174,0.626852,0.278178,0.791934,-0.006300,0.129181,0.596752
1677110004,258292495,0.402298,0.626641,0.279395,0.791663,-0.005885,0.128872,0.597183
1677110004,268908602,0.402231,0.626471,0.280566,0.791981,-0.004606,0.128875,0.596772
1677110004,278553955,0.402122,0.626506,0.281773,0.793546,-0.002841,0.128854,0.594705
1677110004,288832023,0.402167,0.625891,0.282781,0.792439,-0.002554,0.129330,0.596077
1677110004,298860275,0.402252,0.625709,0.283893,0.792760,-0.003428,0.129821,0.595539
1677110004,308550741,0.402168,0.625732,0.284987,0.793320,-0.003458,0.130160,0.594718
1677110004,319070395,0.401979,0.625580,0.285927,0.793030,-0.002927,0.130109,0.595119
1677110004,328434967,0.401800,0.625304,0.286749,0.792066,-0.001999,0.130348,0.596353
1677110004,339094990,0.401571,0.625038,0.287581,0.790928,-0.000845,0.130490,0.597833
1677110004,348860302,0.401271,0.624933,0.288390,0.790161,0.000534,0.130340,0.598880
1677110004,359051318,0.400899,0.624748,0.289142,0.789133,0.002547,0.130036,0.600295
1677110004,368043027,0.401641,0.625699,0.290802,0.792693,-0.002840,0.131737,0.595210
1677110004,378377621,0.401544,0.625808,0.291683,0.792662,-0.002751,0.131716,0.595257
1677110004,388549954,0.401557,0.625717,0.292493,0.791866,-0.002890,0.132079,0.596234
1677110004,398768514,0.401467,0.625880,0.293303,0.792076,-0.002582,0.132125,0.595947
1677110004,408623240,0.401400,0.625981,0.294075,0.792003,-0.002156,0.132486,0.595965
1677110004,418309367,0.401387,0.625982,0.294784,0.791584,-0.001968,0.132734,0.596466
1677110004,428117291,0.401366,0.626231,0.295570,0.792282,-0.002265,0.132316,0.595632
1677110004,438727407,0.401359,0.626303,0.296243,0.791999,-0.002030,0.132905,0.595877
1677110004,448791554,0.401320,0.626385,0.296885,0.791951,-0.001951,0.133017,0.595916
1677110004,458671635,0.401311,0.626577,0.297506,0.792381,-0.001991,0.132897,0.595371
1677110004,468869660,0.401284,0.626586,0.298083,0.792543,-0.001636,0.133143,0.595102
1677110004,478355781,0.400377,0.626837,0.298744,0.794511,0.003466,0.132339,0.592643
1677110004,489394941,0.400541,0.626706,0.299230,0.794583,0.003187,0.132833,0.592439
1677110004,498414456,0.400640,0.626777,0.299786,0.795684,0.003026,0.132860,0.590954
1677110004,508414125,0.400756,0.626553,0.300146,0.795373,0.003338,0.132828,0.591377
1677110004,518617355,0.400893,0.626516,0.300524,0.795416,0.003576,0.132834,0.591317
1677110004,528725609,0.401121,0.626466,0.300885,0.795051,0.003113,0.132534,0.591878
1677110004,538657906,0.401268,0.626555,0.301238,0.794894,0.003392,0.132449,0.592105
1677110004,548421329,0.401247,0.626689,0.301576,0.795220,0.004345,0.131760,0.591816
1677110004,559065959,0.401367,0.626731,0.301847,0.795148,0.004925,0.131548,0.591954
1677110004,568831215,0.401578,0.626735,0.302150,0.795241,0.004747,0.130992,0.591954
1677110004,578807588,0.401666,0.626846,0.302485,0.795857,0.005501,0.131018,0.591114
1677110004,588751011,0.401898,0.626840,0.302674,0.795897,0.005431,0.130604,0.591152
1677110004,598760189,0.401826,0.626784,0.302810,0.795927,0.007153,0.130250,0.591171
1677110004,609019937,0.401956,0.626804,0.303007,0.796389,0.007459,0.129768,0.590652
1677110004,618896045,0.402207,0.626782,0.303182,0.796705,0.007334,0.129564,0.590271
1677110004,628614644,0.402308,0.626715,0.303335,0.796805,0.008230,0.129382,0.590165
1677110004,638940545,0.402283,0.626802,0.303530,0.797388,0.009604,0.128318,0.589589
1677110004,648711584,0.402491,0.626972,0.303889,0.798178,0.009760,0.128154,0.588552
1677110004,658903388,0.403605,0.626504,0.303848,0.795839,0.006083,0.128450,0.591695
1677110004,668583802,0.403773,0.626552,0.304112,0.796044,0.006814,0.127790,0.591555
1677110004,678785813,0.404007,0.626637,0.304404,0.796442,0.007300,0.127398,0.591098
1677110004,689054937,0.404301,0.626470,0.304560,0.795853,0.007631,0.126843,0.592006
1677110004,698862841,0.404620,0.626496,0.304847,0.796103,0.007763,0.126448,0.591753
1677110004,708160532,0.404819,0.626532,0.305082,0.796362,0.008336,0.125618,0.591573
1677110004,718614830,0.405099,0.626515,0.305302,0.796190,0.008773,0.125536,0.591815
1677110004,728623098,0.405227,0.626497,0.305521,0.796233,0.009487,0.124616,0.591940
1677110004,738268650,0.405422,0.626548,0.305842,0.796337,0.009466,0.124102,0.591909
1677110004,748282918,0.405626,0.626702,0.306168,0.796566,0.009555,0.124238,0.591570
1677110004,758825406,0.405591,0.626806,0.306442,0.796646,0.010425,0.123549,0.591593
1677110004,768334109,0.405745,0.626674,0.306673,0.795838,0.010489,0.123801,0.592626
1677110004,778603145,0.405811,0.626815,0.307028,0.795956,0.010405,0.124042,0.592419
1677110004,788992090,0.405757,0.626944,0.307396,0.796079,0.010743,0.124212,0.592212
1677110004,798340191,0.405706,0.626920,0.307714,0.795738,0.010697,0.124219,0.592669
