secs,nsecs,tx,ty,tz,rx,ry,rz,rw
1677109287,810435300,0.450298,0.566876,0.451656,0.598755,0.080165,0.212159,0.768150
1677109287,820570238,0.450701,0.567008,0.451850,0.599826,0.077462,0.212442,0.767513
1677109287,830785030,0.450330,0.566909,0.451852,0.599655,0.079308,0.212714,0.767383
1677109287,840306386,0.450286,0.566940,0.451889,0.599686,0.079269,0.212784,0.767343
1677109287,850348157,0.450237,0.567052,0.451908,0.599581,0.079257,0.213211,0.767308
1677109287,860830184,0.450154,0.567266,0.451871,0.599672,0.079290,0.213548,0.767140
1677109287,871077396,0.450110,0.567431,0.451836,0.599489,0.078848,0.213569,0.767323
1677109287,880591320,0.450054,0.567693,0.451789,0.599386,0.079145,0.214046,0.767240
1677109287,891323723,0.450023,0.567889,0.451713,0.598715,0.079465,0.214512,0.767600
1677109287,901295629,0.449907,0.568158,0.451584,0.598885,0.079273,0.213960,0.767642
1677109287,910756407,0.449805,0.568408,0.451477,0.598997,0.079361,0.213871,0.767570
1677109287,921556164,0.449805,0.568623,0.451401,0.598915,0.079406,0.214552,0.767439
1677109287,931153846,0.449809,0.568761,0.451286,0.598726,0.079266,0.214821,0.767526
1677109287,940953468,0.449700,0.568946,0.451151,0.598792,0.079693,0.214898,0.767408
1677109287,951113451,0.449651,0.569180,0.451031,0.599042,0.079589,0.215222,0.767133
1677109287,960767826,0.449666,0.569356,0.450880,0.599169,0.078634,0.215371,0.767091
1677109287,970984969,0.449623,0.569495,0.450703,0.598973,0.078770,0.216104,0.767024
1677109287,981225585,0.449598,0.569566,0.450537,0.598380,0.078794,0.216748,0.767303
1677109287,991319288,0.449565,0.569697,0.450309,0.598128,0.078639,0.217109,0.767413
1677109288,1165109,0.449503,0.569863,0.450065,0.598043,0.078049,0.217116,0.767537
1677109288,10253495,0.449401,0.570104,0.449789,0.597635,0.078744,0.218072,0.767513
1677109288,20990439,0.449350,0.570285,0.449575,0.597128,0.077914,0.217972,0.768020
1677109288,30363342,0.449328,0.570553,0.449341,0.596461,0.078390,0.219325,0.768106
1677109288,40403774,0.449302,0.570789,0.449111,0.596366,0.077877,0.219415,0.768206
1677109288,50718178,0.449228,0.570976,0.448881,0.595916,0.078025,0.219724,0.768452
1677109288,60597770,0.449255,0.571156,0.448709,0.595919,0.077703,0.220128,0.768366
1677109288,70792275,0.449304,0.571243,0.448566,0.595788,0.077586,0.220376,0.768408
1677109288,81117907,0.449326,0.571303,0.448431,0.595622,0.077850,0.220804,0.768388
1677109288,90875445,0.449351,0.571426,0.448270,0.596078,0.077704,0.220639,0.768096
1677109288,101779070,0.449410,0.571410,0.448142,0.595761,0.077566,0.220385,0.768429
1677109288,111131760,0.449477,0.571563,0.447979,0.595887,0.077657,0.220443,0.768306
1677109288,120951569,0.449445,0.571770,0.447774,0.596021,0.078143,0.220163,0.768232
1677109288,130809942,0.449490,0.572109,0.447608,0.596088,0.078344,0.220672,0.768014
1677109288,140870119,0.449434,0.572270,0.447437,0.595452,0.078880,0.220247,0.768574
1677109288,151069426,0.449457,0.572301,0.447270,0.594309,0.079279,0.219898,0.769517
1677109288,160826689,0.449598,0.572547,0.447150,0.594204,0.078716,0.220148,0.769585
1677109288,171006232,0.449543,0.572660,0.446964,0.593934,0.079206,0.219911,0.769810
1677109288,180746408,0.449522,0.572948,0.446799,0.594773,0.079125,0.219807,0.769200
1677109288,190802666,0.449530,0.572976,0.446639,0.594649,0.079499,0.220001,0.769202
1677109288,201297906,0.449534,0.573106,0.446458,0.595031,0.079771,0.220389,0.768767
1677109288,211234777,0.449576,0.573122,0.446297,0.594947,0.079705,0.221025,0.768657
1677109288,221333281,0.449613,0.573182,0.446131,0.594966,0.079318,0.221732,0.768478
1677109288,230772762,0.449504,0.573258,0.445893,0.595301,0.079171,0.221713,0.768240
1677109288,241927891,0.449484,0.573355,0.445668,0.595513,0.078986,0.222532,0.767857
1677109288,251068027,0.449410,0.573321,0.445423,0.595486,0.079106,0.223134,0.767691
1677109288,260466724,0.449325,0.573376,0.445104,0.595901,0.079390,0.223982,0.767093
1677109288,270604877,0.449384,0.573359,0.444760,0.596050,0.078701,0.224674,0.766845
1677109288,280834215,0.449429,0.573323,0.444412,0.596169,0.078559,0.225414,0.766551
1677109288,291226614,0.449340,0.573478,0.443947,0.596910,0.079471,0.226319,0.765613
1677109288,301102795,0.449474,0.573598,0.443471,0.597211,0.079017,0.227285,0.765138
1677109288,311220948,0.449427,0.573727,0.442917,0.597623,0.079266,0.227043,0.764863
1677109288,321416162,0.449604,0.573914,0.442398,0.597598,0.079175,0.227578,0.764733
1677109288,331669572,0.449588,0.574130,0.441797,0.597655,0.080071,0.227495,0.764620
1677109288,340927112,0.449771,0.574484,0.441263,0.598249,0.080065,0.227673,0.764103
1677109288,350982739,0.450003,0.574647,0.440719,0.597860,0.080617,0.227831,0.764302
1677109288,361196299,0.450217,0.574872,0.440176,0.597975,0.081243,0.227885,0.764129
1677109288,371040257,0.450383,0.574938,0.439638,0.597959,0.081844,0.227093,0.764314
1677109288,381219811,0.450536,0.575320,0.439078,0.599278,0.082376,0.227024,0.763243
1677109288,391127059,0.450681,0.575383,0.438511,0.599308,0.083333,0.226690,0.763215
1677109288,401551275,0.451137,0.575650,0.437907,0.600039,0.082110,0.226196,0.762920
1677109288,411178523,0.451352,0.576006,0.437230,0.600748,0.082333,0.226988,0.762102
1677109288,421143095,0.451321,0.576243,0.436429,0.600963,0.083049,0.226607,0.761968
1677109288,431315524,0.451420,0.576558,0.435616,0.600673,0.083883,0.227400,0.761869
1677109288,441259007,0.451353,0.576898,0.434776,0.600551,0.084944,0.227357,0.761861
1677109288,451250204,0.451480,0.577145,0.433971,0.599847,0.084792,0.227433,0.762409
1677109288,461399895,0.451451,0.577559,0.433143,0.599763,0.086034,0.227921,0.762191
1677109288,471174667,0.451525,0.577793,0.432382,0.599554,0.086236,0.227886,0.762343
1677109288,480693189,0.451585,0.577990,0.431631,0.599635,0.086579,0.227567,0.762335
1677109288,491677991,0.451734,0.578371,0.430909,0.600786,0.086729,0.228219,0.761216
1677109288,501004202,0.451877,0.578432,0.430198,0.601021,0.087128,0.228410,0.760928
1677109288,511116537,0.451836,0.578396,0.429404,0.601487,0.088739,0.228078,0.760473
1677109288,521600376,0.451981,0.578520,0.428624,0.602292,0.089259,0.228740,0.759576
1677109288,531454106,0.452058,0.578441,0.427807,0.602322,0.089637,0.228503,0.759579
1677109288,541039770,0.452197,0.578656,0.426953,0.602918,0.089797,0.229081,0.758912
1677109288,551385823,0.452260,0.578693,0.426062,0.602836,0.090068,0.228811,0.759027
1677109288,561117371,0.452251,0.578958,0.425111,0.603398,0.090916,0.228745,0.758499
1677109288,570812131,0.452446,0.579096,0.424143,0.603273,0.091160,0.228965,0.758503
1677109288,581022826,0.452528,0.579125,0.423187,0.602809,0.091989,0.228669,0.758861
1677109288,591826142,0.452731,0.579136,0.422273,0.602137,0.092569,0.228795,0.759285
1677109288,600994748,0.452859,0.579254,0.421295,0.602242,0.093218,0.228247,0.759288
1677109288,610758293,0.453018,0.579396,0.420335,0.602730,0.093432,0.227837,0.758997
1677109288,621245834,0.453273,0.579415,0.419371,0.602797,0.093712,0.227349,0.759056
1677109288,630960333,0.453333,0.579454,0.418365,0.603359,0.095054,0.226688,0.758640
1677109288,640717479,0.453489,0.579588,0.417377,0.604055,0.096279,0.226681,0.757934
1677109288,650758232,0.453612,0.579568,0.416377,0.604244,0.097481,0.226528,0.757676
1677109288,661093653,0.453839,0.579421,0.415353,0.603859,0.097692,0.226119,0.758077
1677109288,671076389,0.454025,0.579430,0.414329,0.603904,0.098493,0.226288,0.757887
1677109288,681036403,0.454133,0.579499,0.413260,0.604377,0.098933,0.225824,0.757591
1677109288,691826042,0.454306,0.579589,0.412238,0.604698,0.099717,0.226348,0.757076
1677109288,701049091,0.454475,0.579627,0.411193,0.604935,0.101356,0.226917,0.756498
1677109288,711281358,0.454713,0.579618,0.410139,0.605257,0.101387,0.227233,0.756141
1677109288,721165745,0.454874,0.579584,0.409054,0.605842,0.101647,0.227218,0.755643
1677109288,731152076,0.454905,0.579809,0.407895,0.607623,0.102345,0.226898,0.754213
1677109288,740942141,0.455100,0.579571,0.406823,0.607155,0.102941,0.226851,0.754522
1677109288,751198498,0.455208,0.579476,0.405765,0.607253,0.103575,0.226597,0.754433
1677109288,760996616,0.455371,0.579632,0.404675,0.608160,0.103770,0.226686,0.753649
1677109288,770752847,0.455541,0.579583,0.403603,0.608293,0.104003,0.226379,0.753602
1677109288,781302221,0.455745,0.579414,0.402528,0.608014,0.104167,0.225957,0.753931
1677109288,791576199,0.455910,0.579466,0.401491,0.608488,0.104528,0.226050,0.753470
1677109288,800925947,0.456024,0.579512,0.400421,0.608935,0.105337,0.226279,0.752928
1677109288,811575531,0.456185,0.579534,0.399370,0.609294,0.105430,0.226216,0.752643
1677109288,820991327,0.456202,0.579572,0.398273,0.609845,0.106228,0.225927,0.752171
1677109288,831007757,0.456370,0.579343,0.397238,0.609245,0.106301,0.225673,0.752724
1677109288,840255055,0.456574,0.579377,0.396191,0.609831,0.106235,0.225758,0.752233
1677109288,850779706,0.456646,0.579497,0.395135,0.611055,0.106371,0.225463,0.751308
1677109288,860558812,0.456784,0.579403,0.394062,0.611157,0.106949,0.225766,0.751052
1677109288,871288579,0.456898,0.579462,0.393028,0.612252,0.106739,0.225362,0.750311
1677109288,880796420,0.456968,0.579407,0.392012,0.612883,0.107660,0.225472,0.749631
1677109288,890795721,0.457170,0.579193,0.391055,0.612856,0.107958,0.225703,0.749541
1677109288,900973728,0.457399,0.579272,0.390091,0.613999,0.108276,0.226448,0.748333
1677109288,910587184,0.457443,0.579233,0.389090,0.615098,0.108796,0.225929,0.747512
1677109288,920625797,0.457596,0.579040,0.388093,0.615165,0.109280,0.225866,0.747405
1677109288,930361094,0.457755,0.578945,0.387104,0.615462,0.109701,0.226046,0.747044
1677109288,940577194,0.457810,0.579068,0.386104,0.616801,0.110000,0.225345,0.746107
1677109288,951079855,0.457876,0.578882,0.385135,0.616429,0.110785,0.224740,0.746481
1677109288,961202507,0.457779,0.579568,0.384019,0.620151,0.110315,0.223591,0.743808
1677109288,971674715,0.458039,0.579405,0.383141,0.619027,0.110693,0.223962,0.744576
1677109288,980986376,0.458287,0.579374,0.382260,0.618627,0.110586,0.223947,0.744929
1677109288,991323461,0.458495,0.579164,0.381408,0.617561,0.111155,0.223949,0.745728
1677109289,1404790,0.458570,0.578624,0.380520,0.615552,0.112283,0.223040,0.747491
1677109289,11161466,0.458659,0.578761,0.379656,0.616136,0.112754,0.223205,0.746889
1677109289,21507774,0.458734,0.578897,0.378860,0.616825,0.112935,0.223169,0.746303
1677109289,30998269,0.458885,0.579144,0.378064,0.617615,0.112787,0.224149,0.745378
1677109289,41683861,0.458854,0.579282,0.377257,0.618222,0.113083,0.224315,0.744779
1677109289,51342378,0.458916,0.579342,0.376486,0.618696,0.112502,0.224307,0.744476
1677109289,60767468,0.458958,0.579469,0.375717,0.619071,0.112763,0.225409,0.743792
1677109289,71027639,0.458941,0.579524,0.374917,0.619828,0.112227,0.225534,0.743205
1677109289,81229011,0.458963,0.579593,0.374128,0.620377,0.111999,0.226630,0.742447
1677109289,90936533,0.458857,0.579607,0.373287,0.621110,0.112231,0.227145,0.741641
1677109289,101013883,0.458846,0.579690,0.372455,0.622131,0.111976,0.227758,0.740635
1677109289,110825948,0.458901,0.579640,0.371597,0.622565,0.111763,0.228617,0.740037
1677109289,121338214,0.458929,0.579619,0.370722,0.623052,0.111887,0.229519,0.739330
1677109289,131229796,0.458828,0.579590,0.369748,0.623494,0.112421,0.229544,0.738868
1677109289,141178568,0.458815,0.579831,0.368789,0.624407,0.112425,0.229971,0.737963
1677109289,151406159,0.458823,0.580061,0.367789,0.624834,0.112598,0.230147,0.737520
1677109289,161070127,0.458962,0.580193,0.366828,0.624693,0.112591,0.230465,0.737542
1677109289,171304341,0.459166,0.580388,0.365818,0.624772,0.112038,0.230277,0.737618
1677109289,181006390,0.459299,0.580619,0.364857,0.625088,0.112369,0.230032,0.737376
1677109289,191260055,0.459502,0.580723,0.363925,0.625191,0.112594,0.229190,0.737517
1677109289,201237793,0.459876,0.580863,0.363026,0.625471,0.112216,0.228775,0.737465
1677109289,210705518,0.460080,0.581039,0.362153,0.626137,0.113266,0.228352,0.736871
1677109289,220977654,0.460415,0.581103,0.361340,0.626642,0.113553,0.227623,0.736623
1677109289,230976269,0.460845,0.581230,0.360523,0.627568,0.113338,0.227226,0.735990
1677109289,241079333,0.461147,0.581372,0.359732,0.628608,0.113884,0.226965,0.735098
1677109289,250642367,0.461404,0.581282,0.358906,0.628970,0.114445,0.226075,0.734975
1677109289,261177220,0.461617,0.581263,0.358067,0.629524,0.114959,0.225438,0.734617
1677109289,271278050,0.461833,0.581328,0.357266,0.630251,0.115065,0.225182,0.734055
1677109289,280856735,0.461750,0.580886,0.356239,0.628228,0.118068,0.224735,0.735448
1677109289,290411505,0.461859,0.581026,0.355343,0.629034,0.118346,0.224653,0.734739
1677109289,300927851,0.462022,0.581008,0.354448,0.629258,0.118334,0.224728,0.734526
1677109289,311365875,0.462166,0.580949,0.353585,0.629266,0.118447,0.224729,0.734501
1677109289,321313572,0.462276,0.581046,0.352728,0.629869,0.118438,0.224583,0.734030
1677109289,330854198,0.462374,0.581002,0.351865,0.630094,0.118658,0.224374,0.733865
1677109289,340960400,0.462520,0.580920,0.351041,0.630318,0.118635,0.224439,0.733656
1677109289,351488987,0.462655,0.580770,0.350232,0.630623,0.118801,0.224314,0.733405
1677109289,361547454,0.462838,0.580840,0.349411,0.631837,0.118774,0.224732,0.732237
1677109289,370775084,0.462981,0.580672,0.348566,0.632045,0.119362,0.224726,0.731963
1677109289,380513757,0.463156,0.580552,0.347757,0.632205,0.119573,0.224770,0.731777
1677109289,390825924,0.463215,0.580611,0.346908,0.632907,0.120094,0.224892,0.731047
1677109289,401084537,0.463295,0.580616,0.346055,0.633131,0.120052,0.224833,0.730878
1677109289,410379676,0.463329,0.580609,0.345150,0.632911,0.120797,0.224987,0.730898
1677109289,420632496,0.463423,0.580889,0.344230,0.633561,0.120759,0.225694,0.730123
1677109289,431290165,0.463471,0.580871,0.343276,0.632976,0.120803,0.225445,0.730700
1677109289,441126006,0.463453,0.581015,0.342296,0.633003,0.121088,0.225442,0.730631
1677109289,451298370,0.463415,0.581261,0.341329,0.633302,0.121598,0.225736,0.730196
1677109289,461084826,0.463543,0.581422,0.340358,0.633128,0.121446,0.225823,0.730345
1677109289,470758162,0.463627,0.581506,0.339367,0.632647,0.122085,0.226177,0.730546
1677109289,480254409,0.463769,0.581593,0.338406,0.632298,0.122191,0.226046,0.730871
1677109289,490592156,0.463819,0.581774,0.337425,0.632639,0.122440,0.225406,0.730732
1677109289,501059332,0.463976,0.581925,0.336409,0.632999,0.122397,0.225038,0.730540
1677109289,510888025,0.464124,0.582032,0.335365,0.633125,0.122964,0.224679,0.730446
1677109289,521556944,0.464282,0.582137,0.334329,0.633245,0.123530,0.224268,0.730373
1677109289,531010206,0.464412,0.582337,0.333252,0.633592,0.124287,0.223720,0.730111
1677109289,540515040,0.464573,0.582436,0.332133,0.633322,0.124537,0.222989,0.730527
1677109289,550535884,0.464806,0.582719,0.331044,0.633279,0.124928,0.223499,0.730342
1677109289,560922588,0.464789,0.583108,0.329880,0.633857,0.125588,0.222639,0.729989
1677109289,570785804,0.464888,0.583362,0.328782,0.633423,0.125866,0.222507,0.730358
1677109289,580979236,0.464904,0.583598,0.327675,0.632686,0.126694,0.222320,0.730911
1677109289,591193052,0.464987,0.583901,0.326610,0.631898,0.127074,0.222983,0.731324
1677109289,601213640,0.465110,0.584055,0.325605,0.630677,0.127274,0.223565,0.732165
1677109289,610300764,0.465077,0.584190,0.324648,0.629806,0.127743,0.223779,0.732768
1677109289,620651662,0.465078,0.584345,0.323757,0.629257,0.127701,0.224099,0.733149
1677109289,630904137,0.464800,0.585034,0.322828,0.631621,0.127609,0.224356,0.731051
1677109289,641352192,0.464583,0.585099,0.322052,0.632032,0.127658,0.224168,0.730744
1677109289,650931552,0.464598,0.584982,0.321307,0.631760,0.127039,0.225172,0.730779
1677109289,661141225,0.464329,0.584915,0.320592,0.632448,0.127263,0.225532,0.730033
1677109289,671356255,0.464139,0.584860,0.319898,0.633054,0.127228,0.226740,0.729140
1677109289,680826897,0.464041,0.584811,0.319200,0.633760,0.126532,0.228153,0.728206
1677109289,690956002,0.463750,0.584809,0.318552,0.634700,0.126506,0.229083,0.727099
1677109289,700561808,0.463677,0.584622,0.317855,0.634438,0.126151,0.230576,0.726917
1677109289,710612743,0.463452,0.584570,0.317155,0.634640,0.125386,0.231158,0.726689
1677109289,721266106,0.463189,0.584805,0.316406,0.635242,0.125797,0.232645,0.725616
1677109289,731486709,0.462975,0.584789,0.315654,0.634865,0.125774,0.232925,0.725860
1677109289,740863938,0.462835,0.584997,0.314922,0.635037,0.125429,0.233720,0.725514
1677109289,751472498,0.462736,0.585097,0.314230,0.634830,0.125422,0.234121,0.725567
1677109289,761179506,0.462684,0.585210,0.313573,0.634487,0.125421,0.234689,0.725684
1677109289,771592997,0.462660,0.585166,0.312901,0.633919,0.125717,0.234630,0.726148
1677109289,781211759,0.462594,0.585403,0.312268,0.634899,0.126103,0.234616,0.725229
1677109289,791221660,0.462683,0.585406,0.311635,0.635120,0.126229,0.234901,0.724921
1677109289,801368880,0.462791,0.585443,0.310977,0.635539,0.126302,0.234902,0.724541
1677109289,811498276,0.462875,0.585346,0.310334,0.635082,0.127073,0.235270,0.724687
1677109289,821352684,0.462388,0.585250,0.309468,0.634558,0.130982,0.234593,0.724670
1677109289,830907558,0.462594,0.585329,0.308822,0.634113,0.130474,0.235347,0.724906
1677109289,841116974,0.462523,0.585639,0.308111,0.634621,0.130469,0.235266,0.724489
1677109289,851140600,0.462599,0.585885,0.307393,0.634132,0.130080,0.235889,0.724784
1677109289,860901593,0.462510,0.586172,0.306613,0.633807,0.129648,0.236069,0.725088
1677109289,870985582,0.462424,0.586605,0.305852,0.633625,0.129502,0.236981,0.724975
1677109289,881294920,0.462266,0.586865,0.305039,0.632869,0.129475,0.237648,0.725422
1677109289,891065236,0.462160,0.587142,0.304223,0.632467,0.128626,0.237902,0.725840
1677109289,901053231,0.461928,0.587429,0.303430,0.632386,0.129208,0.238888,0.725483
1677109289,911248024,0.461890,0.587447,0.302657,0.631673,0.128345,0.239748,0.725973
1677109289,920873042,0.461761,0.587519,0.301909,0.631836,0.128597,0.240658,0.725486
1677109289,931345524,0.461584,0.587576,0.301078,0.632318,0.128723,0.241004,0.724929
1677109289,941650683,0.461484,0.587627,0.300288,0.632999,0.128505,0.241706,0.724139
1677109289,951427057,0.461426,0.587730,0.299511,0.633859,0.128394,0.242577,0.723114
1677109289,961403351,0.461469,0.587665,0.298692,0.634067,0.128119,0.242951,0.722855
1677109289,971316964,0.461431,0.587827,0.297806,0.634915,0.128089,0.243320,0.721991
1677109289,980996215,0.461577,0.588070,0.296955,0.635126,0.127687,0.244576,0.721453
1677109289,990895468,0.461601,0.588511,0.296024,0.636263,0.126900,0.244641,0.720567
1677109290,1198614,0.461218,0.588395,0.294877,0.633782,0.130568,0.244755,0.722058
1677109290,11365064,0.461214,0.588575,0.293857,0.632638,0.130874,0.244632,0.723047
1677109290,21031861,0.461090,0.589114,0.292818,0.632823,0.131982,0.244720,0.722653
1677109290,30778406,0.461180,0.589383,0.291762,0.631564,0.132403,0.245135,0.723536
1677109290,40586074,0.461173,0.589877,0.290705,0.631606,0.132739,0.244682,0.723592
1677109290,50432628,0.461198,0.590203,0.289610,0.630822,0.133478,0.244091,0.724338
1677109290,60342497,0.461290,0.590502,0.288591,0.629956,0.134152,0.243883,0.725037
1677109290,70300058,0.461315,0.590749,0.287592,0.629343,0.135346,0.243155,0.725593
1677109290,80386503,0.461276,0.591457,0.286610,0.631247,0.134627,0.241924,0.724483
1677109290,90797816,0.461398,0.591488,0.285693,0.630586,0.135293,0.240932,0.725265
1677109290,100972376,0.461621,0.591561,0.284866,0.630370,0.135589,0.240663,0.725486
1677109290,110830842,0.461846,0.591644,0.284034,0.630706,0.135502,0.240140,0.725384
1677109290,121341886,0.461852,0.591887,0.283174,0.631956,0.136412,0.239546,0.724321
1677109290,131235347,0.461927,0.591959,0.282325,0.632221,0.137073,0.239288,0.724050
1677109290,141100535,0.461997,0.592015,0.281401,0.631830,0.138101,0.239495,0.724128
1677109290,151311417,0.462086,0.592100,0.280435,0.631179,0.137660,0.239040,0.724930
1677109290,160940600,0.462167,0.592289,0.279412,0.629730,0.137782,0.239604,0.725979
1677109290,171210213,0.462129,0.592710,0.278298,0.628461,0.137543,0.239576,0.727132
1677109290,180898434,0.462042,0.593197,0.277196,0.626775,0.137473,0.239615,0.728587
1677109290,190974607,0.461870,0.593719,0.276081,0.624892,0.138537,0.239774,0.729949
1677109290,201096010,0.461740,0.594265,0.275024,0.622984,0.140347,0.240664,0.730940
1677109290,210610682,0.461450,0.594833,0.274039,0.622139,0.142373,0.240354,0.731371
1677109290,220970532,0.461411,0.595324,0.273138,0.621284,0.141470,0.238718,0.732807
1677109290,230975960,0.461351,0.595627,0.272281,0.620377,0.142655,0.238536,0.733404
1677109290,241441007,0.461404,0.595979,0.271449,0.619930,0.143563,0.239148,0.733406
1677109290,251584944,0.461396,0.596308,0.270733,0.620012,0.144159,0.239380,0.733144
1677109290,261281964,0.461464,0.596328,0.270052,0.618690,0.144558,0.240096,0.733947
1677109290,271049354,0.461579,0.597071,0.269172,0.620521,0.141026,0.239602,0.733250
1677109290,281225052,0.461212,0.597320,0.268445,0.620515,0.142472,0.240313,0.732744
1677109290,291035822,0.460912,0.597395,0.267720,0.619825,0.143311,0.240853,0.732986
1677109290,301338826,0.460669,0.597501,0.267043,0.619427,0.143694,0.241711,0.732965
1677109290,310876513,0.460316,0.597683,0.266375,0.619791,0.144380,0.242141,0.732381
1677109290,321838617,0.460056,0.597843,0.265739,0.620025,0.144549,0.243053,0.731847
1677109290,330858571,0.459863,0.597831,0.265133,0.619805,0.144906,0.244083,0.731620
1677109290,341331052,0.459785,0.597841,0.264547,0.619958,0.144541,0.245001,0.731256
1677109290,351253128,0.459435,0.598083,0.263950,0.621155,0.145711,0.245954,0.729686
1677109290,361273650,0.459395,0.598023,0.263367,0.620773,0.145307,0.247036,0.729726
1677109290,371051615,0.459205,0.598139,0.262734,0.621252,0.145523,0.247226,0.729211
1677109290,381231047,0.459075,0.598244,0.262104,0.621083,0.145618,0.247899,0.729107
1677109290,391499950,0.458860,0.598562,0.261435,0.621378,0.145267,0.247975,0.728900
1677109290,401504445,0.458761,0.598648,0.260780,0.620295,0.145406,0.248269,0.729694
1677109290,410735497,0.458680,0.598897,0.260161,0.619874,0.145188,0.248406,0.730049
1677109290,421182921,0.458529,0.599202,0.259538,0.619343,0.146092,0.248657,0.730233
1677109290,431087281,0.458634,0.599303,0.259006,0.618178,0.145646,0.248799,0.731261
1677109290,441551059,0.458511,0.599665,0.258464,0.618423,0.146220,0.248731,0.730962
1677109290,451144520,0.458543,0.599808,0.257976,0.617968,0.146465,0.248909,0.731237
1677109290,461254548,0.458472,0.600008,0.257436,0.617542,0.147664,0.249346,0.731207
1677109290,471042734,0.458489,0.600288,0.257010,0.617525,0.147090,0.249786,0.731186
1677109290,480719969,0.458150,0.600609,0.256511,0.617907,0.147763,0.249272,0.730904
1677109290,490912291,0.458005,0.600779,0.256052,0.617153,0.148246,0.249991,0.731198
1677109290,501210169,0.457683,0.601342,0.255535,0.617193,0.149279,0.251646,0.730385
1677109290,511269057,0.457395,0.601705,0.255037,0.617770,0.148573,0.252276,0.729824
1677109290,521117271,0.457091,0.601929,0.254561,0.617527,0.148095,0.253740,0.729619
1677109290,531700700,0.456771,0.602031,0.254036,0.616939,0.147775,0.255230,0.729662
1677109290,540893937,0.456348,0.602169,0.253464,0.616641,0.147429,0.256491,0.729542
1677109290,551067402,0.456039,0.602309,0.252946,0.616345,0.146506,0.258272,0.729349
1677109290,561010891,0.455715,0.602434,0.252381,0.615882,0.146061,0.260053,0.729197
1677109290,571274018,0.455350,0.602508,0.251799,0.615587,0.145664,0.261101,0.729151
1677109290,581019531,0.455178,0.602523,0.251273,0.615259,0.144667,0.262383,0.729166
1677109290,591362816,0.454863,0.602681,0.250723,0.616104,0.144251,0.262672,0.728430
1677109290,601318214,0.454670,0.602560,0.250178,0.615613,0.144820,0.263512,0.728429
1677109290,611164558,0.454677,0.602675,0.249642,0.616248,0.144130,0.263923,0.727880
1677109290,620807569,0.454727,0.602748,0.249139,0.616481,0.143896,0.264805,0.727409
1677109290,630827902,0.454729,0.602842,0.248547,0.616958,0.144106,0.264622,0.727029
1677109290,640901938,0.454951,0.602858,0.247989,0.616135,0.144078,0.265098,0.727559
1677109290,650928797,0.454833,0.602987,0.247299,0.616127,0.144744,0.263340,0.728072
1677109290,661086476,0.455067,0.603308,0.246652,0.615236,0.144875,0.263479,0.728749
1677109290,671066410,0.455134,0.603764,0.245979,0.614677,0.145323,0.262748,0.729395
1677109290,680884468,0.455296,0.604063,0.245285,0.612652,0.146060,0.262028,0.731208
1677109290,690669286,0.455380,0.604698,0.244585,0.611856,0.146947,0.261133,0.732016
1677109290,700992216,0.455222,0.604741,0.243849,0.608290,0.150551,0.259791,0.734729
1677109290,710789658,0.455442,0.605345,0.243363,0.608006,0.150780,0.259122,0.735152
1677109290,720891712,0.455640,0.606062,0.242949,0.608758,0.150835,0.258606,0.734701
1677109290,730525654,0.455810,0.606349,0.242579,0.608569,0.151208,0.257601,0.735134
1677109290,740502569,0.455987,0.606712,0.242232,0.608863,0.151408,0.257300,0.734955
1677109290,750541812,0.455984,0.606787,0.241846,0.608253,0.152947,0.257080,0.735218
1677109290,760862182,0.456173,0.606938,0.241511,0.607805,0.152307,0.257505,0.735572
1677109290,771081650,0.456088,0.607079,0.241126,0.607356,0.152461,0.257855,0.735789
1677109290,780793391,0.455835,0.607424,0.240582,0.607391,0.152458,0.257943,0.735730
1677109290,790236522,0.455732,0.607767,0.239975,0.605930,0.152249,0.259769,0.736335
1677109290,800337444,0.455430,0.608121,0.239210,0.604196,0.151778,0.260340,0.737654
1677109290,810385053,0.455147,0.608556,0.238319,0.601291,0.151344,0.261342,0.739760
1677109290,821163560,0.454809,0.609366,0.237301,0.598309,0.151003,0.262861,0.741707
1677109290,831657300,0.454520,0.610194,0.236148,0.593875,0.150719,0.264055,0.744897
1677109290,841384793,0.454159,0.611246,0.234918,0.589688,0.150747,0.264612,0.748013
1677109290,851036126,0.453777,0.612456,0.233674,0.585621,0.151818,0.265014,0.750844
1677109290,860477662,0.453436,0.613563,0.232551,0.581584,0.152845,0.264396,0.753985
1677109290,871188349,0.453396,0.614717,0.231611,0.578168,0.153511,0.264393,0.756474
1677109290,881087415,0.453305,0.615583,0.230715,0.575451,0.155372,0.263341,0.758530
1677109290,890400355,0.453522,0.616331,0.230058,0.573471,0.156438,0.262906,0.759959
1677109290,900993761,0.453577,0.617046,0.229416,0.573569,0.158158,0.261542,0.760000
1677109290,910629454,0.453879,0.617485,0.228946,0.572912,0.159443,0.261321,0.760303
1677109290,920991210,0.453995,0.617847,0.228428,0.572945,0.160863,0.260480,0.760268
1677109290,931235864,0.454170,0.618179,0.227863,0.572399,0.161227,0.260306,0.760662
1677109290,940893916,0.454112,0.618529,0.227219,0.571196,0.161818,0.260300,0.761442
1677109290,950610960,0.454008,0.619030,0.226469,0.569560,0.162147,0.261233,0.762277
1677109290,961020404,0.453603,0.619698,0.225515,0.567856,0.162477,0.261846,0.763268
1677109290,970822336,0.453331,0.620455,0.224683,0.565978,0.162705,0.263776,0.763949
1677109290,980906786,0.453260,0.620977,0.223905,0.561230,0.164405,0.267547,0.765774
1677109290,991496092,0.452811,0.621770,0.222997,0.559301,0.162918,0.265743,0.768128
1677109291,1268147,0.452427,0.622217,0.222197,0.556990,0.163321,0.265551,0.769786
1677109291,10970767,0.452771,0.622840,0.221553,0.554685,0.160058,0.267113,0.771594
1677109291,21044126,0.452379,0.623178,0.220891,0.553071,0.162297,0.267514,0.772145
1677109291,31360013,0.452171,0.623539,0.220363,0.552060,0.163965,0.268397,0.772210
1677109291,41450272,0.452103,0.623902,0.219861,0.550864,0.165474,0.269783,0.772259
1677109291,51546168,0.452066,0.624283,0.219340,0.549886,0.166212,0.270564,0.772525
1677109291,61495833,0.452358,0.624825,0.218774,0.548687,0.164244,0.272655,0.773063
1677109291,70822404,0.452003,0.625254,0.218129,0.547469,0.165643,0.271918,0.773887
1677109291,80686928,0.451754,0.625690,0.217467,0.545549,0.166741,0.271984,0.774983
1677109291,91594122,0.451513,0.626215,0.216769,0.543831,0.167309,0.271798,0.776132
1677109291,101260197,0.451354,0.626879,0.216085,0.542588,0.167844,0.272307,0.776708
1677109291,110871388,0.451194,0.627398,0.215407,0.541314,0.168502,0.272297,0.777458
1677109291,121422681,0.451064,0.627916,0.214773,0.540564,0.169066,0.272270,0.777867
1677109291,130740182,0.450934,0.628178,0.214238,0.538763,0.170499,0.272106,0.778860
1677109291,140967896,0.450982,0.628633,0.213740,0.537904,0.170694,0.272658,0.779218
1677109291,150644501,0.450950,0.629021,0.213281,0.536903,0.171160,0.273159,0.779631
1677109291,161113321,0.450768,0.629430,0.212770,0.536153,0.171622,0.273100,0.780065
1677109291,170575016,0.450830,0.629819,0.212281,0.534821,0.171040,0.274055,0.780773
1677109291,180739476,0.450722,0.630217,0.211695,0.533611,0.170545,0.274699,0.781482
1677109291,190829346,0.450437,0.630684,0.211108,0.532538,0.170616,0.274899,0.782128
1677109291,200796271,0.450313,0.631036,0.210510,0.530191,0.170183,0.275974,0.783437
1677109291,210501082,0.450091,0.631396,0.209978,0.527865,0.170584,0.276825,0.784619
1677109291,221099538,0.449813,0.632063,0.209414,0.527591,0.169965,0.277179,0.784813
1677109291,230501443,0.449616,0.632461,0.208985,0.526248,0.170224,0.277926,0.785394
1677109291,240431152,0.449444,0.632783,0.208613,0.525127,0.170442,0.278537,0.785881
1677109291,251266361,0.449320,0.633303,0.208276,0.525314,0.170372,0.279702,0.785357
1677109291,261162238,0.449015,0.633503,0.208014,0.524813,0.170666,0.279652,0.785646
1677109291,271324419,0.448870,0.633714,0.207765,0.523857,0.170664,0.280701,0.785910
1677109291,280999587,0.448687,0.633994,0.207470,0.523286,0.169915,0.281384,0.786208
1677109291,290932258,0.448296,0.634347,0.207062,0.522554,0.169756,0.281911,0.786541
1677109291,300843577,0.448169,0.634793,0.206670,0.520831,0.168738,0.283843,0.787208
1677109291,311251171,0.447753,0.635263,0.206211,0.519352,0.168493,0.284680,0.787935
1677109291,321068025,0.447450,0.635739,0.205779,0.517323,0.168152,0.285712,0.788968
1677109291,331287111,0.447101,0.636376,0.205319,0.516417,0.167748,0.286436,0.789385
1677109291,341448657,0.446825,0.636754,0.204948,0.514426,0.168145,0.287228,0.790312
1677109291,351278674,0.446563,0.637282,0.204619,0.513535,0.168185,0.287788,0.790680
1677109291,360459590,0.446324,0.637645,0.204345,0.511901,0.168642,0.288243,0.791476
1677109291,370650172,0.446135,0.638156,0.204050,0.510618,0.168675,0.289029,0.792011
1677109291,380308977,0.445875,0.638626,0.203771,0.509384,0.168715,0.289433,0.792648
1677109291,391027127,0.445712,0.639083,0.203447,0.507464,0.168575,0.290197,0.793630
1677109291,400641008,0.445472,0.639771,0.203107,0.506360,0.167833,0.290759,0.794286
1677109291,410936999,0.445283,0.640204,0.202806,0.503296,0.167553,0.291277,0.796101
1677109291,420591644,0.444919,0.640948,0.202448,0.501377,0.167993,0.291899,0.796991
1677109291,430241373,0.444584,0.641626,0.202198,0.500301,0.167004,0.291721,0.797940
1677109291,440217667,0.444430,0.642296,0.202071,0.499402,0.165917,0.292190,0.798557
1677109291,450334541,0.444235,0.642675,0.202092,0.497992,0.165167,0.292198,0.799590
1677109291,460134621,0.444069,0.643094,0.202148,0.497640,0.164691,0.292497,0.799798
1677109291,470520873,0.443994,0.643301,0.202331,0.496654,0.164079,0.293169,0.800291
1677109291,480636256,0.443792,0.643666,0.202480,0.496700,0.163765,0.294250,0.799929
1677109291,490505599,0.443637,0.643664,0.202730,0.494527,0.163267,0.295175,0.801036
1677109291,501110157,0.443278,0.644159,0.202709,0.494533,0.162432,0.296326,0.800777
1677109291,510662723,0.442945,0.644354,0.202757,0.492794,0.161610,0.297348,0.801636
1677109291,520383066,0.442698,0.644771,0.202752,0.491596,0.160117,0.299224,0.801973
1677109291,530697607,0.442354,0.645092,0.202694,0.489620,0.159427,0.300530,0.802831
1677109291,541172495,0.441903,0.645444,0.202597,0.487953,0.158890,0.301398,0.803626
1677109291,550964243,0.441637,0.645803,0.202500,0.485264,0.157835,0.302640,0.804995
1677109291,561406055,0.441219,0.646331,0.202257,0.483209,0.157198,0.303341,0.806090
1677109291,570846723,0.440903,0.646846,0.202073,0.480418,0.156224,0.304098,0.807662
1677109291,580896881,0.440624,0.647337,0.201932,0.477633,0.155437,0.304612,0.809270
1677109291,590921444,0.440371,0.648004,0.201817,0.476407,0.155049,0.305196,0.809847
1677109291,601464495,0.440221,0.648432,0.201896,0.475107,0.155062,0.305693,0.810420
1677109291,610533552,0.440121,0.648831,0.202025,0.474892,0.155179,0.306059,0.810386
1677109291,620329758,0.440000,0.649055,0.202199,0.474520,0.155117,0.306053,0.810618
1677109291,630182916,0.439896,0.649263,0.202356,0.473771,0.154927,0.306612,0.810881
1677109291,640418767,0.439724,0.649615,0.202363,0.473209,0.154368,0.307346,0.811038
1677109291,650622582,0.439378,0.649930,0.202282,0.471635,0.153907,0.307884,0.811838
1677109291,660964075,0.439017,0.650421,0.202054,0.469793,0.153382,0.309095,0.812545
1677109291,671153395,0.438685,0.650776,0.201838,0.466999,0.152375,0.310162,0.813937
1677109291,681211139,0.438396,0.651289,0.201597,0.464647,0.151385,0.311646,0.814900
1677109291,691282196,0.438060,0.651774,0.201356,0.462816,0.150487,0.312456,0.815798
1677109291,700731544,0.437732,0.652247,0.201171,0.461195,0.150190,0.313301,0.816447
1677109291,710512450,0.437351,0.652663,0.201011,0.460096,0.150381,0.313771,0.816851
1677109291,721149511,0.437060,0.652979,0.200962,0.458826,0.150304,0.314042,0.817475
1677109291,730697562,0.436879,0.653362,0.200937,0.458001,0.149734,0.314725,0.817779
1677109291,740723237,0.436651,0.653693,0.200929,0.457242,0.149601,0.315442,0.817952
1677109291,750733439,0.436483,0.654079,0.200906,0.456734,0.149260,0.316576,0.817860
1677109291,761038293,0.436261,0.654454,0.200826,0.455910,0.148540,0.317341,0.818154
1677109291,771105332,0.435946,0.654761,0.200662,0.454620,0.147970,0.318062,0.818695
1677109291,780423255,0.435515,0.655223,0.200346,0.453634,0.147411,0.318594,0.819136
1677109291,790870349,0.435142,0.655535,0.200011,0.451242,0.146904,0.319679,0.820125
1677109291,801062142,0.434767,0.655952,0.199558,0.449089,0.146094,0.320730,0.821041
1677109291,811039659,0.434333,0.656455,0.199013,0.447159,0.145586,0.321886,0.821732
1677109291,821228898,0.434039,0.656885,0.198560,0.444512,0.144979,0.323485,0.822647
1677109291,831008598,0.433630,0.657407,0.198121,0.443232,0.144467,0.324512,0.823023
1677109291,841094853,0.433238,0.657812,0.197715,0.441732,0.144398,0.325558,0.823428
1677109291,851558459,0.432735,0.658211,0.197316,0.441436,0.144550,0.326032,0.823373
1677109291,861379562,0.432354,0.658512,0.197058,0.440917,0.144045,0.326760,0.823451
1677109291,871641038,0.432079,0.658698,0.196879,0.439986,0.143519,0.328037,0.823533
1677109291,881405318,0.431723,0.658928,0.196668,0.439330,0.142752,0.329317,0.823505
1677109291,890974393,0.431235,0.659218,0.196260,0.439279,0.142379,0.330423,0.823154
1677109291,900622038,0.430831,0.659459,0.195898,0.437986,0.141813,0.332142,0.823249
1677109291,910164618,0.430435,0.659819,0.195479,0.437094,0.140226,0.333401,0.823486
1677109291,920603985,0.430110,0.660012,0.195088,0.434942,0.139126,0.334739,0.824268
1677109291,930458794,0.429726,0.660233,0.194678,0.433436,0.138157,0.335380,0.824965
1677109291,940384332,0.429382,0.660671,0.194229,0.432667,0.138252,0.336667,0.824828
1677109291,950216691,0.429075,0.660970,0.193906,0.431841,0.138222,0.336985,0.825136
1677109291,960331369,0.428901,0.661335,0.193613,0.431260,0.137506,0.337467,0.825362
1677109291,970382105,0.428809,0.661624,0.193401,0.429655,0.137264,0.338107,0.825977
1677109291,981135384,0.428699,0.662042,0.193145,0.428595,0.136523,0.338522,0.826481
1677109291,991540270,0.428371,0.662417,0.192772,0.427398,0.136510,0.337869,0.827370
1677109292,1450901,0.428184,0.662896,0.192430,0.425613,0.136701,0.338611,0.827955
1677109292,11389529,0.428032,0.663332,0.192086,0.423806,0.136272,0.338901,0.828834
1677109292,21778481,0.427750,0.663858,0.191673,0.422916,0.135932,0.339117,0.829255
1677109292,31388615,0.427533,0.664305,0.191411,0.421895,0.135584,0.339475,0.829686
1677109292,41702724,0.427374,0.664519,0.191305,0.420345,0.135062,0.339721,0.830456
1677109292,51328803,0.427199,0.664701,0.191243,0.419003,0.135073,0.340184,0.830943
1677109292,61189342,0.426937,0.665016,0.191162,0.419546,0.134721,0.340317,0.830672
1677109292,71318733,0.426759,0.665242,0.191179,0.419373,0.135036,0.341301,0.830304
1677109292,80935125,0.426614,0.665382,0.191251,0.419034,0.134396,0.342024,0.830282
1677109292,91041998,0.426262,0.665494,0.191186,0.418930,0.134693,0.342154,0.830232
1677109292,101107861,0.426152,0.665463,0.191300,0.416806,0.134097,0.343107,0.831005
1677109292,111268887,0.426005,0.665858,0.191186,0.416687,0.133244,0.344422,0.830658
1677109292,120798746,0.425699,0.666070,0.191008,0.415775,0.133297,0.344945,0.830889
1677109292,131049571,0.425517,0.666354,0.190887,0.414625,0.133252,0.345925,0.831063
1677109292,141282551,0.425282,0.666619,0.190690,0.413382,0.132876,0.346103,0.831668
1677109292,151203870,0.425093,0.666830,0.190574,0.411342,0.132974,0.346458,0.832516
1677109292,160802005,0.424878,0.667182,0.190314,0.410109,0.132513,0.346141,0.833329
1677109292,171283860,0.424903,0.667456,0.190226,0.407335,0.132481,0.347055,0.834314
1677109292,181058664,0.424720,0.667729,0.190055,0.405591,0.132963,0.346692,0.835237
1677109292,190968118,0.424614,0.668181,0.189901,0.404943,0.133172,0.346919,0.835424
1677109292,201280996,0.424405,0.668455,0.189768,0.404304,0.134358,0.346449,0.835739
1677109292,210922108,0.424412,0.668631,0.189848,0.403158,0.134316,0.346573,0.836247
1677109292,220619031,0.424263,0.668938,0.189854,0.403422,0.134704,0.346390,0.836134
1677109292,230273492,0.424199,0.669018,0.190003,0.402254,0.135147,0.346814,0.836449
1677109292,240564144,0.424061,0.669236,0.190039,0.402245,0.135559,0.347423,0.836134
1677109292,250715776,0.423968,0.669434,0.190080,0.402184,0.135083,0.348059,0.835976
1677109292,260226387,0.423806,0.669539,0.190150,0.401015,0.135201,0.349025,0.836115
1677109292,270763668,0.423518,0.669660,0.190063,0.400368,0.135699,0.349468,0.836160
1677109292,281153521,0.423267,0.669740,0.190079,0.399072,0.135333,0.349752,0.836720
1677109292,290415556,0.423110,0.669836,0.190105,0.397585,0.135313,0.350607,0.837073
1677109292,300736702,0.422896,0.670016,0.190105,0.396921,0.135548,0.351460,0.836992
1677109292,311129701,0.422700,0.670113,0.190128,0.396250,0.135788,0.351930,0.837074
1677109292,321071120,0.422539,0.670293,0.190203,0.395950,0.135847,0.352652,0.836903
1677109292,330752351,0.422416,0.670336,0.190352,0.395242,0.135828,0.353046,0.837074
1677109292,341153299,0.422196,0.670432,0.190387,0.395553,0.136026,0.353060,0.836889
1677109292,350833719,0.422097,0.670379,0.190568,0.394311,0.136170,0.353515,0.837260
1677109292,361107288,0.422012,0.670276,0.190738,0.392740,0.136142,0.353663,0.837940
1677109292,371206919,0.421913,0.670630,0.190644,0.392937,0.136274,0.354978,0.837269
1677109292,381089292,0.421808,0.670736,0.190574,0.392147,0.135924,0.355236,0.837588
1677109292,391021807,0.421644,0.670830,0.190453,0.391209,0.136113,0.355185,0.838017
1677109292,401111345,0.421550,0.671035,0.190269,0.389895,0.136581,0.355956,0.838226
1677109292,411063485,0.421376,0.671113,0.190038,0.388441,0.137144,0.355670,0.838930
1677109292,420893471,0.421301,0.671522,0.189731,0.388020,0.137184,0.356274,0.838862
1677109292,430922713,0.421199,0.671721,0.189530,0.386295,0.137591,0.356545,0.839477
1677109292,441314600,0.421150,0.671930,0.189369,0.384791,0.137842,0.356735,0.840045
1677109292,450787881,0.420908,0.672092,0.189152,0.384305,0.138533,0.356080,0.840432
1677109292,461335226,0.420932,0.672197,0.189113,0.382905,0.138709,0.356614,0.840815
1677109292,470849386,0.420836,0.672321,0.189015,0.382360,0.139099,0.356951,0.840856
1677109292,480768242,0.420665,0.672522,0.188873,0.382247,0.139765,0.357435,0.840591
1677109292,490691696,0.420453,0.672626,0.188659,0.381241,0.141059,0.358241,0.840489
1677109292,501384663,0.420318,0.672688,0.188462,0.379952,0.140847,0.358805,0.840867
1677109292,510257858,0.420042,0.672895,0.188023,0.378934,0.141617,0.359655,0.840834
1677109292,520657198,0.419966,0.673070,0.187686,0.376783,0.141378,0.361155,0.841198
1677109292,530764974,0.419685,0.673392,0.187144,0.375666,0.141791,0.361986,0.841271
1677109292,541187316,0.419465,0.673654,0.186739,0.374041,0.141911,0.362380,0.841805
1677109292,550483666,0.419351,0.673952,0.186363,0.372743,0.141947,0.362783,0.842201
1677109292,560668372,0.419265,0.674265,0.186083,0.371638,0.142457,0.363339,0.842363
1677109292,570638462,0.419197,0.674583,0.185927,0.371345,0.142186,0.363251,0.842576
1677109292,580510973,0.419129,0.674833,0.185843,0.371171,0.142427,0.362956,0.842739
1677109292,590820127,0.419124,0.674960,0.185901,0.370649,0.142883,0.362735,0.842987
1677109292,600646552,0.419153,0.675085,0.185978,0.370323,0.143231,0.362712,0.843081
1677109292,610850525,0.419081,0.675288,0.185971,0.371046,0.143516,0.362486,0.842812
1677109292,620851484,0.419093,0.675465,0.186060,0.370565,0.143744,0.363237,0.842661
1677109292,630578585,0.419047,0.675600,0.186017,0.369642,0.143683,0.363695,0.842880
1677109292,640555181,0.418885,0.675836,0.185840,0.369308,0.143473,0.364390,0.842762
1677109292,650383041,0.418710,0.676056,0.185550,0.368200,0.143512,0.365295,0.842848
1677109292,661111912,0.418546,0.676108,0.185291,0.366094,0.142741,0.365616,0.843757
1677109292,670691300,0.418362,0.676337,0.184964,0.364371,0.142580,0.366732,0.844045
1677109292,681106159,0.418188,0.676551,0.184607,0.363019,0.142270,0.367572,0.844314
1677109292,690534601,0.418066,0.676846,0.184325,0.362140,0.142034,0.368599,0.844284
1677109292,700797214,0.417935,0.677020,0.184127,0.361472,0.141781,0.368785,0.844531
1677109292,710705787,0.417861,0.677119,0.184126,0.360461,0.141914,0.369259,0.844734
1677109292,721436129,0.417767,0.677391,0.184024,0.360910,0.142329,0.369945,0.844173
1677109292,730817750,0.417745,0.677599,0.184029,0.360958,0.142270,0.370460,0.843936
1677109292,740911424,0.417752,0.677691,0.184067,0.360146,0.142125,0.370979,0.844080
1677109292,751119204,0.417653,0.677847,0.183939,0.359736,0.142292,0.371207,0.844126
1677109292,760684987,0.417533,0.678130,0.183716,0.359229,0.142288,0.372212,0.843900
1677109292,770833408,0.417336,0.678174,0.183461,0.357645,0.141997,0.371973,0.844727
1677109292,781245550,0.417101,0.678505,0.183050,0.357051,0.141739,0.372595,0.844747
1677109292,791318414,0.417155,0.678715,0.182828,0.354360,0.141132,0.374305,0.845226
1677109292,801091392,0.416863,0.679051,0.182263,0.353720,0.141315,0.374488,0.845382
1677109292,810897123,0.416623,0.679157,0.181898,0.351866,0.141453,0.374376,0.846182
1677109292,821174155,0.416411,0.679575,0.181419,0.350899,0.142327,0.375569,0.845908
1677109292,830728668,0.416101,0.679783,0.181087,0.349431,0.142863,0.375914,0.846272
1677109292,840724136,0.415840,0.680146,0.180648,0.348802,0.143093,0.376876,0.846065
1677109292,850730636,0.415583,0.680438,0.180306,0.347596,0.143820,0.378182,0.845856
1677109292,860918103,0.415332,0.680726,0.179952,0.347115,0.143613,0.379288,0.845593
1677109292,871102622,0.414931,0.680921,0.179485,0.346810,0.144064,0.380038,0.845304
1677109292,880661237,0.414664,0.681003,0.179099,0.345237,0.143695,0.381081,0.845541
1677109292,890948931,0.414439,0.681180,0.178654,0.343657,0.143817,0.382861,0.845360
1677109292,900572822,0.414116,0.681201,0.178178,0.341645,0.143836,0.383862,0.845719
1677109292,911044736,0.413779,0.681247,0.177631,0.339678,0.144180,0.384547,0.846141
1677109292,920825899,0.413576,0.681438,0.177142,0.338004,0.143637,0.385781,0.846342
1677109292,930587637,0.413292,0.681595,0.176666,0.336522,0.143931,0.386558,0.846528
1677109292,941207101,0.413078,0.681807,0.176248,0.335934,0.143643,0.387138,0.846545
1677109292,951104982,0.412912,0.681844,0.176021,0.334804,0.143493,0.387108,0.847032
1677109292,960588730,0.412819,0.682035,0.175906,0.334571,0.143586,0.387618,0.846875
1677109292,971257830,0.412720,0.682144,0.175819,0.334736,0.143917,0.387596,0.846764
1677109292,980914577,0.412703,0.682242,0.175852,0.334941,0.143890,0.387637,0.846669
1677109292,991163625,0.412601,0.682313,0.175794,0.335384,0.144371,0.387169,0.846626
1677109293,858225,0.412563,0.682409,0.175790,0.334926,0.145203,0.387293,0.846608
1677109293,10534423,0.412574,0.682545,0.175703,0.334676,0.145204,0.387483,0.846619
1677109293,20365754,0.412417,0.682533,0.175510,0.333981,0.146114,0.386609,0.847137
1677109293,30742331,0.412349,0.682785,0.175298,0.334103,0.146183,0.386650,0.847058
1677109293,40786765,0.412442,0.682757,0.175352,0.332370,0.145729,0.386496,0.847888
1677109293,50677238,0.412459,0.682898,0.175296,0.332173,0.145970,0.386497,0.847923
1677109293,60746099,0.412451,0.682884,0.175352,0.332031,0.146040,0.385882,0.848247
1677109293,71243686,0.412608,0.682953,0.175463,0.332291,0.146001,0.386079,0.848062
1677109293,80553839,0.412601,0.682844,0.175579,0.332744,0.146352,0.385206,0.848221
1677109293,90511416,0.412672,0.682760,0.175698,0.332864,0.146868,0.385008,0.848174
1677109293,100815977,0.412712,0.682726,0.175759,0.333110,0.147066,0.384773,0.848150
1677109293,110794413,0.412756,0.682740,0.175766,0.333051,0.147625,0.385060,0.847946
1677109293,120863322,0.412776,0.682760,0.175718,0.333261,0.147343,0.384892,0.847989
1677109293,131072926,0.412767,0.682747,0.175669,0.333022,0.146985,0.384573,0.848290
1677109293,141201918,0.412770,0.682847,0.175560,0.333343,0.146768,0.384558,0.848208
1677109293,150547220,0.412848,0.682892,0.175562,0.333119,0.146321,0.384930,0.848205
1677109293,160936696,0.412832,0.682861,0.175539,0.333305,0.146642,0.384771,0.848148
1677109293,170947476,0.412918,0.682915,0.175549,0.333761,0.146622,0.385092,0.847827
1677109293,181216427,0.413078,0.682828,0.175679,0.333163,0.147338,0.385545,0.847731
1677109293,190742194,0.413042,0.682788,0.175660,0.334146,0.147768,0.384921,0.847553
1677109293,201558176,0.413187,0.682749,0.175748,0.334124,0.147938,0.385095,0.847453
1677109293,210821890,0.413252,0.682692,0.175671,0.334479,0.148337,0.384832,0.847363
1677109293,220988984,0.413267,0.682797,0.175474,0.335334,0.148681,0.384715,0.847018
1677109293,230750505,0.413385,0.682887,0.175301,0.335286,0.148640,0.384864,0.846976
1677109293,241299137,0.413404,0.682991,0.174947,0.335271,0.149181,0.384781,0.846925
1677109293,250742771,0.413501,0.682969,0.174726,0.334217,0.148789,0.384349,0.847606
1677109293,261055795,0.413450,0.683047,0.174330,0.333660,0.149254,0.383845,0.847972
1677109293,270891362,0.413533,0.683237,0.173992,0.332670,0.149677,0.384198,0.848127
1677109293,281010896,0.413491,0.683345,0.173584,0.332158,0.150050,0.383616,0.848525
1677109293,291147008,0.413542,0.683433,0.173436,0.332059,0.149919,0.383165,0.848790
1677109293,301693949,0.413625,0.683537,0.173587,0.333857,0.150930,0.382917,0.848018
1677109293,311134234,0.413873,0.683562,0.173866,0.335943,0.151184,0.382901,0.847155
1677109293,321266733,0.414012,0.683429,0.174089,0.336184,0.152112,0.382557,0.847049
1677109293,331037688,0.413990,0.683488,0.173933,0.336856,0.152577,0.382237,0.846843
1677109293,340801887,0.413906,0.683443,0.173744,0.336161,0.152624,0.381823,0.847297
1677109293,351235567,0.413881,0.683441,0.173654,0.336344,0.152788,0.381750,0.847228
1677109293,361030247,0.413926,0.683408,0.173704,0.337737,0.153424,0.381668,0.846596
1677109293,370699245,0.414170,0.683418,0.173895,0.339139,0.153614,0.382537,0.845608
1677109293,380949757,0.414242,0.683246,0.173928,0.339634,0.154193,0.382251,0.845433
1677109293,391355697,0.414274,0.683208,0.173854,0.339984,0.154288,0.382156,0.845318
1677109293,400929385,0.414343,0.683147,0.173858,0.339843,0.154335,0.382032,0.845422
1677109293,411240699,0.414541,0.683050,0.173942,0.340124,0.154533,0.381983,0.845296
1677109293,421422244,0.414633,0.682960,0.174036,0.341788,0.155314,0.381307,0.844786
1677109293,431290094,0.414903,0.682749,0.174216,0.342041,0.155923,0.380873,0.844767
1677109293,440880064,0.415021,0.682766,0.174148,0.343488,0.156919,0.380202,0.844298
1677109293,451496645,0.415246,0.682680,0.174157,0.343947,0.157164,0.379415,0.844419
1677109293,461225898,0.415568,0.682632,0.174240,0.344118,0.157387,0.379057,0.844469
1677109293,471392482,0.415836,0.682660,0.174274,0.345559,0.157694,0.378284,0.844170
1677109293,481051492,0.416147,0.682499,0.174329,0.346137,0.158910,0.377076,0.844246
1677109293,491285012,0.416480,0.682412,0.174314,0.347497,0.159567,0.375519,0.844257
1677109293,501163354,0.417035,0.682351,0.174473,0.347756,0.159756,0.375011,0.844341
1677109293,511077720,0.417330,0.682234,0.174489,0.348973,0.160658,0.372874,0.844613
1677109293,521290831,0.417850,0.682273,0.174569,0.349778,0.161134,0.372330,0.844430
1677109293,531103960,0.418199,0.682220,0.174487,0.351237,0.161882,0.370730,0.844385
1677109293,540927386,0.418529,0.682116,0.174529,0.351776,0.162978,0.369423,0.844523
1677109293,550991626,0.418899,0.682148,0.174490,0.353063,0.163344,0.368776,0.844198
1677109293,560458215,0.419282,0.681970,0.174555,0.353248,0.163771,0.368183,0.844296
1677109293,570669337,0.419486,0.681740,0.174579,0.353878,0.164940,0.367185,0.844239
1677109293,581312470,0.419800,0.681664,0.174565,0.355261,0.165327,0.367349,0.843511
1677109293,591349391,0.420235,0.681351,0.174755,0.354959,0.165299,0.367484,0.843585
1677109293,601645754,0.420357,0.681139,0.174716,0.356079,0.166421,0.366960,0.843120
1677109293,611204275,0.420592,0.681100,0.174622,0.358054,0.166587,0.367179,0.842156
1677109293,621119414,0.420793,0.680926,0.174634,0.358830,0.167226,0.367277,0.841655
1677109293,630782733,0.420980,0.680702,0.174707,0.359443,0.167386,0.366974,0.841494
1677109293,641332421,0.421169,0.680427,0.174781,0.359440,0.167896,0.366944,0.841407
1677109293,651008438,0.421240,0.680390,0.174717,0.360795,0.168361,0.366978,0.840719
1677109293,661091436,0.421368,0.680083,0.174779,0.360954,0.168270,0.366347,0.840945
1677109293,671025596,0.421580,0.680036,0.174864,0.361673,0.168206,0.366975,0.840374
1677109293,680747333,0.421552,0.679920,0.174782,0.362876,0.169322,0.366658,0.839770
1677109293,691068556,0.421711,0.679761,0.174888,0.363152,0.169524,0.366751,0.839569
1677109293,701188590,0.421793,0.679717,0.174883,0.364252,0.169906,0.366977,0.838916
1677109293,711265981,0.421903,0.679494,0.174982,0.364097,0.170247,0.366840,0.838974
1677109293,720920948,0.421876,0.679428,0.174927,0.365134,0.170603,0.366390,0.838648
1677109293,731499471,0.422003,0.679435,0.174936,0.365449,0.171109,0.366964,0.838156
1677109293,740813649,0.422104,0.679409,0.174954,0.365922,0.171380,0.367083,0.837843
1677109293,750597138,0.422044,0.679337,0.174909,0.366965,0.171859,0.366094,0.837721
1677109293,760548214,0.422208,0.679448,0.174909,0.367851,0.172077,0.366646,0.837046
1677109293,770533745,0.422289,0.679404,0.174974,0.368025,0.172595,0.366577,0.836893
1677109293,781159930,0.422362,0.679308,0.175000,0.367953,0.173148,0.366312,0.836926
1677109293,790731675,0.422375,0.679414,0.174928,0.369192,0.173325,0.366113,0.836431
1677109293,801100934,0.422463,0.679357,0.174938,0.369264,0.174147,0.366251,0.836168
1677109293,811254789,0.422522,0.679306,0.174985,0.369888,0.174272,0.365493,0.836198
1677109293,820779282,0.422618,0.679295,0.174990,0.370565,0.174304,0.365144,0.836044
1677109293,830981707,0.422774,0.679308,0.175058,0.370755,0.174418,0.365323,0.835858
1677109293,841443166,0.422809,0.679406,0.174995,0.371676,0.174881,0.365244,0.835386
1677109293,850780446,0.422921,0.679283,0.175085,0.371165,0.174955,0.364818,0.835784
1677109293,860654598,0.422929,0.679268,0.175047,0.371808,0.175723,0.364101,0.835650
1677109293,870664505,0.423067,0.679287,0.175064,0.372319,0.175527,0.363783,0.835602
1677109293,880658477,0.423189,0.679326,0.175103,0.372412,0.175917,0.363875,0.835439
1677109293,890518986,0.423229,0.679201,0.175150,0.372245,0.176260,0.363026,0.835810
1677109293,900854054,0.423250,0.679344,0.175031,0.373658,0.176609,0.362810,0.835199
1677109293,911502330,0.423310,0.679484,0.174981,0.374829,0.176861,0.362918,0.834574
1677109293,921121078,0.423402,0.679338,0.175043,0.374716,0.177169,0.362585,0.834704
1677109293,930762714,0.423526,0.679338,0.175065,0.375150,0.177399,0.362935,0.834308
1677109293,941497381,0.423533,0.679317,0.175018,0.376235,0.177945,0.362745,0.833786
1677109293,951163883,0.423640,0.679161,0.175103,0.376363,0.177822,0.362549,0.833839
1677109293,961046287,0.423765,0.679012,0.175162,0.376369,0.178345,0.362654,0.833679
1677109293,971362021,0.423852,0.679141,0.175090,0.378119,0.178716,0.363043,0.832638
1677109293,981164528,0.423948,0.678978,0.175129,0.378255,0.179119,0.362727,0.832628
1677109293,991839980,0.424028,0.678879,0.175136,0.378719,0.179397,0.362411,0.832494
1677109294,1401074,0.424178,0.678838,0.175152,0.378797,0.179746,0.362658,0.832276
1677109294,11417915,0.424195,0.678891,0.175080,0.379940,0.180379,0.362457,0.831705
1677109294,21570975,0.424246,0.678813,0.175079,0.380670,0.181068,0.362005,0.831418
1677109294,31236974,0.424490,0.678855,0.175123,0.381168,0.181044,0.362626,0.830925
1677109294,40880240,0.424700,0.678661,0.175203,0.381065,0.181036,0.362176,0.831170
1677109294,51437246,0.424944,0.678564,0.175274,0.381171,0.181049,0.362289,0.831069
1677109294,60981797,0.425061,0.678610,0.175162,0.382526,0.182114,0.362540,0.830104
1677109294,71592530,0.425310,0.678443,0.175245,0.382970,0.182260,0.362091,0.830064
1677109294,81431936,0.425492,0.678391,0.175270,0.383698,0.182503,0.361822,0.829791
1677109294,90957590,0.425575,0.678233,0.175261,0.384213,0.183440,0.361017,0.829697
1677109294,101273936,0.425829,0.678147,0.175332,0.384576,0.183584,0.360771,0.829604
1677109294,110921544,0.426003,0.678198,0.175266,0.385997,0.184052,0.360475,0.828968
1677109294,121363437,0.426212,0.678180,0.175230,0.387155,0.184421,0.360142,0.828491
1677109294,130937747,0.426454,0.678030,0.175310,0.387217,0.184947,0.359883,0.828458
1677109294,140941782,0.426573,0.677903,0.175273,0.388054,0.185566,0.359022,0.828301
1677109294,150817139,0.426834,0.677781,0.175332,0.388554,0.185640,0.359020,0.828051
1677109294,161056559,0.426999,0.677742,0.175259,0.389809,0.186229,0.358736,0.827452
1677109294,170868672,0.427260,0.677584,0.175293,0.389809,0.186336,0.358802,0.827399
1677109294,180743870,0.427356,0.677475,0.175255,0.390493,0.186977,0.358596,0.827021
1677109294,191288727,0.427530,0.677322,0.175253,0.390921,0.186864,0.358335,0.826958
1677109294,201368693,0.427617,0.677233,0.175238,0.391812,0.187358,0.358129,0.826513
1677109294,211062307,0.427845,0.677159,0.175289,0.392083,0.187323,0.358945,0.826039
1677109294,220961101,0.428031,0.677033,0.175350,0.392061,0.187212,0.359243,0.825944
1677109294,231058052,0.428024,0.676970,0.175335,0.392911,0.187737,0.359085,0.825490
1677109294,241348362,0.428062,0.676832,0.175396,0.393151,0.187980,0.358754,0.825464
1677109294,251067955,0.428105,0.676911,0.175333,0.394370,0.188539,0.358990,0.824652
1677109294,261126063,0.428204,0.676852,0.175350,0.394920,0.188521,0.358854,0.824452
1677109294,270687005,0.428364,0.676694,0.175355,0.395088,0.188537,0.358576,0.824490
1677109294,280739758,0.428480,0.676676,0.175320,0.395790,0.188785,0.358564,0.824101
1677109294,290849808,0.428646,0.676633,0.175312,0.396532,0.188713,0.358537,0.823773
1677109294,301545870,0.428766,0.676476,0.175295,0.396888,0.189204,0.358252,0.823612
1677109294,310476018,0.428866,0.676450,0.175282,0.397803,0.189810,0.358336,0.822995
1677109294,320830153,0.429026,0.676334,0.175303,0.398217,0.189525,0.358280,0.822884
1677109294,330777633,0.429053,0.676213,0.175295,0.398541,0.190007,0.358117,0.822688
1677109294,340846597,0.429100,0.676213,0.175260,0.399589,0.189765,0.357826,0.822361
1677109294,350817647,0.429183,0.676080,0.175300,0.399486,0.190202,0.357980,0.822244
1677109294,360595934,0.429212,0.676080,0.175275,0.400159,0.190282,0.358303,0.821757
1677109294,371431094,0.429292,0.675857,0.175371,0.399995,0.189975,0.357931,0.822070
1677109294,381203213,0.429265,0.675657,0.175396,0.400418,0.190012,0.357280,0.822139
1677109294,391432296,0.429346,0.675626,0.175376,0.401161,0.190334,0.357768,0.821489
1677109294,401413099,0.429448,0.675518,0.175384,0.401725,0.190142,0.357695,0.821290
1677109294,411080430,0.429519,0.675397,0.175376,0.402128,0.190480,0.357756,0.820988
1677109294,421178634,0.429572,0.675355,0.175335,0.402954,0.190598,0.357670,0.820593
1677109294,430938160,0.429627,0.675251,0.175300,0.403785,0.190543,0.357310,0.820354
1677109294,440608197,0.429667,0.675100,0.175270,0.404667,0.190721,0.356843,0.820081
1677109294,450680737,0.429765,0.674978,0.175276,0.405327,0.190569,0.356527,0.819928
1677109294,461165531,0.429829,0.674972,0.175225,0.406226,0.190686,0.356639,0.819407
1677109294,471072492,0.429762,0.674758,0.175226,0.406961,0.190647,0.355406,0.819587
1677109294,480877053,0.429947,0.674629,0.175332,0.407050,0.190170,0.355596,0.819571
1677109294,490724926,0.429885,0.674567,0.175336,0.408051,0.190282,0.355020,0.819297
1677109294,501674403,0.429889,0.674458,0.175348,0.408330,0.190316,0.354597,0.819334
1677109294,511754550,0.429818,0.674455,0.175259,0.409386,0.190375,0.354265,0.818937
1677109294,521391533,0.429837,0.674234,0.175323,0.409317,0.190232,0.353816,0.819198
1677109294,531205723,0.429840,0.674088,0.175282,0.410192,0.190013,0.353513,0.818942
1677109294,540776669,0.429859,0.674017,0.175274,0.410822,0.189998,0.353733,0.818535
1677109294,551374765,0.429867,0.673913,0.175256,0.411349,0.189810,0.353851,0.818262
1677109294,560648354,0.429876,0.673619,0.175283,0.411677,0.189617,0.353339,0.818363
1677109294,571315156,0.429895,0.673555,0.175262,0.412887,0.189517,0.353583,0.817672
1677109294,581011725,0.429763,0.673424,0.175234,0.414120,0.189804,0.352984,0.817240
1677109294,591405428,0.429697,0.673297,0.175229,0.414842,0.190013,0.352618,0.816983
1677109294,601599378,0.429736,0.673105,0.175293,0.414985,0.190014,0.352335,0.817033
1677109294,610979353,0.429733,0.673047,0.175269,0.415787,0.189863,0.352160,0.816735
1677109294,621019410,0.429672,0.672947,0.175237,0.416793,0.189990,0.351486,0.816483
1677109294,630872553,0.429678,0.672875,0.175166,0.418182,0.189548,0.351085,0.816048
1677109294,641307920,0.429672,0.672653,0.175154,0.418699,0.190010,0.350530,0.815914
1677109294,651183590,0.429748,0.672507,0.175165,0.419367,0.189738,0.350211,0.815772
1677109294,660743942,0.429813,0.672431,0.175155,0.420354,0.189765,0.350125,0.815294
1677109294,671499362,0.429883,0.672305,0.175182,0.421204,0.189671,0.349679,0.815068
1677109294,681172145,0.429939,0.672100,0.175225,0.421611,0.189923,0.349101,0.815047
1677109294,690969171,0.429948,0.672105,0.175153,0.423158,0.189840,0.348321,0.814598
1677109294,701225131,0.430026,0.671837,0.175268,0.423266,0.189738,0.347427,0.814948
1677109294,710886072,0.430048,0.671721,0.175287,0.424414,0.189425,0.346427,0.814849
1677109294,720960568,0.430086,0.671778,0.175209,0.425976,0.189608,0.346158,0.814106
1677109294,730770003,0.430027,0.671771,0.175132,0.427838,0.189680,0.345367,0.813448
1677109294,740584201,0.429980,0.671626,0.175102,0.428912,0.189700,0.344460,0.813262
1677109294,750798355,0.430008,0.671458,0.175162,0.429423,0.189525,0.344072,0.813198
1677109294,761178601,0.429890,0.671390,0.175118,0.430830,0.189590,0.343315,0.812758
1677109294,771156590,0.429724,0.671252,0.175099,0.432805,0.189703,0.342436,0.812053
1677109294,780838518,0.429669,0.671154,0.175140,0.434522,0.189512,0.342186,0.811286
1677109294,792010879,0.429469,0.670975,0.175111,0.436755,0.189252,0.341035,0.810631
1677109294,801024006,0.429351,0.670837,0.175100,0.438506,0.189203,0.341051,0.809691
1677109294,810535843,0.429133,0.670725,0.174984,0.440917,0.189179,0.340645,0.808557
1677109294,820629675,0.428866,0.670440,0.174878,0.443189,0.189349,0.339758,0.807648
1677109294,830474536,0.428567,0.670176,0.174784,0.445645,0.189401,0.339001,0.806601
1677109294,840623244,0.428241,0.670219,0.174567,0.449819,0.189335,0.339015,0.804291
1677109294,850666250,0.427893,0.669921,0.174479,0.452601,0.189373,0.338355,0.802998
1677109294,861210477,0.427647,0.669629,0.174425,0.455997,0.188414,0.337644,0.801601
1677109294,871248705,0.427277,0.669383,0.174289,0.460089,0.187679,0.336400,0.799956
1677109294,881677288,0.426899,0.669120,0.174068,0.464229,0.187402,0.335123,0.798163
1677109294,891196134,0.426649,0.668906,0.173832,0.468458,0.186804,0.334171,0.796229
1677109294,901127760,0.426374,0.668831,0.173456,0.473354,0.186134,0.332803,0.794060
1677109294,911302783,0.426113,0.668792,0.173092,0.478040,0.185888,0.331353,0.791915
1677109294,920920981,0.425689,0.668883,0.172638,0.483833,0.186577,0.328776,0.789304
1677109294,931005633,0.425516,0.668884,0.172317,0.488486,0.186614,0.326281,0.787462
1677109294,940737575,0.425290,0.669086,0.171997,0.493306,0.187132,0.323405,0.785519
1677109294,950810164,0.424913,0.669342,0.171656,0.497788,0.187976,0.319646,0.784027
1677109294,960988497,0.424672,0.669773,0.171338,0.501596,0.187644,0.315891,0.783201
1677109294,970790052,0.424319,0.670404,0.170985,0.505389,0.187616,0.311977,0.782338
1677109294,980564398,0.423958,0.671080,0.170785,0.509095,0.187196,0.307860,0.781666
1677109294,990597072,0.423515,0.671671,0.170649,0.512277,0.186951,0.303009,0.781542
1677109295,1168393,0.423196,0.672232,0.170543,0.515362,0.185824,0.298423,0.781547
1677109295,11350825,0.422925,0.672858,0.170335,0.519014,0.184080,0.294496,0.781032
1677109295,21325612,0.422535,0.673170,0.170084,0.521524,0.182846,0.289844,0.781390
1677109295,30906874,0.422063,0.673615,0.169725,0.524955,0.181828,0.285777,0.780828
1677109295,41129258,0.421454,0.674245,0.169332,0.529933,0.180584,0.281275,0.779388
1677109295,51435195,0.420993,0.674743,0.169002,0.533770,0.179689,0.277953,0.778167
1677109295,61083361,0.420441,0.675228,0.168650,0.537353,0.179010,0.274135,0.777211
1677109295,71384133,0.419827,0.675891,0.168217,0.540752,0.178477,0.270573,0.776224
1677109295,81585315,0.419131,0.676382,0.167856,0.542797,0.178551,0.266608,0.776152
1677109295,90974397,0.418558,0.677147,0.167527,0.545858,0.178244,0.263402,0.775169
1677109295,100989987,0.417959,0.677836,0.167282,0.549195,0.177753,0.259550,0.774224
1677109295,111231621,0.417436,0.678490,0.167077,0.551823,0.177051,0.255737,0.773785
1677109295,121307092,0.416754,0.679282,0.166818,0.554806,0.176253,0.251015,0.773380
1677109295,131140724,0.416409,0.679926,0.166565,0.556947,0.174699,0.247462,0.773339
1677109295,140808750,0.415973,0.680525,0.166316,0.559809,0.173610,0.242884,0.772969
1677109295,151157752,0.415779,0.680853,0.166127,0.562165,0.171385,0.237946,0.773292
1677109295,160634860,0.415449,0.681348,0.165812,0.565892,0.170012,0.232500,0.772532
1677109295,170883204,0.415384,0.681705,0.165501,0.568525,0.167832,0.227273,0.772631
1677109295,180880216,0.415161,0.682266,0.165123,0.571481,0.167144,0.222314,0.772042
1677109295,190579065,0.414985,0.682786,0.164799,0.573592,0.166018,0.217220,0.772169
1677109295,200763537,0.414774,0.683550,0.164556,0.576134,0.164671,0.212524,0.771872
1677109295,211320769,0.414480,0.684280,0.164373,0.577819,0.163781,0.208390,0.771929
1677109295,221347444,0.414061,0.684996,0.164328,0.578602,0.161741,0.203985,0.772948
1677109295,231333918,0.413424,0.685996,0.164291,0.580778,0.160095,0.200039,0.772691
1677109295,240207441,0.412890,0.686691,0.164382,0.581311,0.157269,0.197173,0.773606
1677109295,250974971,0.412158,0.687360,0.164376,0.582301,0.153996,0.193724,0.774391
1677109295,261041273,0.411291,0.688153,0.164309,0.583990,0.150793,0.190870,0.774458
1677109295,271358226,0.410497,0.688653,0.164236,0.584382,0.147217,0.188906,0.775331
1677109295,280900711,0.409621,0.689295,0.164084,0.585680,0.143880,0.187293,0.775370
1677109295,290731408,0.408597,0.690052,0.163942,0.588006,0.140396,0.185606,0.774653
1677109295,301335077,0.407501,0.690567,0.163777,0.589427,0.137410,0.183739,0.774554
1677109295,310962917,0.406546,0.691333,0.163599,0.592051,0.133199,0.182431,0.773597
1677109295,320998084,0.405487,0.691722,0.163413,0.593702,0.129675,0.180183,0.773458
1677109295,331427173,0.404814,0.692129,0.163243,0.595589,0.125124,0.179033,0.773023
1677109295,340111513,0.403806,0.692659,0.163028,0.599148,0.121809,0.176193,0.771454
1677109295,351032560,0.403039,0.692883,0.162852,0.600719,0.118102,0.173417,0.771437
1677109295,361323633,0.402174,0.693571,0.162618,0.603515,0.114790,0.170641,0.770373
1677109295,370484176,0.401444,0.694033,0.162399,0.604274,0.111628,0.168258,0.770767
1677109295,381059529,0.400636,0.694745,0.162178,0.606022,0.108488,0.164819,0.770586
1677109295,391159616,0.400021,0.695389,0.162059,0.606974,0.105552,0.162760,0.770682
1677109295,401470184,0.399202,0.696072,0.161981,0.608147,0.103843,0.159342,0.770704
1677109295,411015479,0.398541,0.696904,0.161921,0.609482,0.100840,0.156592,0.770611
1677109295,421187537,0.397937,0.697700,0.161837,0.610839,0.097591,0.153617,0.770554
1677109295,430810882,0.397249,0.698329,0.161713,0.611952,0.094929,0.150456,0.770627
1677109295,441715919,0.396745,0.698973,0.161552,0.614013,0.091761,0.147974,0.769852
1677109295,451046033,0.396294,0.699052,0.161451,0.614111,0.089090,0.145427,0.770572
1677109295,461163649,0.395668,0.699335,0.161318,0.615702,0.087052,0.142202,0.770137
1677109295,471343578,0.395432,0.699552,0.161238,0.616869,0.083604,0.140344,0.769926
1677109295,480935260,0.394908,0.699872,0.161145,0.618343,0.080922,0.137322,0.769575
1677109295,490989533,0.394474,0.700021,0.161114,0.618473,0.078363,0.134692,0.770200
1677109295,501477393,0.394230,0.700388,0.161081,0.618760,0.074987,0.132999,0.770600
1677109295,510621311,0.393750,0.700744,0.161021,0.619305,0.071861,0.129867,0.770994
1677109295,521519755,0.393256,0.701101,0.160916,0.620137,0.069099,0.127131,0.771034
1677109295,530640397,0.392892,0.701293,0.160840,0.620868,0.066309,0.125486,0.770960
1677109295,541363763,0.392359,0.701392,0.160749,0.622126,0.063596,0.123054,0.770566
1677109295,551480996,0.391907,0.701447,0.160619,0.623731,0.060410,0.121229,0.769814
1677109295,560575908,0.391440,0.701559,0.160443,0.625751,0.056987,0.119872,0.768647
1677109295,571045003,0.390783,0.701547,0.160178,0.627095,0.054114,0.118127,0.768030
1677109295,580840602,0.390335,0.701610,0.159938,0.628403,0.050735,0.117652,0.767263
1677109295,591384751,0.389828,0.701684,0.159747,0.629995,0.047371,0.116925,0.766284
1677109295,601514219,0.389231,0.701607,0.159587,0.631454,0.044535,0.115853,0.765415
1677109295,610672460,0.388764,0.701534,0.159456,0.633045,0.041417,0.115203,0.764373
1677109295,621308294,0.388297,0.701661,0.159332,0.635488,0.037922,0.114602,0.762616
1677109295,631176061,0.387857,0.701554,0.159198,0.636771,0.034441,0.114006,0.761800
1677109295,641204450,0.387434,0.701333,0.159063,0.637887,0.030340,0.112822,0.761217
1677109295,650697448,0.387054,0.701329,0.158855,0.640292,0.025945,0.112022,0.759476
1677109295,661406944,0.386694,0.700992,0.158673,0.641681,0.021780,0.111101,0.758570
1677109295,671555644,0.386398,0.700894,0.158524,0.644393,0.018252,0.110790,0.756406
1677109295,680850493,0.385987,0.700313,0.158397,0.645993,0.015455,0.109311,0.755318
1677109295,691019466,0.385794,0.700151,0.158261,0.649189,0.012123,0.108522,0.752748
1677109295,701046483,0.385577,0.699723,0.158097,0.650443,0.010158,0.107559,0.751832
1677109295,710909528,0.385534,0.699379,0.157963,0.651741,0.008142,0.106897,0.750827
1677109295,720376481,0.385502,0.699205,0.157853,0.654648,0.006330,0.105601,0.748495
1677109295,730838562,0.385642,0.698650,0.157777,0.656487,0.004846,0.104534,0.747043
1677109295,740601867,0.385766,0.698128,0.157683,0.658651,0.004144,0.102773,0.745385
1677109295,750229608,0.386003,0.697778,0.157544,0.661423,0.003300,0.100600,0.743229
1677109295,760918945,0.386441,0.697169,0.157396,0.662841,0.003009,0.099167,0.742158
1677109295,771436190,0.386842,0.696846,0.157237,0.665058,0.003317,0.096808,0.740483
1677109295,781367793,0.387329,0.696386,0.157087,0.666526,0.003951,0.094344,0.739477
1677109295,791655670,0.387942,0.696048,0.156950,0.668455,0.004197,0.091364,0.738108
1677109295,801093518,0.388695,0.695674,0.156808,0.670171,0.004686,0.088760,0.736866
1677109295,810941339,0.389379,0.695285,0.156637,0.672039,0.006360,0.085868,0.735493
1677109295,821642608,0.390257,0.694686,0.156542,0.673448,0.007421,0.083087,0.734513
1677109295,831073479,0.391011,0.694243,0.156438,0.675686,0.008869,0.079343,0.732854
1677109295,841299936,0.391770,0.693810,0.156366,0.677410,0.011091,0.076273,0.731556
1677109295,851084705,0.392669,0.693582,0.156342,0.678923,0.012562,0.073587,0.730404
1677109295,861627951,0.393410,0.693300,0.156333,0.679372,0.014115,0.069773,0.730333
1677109295,871181320,0.394167,0.693389,0.156370,0.680500,0.015536,0.066704,0.729540
1677109295,881188883,0.394865,0.693123,0.156419,0.680021,0.017247,0.064161,0.730177
1677109295,890521944,0.395429,0.693241,0.156469,0.680868,0.019130,0.062048,0.729522
1677109295,900659527,0.395941,0.693238,0.156551,0.681468,0.020094,0.060312,0.729081
1677109295,910179943,0.396442,0.693233,0.156708,0.681962,0.020259,0.059361,0.728693
1677109295,920848859,0.396718,0.693231,0.156857,0.682456,0.020918,0.058740,0.728262
1677109295,931135162,0.396956,0.693063,0.157039,0.682782,0.020503,0.058173,0.728014
1677109295,940939623,0.397063,0.692965,0.157223,0.683716,0.020184,0.058121,0.727150
1677109295,950848115,0.397136,0.692703,0.157476,0.684210,0.018668,0.058234,0.726717
1677109295,960658440,0.397051,0.692668,0.157769,0.685501,0.016893,0.058138,0.725550
1677109295,970804154,0.396932,0.692440,0.158090,0.685959,0.015713,0.058752,0.725094
1677109295,981115013,0.396844,0.692250,0.158376,0.686335,0.014660,0.060052,0.724654
1677109295,991614942,0.396590,0.692254,0.158671,0.687222,0.013769,0.060680,0.723778
1677109296,1479109,0.396551,0.692287,0.158961,0.687872,0.012107,0.062068,0.723072
1677109296,11115159,0.396393,0.692051,0.159268,0.687486,0.010986,0.062901,0.723385
1677109296,22114813,0.396275,0.692036,0.159570,0.688109,0.009937,0.063847,0.722724
1677109296,31312993,0.396186,0.691842,0.159882,0.688645,0.008766,0.064072,0.722209
1677109296,40345927,0.396081,0.691698,0.160238,0.689858,0.008106,0.064596,0.721012
1677109296,50730510,0.396137,0.691386,0.160549,0.690612,0.007358,0.064786,0.720280
1677109296,61467908,0.396155,0.691203,0.160822,0.691835,0.007304,0.064691,0.719114
1677109296,71325493,0.396398,0.690789,0.161061,0.692267,0.006724,0.064439,0.718727
1677109296,81200408,0.396652,0.690491,0.161335,0.693511,0.006478,0.063429,0.717619
1677109296,90799950,0.396835,0.690142,0.161597,0.694920,0.006959,0.061921,0.716383
1677109296,101021057,0.397276,0.689795,0.161926,0.697118,0.006066,0.060262,0.714394
1677109296,111328756,0.397523,0.689133,0.162268,0.699256,0.006618,0.058217,0.712466
1677109296,120893005,0.397933,0.688555,0.162654,0.701743,0.007662,0.057427,0.710071
1677109296,131241897,0.398233,0.687951,0.162972,0.703576,0.009218,0.056477,0.708312
1677109296,141258654,0.398535,0.687650,0.163238,0.705363,0.010069,0.054789,0.706654
1677109296,151163541,0.398880,0.687608,0.163457,0.706629,0.010562,0.053404,0.705487
1677109296,160790685,0.399064,0.687569,0.163627,0.706973,0.011629,0.051797,0.705245
1677109296,170338271,0.399385,0.687414,0.163790,0.706411,0.011978,0.050980,0.705861
1677109296,180750519,0.399477,0.687392,0.163962,0.706469,0.012582,0.049722,0.705883
1677109296,190708035,0.399583,0.687460,0.164159,0.707272,0.012245,0.048370,0.705178
1677109296,201185794,0.399697,0.687324,0.164379,0.707963,0.011520,0.047737,0.704540
1677109296,210675821,0.399684,0.687144,0.164663,0.709199,0.011150,0.047477,0.703320
1677109296,220786391,0.399664,0.686692,0.164926,0.710117,0.010912,0.047648,0.702385
1677109296,230703264,0.399416,0.686188,0.165250,0.711609,0.011110,0.047311,0.700893
1677109296,241086840,0.399382,0.685671,0.165612,0.713364,0.010571,0.048131,0.699059
1677109296,251036143,0.399203,0.685363,0.165976,0.715981,0.010415,0.048492,0.696356
1677109296,260894377,0.398995,0.684777,0.166301,0.717168,0.010507,0.048746,0.695114
1677109296,271354595,0.398993,0.684447,0.166701,0.718584,0.009681,0.049537,0.693606
1677109296,280572896,0.398817,0.684075,0.167016,0.719137,0.009659,0.049140,0.693061
1677109296,290445769,0.398793,0.683880,0.167378,0.719985,0.009198,0.049123,0.692188
1677109296,300694931,0.398704,0.683710,0.167724,0.720776,0.009484,0.049082,0.691363
1677109296,310980422,0.398663,0.683401,0.168127,0.721408,0.009456,0.048571,0.690740
1677109296,321111811,0.398694,0.683143,0.168581,0.722724,0.009072,0.048256,0.689390
1677109296,330539539,0.398763,0.682658,0.169038,0.723606,0.008838,0.047886,0.688493
1677109296,340565088,0.398686,0.682160,0.169528,0.725198,0.009808,0.047361,0.686839
1677109296,350200322,0.398837,0.681683,0.170137,0.727395,0.009774,0.047290,0.684518
1677109296,360474073,0.398770,0.681101,0.170762,0.729428,0.010984,0.046786,0.682368
1677109296,370858932,0.398841,0.680574,0.171457,0.731729,0.011572,0.046125,0.679935
1677109296,381249114,0.398951,0.680041,0.172179,0.733813,0.012442,0.046212,0.677664
1677109296,391168908,0.399001,0.679433,0.172866,0.735282,0.013244,0.045295,0.676116
1677109296,401185666,0.399140,0.679104,0.173619,0.737305,0.013686,0.044852,0.673930
1677109296,410806915,0.399328,0.678590,0.174302,0.738056,0.013901,0.044304,0.673140
1677109296,421395096,0.399455,0.678177,0.175053,0.739012,0.014330,0.043455,0.672136
1677109296,430529533,0.399569,0.677824,0.175849,0.740262,0.014797,0.042877,0.670787
1677109296,441340698,0.399730,0.677517,0.176728,0.741690,0.015479,0.042726,0.669201
1677109296,451125068,0.399896,0.677040,0.177679,0.742867,0.015810,0.042215,0.667920
1677109296,461145444,0.400069,0.676751,0.178753,0.745061,0.016766,0.042270,0.665444
1677109296,471217461,0.400225,0.676154,0.179886,0.746269,0.018158,0.042705,0.664025
1677109296,480588650,0.400456,0.675763,0.181172,0.748453,0.019109,0.043077,0.661511
1677109296,490927315,0.400700,0.675178,0.182513,0.749951,0.019813,0.043364,0.659773
1677109296,500975308,0.400947,0.674657,0.183932,0.751407,0.020221,0.043196,0.658114
1677109296,510396877,0.401176,0.674138,0.185466,0.752725,0.020640,0.042930,0.656609
1677109296,520620532,0.401445,0.673695,0.187114,0.754083,0.020842,0.042696,0.655058
1677109296,530784145,0.401669,0.673301,0.188863,0.755524,0.021528,0.042734,0.653371
1677109296,540728267,0.401892,0.672622,0.190595,0.756081,0.022214,0.042331,0.652730
1677109296,551107868,0.402177,0.672120,0.192391,0.757200,0.022649,0.042458,0.651408
1677109296,561393756,0.402347,0.671556,0.194265,0.758228,0.023758,0.042324,0.650181
1677109296,570847968,0.402775,0.671086,0.196196,0.759391,0.023589,0.042998,0.648784
1677109296,580705178,0.403015,0.670574,0.198169,0.760297,0.024075,0.043113,0.647696
1677109296,591501940,0.403195,0.670071,0.200191,0.761249,0.024717,0.043327,0.646538
1677109296,601202397,0.403460,0.669520,0.202253,0.762011,0.024568,0.043816,0.645613
1677109296,611117305,0.403817,0.668996,0.204379,0.763025,0.023783,0.043986,0.644432
1677109296,621690784,0.404063,0.668572,0.206583,0.764133,0.023757,0.044730,0.643068
1677109296,631290082,0.404343,0.667926,0.208764,0.764318,0.023601,0.045774,0.642780
1677109296,641014697,0.404500,0.667432,0.210993,0.765064,0.023488,0.045747,0.641898
1677109296,651366080,0.404779,0.667145,0.213282,0.766452,0.023199,0.046708,0.640181
1677109296,661153119,0.405185,0.666815,0.215657,0.767849,0.022196,0.047808,0.638459
1677109296,671040550,0.405336,0.666885,0.218063,0.770551,0.023069,0.048990,0.635074
1677109296,680930355,0.405672,0.665510,0.220289,0.768296,0.021944,0.049480,0.637802
1677109296,690996719,0.405958,0.665018,0.222571,0.768796,0.021423,0.050321,0.637151
1677109296,701202344,0.406087,0.664665,0.224788,0.769451,0.021258,0.050630,0.636341
1677109296,711692316,0.406387,0.664429,0.227038,0.770056,0.020240,0.051812,0.635546
1677109296,721594886,0.406447,0.664106,0.229155,0.770087,0.020639,0.052495,0.635441
1677109296,731199418,0.406663,0.664132,0.231384,0.771229,0.019977,0.053561,0.633986
1677109296,740718785,0.406754,0.663989,0.233497,0.771621,0.020184,0.054927,0.633385
1677109296,750956021,0.406855,0.663836,0.235622,0.771946,0.019832,0.055767,0.632927
1677109296,761038267,0.407134,0.663618,0.237693,0.772031,0.018670,0.057736,0.632681
1677109296,770693452,0.407427,0.663241,0.239659,0.771451,0.018026,0.061084,0.633094
1677109296,781335301,0.407292,0.662922,0.241798,0.772113,0.016868,0.058885,0.632526
1677109296,791826714,0.407262,0.662581,0.243782,0.772173,0.016605,0.059709,0.632383
1677109296,801222511,0.407311,0.662241,0.245703,0.772358,0.015623,0.060690,0.632089
1677109296,810644121,0.407417,0.661987,0.247627,0.772940,0.014006,0.061633,0.631323
1677109296,821451951,0.407315,0.661630,0.249436,0.773127,0.013549,0.061915,0.631077
1677109296,830983917,0.407472,0.661330,0.251214,0.773508,0.012064,0.063225,0.630509
1677109296,841326882,0.407474,0.661023,0.252941,0.773940,0.011506,0.064192,0.629892
1677109296,851321234,0.407549,0.660710,0.254621,0.774567,0.010834,0.065097,0.629040
1677109296,860956630,0.407601,0.660372,0.256231,0.775315,0.010397,0.065837,0.628048
1677109296,871131481,0.407590,0.659839,0.257737,0.775283,0.010796,0.066099,0.628053
1677109296,880791727,0.407790,0.659552,0.259316,0.776058,0.010369,0.067018,0.627005
1677109296,891007366,0.408017,0.659302,0.260850,0.776757,0.009922,0.067521,0.626091
1677109296,900695792,0.408240,0.658902,0.262288,0.776859,0.009828,0.067614,0.625956
1677109296,911422483,0.408543,0.658629,0.263770,0.777562,0.009494,0.067705,0.625078
1677109296,921173075,0.408771,0.658148,0.265150,0.777723,0.010050,0.067481,0.624894
1677109296,930993611,0.409087,0.657843,0.266583,0.778455,0.010115,0.067154,0.624016
1677109296,941045669,0.409451,0.657462,0.267958,0.778757,0.010545,0.067156,0.623631
1677109296,951034536,0.409785,0.657180,0.269368,0.779395,0.010900,0.066716,0.622876
1677109296,960717440,0.410023,0.656777,0.270641,0.779019,0.012134,0.065976,0.623402
1677109296,971178881,0.410367,0.656639,0.272005,0.779266,0.012974,0.065856,0.623088
1677109296,981110987,0.410737,0.656519,0.273294,0.778837,0.013634,0.065685,0.623628
1677109296,990970843,0.411045,0.656328,0.274467,0.777994,0.014200,0.065024,0.624736
1677109297,1333717,0.411302,0.656333,0.275664,0.777938,0.015028,0.064299,0.624861
1677109297,11029573,0.411731,0.656074,0.276761,0.777244,0.014791,0.064236,0.625736
1677109297,21011223,0.411929,0.655728,0.277762,0.776835,0.015939,0.063556,0.626286
1677109297,30618949,0.412140,0.655350,0.278796,0.776900,0.016462,0.063185,0.626229
1677109297,41537066,0.413275,0.654761,0.279988,0.777470,0.010249,0.061789,0.625794
1677109297,51402701,0.412815,0.654780,0.281230,0.780234,0.015543,0.061803,0.622232
1677109297,60569941,0.412984,0.654341,0.282197,0.780415,0.015957,0.061293,0.622046
1677109297,71306597,0.413272,0.654090,0.283216,0.780329,0.016088,0.062033,0.622077
1677109297,81168032,0.413494,0.654030,0.284164,0.780326,0.016061,0.061394,0.622144
1677109297,91493148,0.413686,0.653927,0.285075,0.779566,0.016194,0.061460,0.623087
1677109297,101766244,0.413768,0.653902,0.285921,0.778721,0.016938,0.061044,0.624164
1677109297,111221376,0.413943,0.653851,0.286808,0.778194,0.017313,0.061294,0.624786
1677109297,121412652,0.414108,0.653880,0.287712,0.778440,0.016729,0.060419,0.624580
1677109297,131140650,0.414182,0.653965,0.288650,0.779421,0.017444,0.060767,0.623303
1677109297,141354785,0.414234,0.654003,0.289567,0.780674,0.017311,0.060390,0.621773
1677109297,151162880,0.414075,0.654170,0.290495,0.782580,0.018484,0.059933,0.619383
1677109297,161419395,0.414451,0.652789,0.291139,0.778985,0.017479,0.061620,0.623763
1677109297,171155897,0.414413,0.652586,0.291915,0.778951,0.017362,0.061661,0.623805
1677109297,180826727,0.414270,0.652630,0.292631,0.779240,0.017849,0.061578,0.623438
1677109297,191295565,0.414290,0.652449,0.293273,0.778131,0.017406,0.062107,0.624781
1677109297,201320558,0.414210,0.652600,0.293924,0.778149,0.017027,0.061952,0.624785
1677109297,210664663,0.414246,0.652704,0.294526,0.777908,0.016701,0.063014,0.624988
1677109297,221373914,0.414063,0.652669,0.295048,0.777376,0.017066,0.062896,0.625651
1677109297,230784713,0.414075,0.652744,0.295655,0.777660,0.016490,0.063468,0.625255
1677109297,241190002,0.414001,0.652430,0.296130,0.776950,0.016791,0.064202,0.626055
1677109297,250647025,0.413943,0.652316,0.296662,0.777199,0.016386,0.064353,0.625741
1677109297,261521268,0.414004,0.652211,0.297210,0.777646,0.015788,0.065039,0.625130
1677109297,271072703,0.413913,0.652070,0.297749,0.778185,0.015448,0.064550,0.624518
1677109297,280795696,0.414026,0.651703,0.298205,0.777531,0.014846,0.064995,0.625300
1677109297,291128664,0.414095,0.651714,0.298750,0.777891,0.014254,0.065060,0.624859
1677109297,300901142,0.414180,0.651653,0.299264,0.777597,0.013967,0.065254,0.625212
1677109297,310596802,0.414336,0.651732,0.299787,0.777425,0.013084,0.065531,0.625416
1677109297,321473959,0.414367,0.651701,0.300281,0.776655,0.013111,0.065161,0.626409
1677109297,331150230,0.414462,0.651802,0.300800,0.776078,0.012899,0.065259,0.627119
1677109297,341200987,0.414636,0.651944,0.301341,0.775757,0.012162,0.065781,0.627476
1677109297,350484710,0.414594,0.651965,0.301866,0.775222,0.012232,0.065049,0.628212
1677109297,360975966,0.414874,0.651956,0.302441,0.774894,0.010897,0.065833,0.628559
1677109297,370670023,0.415107,0.651884,0.302991,0.774464,0.009502,0.066536,0.629037
1677109297,381060409,0.415269,0.651625,0.303501,0.773592,0.008309,0.066943,0.630084
1677109297,390941954,0.415421,0.651712,0.304112,0.773973,0.007266,0.067883,0.629528
1677109297,401154963,0.413946,0.652083,0.304978,0.776529,0.015507,0.067292,0.626286
