secs,nsecs,tx,ty,tz,rx,ry,rz,rw
1677109481,269274254,0.255306,0.590727,0.519748,0.463436,-0.130114,-0.240535,0.842876
1677109481,279731613,0.255184,0.590864,0.520216,0.462845,-0.130112,-0.240695,0.843156
1677109481,289404351,0.255195,0.591031,0.520686,0.462964,-0.130608,-0.240281,0.843131
1677109481,299755021,0.255134,0.591275,0.521172,0.463634,-0.130614,-0.239584,0.842961
1677109481,309857724,0.255093,0.591487,0.521706,0.463777,-0.131549,-0.239308,0.842815
1677109481,319259785,0.255013,0.591785,0.522168,0.463896,-0.131944,-0.238713,0.842857
1677109481,329680887,0.254953,0.592199,0.522577,0.464004,-0.132252,-0.238106,0.842921
1677109481,339431900,0.254742,0.592549,0.523010,0.463066,-0.132007,-0.237492,0.843648
1677109481,349698887,0.254800,0.592962,0.523333,0.462734,-0.132580,-0.235915,0.844182
1677109481,360371829,0.254625,0.593337,0.523715,0.461860,-0.132297,-0.235299,0.844877
1677109481,369752906,0.254540,0.593753,0.523991,0.461425,-0.132439,-0.234768,0.845240
1677109481,379915450,0.254577,0.594495,0.524112,0.462206,-0.133565,-0.234888,0.844603
1677109481,390451469,0.254578,0.594886,0.524324,0.461885,-0.133442,-0.234797,0.844823
1677109481,399985051,0.254739,0.595295,0.524490,0.462037,-0.132954,-0.233830,0.845085
1677109481,409854725,0.254833,0.595724,0.524598,0.461974,-0.132674,-0.233671,0.845208
1677109481,419595598,0.254831,0.596056,0.524741,0.461431,-0.132157,-0.233678,0.845583
1677109481,430044127,0.254904,0.596488,0.524780,0.461639,-0.131452,-0.233134,0.845730
1677109481,439914557,0.254985,0.596862,0.524786,0.461918,-0.131422,-0.232696,0.845702
1677109481,449317587,0.255015,0.597246,0.524799,0.462187,-0.131333,-0.232343,0.845666
1677109481,459763357,0.255056,0.597558,0.524779,0.462424,-0.131177,-0.231736,0.845727
1677109481,469511557,0.255158,0.597890,0.524650,0.462823,-0.131606,-0.231226,0.845582
1677109481,480392102,0.255211,0.598204,0.524481,0.463287,-0.131554,-0.230874,0.845432
1677109481,489905923,0.255349,0.598421,0.524250,0.463533,-0.131851,-0.230493,0.845355
1677109481,499702698,0.255444,0.598670,0.523913,0.463895,-0.131540,-0.230505,0.845202
1677109481,509969426,0.255667,0.599053,0.523428,0.464678,-0.131380,-0.230666,0.844752
1677109481,519924689,0.255803,0.599316,0.522902,0.464700,-0.130763,-0.231055,0.844730
1677109481,529826244,0.256114,0.599727,0.522135,0.465680,-0.130183,-0.230981,0.844300
1677109481,539419460,0.256202,0.600061,0.521377,0.465694,-0.128906,-0.231725,0.844284
1677109481,550558407,0.256497,0.600478,0.520430,0.466409,-0.128435,-0.231862,0.843923
1677109481,559996103,0.256808,0.600592,0.519486,0.465009,-0.129397,-0.232553,0.844359
1677109481,569971132,0.256969,0.600874,0.518455,0.464722,-0.129268,-0.233073,0.844393
1677109481,580171521,0.257213,0.601037,0.517431,0.464534,-0.129251,-0.232744,0.844590
1677109481,589920135,0.257305,0.601240,0.516464,0.464448,-0.129405,-0.233056,0.844528
1677109481,600110567,0.257555,0.601392,0.515476,0.464751,-0.130318,-0.232253,0.844442
1677109481,610292102,0.257554,0.601459,0.514557,0.464475,-0.129989,-0.231562,0.844834
1677109481,620123998,0.257476,0.601644,0.513589,0.464377,-0.130783,-0.231259,0.844849
1677109481,630212538,0.257331,0.602042,0.512488,0.465077,-0.129589,-0.229021,0.845257
1677109481,640002174,0.256942,0.602141,0.511504,0.463682,-0.129852,-0.227569,0.846375
1677109481,649806345,0.257105,0.603010,0.509904,0.467130,-0.131244,-0.223166,0.845435
1677109481,659706749,0.256807,0.603466,0.508703,0.467011,-0.133182,-0.219679,0.846111
1677109481,669864223,0.256237,0.603853,0.507600,0.466736,-0.133888,-0.216496,0.846971
1677109481,680082161,0.255830,0.604151,0.506523,0.466813,-0.135522,-0.213191,0.847508
1677109481,689752057,0.255492,0.604478,0.505387,0.468043,-0.136327,-0.210615,0.847344
1677109481,699439929,0.255318,0.604547,0.504288,0.469170,-0.136841,-0.208685,0.847115
1677109481,710086329,0.255420,0.604583,0.503132,0.470803,-0.136854,-0.207513,0.846495
1677109481,719820634,0.255686,0.604517,0.502003,0.471705,-0.135725,-0.207742,0.846119
1677109481,729148084,0.256156,0.604564,0.500698,0.473139,-0.133871,-0.209387,0.845207
1677109481,739913748,0.256812,0.604537,0.499467,0.473657,-0.131879,-0.211866,0.844612
1677109481,750319282,0.257596,0.604487,0.498245,0.473808,-0.129843,-0.214540,0.844168
1677109481,759418667,0.258413,0.604520,0.496940,0.474363,-0.127855,-0.217104,0.843504
1677109481,770666184,0.259185,0.604659,0.495648,0.475307,-0.126384,-0.219235,0.842642
1677109481,780494030,0.259679,0.604522,0.494537,0.474412,-0.124924,-0.221446,0.842786
1677109481,789742383,0.260174,0.604772,0.493321,0.475393,-0.124636,-0.223415,0.841756
1677109481,799904687,0.260612,0.604606,0.492384,0.475270,-0.122989,-0.223209,0.842123
1677109481,809927625,0.260812,0.604664,0.491538,0.475328,-0.121724,-0.223549,0.842183
1677109481,819665225,0.260977,0.604834,0.490734,0.476226,-0.121639,-0.223632,0.841666
1677109481,829785591,0.261102,0.604995,0.490009,0.477499,-0.122141,-0.222949,0.841053
1677109481,839789021,0.260997,0.604964,0.489500,0.477833,-0.122315,-0.222274,0.841017
1677109481,850016608,0.260999,0.605124,0.488956,0.479189,-0.123703,-0.221471,0.840254
1677109481,859355788,0.260844,0.605223,0.488408,0.480314,-0.123833,-0.220172,0.839934
1677109481,869485247,0.260760,0.605687,0.487663,0.482162,-0.124881,-0.219500,0.838895
1677109481,880020446,0.260632,0.605842,0.487047,0.482745,-0.124800,-0.218104,0.838936
1677109481,889978965,0.260702,0.606253,0.486216,0.484235,-0.125419,-0.217219,0.838214
1677109481,899980777,0.260678,0.606416,0.485462,0.484092,-0.124582,-0.216276,0.838665
1677109481,910052262,0.260840,0.606636,0.484684,0.483765,-0.124398,-0.215670,0.839037
1677109481,919417302,0.260993,0.607073,0.483731,0.484422,-0.123708,-0.215936,0.838691
1677109481,929827551,0.261232,0.607318,0.482853,0.484371,-0.122712,-0.215518,0.838975
1677109481,939745516,0.261461,0.607637,0.481959,0.484765,-0.122006,-0.215530,0.838847
1677109481,949744006,0.261616,0.607819,0.481122,0.484813,-0.120837,-0.215225,0.839067
1677109481,960136412,0.261657,0.608095,0.480264,0.485238,-0.119799,-0.215504,0.838898
1677109481,970093417,0.261838,0.608324,0.479424,0.485490,-0.119410,-0.214807,0.838987
1677109481,979528201,0.261797,0.608462,0.478655,0.485240,-0.118118,-0.214543,0.839382
1677109481,989826879,0.261693,0.608779,0.477877,0.485899,-0.117301,-0.214986,0.839002
1677109481,999820896,0.261751,0.608903,0.477176,0.486245,-0.117042,-0.213960,0.839100
1677109482,9973948,0.261650,0.609031,0.476486,0.486778,-0.116701,-0.213622,0.838924
1677109482,20265122,0.261543,0.609101,0.475830,0.487129,-0.116327,-0.213190,0.838882
1677109482,30413791,0.261532,0.609158,0.475131,0.487287,-0.115976,-0.212514,0.839011
1677109482,40279354,0.261560,0.609316,0.474356,0.487368,-0.115488,-0.212189,0.839113
1677109482,49793786,0.261623,0.609477,0.473558,0.487000,-0.114459,-0.211957,0.839526
1677109482,60129176,0.261800,0.609596,0.472762,0.486410,-0.113969,-0.211433,0.840067
1677109482,69957835,0.261809,0.609832,0.471941,0.486024,-0.113639,-0.212475,0.840072
1677109482,79924012,0.261926,0.609889,0.471210,0.485747,-0.113053,-0.212090,0.840409
1677109482,89315095,0.262000,0.609877,0.470578,0.485706,-0.113154,-0.212181,0.840396
1677109482,99766542,0.262096,0.610002,0.469869,0.487196,-0.113201,-0.211821,0.839617
1677109482,109335384,0.262187,0.609926,0.469275,0.487827,-0.113750,-0.211480,0.839263
1677109482,119333157,0.262205,0.609863,0.468632,0.488372,-0.113855,-0.211139,0.839017
1677109482,129981358,0.262202,0.609830,0.467935,0.488893,-0.113713,-0.210834,0.838810
1677109482,139699534,0.262248,0.609845,0.467226,0.488880,-0.113510,-0.210832,0.838845
1677109482,149788204,0.262396,0.610092,0.466380,0.490012,-0.113394,-0.210448,0.838297
1677109482,160095211,0.262291,0.610098,0.465681,0.489437,-0.112320,-0.210487,0.838768
1677109482,169644520,0.262359,0.610207,0.464866,0.489856,-0.112282,-0.210129,0.838618
1677109482,179969300,0.262383,0.610264,0.464090,0.489993,-0.112893,-0.210061,0.838473
1677109482,190182993,0.262453,0.610414,0.463282,0.490919,-0.113416,-0.209528,0.837993
1677109482,200184039,0.262436,0.610419,0.462582,0.491217,-0.114251,-0.209229,0.837781
1677109482,210015933,0.262507,0.610377,0.461812,0.491590,-0.115299,-0.208280,0.837654
1677109482,220161789,0.262399,0.610349,0.461058,0.491697,-0.116147,-0.208220,0.837489
1677109482,230256822,0.262185,0.610303,0.460304,0.491527,-0.116527,-0.208435,0.837483
1677109482,240238790,0.262270,0.610331,0.459452,0.492076,-0.117844,-0.207265,0.837266
1677109482,250210321,0.262021,0.610380,0.458557,0.492401,-0.118028,-0.207209,0.837064
1677109482,259984495,0.261915,0.610283,0.457622,0.492424,-0.119311,-0.206338,0.837083
1677109482,270224697,0.261753,0.610301,0.456616,0.493128,-0.119769,-0.205444,0.836823
1677109482,280568720,0.261735,0.610167,0.455585,0.493292,-0.121107,-0.204049,0.836875
1677109482,290103098,0.261589,0.610030,0.454565,0.493617,-0.122207,-0.203446,0.836670
1677109482,299905884,0.261486,0.609803,0.453543,0.494066,-0.123573,-0.202910,0.836335
1677109482,310384703,0.261460,0.609670,0.452473,0.495704,-0.125527,-0.202617,0.835145
1677109482,320186212,0.261414,0.609328,0.451391,0.496578,-0.126872,-0.202203,0.834522
1677109482,330018138,0.261298,0.609059,0.450223,0.497770,-0.127430,-0.202464,0.833664
1677109482,339155988,0.261588,0.608722,0.448955,0.498904,-0.128418,-0.201355,0.833103
1677109482,349506709,0.261717,0.608516,0.447591,0.500148,-0.128245,-0.201838,0.832266
1677109482,359823550,0.261799,0.608249,0.446199,0.500604,-0.126508,-0.202809,0.832022
1677109482,369313465,0.262301,0.607995,0.444756,0.501946,-0.126654,-0.202499,0.831266
1677109482,379347078,0.262631,0.607706,0.443360,0.502957,-0.125721,-0.202950,0.830687
1677109482,389860020,0.263031,0.607437,0.441906,0.504128,-0.125475,-0.203589,0.829857
1677109482,399403565,0.263286,0.607172,0.440502,0.505161,-0.124964,-0.204684,0.829036
1677109482,409326117,0.263658,0.606789,0.439143,0.505943,-0.124767,-0.204736,0.828576
1677109482,419783964,0.264017,0.606597,0.437734,0.507797,-0.124614,-0.205012,0.827395
1677109482,430111696,0.264219,0.606166,0.436516,0.508129,-0.124576,-0.205622,0.827046
1677109482,439806411,0.264327,0.605851,0.435316,0.509119,-0.124526,-0.206531,0.826218
1677109482,450015333,0.264586,0.605385,0.434226,0.509887,-0.124876,-0.206021,0.825819
1677109482,459910663,0.264613,0.605144,0.433082,0.511281,-0.124558,-0.206420,0.824905
1677109482,469977595,0.264644,0.604976,0.431970,0.512666,-0.124492,-0.206308,0.824083
1677109482,480153073,0.264742,0.604724,0.430860,0.513270,-0.124779,-0.205243,0.823929
1677109482,490183950,0.264799,0.604578,0.429716,0.513873,-0.124737,-0.204274,0.823801
1677109482,500099667,0.264741,0.604450,0.428604,0.513938,-0.124584,-0.203997,0.823852
1677109482,509852114,0.264942,0.604398,0.427376,0.514883,-0.124941,-0.202608,0.823550
1677109482,520093860,0.264936,0.604362,0.426227,0.515281,-0.124949,-0.202882,0.823233
1677109482,530196220,0.265042,0.604209,0.425094,0.515576,-0.124812,-0.202407,0.823186
1677109482,540715355,0.265137,0.604160,0.423940,0.516302,-0.125003,-0.202817,0.822600
1677109482,549940175,0.265438,0.604007,0.422770,0.516916,-0.125444,-0.202540,0.822216
1677109482,560297192,0.265566,0.603838,0.421593,0.517165,-0.125065,-0.203101,0.821979
1677109482,570217269,0.266068,0.604151,0.420133,0.520139,-0.124889,-0.202561,0.820260
1677109482,580108153,0.266084,0.603793,0.419085,0.518216,-0.123584,-0.203048,0.821554
1677109482,589559758,0.266252,0.603747,0.417925,0.517483,-0.123227,-0.203518,0.821953
1677109482,600249494,0.266447,0.603821,0.416684,0.517087,-0.122690,-0.203687,0.822240
1677109482,610201343,0.266736,0.603840,0.415499,0.516367,-0.122442,-0.202901,0.822924
1677109482,619775823,0.266818,0.603905,0.414342,0.515497,-0.122102,-0.202920,0.823515
1677109482,629836835,0.267086,0.604145,0.413140,0.515548,-0.122362,-0.202036,0.823662
1677109482,640072384,0.267063,0.604456,0.412017,0.515338,-0.121987,-0.202037,0.823849
1677109482,649809794,0.267269,0.604439,0.410962,0.514177,-0.122475,-0.199950,0.825010
1677109482,659835933,0.267351,0.604720,0.409845,0.514435,-0.122917,-0.198544,0.825123
1677109482,669977837,0.267353,0.605008,0.408758,0.514749,-0.123404,-0.197626,0.825075
1677109482,680309707,0.267344,0.605143,0.407687,0.514741,-0.123162,-0.196225,0.825451
1677109482,690211955,0.267310,0.605240,0.406633,0.514253,-0.123197,-0.196241,0.825746
1677109482,699914443,0.267523,0.605294,0.405539,0.514110,-0.123267,-0.195580,0.825981
1677109482,709849718,0.267809,0.605415,0.404408,0.514312,-0.123444,-0.195903,0.825752
1677109482,719995476,0.268091,0.605477,0.403274,0.514219,-0.122935,-0.196380,0.825773
1677109482,730324078,0.268400,0.605552,0.402215,0.514023,-0.122577,-0.197309,0.825726
1677109482,739633782,0.268819,0.605657,0.401124,0.514393,-0.122010,-0.197384,0.825562
1677109482,749252978,0.269142,0.605679,0.400108,0.514382,-0.121990,-0.197471,0.825551
1677109482,759164495,0.269284,0.605712,0.399221,0.514576,-0.121873,-0.197427,0.825458
1677109482,769120458,0.269309,0.605764,0.398407,0.515221,-0.122000,-0.197253,0.825078
1677109482,779007025,0.269244,0.605805,0.397648,0.515964,-0.122331,-0.196397,0.824770
1677109482,789022331,0.269166,0.605872,0.396869,0.517125,-0.122547,-0.194432,0.824476
1677109482,799349042,0.268932,0.605981,0.396108,0.517721,-0.123171,-0.193242,0.824288
1677109482,809811027,0.268722,0.606063,0.395276,0.518061,-0.123844,-0.192160,0.824227
1677109482,819722537,0.268660,0.606219,0.394357,0.518699,-0.124325,-0.190693,0.824094
1677109482,829938068,0.268565,0.606298,0.393450,0.518607,-0.124829,-0.190520,0.824116
1677109482,839542675,0.268683,0.606382,0.392494,0.519125,-0.125260,-0.189982,0.823849
1677109482,849511887,0.268917,0.606326,0.391571,0.519122,-0.125805,-0.189763,0.823817
1677109482,859761704,0.268937,0.606258,0.390683,0.519054,-0.125088,-0.190505,0.823798
1677109482,869932985,0.269073,0.606224,0.389812,0.519423,-0.124969,-0.191012,0.823467
1677109482,880009274,0.269174,0.606147,0.389002,0.519687,-0.124790,-0.191164,0.823291
1677109482,889707886,0.269364,0.606079,0.388189,0.520484,-0.125422,-0.190563,0.822831
1677109482,899860511,0.269222,0.605937,0.387447,0.520870,-0.125091,-0.190440,0.822666
1677109482,910066895,0.269121,0.605847,0.386664,0.521772,-0.125289,-0.189442,0.822295
1677109482,919714693,0.269067,0.605876,0.385794,0.522977,-0.126224,-0.188684,0.821560
1677109482,930375726,0.268967,0.605840,0.384937,0.523619,-0.126896,-0.187794,0.821251
1677109482,939991991,0.268914,0.605693,0.384094,0.523648,-0.127387,-0.186912,0.821358
1677109482,949802745,0.268828,0.605638,0.383242,0.524084,-0.127510,-0.186611,0.821129
1677109482,959923386,0.268902,0.605589,0.382326,0.524761,-0.127448,-0.185593,0.820938
1677109482,969896406,0.268896,0.605639,0.381380,0.525531,-0.127103,-0.185642,0.820487
1677109482,979526743,0.268997,0.605603,0.380440,0.525821,-0.126289,-0.184960,0.820581
1677109482,990329562,0.269016,0.605575,0.379481,0.525555,-0.125701,-0.185403,0.820742
1677109482,999804180,0.269317,0.605474,0.378533,0.525524,-0.125775,-0.184724,0.820903
1677109483,10318982,0.269314,0.605356,0.377662,0.525276,-0.124787,-0.185671,0.820999
1677109483,19601113,0.269557,0.605397,0.376772,0.526577,-0.124674,-0.186099,0.820085
1677109483,30071983,0.269643,0.605131,0.376007,0.526730,-0.124260,-0.186866,0.819876
1677109483,40024441,0.269780,0.604999,0.375263,0.527709,-0.124374,-0.187473,0.819090
1677109483,49768089,0.269860,0.604711,0.374548,0.527982,-0.124533,-0.187728,0.818831
1677109483,60069404,0.269764,0.604545,0.373822,0.528400,-0.124316,-0.188391,0.818442
1677109483,69793753,0.269750,0.604287,0.373118,0.528347,-0.125021,-0.188801,0.818275
1677109483,79951667,0.269708,0.604066,0.372400,0.528409,-0.125728,-0.189011,0.818077
1677109483,89855827,0.269600,0.603794,0.371715,0.528336,-0.126258,-0.189474,0.817936
1677109483,99786665,0.269598,0.603513,0.370997,0.528632,-0.127095,-0.189476,0.817615
1677109483,110121841,0.269546,0.603289,0.370268,0.529244,-0.127659,-0.189513,0.817122
1677109483,119869308,0.269291,0.602848,0.369532,0.528755,-0.127099,-0.190820,0.817222
1677109483,130030711,0.269195,0.602609,0.368756,0.529228,-0.127334,-0.191361,0.816752
1677109483,139657542,0.269110,0.602401,0.367975,0.529944,-0.127139,-0.191658,0.816249
1677109483,150216189,0.269006,0.601994,0.367205,0.529821,-0.127237,-0.191678,0.816309
1677109483,160074123,0.268918,0.601720,0.366359,0.530448,-0.127607,-0.192047,0.815757
1677109483,170152579,0.268840,0.601157,0.365634,0.530327,-0.127370,-0.191745,0.815943
1677109483,179941604,0.268950,0.600932,0.364782,0.531569,-0.128130,-0.191228,0.815137
1677109483,190049376,0.268792,0.600589,0.363980,0.531787,-0.128103,-0.192241,0.814761
1677109483,199869597,0.268773,0.600317,0.363122,0.532504,-0.128397,-0.192867,0.814099
1677109483,209669232,0.268763,0.599792,0.362341,0.532207,-0.128662,-0.193519,0.814096
1677109483,220064485,0.268820,0.599557,0.361543,0.533483,-0.129355,-0.194401,0.812940
1677109483,229678312,0.268771,0.599188,0.360768,0.534220,-0.128983,-0.194948,0.812384
1677109483,239793221,0.268844,0.598923,0.359961,0.535514,-0.129415,-0.195051,0.811438
1677109483,249997691,0.268789,0.598633,0.359162,0.536350,-0.129605,-0.195423,0.810766
1677109483,260344601,0.268875,0.598484,0.358265,0.537585,-0.130132,-0.194937,0.809980
1677109483,269663646,0.268673,0.598279,0.357424,0.537800,-0.130013,-0.195392,0.809747
1677109483,280014853,0.268662,0.598238,0.356450,0.538751,-0.130359,-0.195112,0.809126
1677109483,289785112,0.268609,0.598080,0.355521,0.538753,-0.130750,-0.195023,0.809083
1677109483,300215941,0.268706,0.598023,0.354548,0.539434,-0.131522,-0.194532,0.808623
1677109483,310058363,0.268796,0.597926,0.353512,0.540040,-0.131938,-0.194392,0.808184
1677109483,320262852,0.268951,0.597798,0.352510,0.540474,-0.132676,-0.194508,0.807745
1677109483,330109217,0.269129,0.597674,0.351475,0.541103,-0.132815,-0.194766,0.807239
1677109483,339921081,0.269251,0.597607,0.350412,0.542119,-0.132109,-0.195527,0.806489
1677109483,350248355,0.269459,0.597513,0.349338,0.542920,-0.131780,-0.196425,0.805785
1677109483,359427546,0.269799,0.597361,0.348293,0.543545,-0.132189,-0.197341,0.805073
1677109483,369974017,0.269905,0.597231,0.347270,0.544061,-0.130897,-0.198381,0.804679
1677109483,380055895,0.270172,0.597271,0.346189,0.545588,-0.130015,-0.198656,0.803720
1677109483,389963093,0.270303,0.597278,0.345161,0.546756,-0.128940,-0.199350,0.802927
1677109483,399917710,0.270573,0.597362,0.344057,0.548494,-0.128889,-0.199720,0.801657
1677109483,410352784,0.270949,0.597034,0.342979,0.547443,-0.131205,-0.200469,0.801813
1677109483,419418485,0.271139,0.596978,0.341920,0.548010,-0.131131,-0.200844,0.801343
1677109483,429805822,0.271332,0.596898,0.340840,0.548482,-0.131192,-0.201249,0.800909
1677109483,439624124,0.271624,0.596945,0.339688,0.549360,-0.131489,-0.201399,0.800220
1677109483,450186872,0.271815,0.596954,0.338546,0.549743,-0.130942,-0.201693,0.799973
1677109483,460163567,0.272118,0.596975,0.337380,0.550133,-0.130961,-0.201759,0.799685
1677109483,470371702,0.272371,0.597105,0.336231,0.550625,-0.130388,-0.201871,0.799412
1677109483,480278503,0.272672,0.597288,0.335062,0.551286,-0.130097,-0.202209,0.798918
1677109483,489724717,0.272857,0.597418,0.333930,0.551410,-0.130236,-0.203199,0.798559
1677109483,499592901,0.273161,0.597538,0.332795,0.551576,-0.130220,-0.203251,0.798434
1677109483,510153395,0.273629,0.597722,0.331599,0.552202,-0.131200,-0.203031,0.797896
1677109483,520159381,0.273853,0.597878,0.330444,0.552213,-0.131191,-0.203728,0.797712
1677109483,530319032,0.274273,0.598158,0.329233,0.552859,-0.131729,-0.204118,0.797076
1677109483,539883918,0.274685,0.598384,0.327982,0.552806,-0.131724,-0.204728,0.796957
1677109483,549989215,0.275163,0.598855,0.326619,0.553135,-0.130555,-0.205178,0.796806
1677109483,560374517,0.275849,0.599431,0.325157,0.553455,-0.130029,-0.205582,0.796565
1677109483,569726426,0.276426,0.600010,0.323661,0.552898,-0.128470,-0.206440,0.796983
1677109483,579922853,0.277137,0.600633,0.322133,0.552221,-0.126954,-0.206706,0.797626
1677109483,589773829,0.277906,0.601245,0.320606,0.551380,-0.126722,-0.207611,0.798009
1677109483,600280216,0.278542,0.601832,0.319148,0.550868,-0.125993,-0.208962,0.798126
1677109483,610133242,0.279027,0.602273,0.317802,0.550424,-0.125118,-0.210379,0.798198
1677109483,619983736,0.279544,0.602647,0.316506,0.550479,-0.124587,-0.211058,0.798063
1677109483,629438648,0.279985,0.602846,0.315300,0.550052,-0.124527,-0.211640,0.798213
1677109483,640198876,0.280459,0.603188,0.314089,0.550051,-0.124718,-0.211692,0.798170
1677109483,650104782,0.280844,0.603724,0.312796,0.550726,-0.124505,-0.211755,0.797722
1677109483,660062825,0.281242,0.604045,0.311594,0.550100,-0.125149,-0.211304,0.798172
1677109483,669816572,0.281328,0.604525,0.310408,0.549862,-0.124523,-0.211702,0.798328
1677109483,679906118,0.281621,0.605163,0.309241,0.550523,-0.125300,-0.211299,0.797858
1677109483,689881803,0.281755,0.605405,0.308209,0.549532,-0.125331,-0.210098,0.798853
1677109483,699992247,0.281947,0.605956,0.307092,0.550357,-0.126232,-0.209333,0.798343
1677109483,710158340,0.282041,0.606366,0.306043,0.550804,-0.126297,-0.208277,0.798301
1677109483,719707881,0.282043,0.606715,0.305081,0.550729,-0.126584,-0.208200,0.798328
1677109483,729941468,0.282343,0.607074,0.304076,0.551195,-0.127384,-0.207465,0.798070
1677109483,739290093,0.282495,0.607196,0.303149,0.550647,-0.127316,-0.207004,0.798579
1677109483,749402235,0.282680,0.607472,0.302179,0.551023,-0.127417,-0.207429,0.798193
1677109483,759848835,0.282843,0.607661,0.301231,0.551182,-0.126944,-0.207845,0.798050
1677109483,769937367,0.283139,0.607832,0.300279,0.551540,-0.126805,-0.208175,0.797739
1677109483,779549755,0.283395,0.607953,0.299362,0.551381,-0.126811,-0.208655,0.797722
1677109483,789507529,0.283489,0.608149,0.298476,0.551375,-0.126284,-0.209732,0.797527
1677109483,799936575,0.283745,0.608178,0.297592,0.550939,-0.126064,-0.209575,0.797905
1677109483,809784938,0.283970,0.608337,0.296642,0.551207,-0.125896,-0.209636,0.797731
1677109483,820228071,0.284181,0.608600,0.295711,0.551882,-0.125907,-0.210110,0.797137
1677109483,830470168,0.284366,0.608660,0.294855,0.551931,-0.126074,-0.210292,0.797029
1677109483,839693982,0.284518,0.608559,0.294041,0.551499,-0.125919,-0.210443,0.797313
1677109483,850135631,0.284798,0.608594,0.293185,0.552097,-0.126393,-0.210511,0.796805
1677109483,859785597,0.285159,0.608265,0.292345,0.550468,-0.128934,-0.211397,0.797291
1677109483,869734342,0.285329,0.608204,0.291566,0.551014,-0.128931,-0.212018,0.796749
1677109483,879582268,0.285642,0.608072,0.290768,0.551603,-0.129189,-0.212126,0.796271
1677109483,890296548,0.285744,0.607994,0.290024,0.552015,-0.128817,-0.213467,0.795687
1677109483,899739950,0.285859,0.607893,0.289310,0.552274,-0.128003,-0.214066,0.795477
1677109483,910480953,0.286207,0.607893,0.288484,0.553337,-0.128012,-0.214041,0.794744
1677109483,920205921,0.286180,0.607795,0.287747,0.553143,-0.126880,-0.215109,0.794772
1677109483,930210583,0.286465,0.607769,0.286936,0.553803,-0.126834,-0.214900,0.794376
1677109483,939156431,0.286566,0.607815,0.286195,0.554416,-0.126384,-0.215317,0.793907
1677109483,949958480,0.286679,0.607680,0.285470,0.554124,-0.126118,-0.215371,0.794138
1677109483,959667705,0.286703,0.607795,0.284723,0.554559,-0.125530,-0.215842,0.793800
1677109483,969751762,0.286875,0.607975,0.283962,0.555251,-0.125073,-0.215191,0.793565
1677109483,980356314,0.287013,0.608107,0.283153,0.555304,-0.125350,-0.215040,0.793525
1677109483,989810742,0.287111,0.608138,0.282408,0.554481,-0.125786,-0.214814,0.794093
1677109483,999990954,0.287075,0.608132,0.281675,0.553523,-0.125588,-0.214943,0.794758
1677109484,10707906,0.287276,0.608373,0.280899,0.553825,-0.126375,-0.214504,0.794541
1677109484,20249435,0.287278,0.608536,0.280154,0.553601,-0.126263,-0.214921,0.794603
1677109484,29615532,0.287389,0.608605,0.279445,0.553314,-0.126870,-0.214816,0.794734
1677109484,39585976,0.287404,0.608647,0.278754,0.553416,-0.126933,-0.215214,0.794545
1677109484,49755943,0.287616,0.608689,0.278124,0.553789,-0.127820,-0.215002,0.794200
1677109484,59855596,0.287673,0.608717,0.277490,0.554077,-0.127913,-0.215067,0.793967
1677109484,69449042,0.287739,0.608747,0.276891,0.554221,-0.127934,-0.214941,0.793897
1677109484,80034149,0.287799,0.608824,0.276254,0.554572,-0.128084,-0.214443,0.793762
1677109484,89959487,0.287915,0.608978,0.275558,0.555124,-0.128458,-0.213649,0.793530
1677109484,99857893,0.287961,0.609178,0.274844,0.555515,-0.128295,-0.213227,0.793396
1677109484,110102924,0.288093,0.609357,0.274124,0.555578,-0.128476,-0.212733,0.793456
1677109484,120151695,0.288334,0.609656,0.273359,0.556209,-0.128873,-0.212355,0.793050
1677109484,130310258,0.288460,0.609836,0.272602,0.556320,-0.128896,-0.212932,0.792814
1677109484,139709398,0.288799,0.610061,0.271755,0.557123,-0.129268,-0.213091,0.792146
1677109484,149941865,0.289062,0.610145,0.270991,0.557083,-0.128938,-0.213642,0.792080
1677109484,160367794,0.289480,0.610320,0.270175,0.557355,-0.128937,-0.213975,0.791799
1677109484,169142566,0.289934,0.610576,0.269307,0.557816,-0.128880,-0.214590,0.791317
1677109484,179788337,0.290252,0.610817,0.268486,0.557654,-0.128155,-0.215445,0.791317
1677109484,189448760,0.290711,0.611134,0.267562,0.557791,-0.128252,-0.215696,0.791136
1677109484,199292437,0.290947,0.611341,0.266753,0.556854,-0.127266,-0.216176,0.791824
1677109484,209793463,0.291489,0.611886,0.265773,0.557648,-0.126791,-0.215412,0.791549
1677109484,219731631,0.291847,0.612353,0.264866,0.557542,-0.126348,-0.215572,0.791651
1677109484,229293878,0.292236,0.612710,0.263965,0.557336,-0.125746,-0.215012,0.792044
1677109484,239343626,0.292576,0.613156,0.263104,0.557761,-0.125110,-0.215253,0.791780
1677109484,249803480,0.293034,0.613310,0.262287,0.557620,-0.125098,-0.214965,0.791960
1677109484,260526055,0.293461,0.613561,0.261482,0.557838,-0.125229,-0.215682,0.791591
1677109484,270146024,0.293883,0.613883,0.260679,0.558346,-0.125186,-0.216977,0.790885
1677109484,280213006,0.294404,0.614017,0.259886,0.558403,-0.124665,-0.217070,0.790902
1677109484,290727882,0.294939,0.614233,0.259074,0.558601,-0.124006,-0.217584,0.790725
1677109484,300180238,0.295552,0.614517,0.258226,0.558777,-0.123874,-0.218184,0.790455
1677109484,310395670,0.296096,0.614918,0.257331,0.559011,-0.123070,-0.218910,0.790214
1677109484,319850522,0.296548,0.615185,0.256493,0.558432,-0.121785,-0.219600,0.790631
1677109484,329738909,0.297140,0.615492,0.255643,0.557805,-0.120938,-0.219675,0.791183
1677109484,339541876,0.297751,0.615983,0.254750,0.558279,-0.120547,-0.220295,0.790736
1677109484,350024182,0.298218,0.616307,0.253957,0.557657,-0.120178,-0.221327,0.790943
1677109484,359565496,0.298652,0.616457,0.253253,0.556664,-0.119647,-0.221894,0.791563
1677109484,370282856,0.299144,0.616716,0.252528,0.556216,-0.119909,-0.222362,0.791707
1677109484,379770031,0.299628,0.617001,0.251842,0.555934,-0.120553,-0.223351,0.791529
1677109484,389622252,0.299984,0.617291,0.251199,0.555684,-0.120549,-0.224340,0.791425
1677109484,399573975,0.300518,0.617451,0.250555,0.554889,-0.120614,-0.224077,0.792048
1677109484,410005308,0.301044,0.617825,0.249852,0.554833,-0.121311,-0.224401,0.791889
1677109484,419528596,0.301525,0.618280,0.249138,0.554975,-0.121165,-0.224580,0.791761
1677109484,429956635,0.301587,0.618619,0.248388,0.553899,-0.117468,-0.224838,0.792998
1677109484,439619949,0.302183,0.619052,0.247676,0.554136,-0.118765,-0.224877,0.792627
1677109484,449506439,0.302597,0.619313,0.247004,0.553763,-0.118812,-0.225035,0.792837
1677109484,459113894,0.303034,0.619575,0.246327,0.553335,-0.118667,-0.225344,0.793069
1677109484,469403180,0.303461,0.619891,0.245582,0.553372,-0.118201,-0.225732,0.793002
1677109484,480148550,0.303964,0.620025,0.244863,0.552427,-0.118138,-0.225864,0.793633
1677109484,490131497,0.304307,0.620353,0.244071,0.552410,-0.117197,-0.226656,0.793559
1677109484,500341486,0.304870,0.620575,0.243244,0.552328,-0.117590,-0.227269,0.793383
1677109484,509771111,0.305293,0.620636,0.242486,0.551661,-0.117441,-0.228221,0.793595
1677109484,519884225,0.305793,0.620696,0.241701,0.551529,-0.117574,-0.229307,0.793354
1677109484,529947824,0.306258,0.620645,0.240912,0.550956,-0.116897,-0.230226,0.793586
1677109484,540126240,0.306700,0.620817,0.240076,0.551205,-0.115767,-0.231743,0.793137
1677109484,549837522,0.307362,0.621013,0.239174,0.551623,-0.115383,-0.232693,0.792624
1677109484,559935064,0.307819,0.621122,0.238302,0.551099,-0.113832,-0.233643,0.792933
1677109484,569814821,0.308329,0.621248,0.237433,0.550307,-0.112942,-0.234834,0.793258
1677109484,579381039,0.308937,0.621623,0.236498,0.550798,-0.112616,-0.235557,0.792750
1677109484,589329874,0.309437,0.621743,0.235644,0.550174,-0.112461,-0.236296,0.792985
1677109484,599605338,0.309922,0.621962,0.234773,0.549962,-0.112727,-0.237601,0.792705
1677109484,609649223,0.310321,0.622109,0.233949,0.549596,-0.111997,-0.238363,0.792833
1677109484,619786608,0.310809,0.622254,0.233092,0.549248,-0.112181,-0.239014,0.792852
1677109484,630142588,0.311226,0.622417,0.232241,0.548852,-0.111768,-0.239657,0.792990
1677109484,639490992,0.311583,0.622547,0.231406,0.548359,-0.111306,-0.240345,0.793188
1677109484,650071375,0.311996,0.622685,0.230613,0.548104,-0.111732,-0.241273,0.793023
1677109484,659936914,0.312286,0.622745,0.229880,0.547609,-0.111169,-0.242025,0.793215
1677109484,669455844,0.312729,0.622891,0.229109,0.547934,-0.111257,-0.242282,0.792899
1677109484,679348814,0.312981,0.622867,0.228440,0.547577,-0.110755,-0.242603,0.793118
1677109484,689986632,0.313309,0.622978,0.227729,0.547808,-0.110866,-0.243011,0.792818
1677109484,699816507,0.313562,0.623110,0.227010,0.548260,-0.110453,-0.243414,0.792440
1677109484,709868869,0.313846,0.623193,0.226322,0.548677,-0.110411,-0.243966,0.791987
1677109484,720430261,0.314038,0.623188,0.225684,0.548542,-0.110107,-0.244647,0.791913
1677109484,730337336,0.314397,0.623252,0.224987,0.549092,-0.110557,-0.244999,0.791360
1677109484,740355223,0.314754,0.623283,0.224305,0.549385,-0.110670,-0.245157,0.791092
1677109484,749631331,0.315178,0.623683,0.223474,0.551054,-0.109653,-0.245236,0.790048
1677109484,761116834,0.315573,0.623828,0.222780,0.551518,-0.109856,-0.245643,0.789569
1677109484,769628533,0.315859,0.623847,0.222176,0.550850,-0.109552,-0.246205,0.789902
1677109484,780224866,0.316118,0.624059,0.221525,0.550782,-0.109158,-0.247065,0.789736
1677109484,790025677,0.316429,0.624305,0.220806,0.551152,-0.108514,-0.247195,0.789526
1677109484,800426712,0.316750,0.624491,0.220179,0.551078,-0.108257,-0.247239,0.789599
1677109484,809835871,0.316917,0.624798,0.219521,0.551240,-0.107553,-0.248093,0.789314
1677109484,819704255,0.317366,0.625133,0.218810,0.551502,-0.107827,-0.247748,0.789202
1677109484,829756311,0.317533,0.625390,0.218148,0.550734,-0.107007,-0.248525,0.789606
1677109484,839738278,0.317908,0.625685,0.217477,0.550190,-0.106825,-0.248770,0.789932
1677109484,849741961,0.318223,0.626090,0.216750,0.550154,-0.106469,-0.249516,0.789770
1677109484,859499282,0.318648,0.626416,0.216063,0.549756,-0.106191,-0.249705,0.790025
1677109484,869763591,0.318977,0.626760,0.215377,0.549303,-0.105439,-0.250511,0.790186
1677109484,880507733,0.319476,0.627182,0.214662,0.549529,-0.105561,-0.250777,0.789927
1677109484,890079132,0.319843,0.627548,0.214009,0.549445,-0.105082,-0.251473,0.789829
1677109484,899898384,0.320175,0.627771,0.213398,0.548813,-0.104717,-0.252077,0.790124
1677109484,909753810,0.320561,0.628093,0.212782,0.548765,-0.104629,-0.252511,0.790030
1677109484,920013705,0.320852,0.628378,0.212248,0.548504,-0.104334,-0.253133,0.790052
1677109484,930342321,0.321086,0.628674,0.211733,0.548365,-0.103730,-0.253805,0.790012
1677109484,939674125,0.321462,0.628916,0.211255,0.547981,-0.104236,-0.254028,0.790140
1677109484,950790123,0.321665,0.629230,0.210778,0.547458,-0.103979,-0.255014,0.790219
1677109484,959685480,0.321976,0.629599,0.210295,0.547207,-0.103592,-0.255058,0.790430
1677109484,969711812,0.322324,0.630084,0.209787,0.546942,-0.104049,-0.255433,0.790432
1677109484,980085563,0.322578,0.630411,0.209315,0.545828,-0.103725,-0.255759,0.791139
1677109484,989685870,0.322977,0.630849,0.208832,0.544833,-0.104449,-0.255807,0.791713
1677109484,999365385,0.323187,0.631361,0.208389,0.543609,-0.104558,-0.256660,0.792264
1677109485,10359072,0.323561,0.631916,0.207870,0.542316,-0.105110,-0.256783,0.793037
1677109485,19773285,0.323847,0.632513,0.207363,0.540628,-0.105585,-0.257333,0.793948
1677109485,30142910,0.324103,0.633122,0.206842,0.538510,-0.105731,-0.257697,0.795248
1677109485,39908252,0.324342,0.633726,0.206346,0.536061,-0.105720,-0.257755,0.796884
1677109485,49807711,0.324625,0.634532,0.205780,0.534470,-0.106243,-0.258109,0.797768
1677109485,60396753,0.324985,0.635204,0.205206,0.532332,-0.107503,-0.257923,0.799088
1677109485,69330505,0.325094,0.635907,0.204739,0.529801,-0.107886,-0.258592,0.800501
1677109485,80079636,0.325476,0.636648,0.204179,0.528172,-0.109237,-0.258295,0.801489
1677109485,90302968,0.325634,0.637278,0.203697,0.526065,-0.109854,-0.258914,0.802590
1677109485,99514684,0.325981,0.637934,0.203198,0.524418,-0.110921,-0.258929,0.803516
1677109485,110135007,0.326295,0.638625,0.202707,0.522927,-0.111607,-0.259447,0.804226
1677109485,119746829,0.326502,0.638998,0.202337,0.519806,-0.111461,-0.259761,0.806165
1677109485,129265480,0.326823,0.639788,0.201792,0.518604,-0.111604,-0.260575,0.806657
1677109485,139739180,0.327228,0.640559,0.201277,0.517249,-0.112254,-0.261019,0.807292
1677109485,149378285,0.327441,0.641222,0.200852,0.515491,-0.111621,-0.261415,0.808376
1677109485,159632789,0.327788,0.641828,0.200454,0.513896,-0.112255,-0.261377,0.809316
1677109485,170186755,0.327800,0.642315,0.200174,0.511961,-0.112122,-0.262033,0.810348
1677109485,179774160,0.327989,0.642903,0.199880,0.511644,-0.112514,-0.261654,0.810616
1677109485,189122668,0.328100,0.643327,0.199668,0.511324,-0.112990,-0.261447,0.810819
1677109485,199598802,0.328255,0.643531,0.199535,0.510890,-0.113388,-0.260346,0.811390
1677109485,210026127,0.328378,0.643896,0.199370,0.511810,-0.113307,-0.259626,0.811053
1677109485,219645204,0.328476,0.644146,0.199213,0.512680,-0.112916,-0.258859,0.810803
1677109485,230700042,0.328627,0.644374,0.199018,0.513454,-0.112463,-0.258149,0.810602
1677109485,240132478,0.328798,0.644641,0.198772,0.513828,-0.112331,-0.258333,0.810325
1677109485,250186579,0.329077,0.644852,0.198453,0.513574,-0.111694,-0.257788,0.810748
1677109485,259998899,0.329544,0.645259,0.198020,0.513662,-0.111942,-0.257305,0.810811
1677109485,270052661,0.329823,0.645719,0.197588,0.513294,-0.111465,-0.257752,0.810968
1677109485,280238294,0.330046,0.646012,0.197184,0.512045,-0.110856,-0.257796,0.811827
1677109485,289981438,0.330230,0.646339,0.196792,0.511202,-0.110338,-0.258006,0.812361
1677109485,300126567,0.330494,0.646624,0.196425,0.510931,-0.110516,-0.257705,0.812603
1677109485,309658538,0.330761,0.646906,0.196050,0.510983,-0.110465,-0.257121,0.812762
1677109485,320036725,0.330863,0.647114,0.195735,0.510905,-0.110210,-0.257303,0.812789
1677109485,329834216,0.331001,0.647351,0.195396,0.511176,-0.110143,-0.257460,0.812577
1677109485,339385092,0.331238,0.647493,0.195085,0.511185,-0.110029,-0.257240,0.812657
1677109485,349714488,0.331431,0.647620,0.194786,0.510906,-0.109528,-0.257397,0.812850
1677109485,360054271,0.331745,0.647680,0.194470,0.510375,-0.109796,-0.257599,0.813084
1677109485,369621214,0.331846,0.647790,0.194184,0.509680,-0.108921,-0.258605,0.813318
1677109485,379695551,0.332305,0.647939,0.193836,0.509618,-0.109992,-0.258848,0.813136
1677109485,389675201,0.332534,0.648158,0.193509,0.509613,-0.109912,-0.259653,0.812893
1677109485,399912404,0.332695,0.648356,0.193218,0.509129,-0.109554,-0.260559,0.812954
1677109485,409657053,0.332908,0.648408,0.192995,0.507807,-0.109940,-0.261132,0.813545
1677109485,419891500,0.333190,0.648721,0.192654,0.507950,-0.110177,-0.261254,0.813384
1677109485,430027083,0.333354,0.649031,0.192353,0.507772,-0.110362,-0.261713,0.813323
1677109485,439767537,0.333517,0.649248,0.192129,0.507200,-0.110518,-0.261817,0.813625
1677109485,449274020,0.333677,0.649579,0.191828,0.507124,-0.110851,-0.262230,0.813494
1677109485,459493025,0.333774,0.649839,0.191612,0.506501,-0.110647,-0.262556,0.813805
1677109485,469976739,0.334028,0.650114,0.191349,0.505922,-0.111130,-0.262460,0.814130
1677109485,479086553,0.334353,0.650555,0.191009,0.505985,-0.111630,-0.262136,0.814127
1677109485,489402401,0.334418,0.650974,0.190696,0.504846,-0.111212,-0.262939,0.814632
1677109485,499711655,0.334602,0.651563,0.190292,0.504142,-0.111111,-0.263488,0.814905
1677109485,510305382,0.334796,0.652124,0.189920,0.503042,-0.111427,-0.264141,0.815329
1677109485,520562013,0.335004,0.652540,0.189603,0.501357,-0.111326,-0.264134,0.816383
1677109485,529965968,0.335350,0.653164,0.189171,0.501195,-0.111764,-0.263999,0.816466
1677109485,539818694,0.335529,0.653588,0.188865,0.500514,-0.111552,-0.263822,0.816970
1677109485,550310853,0.335676,0.654094,0.188580,0.500530,-0.111278,-0.263816,0.816999
1677109485,559920049,0.335841,0.654518,0.188326,0.500511,-0.111419,-0.263794,0.816999
1677109485,570521435,0.335852,0.654969,0.188114,0.500606,-0.110290,-0.263892,0.817062
1677109485,580572087,0.336076,0.655346,0.187871,0.500760,-0.110745,-0.263400,0.817065
1677109485,590030745,0.336152,0.655766,0.187590,0.500770,-0.109718,-0.263226,0.817254
1677109485,599775173,0.336352,0.656030,0.187326,0.500155,-0.110244,-0.263324,0.817528
1677109485,609831827,0.336525,0.656373,0.187061,0.499850,-0.110094,-0.263629,0.817636
1677109485,619774729,0.336734,0.656712,0.186778,0.499853,-0.109590,-0.263793,0.817649
1677109485,629896655,0.336986,0.656956,0.186491,0.499199,-0.110500,-0.265143,0.817489
1677109485,639503392,0.337287,0.657212,0.186218,0.498855,-0.110562,-0.265810,0.817475
1677109485,649718221,0.337604,0.657389,0.185943,0.498199,-0.110258,-0.266247,0.817773
1677109485,659728788,0.337799,0.657629,0.185668,0.497555,-0.109498,-0.267455,0.817873
1677109485,669571293,0.338188,0.657860,0.185354,0.497082,-0.110081,-0.268277,0.817814
1677109485,680020811,0.338662,0.658131,0.185037,0.497158,-0.110080,-0.267824,0.817916
1677109485,689628205,0.338846,0.658325,0.184833,0.496321,-0.110050,-0.268673,0.818150
1677109485,699748708,0.338981,0.658527,0.184652,0.495554,-0.110171,-0.269566,0.818305
1677109485,710233873,0.339196,0.658762,0.184491,0.495334,-0.110244,-0.269438,0.818471
1677109485,720148432,0.339295,0.659037,0.184366,0.495074,-0.110117,-0.269540,0.818611
1677109485,729915589,0.339373,0.659374,0.184213,0.494927,-0.110640,-0.269821,0.818537
1677109485,740269839,0.339664,0.659682,0.184074,0.494999,-0.111650,-0.268572,0.818767
1677109485,750788088,0.339680,0.659995,0.183992,0.494190,-0.112071,-0.268499,0.819222
1677109485,760014933,0.339715,0.660356,0.183851,0.493648,-0.112064,-0.268130,0.819670
1677109485,770581505,0.339852,0.660646,0.183731,0.492774,-0.113117,-0.267848,0.820144
1677109485,780662525,0.339961,0.661026,0.183540,0.492330,-0.113034,-0.267478,0.820542
1677109485,790210017,0.340004,0.661282,0.183447,0.490906,-0.113046,-0.267594,0.821356
1677109485,800486693,0.340238,0.661788,0.183208,0.490326,-0.113893,-0.267892,0.821488
1677109485,810136048,0.340452,0.662105,0.183003,0.488982,-0.114401,-0.267533,0.822335
1677109485,819547779,0.340634,0.662535,0.182772,0.487864,-0.114671,-0.267689,0.822911
1677109485,829982454,0.340788,0.662957,0.182602,0.487087,-0.114675,-0.267688,0.823371
1677109485,840493699,0.341056,0.663343,0.182391,0.486889,-0.115785,-0.267798,0.823297
1677109485,849710442,0.341064,0.663693,0.182280,0.486339,-0.115219,-0.268211,0.823567
1677109485,859668055,0.341285,0.664045,0.182096,0.486096,-0.115642,-0.268186,0.823659
1677109485,869535354,0.341450,0.664315,0.181972,0.485099,-0.116083,-0.268580,0.824056
1677109485,880035874,0.341669,0.664654,0.181786,0.484367,-0.116301,-0.268823,0.824377
1677109485,889299237,0.341850,0.665039,0.181598,0.483593,-0.116115,-0.269375,0.824677
1677109485,899419105,0.342042,0.665424,0.181412,0.482612,-0.116402,-0.269991,0.825010
1677109485,909689362,0.342243,0.665919,0.181166,0.482257,-0.116598,-0.270313,0.825084
1677109485,919415303,0.342481,0.666265,0.180993,0.481270,-0.117579,-0.270223,0.825550
1677109485,929579151,0.342775,0.666716,0.180836,0.480993,-0.118833,-0.269756,0.825685
1677109485,939614616,0.342763,0.667199,0.180747,0.480573,-0.117974,-0.269336,0.826190
1677109485,950039047,0.342830,0.667661,0.180639,0.480442,-0.118342,-0.268580,0.826460
1677109485,959867426,0.342844,0.668034,0.180568,0.479911,-0.118948,-0.267949,0.826886
1677109485,970546815,0.342895,0.668300,0.180502,0.479160,-0.119507,-0.266880,0.827586
1677109485,979476210,0.342889,0.668640,0.180451,0.479146,-0.120092,-0.266503,0.827631
1677109485,989358974,0.342900,0.668750,0.180495,0.478249,-0.120456,-0.266165,0.828206
1677109485,999630512,0.343005,0.668936,0.180420,0.478181,-0.120914,-0.265878,0.828270
1677109486,9787731,0.343059,0.669118,0.180354,0.478015,-0.121291,-0.266464,0.828123
1677109486,20189361,0.343268,0.669149,0.180314,0.477686,-0.121557,-0.266238,0.828346
1677109486,30328691,0.343473,0.669164,0.180255,0.477152,-0.122102,-0.266502,0.828489
1677109486,40142430,0.343615,0.669236,0.180245,0.476531,-0.121869,-0.267036,0.828709
1677109486,50211232,0.343595,0.669858,0.180111,0.477351,-0.122054,-0.269863,0.827293
1677109486,60095451,0.343798,0.670016,0.179976,0.476895,-0.122786,-0.270416,0.827266
1677109486,69971095,0.343977,0.670156,0.179853,0.476544,-0.123024,-0.270244,0.827490
1677109486,80490826,0.344018,0.670261,0.179757,0.475771,-0.123142,-0.270577,0.827808
1677109486,90008494,0.344159,0.670416,0.179625,0.475336,-0.124024,-0.270734,0.827875
1677109486,99727310,0.344053,0.670667,0.179481,0.475126,-0.123505,-0.271601,0.827789
1677109486,109760481,0.344285,0.670836,0.179307,0.475273,-0.123923,-0.270657,0.827951
1677109486,119596750,0.344345,0.671011,0.179143,0.475137,-0.124349,-0.270822,0.827911
1677109486,130133003,0.344413,0.671135,0.178997,0.474633,-0.124563,-0.270784,0.828181
1677109486,139824017,0.344508,0.671301,0.178790,0.474532,-0.124211,-0.270712,0.828316
1677109486,149384256,0.344606,0.671378,0.178592,0.473838,-0.124496,-0.270980,0.828582
1677109486,159659510,0.344989,0.670941,0.178394,0.471436,-0.125588,-0.269276,0.830341
1677109486,169968064,0.344825,0.671800,0.178051,0.473474,-0.123918,-0.271657,0.828655
1677109486,180518791,0.345216,0.671372,0.177828,0.471086,-0.124523,-0.269898,0.830498
1677109486,189752852,0.345302,0.671620,0.177578,0.470794,-0.124508,-0.270964,0.830319
1677109486,200000380,0.345450,0.671613,0.177356,0.469926,-0.124457,-0.271019,0.830800
1677109486,210471185,0.345686,0.671888,0.177051,0.470582,-0.124861,-0.271263,0.830288
1677109486,219883690,0.345785,0.671946,0.176845,0.470143,-0.124961,-0.271577,0.830419
1677109486,230133390,0.345825,0.672143,0.176621,0.470412,-0.124851,-0.272386,0.830018
1677109486,239748212,0.345897,0.672299,0.176407,0.470730,-0.124446,-0.272703,0.829795
1677109486,249436042,0.345887,0.672397,0.176218,0.470603,-0.123647,-0.273138,0.829843
1677109486,259808991,0.345839,0.672437,0.176086,0.469981,-0.122974,-0.273615,0.830138
1677109486,269876347,0.345853,0.672620,0.175887,0.469950,-0.122411,-0.274125,0.830071
1677109486,281040015,0.346071,0.672828,0.175610,0.470470,-0.122898,-0.274024,0.829738
1677109486,289954423,0.346185,0.672949,0.175415,0.470359,-0.122741,-0.274106,0.829797
1677109486,300228188,0.346243,0.673043,0.175308,0.470403,-0.122986,-0.274480,0.829612
1677109486,310334889,0.346285,0.673105,0.175277,0.471561,-0.123550,-0.274116,0.828991
1677109486,320068335,0.346120,0.673041,0.175385,0.471810,-0.123739,-0.274099,0.828827
1677109486,330132345,0.346212,0.673121,0.175309,0.472303,-0.124233,-0.273210,0.828765
1677109486,339713451,0.346133,0.673248,0.175275,0.471619,-0.124138,-0.273661,0.829020
1677109486,349839171,0.346151,0.673327,0.175273,0.470986,-0.124056,-0.273356,0.829493
1677109486,359704257,0.346172,0.673449,0.175264,0.471345,-0.124234,-0.272983,0.829385
1677109486,369851901,0.346179,0.673480,0.175323,0.471480,-0.124618,-0.272646,0.829362
1677109486,380055516,0.346236,0.673533,0.175297,0.471575,-0.125077,-0.272336,0.829340
1677109486,389642712,0.346268,0.673609,0.175263,0.471220,-0.125393,-0.272588,0.829412
1677109486,399928590,0.346415,0.673750,0.175176,0.471509,-0.125731,-0.272525,0.829217
1677109486,409474009,0.346505,0.673776,0.175139,0.471554,-0.126033,-0.272194,0.829254
1677109486,420266517,0.346483,0.673818,0.175128,0.471760,-0.126308,-0.272082,0.829132
1677109486,429820806,0.346354,0.673907,0.175093,0.471889,-0.126142,-0.272137,0.829066
1677109486,439667032,0.346335,0.673932,0.175064,0.471525,-0.126604,-0.271671,0.829355
1677109486,449746080,0.346311,0.674125,0.174959,0.472259,-0.126982,-0.271016,0.829095
1677109486,459442890,0.346296,0.674231,0.174897,0.472716,-0.127561,-0.270210,0.829008
1677109486,469408964,0.346309,0.674275,0.174869,0.473097,-0.128463,-0.268927,0.829069
1677109486,479606951,0.346127,0.674276,0.174855,0.472981,-0.129021,-0.268733,0.829111
1677109486,490006112,0.345882,0.674615,0.174809,0.474576,-0.128333,-0.268759,0.828298
1677109486,499628523,0.345901,0.674282,0.174825,0.473451,-0.129851,-0.267810,0.829012
1677109486,509495543,0.345865,0.674301,0.174779,0.473961,-0.130520,-0.267391,0.828751
1677109486,519986278,0.345804,0.674326,0.174713,0.474507,-0.130984,-0.267300,0.828394
1677109486,529831330,0.345705,0.674203,0.174749,0.474479,-0.131217,-0.267202,0.828405
1677109486,540027610,0.345772,0.674225,0.174642,0.475624,-0.132152,-0.266737,0.827749
1677109486,550112274,0.345326,0.674540,0.174628,0.477206,-0.130904,-0.268888,0.826340
1677109486,559859967,0.345537,0.674065,0.174559,0.477083,-0.132202,-0.267161,0.826764
1677109486,569187733,0.345340,0.673820,0.174547,0.477348,-0.132482,-0.267649,0.826409
1677109486,579767128,0.345087,0.673537,0.174577,0.477554,-0.132054,-0.267897,0.826278
1677109486,589499955,0.345144,0.673346,0.174456,0.478908,-0.133243,-0.267381,0.825470
1677109486,599888529,0.345010,0.673207,0.174337,0.480569,-0.133605,-0.267665,0.824354
1677109486,610052354,0.344957,0.672946,0.174224,0.482238,-0.134139,-0.267242,0.823429
1677109486,619812400,0.344497,0.672619,0.174233,0.482889,-0.133539,-0.268542,0.822722
1677109486,629357636,0.344474,0.672353,0.174132,0.484956,-0.134227,-0.268145,0.821522
1677109486,640195641,0.344193,0.671873,0.174111,0.485779,-0.133826,-0.268656,0.820934
1677109486,649925539,0.344107,0.671338,0.174036,0.486696,-0.134206,-0.268527,0.820371
1677109486,660658331,0.343808,0.671032,0.173941,0.488321,-0.133524,-0.269714,0.819127
1677109486,669869703,0.343800,0.670566,0.173849,0.489427,-0.134450,-0.269955,0.818235
1677109486,680406781,0.343680,0.670015,0.173825,0.490063,-0.134635,-0.270302,0.817709
1677109486,689551024,0.343722,0.669852,0.173620,0.492638,-0.135306,-0.270437,0.816005
1677109486,700097429,0.343581,0.669410,0.173616,0.493165,-0.135383,-0.270624,0.815612
1677109486,710035246,0.343394,0.669182,0.173510,0.494355,-0.135499,-0.271207,0.814678
1677109486,720158826,0.343212,0.668720,0.173551,0.494261,-0.135963,-0.271237,0.814647
1677109486,729357717,0.343016,0.668588,0.173456,0.495864,-0.135858,-0.270936,0.813791
1677109486,740456759,0.342705,0.668446,0.173391,0.496619,-0.136267,-0.271296,0.813142
1677109486,750444274,0.342532,0.668251,0.173359,0.496980,-0.137305,-0.270674,0.812954
1677109486,759353172,0.342363,0.668119,0.173285,0.497545,-0.137905,-0.269607,0.812861
1677109486,769233941,0.341903,0.668126,0.173284,0.497732,-0.137837,-0.269710,0.812724
1677109486,779103230,0.341852,0.668224,0.173154,0.498996,-0.139351,-0.268039,0.812243
1677109486,789348356,0.341448,0.668060,0.173185,0.498260,-0.140201,-0.267138,0.812845
1677109486,799760901,0.340838,0.668110,0.173144,0.498325,-0.140081,-0.267027,0.812863
1677109486,809768272,0.340549,0.668206,0.173077,0.498994,-0.141669,-0.265960,0.812527
1677109486,820205791,0.340155,0.668289,0.173062,0.499394,-0.142390,-0.264955,0.812483
1677109486,830232069,0.339800,0.668264,0.173056,0.499389,-0.143556,-0.264030,0.812583
1677109486,840155945,0.339424,0.668298,0.173008,0.499917,-0.144157,-0.263107,0.812451
1677109486,849466849,0.339033,0.668255,0.173042,0.500248,-0.145391,-0.262880,0.812101
1677109486,859870978,0.338670,0.668058,0.173107,0.500669,-0.146822,-0.263001,0.811544
1677109486,869826149,0.338443,0.667993,0.173037,0.501386,-0.147752,-0.263175,0.810877
1677109486,879565369,0.338410,0.667829,0.172910,0.501378,-0.149519,-0.264080,0.810263
1677109486,890009889,0.338397,0.667704,0.172818,0.502027,-0.150337,-0.265047,0.809393
1677109486,899849508,0.338312,0.667533,0.172753,0.502813,-0.150968,-0.266762,0.808224
1677109486,910146248,0.338232,0.667207,0.172751,0.503154,-0.151400,-0.268098,0.807489
1677109486,919586602,0.338244,0.666830,0.172710,0.503338,-0.152334,-0.269465,0.806743
1677109486,930339000,0.338308,0.666682,0.172640,0.504596,-0.153022,-0.270973,0.805320
1677109486,939987604,0.338331,0.666432,0.172568,0.505423,-0.153399,-0.272432,0.804237
1677109486,950216847,0.338372,0.666214,0.172453,0.506299,-0.154028,-0.273875,0.803075
1677109486,959940384,0.338328,0.665941,0.172397,0.506746,-0.154461,-0.275443,0.802173
1677109486,970420749,0.338349,0.665754,0.172303,0.507793,-0.155427,-0.276681,0.800897
1677109486,979768221,0.338124,0.665518,0.172282,0.508111,-0.155440,-0.278194,0.800169
1677109486,990035146,0.338002,0.665322,0.172228,0.508768,-0.155727,-0.278825,0.799475
1677109487,407343,0.337814,0.665131,0.172211,0.509074,-0.156274,-0.279540,0.798924
1677109487,10213217,0.337717,0.665057,0.172162,0.510063,-0.156892,-0.279361,0.798235
1677109487,20288433,0.337566,0.664811,0.172151,0.509971,-0.158124,-0.279390,0.798040
1677109487,30279239,0.337439,0.664759,0.172074,0.511199,-0.158939,-0.279003,0.797227
1677109487,39845310,0.337204,0.664644,0.172046,0.512058,-0.159471,-0.279326,0.796456
1677109487,49358592,0.337070,0.664431,0.172012,0.512687,-0.159977,-0.279087,0.796034
1677109487,59892824,0.336960,0.664304,0.171924,0.513489,-0.160854,-0.279680,0.795131
1677109487,69542900,0.336885,0.663955,0.171869,0.513293,-0.161790,-0.280503,0.794778
1677109487,79590997,0.336951,0.663748,0.171809,0.514219,-0.162451,-0.280923,0.793896
1677109487,89837726,0.336892,0.663425,0.171783,0.514286,-0.162550,-0.282193,0.793382
1677109487,100298948,0.336891,0.663185,0.171725,0.514689,-0.162359,-0.283462,0.792707
1677109487,109915682,0.337137,0.663031,0.171600,0.515661,-0.162924,-0.283622,0.791902
1677109487,120518145,0.337203,0.662921,0.171487,0.516162,-0.162990,-0.284621,0.791203
1677109487,130284122,0.337223,0.662806,0.171399,0.516241,-0.163281,-0.285334,0.790834
1677109487,139512520,0.337073,0.662648,0.171389,0.516118,-0.163074,-0.285889,0.790757
1677109487,150010946,0.337022,0.662635,0.171299,0.516741,-0.163676,-0.285809,0.790254
1677109487,159880460,0.337030,0.662596,0.171248,0.517322,-0.164788,-0.285015,0.789930
1677109487,170450684,0.336920,0.662611,0.171197,0.518064,-0.165364,-0.284155,0.789633
1677109487,180549588,0.336645,0.662598,0.171217,0.517974,-0.165227,-0.283942,0.789797
1677109487,189962315,0.336394,0.662671,0.171173,0.517849,-0.164994,-0.283927,0.789934
1677109487,199980475,0.336361,0.662753,0.171097,0.517814,-0.165450,-0.283092,0.790161
1677109487,210044347,0.336230,0.662920,0.171018,0.517649,-0.165815,-0.282720,0.790325
1677109487,220081087,0.336331,0.663127,0.170934,0.518492,-0.167081,-0.281242,0.790034
1677109487,229730048,0.336167,0.663314,0.170874,0.518905,-0.167743,-0.280120,0.790020
1677109487,240106490,0.335891,0.663526,0.170814,0.518857,-0.168101,-0.279515,0.790191
1677109487,250440220,0.335792,0.663723,0.170736,0.519218,-0.168650,-0.277539,0.790533
1677109487,260128487,0.335643,0.663896,0.170693,0.519617,-0.169637,-0.276157,0.790543
1677109487,270343765,0.335527,0.664022,0.170672,0.520305,-0.170350,-0.274297,0.790585
1677109487,280553173,0.335315,0.664097,0.170646,0.520379,-0.170771,-0.273153,0.790841
1677109487,290167172,0.335131,0.664296,0.170576,0.520741,-0.171346,-0.272970,0.790542
1677109487,300708037,0.335046,0.664439,0.170486,0.521265,-0.171445,-0.272375,0.790381
1677109487,310105581,0.335006,0.664496,0.170448,0.521699,-0.171465,-0.271647,0.790341
1677109487,319920537,0.334939,0.664597,0.170335,0.522276,-0.171442,-0.271272,0.790093
1677109487,329371239,0.334871,0.664522,0.170304,0.522645,-0.171610,-0.270630,0.790033
1677109487,339400558,0.334734,0.664616,0.170225,0.523565,-0.171833,-0.270654,0.789367
1677109487,350232646,0.334730,0.664531,0.170202,0.524040,-0.172346,-0.269802,0.789231
1677109487,359303081,0.334677,0.664508,0.170121,0.524682,-0.172730,-0.269220,0.788920
1677109487,370254191,0.334563,0.664449,0.170046,0.525285,-0.172641,-0.268758,0.788696
1677109487,379879617,0.334436,0.664427,0.169943,0.526271,-0.172420,-0.268125,0.788302
1677109487,390111930,0.334314,0.664236,0.169874,0.526910,-0.172739,-0.267468,0.788028
1677109487,400097548,0.334106,0.664114,0.169810,0.527823,-0.172560,-0.267307,0.787510
1677109487,410220684,0.334079,0.663936,0.169725,0.529151,-0.172990,-0.265992,0.786970
1677109487,420148791,0.333963,0.663660,0.169630,0.530022,-0.172999,-0.265251,0.786632
1677109487,429925639,0.333778,0.663389,0.169521,0.530888,-0.172865,-0.265030,0.786152
1677109487,440273858,0.333667,0.663143,0.169397,0.532284,-0.172593,-0.264699,0.785379
1677109487,449953573,0.333682,0.662930,0.169275,0.533636,-0.172881,-0.264432,0.784488
1677109487,459945916,0.333656,0.662651,0.169118,0.534910,-0.172772,-0.264127,0.783746
1677109487,470363231,0.333698,0.662349,0.168941,0.536174,-0.173016,-0.263792,0.782941
1677109487,480272422,0.333565,0.662158,0.168778,0.537957,-0.172529,-0.264115,0.781715
1677109487,490070045,0.333561,0.661869,0.168659,0.539570,-0.172307,-0.263664,0.780805
1677109487,499954297,0.333610,0.661474,0.168547,0.540649,-0.172679,-0.263294,0.780100
1677109487,509921561,0.333668,0.661222,0.168387,0.542493,-0.172479,-0.262724,0.779056
1677109487,520100776,0.333595,0.660859,0.168253,0.543405,-0.172708,-0.262658,0.778391
1677109487,530089529,0.333656,0.660714,0.168069,0.545523,-0.172660,-0.262089,0.777111
1677109487,540126986,0.333681,0.660587,0.167875,0.547466,-0.172804,-0.261627,0.775868
1677109487,549447904,0.333719,0.660329,0.167718,0.548852,-0.172453,-0.260571,0.775322
1677109487,560158849,0.333575,0.660053,0.167539,0.549559,-0.172193,-0.260436,0.774924
1677109487,570072718,0.333722,0.659997,0.167345,0.551427,-0.172734,-0.259265,0.773869
1677109487,579624894,0.333721,0.659912,0.167169,0.553345,-0.172698,-0.258058,0.772911
1677109487,589970475,0.333742,0.659803,0.166941,0.555133,-0.172652,-0.256233,0.772245
1677109487,599929412,0.333839,0.659801,0.166711,0.556844,-0.173224,-0.254437,0.771479
1677109487,609352176,0.333767,0.659787,0.166471,0.558208,-0.172740,-0.252668,0.771183
1677109487,619533095,0.333731,0.659827,0.166294,0.559706,-0.172469,-0.250492,0.770868
1677109487,629784407,0.333979,0.659943,0.166056,0.561962,-0.173083,-0.246972,0.770224
1677109487,640102761,0.334033,0.660062,0.165820,0.563516,-0.172511,-0.243836,0.770216
1677109487,649463065,0.334272,0.660310,0.165604,0.565452,-0.172509,-0.240338,0.769898
1677109487,659150269,0.334606,0.660584,0.165356,0.567534,-0.172148,-0.235898,0.769819
1677109487,669596882,0.334906,0.660960,0.165129,0.569578,-0.170951,-0.231774,0.769830
1677109487,680402497,0.335304,0.661340,0.164908,0.571455,-0.170082,-0.227354,0.769949
1677109487,690196994,0.335751,0.661728,0.164674,0.573075,-0.168416,-0.221930,0.770693
1677109487,700147138,0.336449,0.662424,0.164397,0.575898,-0.167453,-0.215988,0.770487
1677109487,710026477,0.337188,0.663127,0.164155,0.578240,-0.166001,-0.209571,0.770819
1677109487,720198281,0.337814,0.663912,0.163945,0.580368,-0.163194,-0.203019,0.771573
1677109487,730109047,0.338547,0.664802,0.163793,0.582341,-0.160928,-0.196575,0.772230
1677109487,740235752,0.339427,0.665877,0.163614,0.584997,-0.157836,-0.189602,0.772605
1677109487,750260105,0.340244,0.666803,0.163542,0.586612,-0.153914,-0.182730,0.773826
1677109487,760106219,0.341348,0.667998,0.163424,0.588783,-0.150376,-0.176121,0.774405
1677109487,770110090,0.342911,0.669305,0.163289,0.590747,-0.147575,-0.168928,0.775050
1677109487,780811358,0.344471,0.670702,0.163135,0.592243,-0.143589,-0.163110,0.775903
1677109487,790382137,0.346050,0.672066,0.163019,0.593481,-0.138259,-0.158407,0.776899
1677109487,800404048,0.347816,0.673087,0.163034,0.593697,-0.132764,-0.154000,0.778577
1677109487,809758213,0.349919,0.674368,0.163075,0.595874,-0.127786,-0.150756,0.778382
1677109487,820446607,0.352148,0.675267,0.163163,0.596756,-0.122311,-0.148336,0.779050
1677109487,830276426,0.354397,0.676011,0.163259,0.597351,-0.116551,-0.147630,0.779611
1677109487,839643486,0.357047,0.676600,0.163399,0.598041,-0.111787,-0.146743,0.779947
1677109487,850252912,0.359587,0.677296,0.163507,0.599116,-0.105959,-0.147066,0.779874
1677109487,859982196,0.362277,0.678157,0.163510,0.600493,-0.100470,-0.147559,0.779449
1677109487,869898488,0.364936,0.678943,0.163409,0.601282,-0.094871,-0.147894,0.779479
1677109487,880259373,0.367498,0.679810,0.163258,0.602547,-0.088723,-0.147641,0.779273
1677109487,890394652,0.369869,0.680811,0.163116,0.604911,-0.082132,-0.146782,0.778327
1677109487,899603455,0.372218,0.681760,0.162964,0.607470,-0.076649,-0.144801,0.777263
1677109487,909383833,0.374343,0.682420,0.162818,0.608846,-0.071609,-0.142401,0.777110
1677109487,919694132,0.376131,0.683240,0.162637,0.610895,-0.065820,-0.140606,0.776341
1677109487,929911800,0.378053,0.683943,0.162487,0.612638,-0.062819,-0.138711,0.775557
1677109487,939488843,0.379912,0.684616,0.162355,0.614484,-0.059816,-0.136394,0.774744
1677109487,949929158,0.381087,0.684493,0.162489,0.611899,-0.052793,-0.134628,0.777604
1677109487,959832277,0.383146,0.686198,0.162109,0.616977,-0.052939,-0.133351,0.773792
1677109487,969418928,0.384648,0.687330,0.161896,0.618220,-0.049462,-0.132204,0.773227
1677109487,979960180,0.385539,0.687618,0.161884,0.614897,-0.042184,-0.130218,0.776637
1677109487,989290261,0.387278,0.689929,0.161435,0.620610,-0.041482,-0.127183,0.772623
1677109487,999511700,0.387683,0.690419,0.161410,0.617435,-0.033553,-0.123672,0.776114
1677109488,9165523,0.388916,0.692923,0.160878,0.623927,-0.032237,-0.118011,0.771848
1677109488,19961330,0.388708,0.693329,0.160695,0.620603,-0.025159,-0.112415,0.775617
1677109488,30347348,0.389095,0.695458,0.160133,0.626719,-0.024189,-0.105316,0.771717
1677109488,39986593,0.388741,0.696375,0.159836,0.628790,-0.022257,-0.097956,0.771059
1677109488,49923434,0.388217,0.696895,0.159623,0.630496,-0.021935,-0.090449,0.770592
1677109488,59753632,0.387583,0.697486,0.159336,0.632836,-0.022197,-0.082343,0.769575
1677109488,69239020,0.386881,0.697652,0.159085,0.632700,-0.022932,-0.075129,0.770403
1677109488,79886467,0.386167,0.698123,0.158764,0.633396,-0.023359,-0.068446,0.770441
1677109488,89909702,0.385848,0.698654,0.158479,0.634914,-0.025346,-0.060904,0.769762
1677109488,99622447,0.385200,0.698965,0.158348,0.636286,-0.025431,-0.055202,0.769055
1677109488,110287209,0.384936,0.699229,0.158183,0.638009,-0.026279,-0.048825,0.768030
1677109488,119694936,0.384501,0.699130,0.157911,0.638414,-0.025963,-0.044716,0.767954
1677109488,130205626,0.384467,0.699466,0.157574,0.641229,-0.026105,-0.040106,0.765856
1677109488,140434961,0.384267,0.699410,0.157270,0.643144,-0.025705,-0.037857,0.764377
1677109488,150169412,0.384396,0.699109,0.157020,0.644784,-0.025307,-0.034937,0.763147
1677109488,159863910,0.384618,0.698712,0.156810,0.646474,-0.024804,-0.033164,0.761811
1677109488,169883996,0.384960,0.698394,0.156591,0.648348,-0.023601,-0.032354,0.760290
1677109488,179944542,0.385408,0.697980,0.156332,0.649346,-0.022283,-0.033560,0.759425
1677109488,189847132,0.386015,0.697549,0.156146,0.650397,-0.020149,-0.034653,0.758536
1677109488,199661742,0.386674,0.697152,0.155968,0.652528,-0.018230,-0.036810,0.756650
1677109488,209881210,0.387495,0.696557,0.155750,0.654479,-0.016455,-0.038325,0.754929
1677109488,219951356,0.388201,0.696023,0.155450,0.656704,-0.014414,-0.041198,0.752884
1677109488,229417074,0.388896,0.695434,0.155092,0.658562,-0.012212,-0.043913,0.751145
1677109488,240002384,0.389638,0.695014,0.154727,0.660993,-0.010029,-0.045797,0.748926
1677109488,249371122,0.390361,0.694411,0.154365,0.663196,-0.007853,-0.047683,0.746884
1677109488,259342342,0.391076,0.693727,0.153986,0.665084,-0.005683,-0.049002,0.745137
1677109488,270018838,0.391802,0.693199,0.153603,0.667457,-0.004186,-0.051086,0.742882
1677109488,280303741,0.392590,0.692692,0.153267,0.670046,-0.002541,-0.052759,0.740438
1677109488,290330137,0.393261,0.692030,0.152934,0.671601,0.000468,-0.054533,0.738904
1677109488,300498212,0.394109,0.691362,0.152635,0.672660,0.002538,-0.056658,0.737775
1677109488,309765214,0.395048,0.690873,0.152353,0.673644,0.004039,-0.058759,0.736705
1677109488,320274999,0.395874,0.690525,0.152121,0.674961,0.005347,-0.061446,0.735271
1677109488,329707673,0.396724,0.690343,0.151930,0.677001,0.006247,-0.064117,0.733158
1677109488,339873999,0.397513,0.689959,0.151731,0.678118,0.006939,-0.066753,0.731882
1677109488,349827744,0.398212,0.689701,0.151513,0.679577,0.007869,-0.069063,0.730304
1677109488,360464176,0.398970,0.689257,0.151334,0.680242,0.008462,-0.070649,0.729526
1677109488,369890211,0.399635,0.689100,0.151149,0.682202,0.009550,-0.071561,0.727591
1677109488,379746338,0.400048,0.688735,0.151016,0.683495,0.011264,-0.072782,0.726231
1677109488,389639970,0.400476,0.688354,0.150859,0.684678,0.012259,-0.073607,0.725016
1677109488,399846666,0.400721,0.688160,0.150778,0.686453,0.013292,-0.074514,0.723224
1677109488,409842072,0.401081,0.687843,0.150711,0.687460,0.013940,-0.073885,0.722320
1677109488,419780637,0.401330,0.687615,0.150704,0.688163,0.014149,-0.073613,0.721674
1677109488,430212359,0.401412,0.687609,0.150768,0.689260,0.013798,-0.073638,0.720630
1677109488,440385258,0.401404,0.687488,0.150822,0.690016,0.013169,-0.073291,0.719954
1677109488,449625425,0.401291,0.687362,0.150866,0.691302,0.012569,-0.072371,0.718823
1677109488,459496839,0.401177,0.687187,0.150943,0.693048,0.010988,-0.071144,0.717288
1677109488,469846977,0.400853,0.686841,0.151085,0.694610,0.010432,-0.069330,0.715962
1677109488,480414241,0.400581,0.686485,0.151229,0.696399,0.009185,-0.067092,0.714453
1677109488,490241694,0.400119,0.686082,0.151370,0.697857,0.008695,-0.065497,0.713183
1677109488,500467216,0.399903,0.685847,0.151537,0.699736,0.006749,-0.063132,0.711574
1677109488,509814434,0.399441,0.685504,0.151734,0.700852,0.005681,-0.061848,0.710598
1677109488,519567044,0.399240,0.685158,0.151924,0.701907,0.003218,-0.060276,0.709706
1677109488,530051786,0.398944,0.684839,0.152136,0.703105,0.001619,-0.058991,0.708633
1677109488,540046193,0.398850,0.684315,0.152385,0.703912,-0.000245,-0.056682,0.708022
1677109488,549738007,0.398480,0.683887,0.152683,0.705301,-0.001629,-0.056904,0.706619
1677109488,559996463,0.398356,0.683208,0.152946,0.705857,-0.002497,-0.055358,0.706183
1677109488,569845672,0.398191,0.682795,0.153234,0.707649,-0.002924,-0.054720,0.704436
1677109488,580179308,0.398086,0.682241,0.153541,0.708953,-0.003130,-0.054385,0.703148
1677109488,590077033,0.398102,0.681656,0.153847,0.710354,-0.003719,-0.054265,0.701740
1677109488,600150391,0.398160,0.681017,0.154176,0.712083,-0.004421,-0.054691,0.699948
1677109488,609812018,0.398207,0.680180,0.154540,0.713720,-0.004804,-0.055458,0.698216
1677109488,619270267,0.398364,0.679301,0.154937,0.715616,-0.004803,-0.055843,0.696242
1677109488,629840512,0.398543,0.678417,0.155409,0.717749,-0.004955,-0.057023,0.693946
1677109488,640431629,0.398643,0.677488,0.155895,0.719689,-0.004072,-0.058368,0.691827
1677109488,650265452,0.399089,0.676622,0.156432,0.721771,-0.004620,-0.059596,0.689546
1677109488,660173785,0.399441,0.675767,0.156965,0.723441,-0.004191,-0.061096,0.687664
1677109488,669715395,0.399851,0.674995,0.157523,0.724617,-0.003653,-0.062609,0.686292
1677109488,680193704,0.400170,0.674296,0.158083,0.725497,-0.002625,-0.064509,0.685190
1677109488,690081405,0.400615,0.673884,0.158747,0.727583,-0.001843,-0.065359,0.682896
1677109488,700295865,0.400993,0.673278,0.159408,0.728987,-0.001207,-0.066515,0.681287
1677109488,709950022,0.401258,0.672573,0.160096,0.730313,-0.000613,-0.067905,0.679729
1677109488,719490953,0.401540,0.671937,0.160855,0.732055,-0.000153,-0.068739,0.677769
1677109488,729774347,0.401663,0.671224,0.161624,0.733263,0.000516,-0.070213,0.676310
1677109488,739353488,0.401896,0.670538,0.162406,0.734091,0.001322,-0.070658,0.675363
1677109488,749669043,0.402208,0.670072,0.163252,0.735483,0.001418,-0.071183,0.673792
1677109488,759345232,0.402477,0.669589,0.164048,0.736690,0.001324,-0.072253,0.672359
1677109488,769224158,0.402636,0.669019,0.164787,0.737381,0.001937,-0.073299,0.671486
1677109488,779460952,0.402811,0.668503,0.165538,0.738065,0.002048,-0.074461,0.670605
1677109488,790012295,0.403065,0.668014,0.166308,0.738842,0.002208,-0.075072,0.669681
1677109488,799497122,0.403213,0.667604,0.167128,0.739889,0.002916,-0.075645,0.668456
1677109488,809841801,0.403400,0.667103,0.167974,0.740768,0.003584,-0.075489,0.667496
1677109488,819729389,0.403514,0.666646,0.168847,0.742100,0.004137,-0.075846,0.665972
1677109488,829787000,0.403723,0.666226,0.169789,0.743742,0.004373,-0.075537,0.664171
1677109488,839775464,0.403768,0.665696,0.170794,0.745161,0.005175,-0.075635,0.662561
1677109488,850277216,0.403921,0.665094,0.171879,0.746449,0.005404,-0.075453,0.661129
1677109488,859597475,0.404040,0.664405,0.173013,0.747642,0.005521,-0.075563,0.659766
1677109488,869655229,0.404207,0.663722,0.174236,0.748839,0.005132,-0.075708,0.658394
1677109488,879788035,0.404400,0.663059,0.175497,0.750144,0.005220,-0.075427,0.656938
1677109488,890095227,0.404663,0.662588,0.176888,0.752084,0.004730,-0.075757,0.654682
1677109488,899832262,0.404726,0.661891,0.178277,0.752603,0.005685,-0.075787,0.654074
1677109488,910257944,0.405064,0.661454,0.179735,0.753744,0.005185,-0.075733,0.652769
1677109488,920229948,0.405149,0.660864,0.181210,0.754055,0.005948,-0.075677,0.652410
1677109488,930247608,0.405353,0.660451,0.182811,0.755326,0.005743,-0.075676,0.650940
1677109488,939842418,0.405456,0.659787,0.184445,0.756085,0.005594,-0.075553,0.650074
1677109488,950039046,0.405687,0.659277,0.186222,0.757942,0.005013,-0.074244,0.648064
1677109488,959742879,0.405677,0.658540,0.188032,0.759209,0.004694,-0.074325,0.646572
1677109488,970024288,0.405843,0.657728,0.189889,0.760406,0.003694,-0.073175,0.645302
1677109488,980419179,0.406031,0.657085,0.191823,0.761914,0.002718,-0.072526,0.643599
1677109488,990232091,0.406056,0.656476,0.193789,0.763117,0.002709,-0.071930,0.642239
1677109488,999705119,0.406169,0.655826,0.195735,0.763935,0.002339,-0.071498,0.641316
1677109489,10143853,0.406345,0.655284,0.197702,0.764791,0.001617,-0.071241,0.640326
1677109489,19807694,0.406417,0.654741,0.199760,0.765583,0.002142,-0.070123,0.639501
1677109489,30024506,0.406624,0.654204,0.201800,0.766316,0.002101,-0.069011,0.638744
1677109489,39736530,0.406713,0.653783,0.203940,0.767285,0.002100,-0.068654,0.637618
1677109489,49847500,0.406993,0.653176,0.206018,0.767551,0.001510,-0.067537,0.637418
1677109489,59702308,0.406776,0.652517,0.208028,0.767502,0.003053,-0.067708,0.637453
1677109489,70106744,0.406358,0.651598,0.210004,0.766416,0.005921,-0.067244,0.638787
1677109489,80528552,0.407537,0.651901,0.212477,0.770307,0.001164,-0.063943,0.634458
1677109489,90351226,0.407638,0.651489,0.214678,0.770703,0.001344,-0.062698,0.634101
1677109489,100138552,0.407820,0.651185,0.216936,0.770950,0.000643,-0.061880,0.633882
1677109489,109630206,0.407919,0.650774,0.219198,0.770596,0.000152,-0.061256,0.634373
1677109489,119340797,0.408111,0.650377,0.221470,0.770218,-0.000719,-0.060138,0.634939
1677109489,129149046,0.408295,0.650037,0.223803,0.770236,-0.001183,-0.057921,0.635122
1677109489,139258168,0.408786,0.649160,0.225932,0.768424,-0.002926,-0.053760,0.637672
1677109489,149222368,0.408558,0.648975,0.228457,0.769039,-0.003620,-0.055802,0.636751
1677109489,159360676,0.408382,0.648589,0.230887,0.769271,-0.003510,-0.054837,0.636555
1677109489,169262861,0.408264,0.648193,0.233299,0.769728,-0.004159,-0.054091,0.636062
1677109489,179203741,0.408283,0.647767,0.235711,0.770437,-0.005541,-0.052489,0.635327
1677109489,189181762,0.408305,0.647873,0.238224,0.773256,-0.006068,-0.049821,0.632105
1677109489,199182793,0.408045,0.646567,0.240467,0.770739,-0.008284,-0.049914,0.635139
1677109489,209594478,0.407464,0.646006,0.242779,0.770482,-0.007040,-0.049854,0.635470
1677109489,220475865,0.407938,0.645845,0.245417,0.772178,-0.012023,-0.047045,0.633549
1677109489,230311251,0.407784,0.645542,0.247845,0.772714,-0.012706,-0.045211,0.633014
1677109489,240075120,0.407576,0.645279,0.250263,0.773082,-0.013477,-0.044077,0.632629
1677109489,249632979,0.407376,0.645006,0.252660,0.773315,-0.014413,-0.043165,0.632387
1677109489,259665559,0.407243,0.644724,0.255036,0.773217,-0.015291,-0.041573,0.632593
1677109489,269688333,0.407440,0.644373,0.257364,0.772156,-0.018426,-0.040047,0.633902
1677109489,280078128,0.407443,0.644098,0.259704,0.771112,-0.020646,-0.038641,0.635190
1677109489,289897712,0.406705,0.644405,0.262337,0.772728,-0.017897,-0.038199,0.633334
1677109489,299882382,0.406673,0.644177,0.264693,0.772201,-0.019360,-0.037086,0.633999
1677109489,309630852,0.406576,0.644048,0.267044,0.772454,-0.020551,-0.036143,0.633709
1677109489,319007115,0.406411,0.643813,0.269354,0.772634,-0.020907,-0.034927,0.633546
1677109489,329520371,0.406349,0.643539,0.271629,0.772827,-0.022023,-0.034024,0.633321
1677109489,339318253,0.406075,0.643416,0.273913,0.773685,-0.021708,-0.033064,0.632334
1677109489,349122860,0.406055,0.643174,0.276100,0.773879,-0.022240,-0.031342,0.632166
1677109489,359451308,0.405981,0.642965,0.278273,0.774260,-0.022941,-0.030536,0.631714
1677109489,369713636,0.405768,0.643214,0.280481,0.775708,-0.022755,-0.030462,0.629946
1677109489,379112719,0.405809,0.644010,0.282780,0.778643,-0.023361,-0.029477,0.626339
1677109489,389506241,0.405709,0.642575,0.284740,0.774071,-0.023290,-0.027979,0.632051
1677109489,399725628,0.405687,0.642592,0.286854,0.774078,-0.023738,-0.027501,0.632047
1677109489,410277695,0.405823,0.642527,0.288900,0.773652,-0.024748,-0.026699,0.632564
1677109489,420064094,0.406002,0.642387,0.290831,0.772968,-0.026044,-0.026520,0.633355
1677109489,430145639,0.406444,0.642254,0.292684,0.771997,-0.028438,-0.025368,0.634483
1677109489,439604375,0.406974,0.642033,0.294476,0.770812,-0.031536,-0.024471,0.635811
1677109489,449571101,0.405731,0.642658,0.296800,0.773875,-0.023288,-0.024165,0.632448
1677109489,459672253,0.405676,0.642659,0.298650,0.774235,-0.022881,-0.024189,0.632021
1677109489,469482138,0.405766,0.642696,0.300527,0.775173,-0.022784,-0.023147,0.630914
1677109489,480127415,0.405468,0.642674,0.302364,0.776004,-0.020812,-0.023073,0.629962
1677109489,490126507,0.405529,0.642486,0.304085,0.776265,-0.020516,-0.021959,0.629690
1677109489,499632070,0.405100,0.642429,0.305682,0.776610,-0.018204,-0.022608,0.629312
1677109489,509887821,0.404820,0.642255,0.307099,0.776117,-0.016566,-0.022941,0.629953
1677109489,519682525,0.404502,0.642304,0.308531,0.776374,-0.014854,-0.022845,0.629684
1677109489,529815534,0.405135,0.642539,0.310251,0.777841,-0.019259,-0.021044,0.627813
1677109489,540424410,0.404813,0.642665,0.311534,0.777375,-0.018398,-0.021042,0.628416
1677109489,550319742,0.404671,0.643037,0.312839,0.777564,-0.018611,-0.020430,0.628197
1677109489,560006816,0.404765,0.643256,0.313975,0.777048,-0.020420,-0.018619,0.628834
1677109489,570190242,0.404507,0.643470,0.315081,0.776807,-0.021179,-0.018430,0.629112
1677109489,579521342,0.404324,0.643491,0.316112,0.776019,-0.023676,-0.018177,0.630003
1677109489,589963030,0.403743,0.643921,0.317103,0.777246,-0.022156,-0.017089,0.628574
1677109489,599812078,0.404235,0.643917,0.317854,0.777826,-0.021374,-0.016551,0.627898
1677109489,609991268,0.404636,0.643918,0.318680,0.778847,-0.019618,-0.018713,0.626628
1677109489,620239879,0.404711,0.643671,0.319363,0.779529,-0.016510,-0.020562,0.625811
1677109489,630075190,0.405061,0.643677,0.320076,0.781699,-0.015721,-0.021461,0.623088
1677109489,640522641,0.405305,0.643261,0.320529,0.782181,-0.014720,-0.021458,0.622508
1677109489,650445794,0.404517,0.643590,0.321307,0.785754,-0.008410,-0.022148,0.618085
1677109489,660081697,0.404650,0.643214,0.321657,0.785666,-0.009179,-0.022380,0.618177
1677109489,669914254,0.404894,0.643096,0.321981,0.786064,-0.011020,-0.022650,0.617632
1677109489,680174819,0.404677,0.642953,0.322242,0.786049,-0.010425,-0.022308,0.617673
1677109489,689985877,0.404651,0.642987,0.322453,0.786455,-0.011247,-0.021567,0.617169
1677109489,699862541,0.404368,0.642984,0.322574,0.786569,-0.011354,-0.021536,0.617022
1677109489,709893773,0.404372,0.642930,0.322640,0.786401,-0.013046,-0.020502,0.617238
1677109489,719504182,0.404070,0.642865,0.322673,0.786210,-0.013012,-0.020249,0.617490
1677109489,729574964,0.404140,0.642850,0.322765,0.786904,-0.014664,-0.019902,0.616580
1677109489,739183024,0.404136,0.642492,0.322744,0.786604,-0.015477,-0.019687,0.616949
1677109489,749535452,0.404060,0.642228,0.322708,0.786806,-0.015739,-0.019683,0.616686
1677109489,759338660,0.404078,0.641944,0.322726,0.787479,-0.016176,-0.019667,0.615816
1677109489,769795596,0.404139,0.641491,0.322678,0.787873,-0.016607,-0.020153,0.615283
1677109489,779512654,0.404616,0.640999,0.322751,0.789392,-0.019886,-0.021664,0.613185
1677109489,789351296,0.404662,0.640662,0.322690,0.790433,-0.018795,-0.021899,0.611868
1677109489,799552188,0.404868,0.640166,0.322583,0.790855,-0.017934,-0.022094,0.611341
1677109489,810413972,0.404971,0.639932,0.322539,0.791496,-0.016467,-0.023241,0.610510
1677109489,819691567,0.405164,0.639712,0.322374,0.791434,-0.015248,-0.024382,0.610578
1677109489,830165561,0.405460,0.639508,0.322172,0.790721,-0.015030,-0.026130,0.611434
1677109489,840351856,0.405801,0.639505,0.321994,0.790443,-0.014639,-0.027256,0.611754
1677109489,849947146,0.405933,0.639371,0.321712,0.789616,-0.013858,-0.029230,0.612748
1677109489,860425565,0.406211,0.639346,0.321541,0.789788,-0.013951,-0.030595,0.612458
1677109489,869326832,0.406402,0.639047,0.321285,0.789565,-0.013180,-0.031028,0.612740
1677109489,880123222,0.406460,0.638750,0.321049,0.789905,-0.012237,-0.031632,0.612291
