secs,nsecs,tx,ty,tz,rx,ry,rz,rw
1677108374,682826977,0.259596,0.554727,0.545391,0.411880,-0.255667,-0.345199,0.803633
1677108374,692685093,0.259819,0.555014,0.545117,0.411683,-0.255492,-0.344948,0.803898
1677108374,703043119,0.259985,0.555222,0.544897,0.410560,-0.254527,-0.344247,0.805078
1677108374,712933610,0.260338,0.555741,0.544431,0.410940,-0.254130,-0.343391,0.805375
1677108374,722311233,0.260674,0.556178,0.544007,0.410775,-0.253776,-0.342196,0.806079
1677108374,733106456,0.260893,0.556474,0.543614,0.409687,-0.253638,-0.341334,0.807041
1677108374,742701091,0.261082,0.556829,0.543232,0.409128,-0.252996,-0.340476,0.807888
1677108374,752970149,0.261408,0.557182,0.542838,0.408854,-0.253301,-0.339295,0.808428
1677108374,762859224,0.261661,0.557494,0.542458,0.408751,-0.253691,-0.338716,0.808601
1677108374,772706705,0.261941,0.557671,0.542103,0.408844,-0.253437,-0.337490,0.809146
1677108374,783334234,0.262086,0.557786,0.541834,0.408745,-0.253318,-0.337591,0.809191
1677108374,792404143,0.262434,0.557831,0.541515,0.409377,-0.253668,-0.336990,0.809012
1677108374,802633242,0.262898,0.557791,0.541246,0.410209,-0.253808,-0.336167,0.808889
1677108374,812554455,0.263128,0.557662,0.541020,0.410395,-0.253284,-0.336454,0.808840
1677108374,823129675,0.263472,0.557551,0.540754,0.410466,-0.253171,-0.337074,0.808581
1677108374,833740523,0.263895,0.557443,0.540396,0.411118,-0.252793,-0.337747,0.808087
1677108374,843569660,0.264232,0.557213,0.540122,0.410936,-0.251938,-0.338418,0.808166
1677108374,853054486,0.264812,0.557093,0.539709,0.411566,-0.252161,-0.339159,0.807465
1677108374,863107076,0.265256,0.556879,0.539383,0.411955,-0.251490,-0.339828,0.807195
1677108374,873015526,0.265783,0.556744,0.538974,0.412886,-0.250595,-0.340175,0.806851
1677108374,882972326,0.266187,0.556669,0.538574,0.413760,-0.249660,-0.341006,0.806342
1677108374,893194680,0.266659,0.556587,0.538158,0.414971,-0.248508,-0.341038,0.806062
1677108374,903141723,0.267126,0.556721,0.537605,0.416774,-0.247261,-0.341226,0.805436
1677108374,913065074,0.267501,0.556654,0.537191,0.416977,-0.246749,-0.341444,0.805395
1677108374,923155225,0.268027,0.556616,0.536697,0.417350,-0.246944,-0.340877,0.805383
1677108374,933269600,0.268227,0.556330,0.536245,0.414807,-0.248340,-0.341993,0.805793
1677108374,943368088,0.268626,0.556366,0.535650,0.414950,-0.248420,-0.341522,0.805895
1677108374,953457067,0.269087,0.556476,0.534991,0.415435,-0.248614,-0.341026,0.805795
1677108374,963353588,0.269411,0.556532,0.534355,0.415556,-0.248336,-0.340600,0.805999
1677108374,973304786,0.269816,0.556518,0.533711,0.415496,-0.248288,-0.340138,0.806239
1677108374,983345411,0.270142,0.556594,0.533043,0.416035,-0.247791,-0.339964,0.806188
1677108374,993134527,0.270602,0.556587,0.532385,0.416439,-0.248170,-0.339983,0.805855
1677108375,2541204,0.270913,0.556496,0.531740,0.416610,-0.247402,-0.339968,0.806009
1677108375,13384482,0.271399,0.556494,0.530966,0.417558,-0.247100,-0.339980,0.805606
1677108375,23500454,0.271847,0.556498,0.530185,0.418411,-0.245885,-0.339771,0.805623
1677108375,33367791,0.272303,0.556452,0.529346,0.418750,-0.245367,-0.339931,0.805537
1677108375,42794220,0.272771,0.556431,0.528483,0.418785,-0.244430,-0.340168,0.805704
1677108375,52877047,0.273274,0.556333,0.527651,0.418433,-0.243383,-0.339783,0.806367
1677108375,62771373,0.273769,0.556315,0.526731,0.418178,-0.243589,-0.340387,0.806181
1677108375,72659912,0.274177,0.556292,0.525811,0.418245,-0.242469,-0.340627,0.806383
1677108375,83467490,0.274653,0.556112,0.524935,0.418176,-0.242554,-0.340666,0.806376
1677108375,93059858,0.274807,0.555924,0.524165,0.417691,-0.241830,-0.341853,0.806343
1677108375,102585888,0.275168,0.555526,0.523423,0.417237,-0.241606,-0.341564,0.806768
1677108375,112624014,0.276064,0.555606,0.522100,0.421427,-0.242274,-0.340596,0.804796
1677108375,122771971,0.276396,0.555387,0.521179,0.422264,-0.241094,-0.340636,0.804695
1677108375,132875138,0.277007,0.555206,0.520152,0.423603,-0.241495,-0.340368,0.803984
1677108375,143151338,0.277358,0.554989,0.519221,0.424181,-0.240515,-0.340710,0.803828
1677108375,153422230,0.277990,0.555097,0.518074,0.425974,-0.240980,-0.340533,0.802815
1677108375,163077523,0.278109,0.554486,0.517304,0.425108,-0.239543,-0.341304,0.803377
1677108375,173020761,0.278463,0.554140,0.516358,0.425017,-0.239476,-0.341491,0.803365
1677108375,183058342,0.278782,0.553931,0.515332,0.425463,-0.239065,-0.341838,0.803104
1677108375,192988539,0.279099,0.553776,0.514309,0.426031,-0.238371,-0.342091,0.802901
1677108375,202778183,0.279555,0.553574,0.513281,0.426798,-0.238570,-0.341768,0.802573
1677108375,213581358,0.279874,0.553378,0.512211,0.427726,-0.238072,-0.341694,0.802258
1677108375,223030463,0.280340,0.553483,0.511018,0.429237,-0.238014,-0.341144,0.801701
1677108375,232791110,0.280548,0.553100,0.510064,0.429456,-0.237882,-0.341306,0.801555
1677108375,243015517,0.280995,0.553277,0.508799,0.431183,-0.237813,-0.340993,0.800781
1677108375,253004398,0.281232,0.552923,0.507769,0.431554,-0.236863,-0.340530,0.801060
1677108375,263201874,0.281560,0.552838,0.506547,0.432531,-0.236277,-0.340205,0.800844
1677108375,273257031,0.281973,0.552872,0.505252,0.433726,-0.235477,-0.339510,0.800728
1677108375,283219454,0.282422,0.553068,0.503841,0.434895,-0.235254,-0.339108,0.800330
1677108375,293076332,0.282742,0.553077,0.502515,0.435257,-0.233795,-0.338511,0.800813
1677108375,302439667,0.283354,0.553204,0.500986,0.436662,-0.233337,-0.336896,0.800863
1677108375,312727004,0.283809,0.553365,0.499484,0.437071,-0.232347,-0.336376,0.801146
1677108375,322439048,0.284411,0.553463,0.497943,0.437599,-0.231643,-0.335096,0.801598
1677108375,333185144,0.284938,0.553564,0.496449,0.437802,-0.230802,-0.334552,0.801957
1677108375,343286202,0.285679,0.553581,0.494887,0.438487,-0.230126,-0.333339,0.802282
1677108375,352500657,0.286208,0.553702,0.493371,0.438885,-0.228590,-0.333599,0.802395
1677108375,363131293,0.287128,0.553811,0.491726,0.440453,-0.227806,-0.332644,0.802155
1677108375,372726573,0.287898,0.553886,0.490172,0.440716,-0.226380,-0.332357,0.802534
1677108375,382976403,0.288722,0.554040,0.488522,0.441234,-0.224866,-0.332315,0.802692
1677108375,393561836,0.289474,0.554314,0.486923,0.440929,-0.223381,-0.332964,0.803005
1677108375,403217443,0.290354,0.554482,0.485306,0.440515,-0.222410,-0.332845,0.803551
1677108375,413104288,0.291182,0.554834,0.483692,0.440217,-0.221282,-0.333407,0.803793
1677108375,423114167,0.291977,0.555110,0.482127,0.439773,-0.219461,-0.333573,0.804466
1677108375,433678059,0.292817,0.555230,0.480794,0.439011,-0.219897,-0.333504,0.804792
1677108375,443323363,0.293590,0.555474,0.479479,0.439796,-0.219267,-0.333231,0.804648
1677108375,453167463,0.294306,0.555539,0.478338,0.440245,-0.219125,-0.333224,0.804444
1677108375,463312830,0.294888,0.555697,0.477162,0.442111,-0.218828,-0.334032,0.803166
1677108375,472799872,0.295332,0.555652,0.476182,0.443623,-0.217293,-0.333896,0.802805
1677108375,482885140,0.295895,0.555698,0.475156,0.445687,-0.217578,-0.333948,0.801562
1677108375,493722652,0.296249,0.555681,0.474205,0.447043,-0.217094,-0.333814,0.800994
1677108375,502940192,0.296644,0.555743,0.473173,0.448697,-0.216741,-0.333242,0.800402
1677108375,512762197,0.296983,0.555798,0.472146,0.449621,-0.217359,-0.332940,0.799842
1677108375,522669098,0.297187,0.555956,0.471068,0.450415,-0.217119,-0.332812,0.799514
1677108375,533172620,0.297536,0.555997,0.469968,0.451109,-0.217021,-0.331491,0.799698
1677108375,542809624,0.297800,0.556306,0.468790,0.452616,-0.217219,-0.331180,0.798921
1677108375,552610352,0.297962,0.556397,0.467700,0.453145,-0.217157,-0.330492,0.798923
1677108375,563327964,0.298127,0.556560,0.466513,0.454211,-0.217411,-0.330141,0.798393
1677108375,572607491,0.298336,0.556620,0.465391,0.455012,-0.217444,-0.328947,0.798421
1677108375,582860000,0.298469,0.556769,0.464163,0.456181,-0.217503,-0.328419,0.797955
1677108375,592763179,0.298645,0.556954,0.462851,0.457396,-0.217817,-0.327855,0.797406
1677108375,603314146,0.298751,0.557063,0.461580,0.457973,-0.217443,-0.326976,0.797537
1677108375,612854003,0.298973,0.557181,0.460210,0.458397,-0.218172,-0.326006,0.797492
1677108375,622242479,0.299057,0.557488,0.458780,0.459099,-0.217927,-0.325466,0.797375
1677108375,632594522,0.299282,0.557646,0.457360,0.459278,-0.217746,-0.323611,0.798077
1677108375,642393451,0.299288,0.558071,0.455886,0.459530,-0.217620,-0.323359,0.798068
1677108375,653187471,0.299473,0.558528,0.454378,0.460447,-0.217814,-0.321733,0.798144
1677108375,662912453,0.299605,0.558413,0.453080,0.457973,-0.220094,-0.320300,0.799517
1677108375,672843527,0.299583,0.558857,0.451729,0.458956,-0.219536,-0.318602,0.799785
1677108375,682900037,0.299642,0.559570,0.450156,0.461639,-0.218457,-0.316942,0.799196
1677108375,692513563,0.299575,0.559827,0.448851,0.461742,-0.218531,-0.315720,0.799600
1677108375,702933233,0.299505,0.560079,0.447485,0.461714,-0.218341,-0.314857,0.800008
1677108375,712353833,0.299677,0.560445,0.446018,0.462611,-0.218247,-0.313532,0.800036
1677108375,722450677,0.299880,0.560781,0.444516,0.463063,-0.218429,-0.312838,0.799996
1677108375,733137796,0.300151,0.560912,0.443043,0.463022,-0.218783,-0.311638,0.800391
1677108375,742351679,0.300374,0.561207,0.441573,0.463561,-0.218528,-0.311351,0.800261
1677108375,752769587,0.300535,0.561327,0.440138,0.463870,-0.218340,-0.311129,0.800220
1677108375,762808302,0.300825,0.561487,0.438654,0.465065,-0.218854,-0.310704,0.799550
1677108375,773209435,0.301013,0.561601,0.437235,0.466296,-0.218392,-0.310009,0.799229
1677108375,782849918,0.301127,0.561690,0.435783,0.467629,-0.218258,-0.309501,0.798684
1677108375,793012484,0.301235,0.561900,0.434291,0.469284,-0.218118,-0.309152,0.797886
1677108375,802512661,0.301398,0.562006,0.432744,0.470364,-0.218192,-0.308311,0.797555
1677108375,812793851,0.301670,0.562129,0.431112,0.471835,-0.217866,-0.306782,0.797365
1677108375,822802508,0.301846,0.562273,0.429417,0.472564,-0.217203,-0.305972,0.797425
1677108375,832955221,0.302250,0.562444,0.427623,0.473608,-0.217270,-0.304975,0.797170
1677108375,843034524,0.302511,0.562760,0.425785,0.474620,-0.215541,-0.304818,0.797097
1677108375,853185874,0.303061,0.562910,0.423893,0.475188,-0.215445,-0.304218,0.797014
1677108375,863406502,0.303436,0.563093,0.422056,0.475373,-0.213868,-0.304499,0.797221
1677108375,872521916,0.304151,0.563208,0.420163,0.476068,-0.213343,-0.304109,0.797096
1677108375,883480233,0.304658,0.563339,0.418328,0.476520,-0.211597,-0.304657,0.797082
1677108375,893229526,0.305311,0.563442,0.416545,0.477145,-0.210050,-0.304999,0.796986
1677108375,902929796,0.305978,0.563621,0.414706,0.478257,-0.208458,-0.305614,0.796502
1677108375,913399608,0.306577,0.563673,0.412926,0.478549,-0.207223,-0.306319,0.796378
1677108375,922957419,0.307215,0.563815,0.411123,0.479210,-0.205679,-0.306852,0.796176
1677108375,933375095,0.307868,0.563955,0.409334,0.479989,-0.205013,-0.307422,0.795659
1677108375,943507631,0.308583,0.564008,0.407554,0.480380,-0.204426,-0.307273,0.795631
1677108375,953629582,0.309064,0.564016,0.405869,0.480252,-0.203694,-0.307975,0.795625
1677108375,963082097,0.309604,0.564238,0.404133,0.481451,-0.202660,-0.308659,0.794899
1677108375,972610780,0.310216,0.564316,0.402505,0.482369,-0.201959,-0.308325,0.794650
1677108375,983170725,0.310532,0.564365,0.400960,0.482984,-0.200491,-0.308928,0.794413
1677108375,993093389,0.311113,0.564545,0.399371,0.484677,-0.200402,-0.308788,0.793459
1677108376,2690675,0.311492,0.564534,0.397912,0.485453,-0.199543,-0.308250,0.793410
1677108376,13187009,0.311703,0.564660,0.396471,0.486179,-0.198543,-0.308566,0.793094
1677108376,23251039,0.312186,0.564965,0.394944,0.487753,-0.199080,-0.308082,0.792180
1677108376,32486388,0.312446,0.565149,0.393493,0.488550,-0.197988,-0.306927,0.792412
1677108376,42937767,0.312694,0.565488,0.391954,0.489050,-0.197971,-0.306459,0.792288
1677108376,52896136,0.312846,0.565693,0.390444,0.488554,-0.198184,-0.306245,0.792624
1677108376,62709963,0.313294,0.566046,0.388850,0.489276,-0.199398,-0.305240,0.792261
1677108376,72633755,0.313505,0.566088,0.387420,0.488263,-0.199826,-0.304842,0.792931
1677108376,82710797,0.313802,0.566290,0.385917,0.488466,-0.200010,-0.304681,0.792822
1677108376,93587098,0.313995,0.566472,0.384466,0.488736,-0.199420,-0.304855,0.792737
1677108376,103016501,0.314331,0.566706,0.383033,0.489756,-0.199185,-0.304826,0.792178
1677108376,113555518,0.314556,0.566763,0.381695,0.490269,-0.198991,-0.305038,0.791827
1677108376,122915070,0.314874,0.566879,0.380383,0.491548,-0.198279,-0.304604,0.791380
1677108376,133013426,0.314990,0.567009,0.379159,0.492700,-0.198096,-0.305390,0.790406
1677108376,143284517,0.315221,0.567133,0.377928,0.494416,-0.197783,-0.304792,0.789643
1677108376,153014858,0.315231,0.567259,0.376749,0.495439,-0.197630,-0.305056,0.788938
1677108376,163176407,0.315316,0.567437,0.375485,0.496512,-0.198187,-0.304791,0.788226
1677108376,172523446,0.315449,0.567609,0.374212,0.497323,-0.199268,-0.304144,0.787692
1677108376,182985329,0.315504,0.567622,0.372985,0.497376,-0.200347,-0.303529,0.787622
1677108376,193026722,0.315717,0.567832,0.371630,0.498241,-0.202084,-0.302936,0.786859
1677108376,202363456,0.315719,0.568086,0.370267,0.498953,-0.201963,-0.302947,0.786435
1677108376,212782382,0.316010,0.568334,0.368885,0.499920,-0.202786,-0.301884,0.786017
1677108376,223059840,0.316248,0.568594,0.367425,0.500695,-0.202614,-0.301267,0.785805
1677108376,233033888,0.316515,0.568991,0.365915,0.501906,-0.201889,-0.300859,0.785376
1677108376,243161668,0.317022,0.569271,0.364336,0.502848,-0.202035,-0.299421,0.785285
1677108376,252730737,0.317185,0.569574,0.362841,0.502869,-0.201095,-0.299505,0.785481
1677108376,262953502,0.317581,0.569931,0.361284,0.503620,-0.200973,-0.299108,0.785182
1677108376,272881515,0.318046,0.570282,0.359711,0.504426,-0.201031,-0.298419,0.784912
1677108376,282447622,0.318415,0.570648,0.358141,0.505246,-0.201111,-0.298443,0.784354
1677108376,292878233,0.318844,0.570932,0.356629,0.505984,-0.200759,-0.297740,0.784236
1677108376,302840311,0.319169,0.571168,0.355181,0.506447,-0.200549,-0.297472,0.784093
1677108376,313065358,0.319603,0.571471,0.353710,0.507345,-0.200867,-0.296827,0.783676
1677108376,323941439,0.320005,0.571913,0.352204,0.508526,-0.201003,-0.296202,0.783112
1677108376,332929910,0.320437,0.572156,0.350726,0.509021,-0.201802,-0.294903,0.783075
1677108376,342240079,0.320549,0.572598,0.349258,0.509916,-0.201098,-0.294782,0.782719
1677108376,352234800,0.320956,0.572955,0.347731,0.511090,-0.202211,-0.293084,0.782304
1677108376,362280071,0.321021,0.573334,0.346289,0.511551,-0.201074,-0.292473,0.782525
1677108376,372496537,0.321301,0.573703,0.344855,0.512157,-0.201314,-0.291130,0.782567
1677108376,383169423,0.321570,0.574077,0.343427,0.512650,-0.202234,-0.290251,0.782333
1677108376,392839688,0.322068,0.574251,0.342137,0.512752,-0.204058,-0.287749,0.782717
1677108376,403090242,0.321650,0.575093,0.340679,0.514114,-0.200499,-0.287869,0.782700
1677108376,412676707,0.321891,0.575444,0.339348,0.514502,-0.201944,-0.286293,0.782650
1677108376,422484093,0.322016,0.575697,0.338114,0.514481,-0.203149,-0.285079,0.782796
1677108376,433453890,0.322077,0.576198,0.336825,0.515476,-0.204265,-0.284781,0.781959
1677108376,443044658,0.322178,0.576488,0.335573,0.516264,-0.205296,-0.284087,0.781422
1677108376,452765549,0.322225,0.576793,0.334357,0.517279,-0.205389,-0.283180,0.781055
1677108376,463136714,0.322403,0.577090,0.333119,0.518312,-0.207019,-0.282591,0.780153
1677108376,472915664,0.322581,0.577420,0.331786,0.519695,-0.207326,-0.281270,0.779628
1677108376,482726906,0.322557,0.577659,0.330514,0.519937,-0.206925,-0.280736,0.779766
1677108376,493168148,0.322900,0.578106,0.329091,0.521280,-0.207568,-0.279674,0.779080
1677108376,502963900,0.323151,0.578451,0.327723,0.521920,-0.207592,-0.278734,0.778982
1677108376,513339750,0.323445,0.578840,0.326312,0.522706,-0.207483,-0.277896,0.778783
1677108376,522801105,0.323643,0.579151,0.324947,0.523140,-0.206906,-0.277216,0.778887
1677108376,533134539,0.323915,0.579532,0.323522,0.524301,-0.206592,-0.276923,0.778294
1677108376,542967426,0.324217,0.579690,0.322150,0.524745,-0.206141,-0.276189,0.778375
1677108376,552944929,0.324719,0.580021,0.320775,0.526637,-0.206496,-0.275446,0.777266
1677108376,562934360,0.325086,0.580290,0.319444,0.528255,-0.205570,-0.274743,0.776662
1677108376,572715336,0.325565,0.580132,0.318226,0.526707,-0.209467,-0.277161,0.775812
1677108376,582675380,0.325869,0.580329,0.317014,0.528117,-0.209070,-0.277064,0.774995
1677108376,592908734,0.326187,0.580627,0.315779,0.529905,-0.208640,-0.277008,0.773910
1677108376,603099060,0.326342,0.580918,0.314582,0.531406,-0.207404,-0.276731,0.773312
1677108376,612867795,0.326764,0.581219,0.313312,0.532572,-0.207859,-0.275827,0.772710
1677108376,623109555,0.327270,0.581725,0.311931,0.534809,-0.206451,-0.273978,0.772200
1677108376,633189100,0.327535,0.581955,0.310739,0.535850,-0.206739,-0.274531,0.771205
1677108376,643076748,0.327774,0.582066,0.309551,0.535341,-0.207650,-0.276049,0.770771
1677108376,653028968,0.328273,0.582296,0.308357,0.535350,-0.209468,-0.276335,0.770170
1677108376,662836486,0.328701,0.582572,0.307137,0.535291,-0.210522,-0.276617,0.769823
1677108376,673100013,0.329152,0.582826,0.305961,0.535356,-0.212553,-0.277070,0.769056
1677108376,682358817,0.329492,0.583009,0.304854,0.535502,-0.213746,-0.277202,0.768576
1677108376,693211600,0.329912,0.583272,0.303746,0.536438,-0.215079,-0.276975,0.767633
1677108376,703169673,0.330059,0.584006,0.302391,0.538958,-0.208510,-0.275068,0.768365
1677108376,713115958,0.330271,0.584338,0.301386,0.540120,-0.208360,-0.274892,0.767653
1677108376,723068786,0.330694,0.584688,0.300418,0.541740,-0.208583,-0.273520,0.766940
1677108376,732669436,0.330840,0.584961,0.299588,0.542849,-0.208100,-0.273073,0.766447
1677108376,742709719,0.330763,0.585256,0.298846,0.544147,-0.207934,-0.273457,0.765434
1677108376,753137359,0.330990,0.585544,0.298045,0.546803,-0.209457,-0.272302,0.763535
1677108376,762965127,0.330883,0.585558,0.297386,0.548234,-0.209919,-0.271419,0.762696
1677108376,772525158,0.330817,0.585644,0.296709,0.550149,-0.210915,-0.270156,0.761489
1677108376,783460590,0.330910,0.585964,0.295955,0.552656,-0.212280,-0.268663,0.759822
1677108376,793582161,0.330947,0.586149,0.295218,0.553797,-0.216044,-0.268528,0.757975
1677108376,802819448,0.331049,0.586522,0.294383,0.554964,-0.216404,-0.266995,0.757561
1677108376,812689328,0.331096,0.587026,0.293481,0.555652,-0.216355,-0.266408,0.757276
1677108376,822565163,0.331395,0.587492,0.292571,0.555664,-0.217234,-0.265875,0.757204
1677108376,832317003,0.331500,0.588131,0.291551,0.555945,-0.212747,-0.264743,0.758667
1677108376,842621709,0.331847,0.588787,0.290536,0.555979,-0.212518,-0.264774,0.758695
1677108376,853024321,0.332324,0.589218,0.289571,0.555164,-0.212943,-0.264040,0.759428
1677108376,863067306,0.332565,0.590060,0.288511,0.555632,-0.211847,-0.264901,0.759093
1677108376,872848393,0.332954,0.590407,0.287516,0.554362,-0.212338,-0.264589,0.759992
1677108376,882762784,0.333631,0.590761,0.286437,0.553893,-0.213656,-0.262093,0.760829
1677108376,892891323,0.333674,0.591383,0.285428,0.554207,-0.212575,-0.263890,0.760282
1677108376,902648745,0.333982,0.591952,0.284394,0.555304,-0.212460,-0.264188,0.759410
1677108376,912766464,0.334134,0.592336,0.283440,0.556010,-0.212032,-0.264829,0.758789
1677108376,922701137,0.334357,0.592520,0.282518,0.556304,-0.212206,-0.265318,0.758354
1677108376,932119948,0.334639,0.592697,0.281657,0.557249,-0.212143,-0.265335,0.757671
1677108376,942408525,0.335017,0.593013,0.280764,0.559107,-0.212379,-0.265290,0.756251
1677108376,952369955,0.335100,0.593277,0.279927,0.560601,-0.211750,-0.266123,0.755028
1677108376,963271282,0.335406,0.593475,0.279042,0.561767,-0.211457,-0.265289,0.754537
1677108376,973250467,0.335455,0.593834,0.278196,0.562380,-0.210831,-0.265817,0.754070
1677108376,983449833,0.335693,0.594308,0.277284,0.563149,-0.211000,-0.265395,0.753597
1677108376,993695427,0.335899,0.594847,0.276365,0.563278,-0.210934,-0.265048,0.753641
1677108377,3293723,0.336052,0.595444,0.275438,0.563051,-0.211169,-0.265028,0.753752
1677108377,13238921,0.336202,0.595968,0.274534,0.562147,-0.211205,-0.265022,0.754418
1677108377,23223163,0.336505,0.596565,0.273605,0.561788,-0.211980,-0.264553,0.754632
1677108377,33540040,0.337093,0.597400,0.272583,0.563079,-0.212190,-0.262984,0.754159
1677108377,43472345,0.337287,0.597809,0.271791,0.562004,-0.213692,-0.263119,0.754490
1677108377,53194905,0.337445,0.598347,0.270947,0.561796,-0.214283,-0.263018,0.754513
1677108377,63700567,0.337469,0.598794,0.270185,0.561188,-0.214464,-0.263093,0.754887
1677108377,73278123,0.337740,0.599432,0.269348,0.561918,-0.215415,-0.262656,0.754226
1677108377,82758148,0.338019,0.599988,0.268542,0.562268,-0.216147,-0.261891,0.754021
1677108377,93419867,0.338027,0.600382,0.267802,0.561655,-0.215367,-0.261454,0.754853
1677108377,103052853,0.338383,0.601034,0.266981,0.562452,-0.216223,-0.260999,0.754171
1677108377,112872684,0.338564,0.601732,0.266108,0.562920,-0.215839,-0.261224,0.753855
1677108377,122919389,0.338792,0.602202,0.265256,0.562017,-0.215740,-0.260712,0.754733
1677108377,133011722,0.339142,0.602866,0.264287,0.562337,-0.215778,-0.261883,0.754078
1677108377,143093682,0.339408,0.603350,0.263388,0.561289,-0.215299,-0.262518,0.754775
1677108377,152698137,0.339899,0.603871,0.262427,0.560603,-0.215665,-0.263001,0.755012
1677108377,163267047,0.340356,0.604378,0.261497,0.560402,-0.214965,-0.263473,0.755196
1677108377,172872365,0.341033,0.604765,0.260562,0.560266,-0.215365,-0.263146,0.755297
1677108377,183555170,0.341557,0.605887,0.259483,0.563185,-0.213781,-0.263874,0.753319
1677108377,193184243,0.341870,0.606363,0.258624,0.562648,-0.213901,-0.266028,0.752930
1677108377,202908510,0.342137,0.606708,0.257809,0.562006,-0.212854,-0.266515,0.753533
1677108377,213246204,0.342386,0.607032,0.256958,0.560962,-0.212420,-0.267210,0.754187
1677108377,223015647,0.342814,0.607728,0.255974,0.561277,-0.212803,-0.267725,0.753662
1677108377,232970846,0.342921,0.608527,0.254971,0.561416,-0.211227,-0.268813,0.753615
1677108377,242994251,0.343428,0.609052,0.254078,0.561229,-0.212819,-0.269156,0.753184
1677108377,252782094,0.343973,0.609791,0.253131,0.561795,-0.213786,-0.269140,0.752493
1677108377,263007389,0.344364,0.610433,0.252178,0.562060,-0.213319,-0.269146,0.752425
1677108377,272621565,0.344647,0.610898,0.251276,0.561698,-0.211735,-0.268718,0.753296
1677108377,282681410,0.344801,0.611382,0.250355,0.560914,-0.209837,-0.268802,0.754380
1677108377,293325919,0.345095,0.611854,0.249438,0.560033,-0.208174,-0.268195,0.755710
1677108377,302802111,0.345115,0.612322,0.248489,0.558365,-0.206300,-0.269347,0.757048
1677108377,312938018,0.345556,0.612905,0.247486,0.557771,-0.206248,-0.269185,0.757557
1677108377,322814995,0.345824,0.613510,0.246480,0.556856,-0.205640,-0.270097,0.758071
1677108377,332947237,0.346485,0.614187,0.245321,0.556711,-0.206973,-0.269925,0.757876
1677108377,342989179,0.346821,0.614857,0.244343,0.557007,-0.205969,-0.269987,0.757910
1677108377,353212828,0.347245,0.615304,0.243363,0.556484,-0.205646,-0.269964,0.758389
1677108377,363043987,0.347350,0.615898,0.242398,0.556183,-0.203865,-0.271328,0.758605
1677108377,373162743,0.347901,0.616361,0.241382,0.555903,-0.204014,-0.270830,0.758947
1677108377,382683405,0.348162,0.616919,0.240362,0.555602,-0.202743,-0.271717,0.759191
1677108377,393237861,0.348528,0.617357,0.239374,0.554679,-0.202165,-0.272483,0.759746
1677108377,402838569,0.349007,0.617824,0.238334,0.554572,-0.201596,-0.272814,0.759856
1677108377,412423490,0.349469,0.618344,0.237385,0.554661,-0.200863,-0.273212,0.759842
1677108377,422494649,0.350042,0.618879,0.236355,0.555255,-0.200559,-0.273701,0.759313
1677108377,433055399,0.350405,0.619256,0.235394,0.554905,-0.199044,-0.274038,0.759846
1677108377,443021307,0.350844,0.619695,0.234417,0.554683,-0.198956,-0.275232,0.759599
1677108377,453258257,0.351326,0.620202,0.233388,0.554807,-0.198784,-0.276210,0.759199
1677108377,462949552,0.351858,0.620818,0.232389,0.555380,-0.198992,-0.277147,0.758383
1677108377,472464916,0.352334,0.621115,0.231469,0.554472,-0.198929,-0.277973,0.758761
1677108377,482195039,0.352794,0.621590,0.230567,0.554684,-0.198334,-0.278626,0.758522
1677108377,492840005,0.353031,0.621979,0.229712,0.554068,-0.196569,-0.279800,0.759000
1677108377,502982129,0.353424,0.622224,0.228923,0.553537,-0.195207,-0.279738,0.759762
1677108377,512129739,0.353614,0.622578,0.228143,0.552818,-0.193611,-0.280811,0.760297
1677108377,522674157,0.354131,0.623045,0.227335,0.553271,-0.193014,-0.280588,0.760202
1677108377,532385666,0.354379,0.623517,0.226578,0.553188,-0.191539,-0.281336,0.760359
1677108377,543182445,0.354752,0.623930,0.225784,0.552954,-0.191440,-0.281913,0.760341
1677108377,552501002,0.355183,0.624356,0.225020,0.553000,-0.191220,-0.281656,0.760457
1677108377,562768273,0.355529,0.624767,0.224250,0.552335,-0.191859,-0.282594,0.760432
1677108377,572649361,0.355855,0.625217,0.223510,0.552056,-0.192204,-0.283079,0.760367
1677108377,583058403,0.356147,0.625654,0.222740,0.551575,-0.192632,-0.283970,0.760276
1677108377,593088808,0.356629,0.626010,0.221983,0.550823,-0.193826,-0.284033,0.760494
1677108377,602962443,0.356906,0.626426,0.221212,0.550406,-0.193400,-0.284437,0.760753
1677108377,613208022,0.357193,0.626933,0.220419,0.550136,-0.192730,-0.284830,0.760972
1677108377,623308035,0.357539,0.627440,0.219614,0.549891,-0.192264,-0.285274,0.761100
1677108377,632595231,0.357983,0.628012,0.218783,0.549944,-0.191886,-0.285431,0.761098
1677108377,642947871,0.358077,0.628542,0.217993,0.549102,-0.190343,-0.286938,0.761526
1677108377,652978131,0.358519,0.628818,0.217225,0.548114,-0.191085,-0.287040,0.762014
1677108377,663184543,0.358859,0.629337,0.216420,0.547991,-0.191278,-0.288056,0.761671
1677108377,672498210,0.358992,0.629579,0.215755,0.546736,-0.190713,-0.289351,0.762223
1677108377,683208853,0.359639,0.629840,0.215024,0.546935,-0.192299,-0.289154,0.761757
1677108377,692541165,0.359944,0.630350,0.214300,0.547553,-0.191812,-0.290664,0.760860
1677108377,702567420,0.360302,0.630620,0.213635,0.547179,-0.191739,-0.291813,0.760708
1677108377,713311062,0.360812,0.630837,0.212938,0.546784,-0.192539,-0.293078,0.760303
1677108377,723044617,0.361251,0.631159,0.212213,0.546848,-0.192385,-0.294740,0.759654
1677108377,733084563,0.361628,0.631373,0.211506,0.546514,-0.191025,-0.296358,0.759608
1677108377,742963321,0.362163,0.631742,0.210768,0.546849,-0.190093,-0.298096,0.758920
1677108377,753244887,0.362723,0.631955,0.210064,0.546648,-0.189278,-0.299468,0.758728
1677108377,763310987,0.363216,0.632191,0.209339,0.546520,-0.188233,-0.300909,0.758511
1677108377,773123504,0.363580,0.632493,0.208661,0.546466,-0.186886,-0.302765,0.758144
1677108377,783589808,0.363892,0.632739,0.207991,0.546084,-0.185780,-0.304872,0.757846
1677108377,792701943,0.364626,0.633041,0.207275,0.546574,-0.186472,-0.305638,0.757014
1677108377,803125454,0.365018,0.633170,0.206630,0.545800,-0.186231,-0.307058,0.757057
1677108377,813487525,0.365500,0.633546,0.205960,0.545501,-0.187137,-0.309408,0.756092
1677108377,823288333,0.365820,0.633803,0.205315,0.544771,-0.187080,-0.311543,0.755756
1677108377,833392420,0.366208,0.634024,0.204727,0.543927,-0.187214,-0.313200,0.755645
1677108377,843013496,0.366624,0.634344,0.204111,0.543471,-0.187271,-0.314885,0.755259
1677108377,852702424,0.367015,0.634699,0.203485,0.543137,-0.187020,-0.316078,0.755064
1677108377,862523548,0.367475,0.635269,0.202800,0.543250,-0.187006,-0.317036,0.754584
1677108377,873178084,0.367847,0.635723,0.202159,0.542695,-0.186839,-0.317526,0.754818
1677108377,882895379,0.367990,0.636242,0.201560,0.541526,-0.185811,-0.318279,0.755594
1677108377,893150533,0.368265,0.636907,0.200898,0.540795,-0.186181,-0.318597,0.755893
1677108377,902984243,0.368616,0.637536,0.200244,0.540014,-0.187044,-0.317919,0.756523
1677108377,912673065,0.368824,0.638181,0.199594,0.538835,-0.188112,-0.317899,0.757107
1677108377,922188384,0.368890,0.638788,0.199024,0.537247,-0.189182,-0.318160,0.757859
1677108377,933318392,0.369168,0.639436,0.198412,0.536525,-0.190805,-0.317527,0.758229
1677108377,943028683,0.369301,0.640039,0.197872,0.535559,-0.191598,-0.317060,0.758907
1677108377,953121247,0.369401,0.640647,0.197309,0.534872,-0.192398,-0.316771,0.759310
1677108377,963279230,0.369599,0.641206,0.196736,0.534231,-0.193145,-0.316280,0.759776
1677108377,972885424,0.369771,0.641810,0.196175,0.533861,-0.193592,-0.316002,0.760038
1677108377,983146916,0.369883,0.642303,0.195613,0.533381,-0.193013,-0.315833,0.760592
1677108377,993029915,0.370142,0.642968,0.194979,0.533878,-0.192164,-0.315652,0.760533
1677108378,3208997,0.370464,0.643434,0.194400,0.533444,-0.192202,-0.315502,0.760890
1677108378,13294087,0.370726,0.644022,0.193785,0.533064,-0.191718,-0.316219,0.760982
1677108378,22783570,0.370982,0.644509,0.193154,0.532350,-0.191738,-0.317103,0.761108
1677108378,33510713,0.371448,0.644968,0.192582,0.532139,-0.193101,-0.317981,0.760544
1677108378,43096186,0.371712,0.645369,0.192062,0.531880,-0.192964,-0.319313,0.760202
1677108378,52911932,0.372045,0.645520,0.191641,0.531271,-0.193757,-0.320511,0.759922
1677108378,63237383,0.372390,0.645845,0.191176,0.531658,-0.194177,-0.322179,0.758838
1677108378,73078838,0.372868,0.646088,0.190735,0.532387,-0.194808,-0.323301,0.757688
1677108378,83114662,0.373275,0.646182,0.190311,0.532089,-0.195016,-0.324597,0.757289
1677108378,93199074,0.373610,0.646422,0.189856,0.531983,-0.194381,-0.326211,0.756833
1677108378,102952005,0.374110,0.646752,0.189389,0.532127,-0.194665,-0.328121,0.755833
1677108378,113356139,0.374565,0.646888,0.188969,0.531162,-0.194737,-0.329044,0.756092
1677108378,123081093,0.374874,0.647097,0.188558,0.530057,-0.195052,-0.331175,0.755856
1677108378,132976098,0.375318,0.647319,0.188173,0.529232,-0.196698,-0.332484,0.755432
1677108378,142913008,0.375550,0.647578,0.187817,0.528565,-0.197208,-0.333966,0.755112
1677108378,153164676,0.376036,0.647806,0.187454,0.528401,-0.198974,-0.334367,0.754586
1677108378,163217040,0.376200,0.647999,0.187219,0.527710,-0.199095,-0.334899,0.754802
1677108378,173394437,0.376485,0.648255,0.186923,0.528238,-0.198766,-0.334031,0.754904
1677108378,183365729,0.376663,0.648678,0.186643,0.528765,-0.198641,-0.334169,0.754506
1677108378,193028020,0.376701,0.648937,0.186413,0.528202,-0.198188,-0.333725,0.755216
1677108378,203109991,0.376812,0.649267,0.186132,0.527842,-0.199048,-0.333466,0.755356
1677108378,212866387,0.376973,0.649693,0.185801,0.527728,-0.199829,-0.332889,0.755485
1677108378,222362653,0.377062,0.650029,0.185485,0.527173,-0.200935,-0.332799,0.755618
1677108378,232714189,0.377051,0.650279,0.185192,0.525946,-0.201502,-0.333030,0.756220
1677108378,242511746,0.377293,0.650683,0.184837,0.526122,-0.202507,-0.332721,0.755965
1677108378,252941636,0.377487,0.650974,0.184460,0.525636,-0.203460,-0.332885,0.755975
1677108378,263029304,0.377697,0.651338,0.184046,0.525399,-0.203401,-0.333063,0.756077
1677108378,273580904,0.378019,0.651603,0.183569,0.525033,-0.203554,-0.333040,0.756301
1677108378,283510989,0.378035,0.651973,0.183150,0.524177,-0.201545,-0.334107,0.756961
1677108378,293017940,0.378430,0.652489,0.182576,0.524406,-0.201057,-0.334746,0.756650
1677108378,302890150,0.378822,0.652869,0.182051,0.524091,-0.200276,-0.334764,0.757067
1677108378,313195397,0.379260,0.653375,0.181516,0.523867,-0.200507,-0.335128,0.757001
1677108378,322822300,0.379550,0.653709,0.181015,0.522777,-0.200430,-0.335539,0.757592
1677108378,332642026,0.379710,0.654160,0.180584,0.521791,-0.200688,-0.337018,0.757547
1677108378,342985044,0.379936,0.654482,0.180176,0.521206,-0.200818,-0.337141,0.757860
1677108378,352722389,0.380268,0.654921,0.179740,0.521655,-0.201280,-0.337276,0.757368
1677108378,362526031,0.380471,0.655340,0.179339,0.521775,-0.200814,-0.337352,0.757376
1677108378,372771923,0.380553,0.655812,0.178958,0.521857,-0.199130,-0.337402,0.757742
1677108378,383276996,0.380816,0.656352,0.178520,0.522066,-0.198058,-0.336795,0.758148
1677108378,393006786,0.381076,0.656968,0.178041,0.522082,-0.197254,-0.336564,0.758449
1677108378,403291234,0.381310,0.657470,0.177652,0.521186,-0.197068,-0.336386,0.759192
1677108378,413508306,0.381492,0.658081,0.177243,0.520766,-0.196465,-0.336370,0.759645
1677108378,423636110,0.381835,0.658575,0.176862,0.520447,-0.197190,-0.336069,0.759809
1677108378,433357106,0.381983,0.659075,0.176583,0.519893,-0.196922,-0.336275,0.760165
1677108378,443580392,0.382211,0.659483,0.176323,0.519663,-0.196603,-0.335780,0.760624
1677108378,452950370,0.382434,0.659972,0.176094,0.519646,-0.196807,-0.335788,0.760580
1677108378,463272115,0.382588,0.660517,0.175893,0.519243,-0.196943,-0.336192,0.760641
1677108378,472923607,0.382833,0.660917,0.175729,0.518712,-0.197195,-0.335512,0.761238
1677108378,482913980,0.382997,0.661419,0.175548,0.518045,-0.197015,-0.335052,0.761942
1677108378,492800458,0.383179,0.661955,0.175384,0.517444,-0.197348,-0.334893,0.762333
1677108378,502700543,0.383391,0.662338,0.175253,0.516510,-0.198149,-0.334318,0.763011
1677108378,513204488,0.383491,0.662838,0.175166,0.515912,-0.197606,-0.334172,0.763620
1677108378,522635810,0.383647,0.663210,0.175131,0.515100,-0.198174,-0.333907,0.764137
1677108378,533017645,0.383962,0.663711,0.175043,0.515304,-0.199124,-0.333214,0.764055
1677108378,543135309,0.384079,0.664089,0.175026,0.514593,-0.200099,-0.333605,0.764109
1677108378,553234068,0.384267,0.664445,0.175005,0.514007,-0.200816,-0.333368,0.764419
1677108378,562889717,0.384336,0.664893,0.174989,0.513255,-0.200858,-0.333782,0.764732
1677108378,572457519,0.384582,0.665278,0.174961,0.512640,-0.201421,-0.333270,0.765220
1677108378,582858898,0.384821,0.665649,0.174925,0.512094,-0.201380,-0.332310,0.766013
1677108378,592299594,0.384931,0.666169,0.174831,0.511598,-0.200740,-0.332219,0.766552
1677108378,602588824,0.385166,0.666731,0.174690,0.511470,-0.200437,-0.331472,0.767039
1677108378,612846366,0.385218,0.667311,0.174559,0.510747,-0.199733,-0.331473,0.767704
1677108378,622937391,0.385550,0.667752,0.174384,0.510387,-0.200442,-0.330318,0.768257
1677108378,633079462,0.385589,0.668210,0.174277,0.509428,-0.200352,-0.330170,0.768979
1677108378,642911258,0.385815,0.668696,0.174120,0.509427,-0.200502,-0.329459,0.769247
1677108378,652968549,0.385954,0.668988,0.174047,0.508994,-0.200548,-0.328929,0.769748
1677108378,663102847,0.386067,0.669346,0.173965,0.509145,-0.200374,-0.328828,0.769736
1677108378,672949403,0.386279,0.669636,0.173864,0.509834,-0.200447,-0.328466,0.769416
1677108378,682846528,0.386358,0.669866,0.173755,0.510039,-0.200058,-0.329087,0.769116
1677108378,693058372,0.386526,0.669856,0.173683,0.509543,-0.199788,-0.329006,0.769549
1677108378,703066604,0.386728,0.669946,0.173576,0.509764,-0.199276,-0.329266,0.769424
1677108378,713200397,0.387028,0.670187,0.173397,0.510550,-0.199021,-0.330045,0.768635
1677108378,722479727,0.387375,0.670164,0.173287,0.510149,-0.199141,-0.330833,0.768531
1677108378,733367501,0.387681,0.670291,0.173125,0.510232,-0.198147,-0.331678,0.768369
1677108378,742729017,0.387956,0.670323,0.173007,0.509780,-0.197792,-0.333009,0.768184
1677108378,752610944,0.388317,0.670420,0.172864,0.509988,-0.197301,-0.333926,0.767775
1677108378,762616440,0.388564,0.670505,0.172741,0.509669,-0.196674,-0.335133,0.767622
1677108378,772699458,0.388978,0.670607,0.172602,0.509845,-0.196794,-0.335741,0.767208
1677108378,783374073,0.389346,0.670672,0.172517,0.509687,-0.196394,-0.335759,0.767408
1677108378,793359341,0.389612,0.670928,0.172356,0.509798,-0.195996,-0.336677,0.767033
1677108378,803158591,0.389787,0.671097,0.172253,0.509513,-0.194920,-0.337043,0.767336
1677108378,813086957,0.390077,0.671374,0.172067,0.509557,-0.194537,-0.337450,0.767225
1677108378,823006712,0.390276,0.671542,0.171963,0.509268,-0.193886,-0.337663,0.767488
1677108378,833415543,0.390775,0.671806,0.171764,0.509640,-0.194347,-0.337236,0.767313
1677108378,842664520,0.390826,0.672079,0.171661,0.508949,-0.193499,-0.338330,0.767504
1677108378,852578084,0.390934,0.672214,0.171617,0.508128,-0.193187,-0.338756,0.767938
1677108378,862992374,0.390963,0.672397,0.171624,0.508091,-0.193494,-0.339238,0.767673
1677108378,873174874,0.391092,0.672468,0.171681,0.508411,-0.195021,-0.338993,0.767182
1677108378,882841526,0.391017,0.672625,0.171700,0.507864,-0.195283,-0.339581,0.767218
1677108378,893184528,0.391346,0.672834,0.171566,0.507879,-0.196462,-0.339139,0.767103
1677108378,903127099,0.391543,0.672980,0.171497,0.507486,-0.196650,-0.338732,0.767494
1677108378,912566366,0.391571,0.673211,0.171504,0.507434,-0.196781,-0.339199,0.767289
1677108378,923224297,0.391560,0.673317,0.171531,0.507437,-0.197392,-0.339296,0.767087
1677108378,933282000,0.391631,0.673529,0.171524,0.508011,-0.197699,-0.339248,0.766649
1677108378,943251361,0.391762,0.673639,0.171495,0.507810,-0.197877,-0.338947,0.766870
1677108378,952743967,0.391964,0.673822,0.171423,0.507552,-0.198567,-0.339086,0.766801
1677108378,962812349,0.391901,0.673913,0.171415,0.506758,-0.198087,-0.339322,0.767345
1677108378,972793827,0.392025,0.674158,0.171345,0.507202,-0.198962,-0.339085,0.766930
1677108378,982910218,0.392172,0.674531,0.171236,0.508089,-0.199724,-0.338494,0.766406
1677108378,992929059,0.392200,0.674678,0.171199,0.507468,-0.200465,-0.337773,0.766942
1677108379,3008898,0.392308,0.675095,0.171029,0.507565,-0.201581,-0.336924,0.766959
1677108379,12733137,0.392028,0.675331,0.170987,0.506415,-0.201576,-0.336226,0.768025
1677108379,23129738,0.391855,0.675761,0.170853,0.507033,-0.202752,-0.335103,0.767799
1677108379,33164444,0.391700,0.675980,0.170809,0.507158,-0.203970,-0.332689,0.768443
1677108379,42536376,0.391506,0.676407,0.170666,0.507985,-0.205478,-0.331035,0.768210
1677108379,52426592,0.391089,0.676565,0.170652,0.507091,-0.205611,-0.329578,0.769390
1677108379,63173883,0.390873,0.676832,0.170576,0.507210,-0.206717,-0.328008,0.769687
1677108379,73457549,0.390520,0.677019,0.170607,0.506624,-0.207092,-0.327200,0.770315
1677108379,82872580,0.390420,0.677276,0.170608,0.506271,-0.207569,-0.325995,0.770929
1677108379,93119388,0.390450,0.677577,0.170595,0.505554,-0.207813,-0.324863,0.771812
1677108379,102436293,0.390554,0.677933,0.170576,0.504822,-0.209001,-0.324851,0.771974
1677108379,112640224,0.390479,0.678298,0.170624,0.504660,-0.209519,-0.325531,0.771654
1677108379,122858829,0.390691,0.678661,0.170562,0.505231,-0.210410,-0.325905,0.770880
1677108379,132870592,0.390673,0.678876,0.170525,0.504027,-0.210535,-0.327804,0.770828
1677108379,143019061,0.390745,0.678929,0.170502,0.503320,-0.210484,-0.329044,0.770776
1677108379,153488780,0.390834,0.678894,0.170577,0.503475,-0.210936,-0.330225,0.770046
1677108379,162987508,0.390938,0.678784,0.170621,0.503676,-0.211425,-0.331420,0.769267
1677108379,172459272,0.391228,0.678779,0.170558,0.504106,-0.212126,-0.332859,0.768170
1677108379,182614272,0.391393,0.678670,0.170519,0.503573,-0.212171,-0.334697,0.767708
1677108379,193178940,0.391471,0.678533,0.170581,0.503534,-0.211749,-0.336307,0.767146
1677108379,202840421,0.391679,0.678439,0.170617,0.504388,-0.212188,-0.337552,0.765916
1677108379,212949331,0.391786,0.678297,0.170627,0.504563,-0.212254,-0.338780,0.765240
1677108379,223434048,0.391850,0.678195,0.170617,0.504496,-0.211785,-0.339919,0.764909
1677108379,232933919,0.391977,0.678072,0.170634,0.504004,-0.211940,-0.340728,0.764830
1677108379,243352811,0.392003,0.678118,0.170656,0.504475,-0.211907,-0.341413,0.764223
1677108379,252996330,0.392017,0.678062,0.170688,0.504569,-0.212491,-0.341364,0.764021
1677108379,263173369,0.391943,0.678118,0.170626,0.504721,-0.212744,-0.341244,0.763904
1677108379,273028730,0.391711,0.678221,0.170580,0.504797,-0.212676,-0.341231,0.763878
1677108379,283037916,0.391565,0.678241,0.170554,0.504670,-0.213090,-0.340079,0.764360
1677108379,293380699,0.391347,0.678357,0.170564,0.504859,-0.213803,-0.339271,0.764396
1677108379,302880353,0.391237,0.678522,0.170609,0.504841,-0.214761,-0.338363,0.764541
1677108379,313083580,0.391104,0.678726,0.170596,0.504385,-0.215005,-0.337943,0.764959
1677108379,322641974,0.391047,0.678984,0.170539,0.504491,-0.215981,-0.338431,0.764399
1677108379,332906908,0.391177,0.679235,0.170484,0.505264,-0.217868,-0.338756,0.763208
1677108379,343365959,0.391250,0.679356,0.170441,0.505475,-0.219311,-0.339750,0.762213
1677108379,353117696,0.391393,0.679566,0.170345,0.505805,-0.220467,-0.341226,0.760999
1677108379,363550956,0.391643,0.679691,0.170233,0.506138,-0.221481,-0.342086,0.760097
1677108379,373327074,0.391782,0.679843,0.170127,0.506559,-0.222345,-0.343281,0.759025
1677108379,383113587,0.391993,0.679966,0.170023,0.507848,-0.223791,-0.343526,0.757626
1677108379,393565856,0.392049,0.680092,0.169892,0.508988,-0.225254,-0.344084,0.756173
1677108379,402814576,0.391954,0.680117,0.169768,0.509320,-0.225691,-0.344271,0.755734
1677108379,412156399,0.391947,0.680302,0.169591,0.510486,-0.226313,-0.343940,0.754911
1677108379,422216708,0.391855,0.680449,0.169473,0.511191,-0.227190,-0.343852,0.754211
1677108379,432212992,0.391808,0.680549,0.169365,0.511866,-0.228213,-0.343091,0.753791
1677108379,442180480,0.391673,0.680692,0.169275,0.512689,-0.228627,-0.342184,0.753518
1677108379,452781091,0.391762,0.680900,0.169162,0.513552,-0.229654,-0.340762,0.753262
1677108379,462539787,0.391702,0.681030,0.169083,0.513686,-0.230267,-0.339789,0.753424
1677108379,472870092,0.391567,0.681288,0.169015,0.513876,-0.230500,-0.339437,0.753381
1677108379,483117050,0.391624,0.681455,0.168920,0.514132,-0.231176,-0.337793,0.753739
1677108379,493083097,0.391679,0.681734,0.168793,0.514841,-0.232075,-0.336836,0.753407
1677108379,503321464,0.391688,0.682048,0.168671,0.515700,-0.233219,-0.335991,0.752843
1677108379,512762257,0.391722,0.682141,0.168596,0.516078,-0.234377,-0.334489,0.752893
1677108379,522971721,0.391566,0.682404,0.168519,0.516714,-0.234552,-0.334619,0.752345
1677108379,533152165,0.391585,0.682622,0.168465,0.517148,-0.234442,-0.334510,0.752129
1677108379,543498904,0.391772,0.682878,0.168379,0.517791,-0.234698,-0.334658,0.751540
1677108379,552452871,0.391958,0.683041,0.168339,0.518079,-0.234868,-0.334649,0.751293
1677108379,562998419,0.392068,0.683176,0.168346,0.518349,-0.234697,-0.335108,0.750956
1677108379,572698336,0.392278,0.683334,0.168314,0.518760,-0.234923,-0.335297,0.750517
1677108379,582412379,0.392441,0.683536,0.168281,0.518785,-0.234899,-0.335617,0.750364
1677108379,592974442,0.392549,0.683792,0.168252,0.519063,-0.234830,-0.336199,0.749932
1677108379,603342832,0.392680,0.683952,0.168266,0.518893,-0.234955,-0.336105,0.750053
1677108379,612996230,0.392746,0.684253,0.168220,0.519283,-0.234897,-0.336267,0.749729
1677108379,623002135,0.392840,0.684483,0.168233,0.519254,-0.235326,-0.336207,0.749641
1677108379,632752778,0.392829,0.684725,0.168265,0.518822,-0.235055,-0.336204,0.750026
1677108379,642694004,0.392927,0.684955,0.168273,0.518605,-0.234962,-0.335579,0.750485
1677108379,652640377,0.393230,0.685344,0.168230,0.519029,-0.236022,-0.334813,0.750202
1677108379,663177825,0.393376,0.685732,0.168187,0.519277,-0.236181,-0.334436,0.750149
1677108379,673308572,0.393445,0.685991,0.168163,0.518998,-0.236312,-0.333972,0.750507
1677108379,683035653,0.393534,0.686301,0.168141,0.519052,-0.236610,-0.333471,0.750599
1677108379,692971700,0.393583,0.686583,0.168088,0.519485,-0.236578,-0.332761,0.750624
1677108379,702891107,0.393691,0.686923,0.167975,0.520158,-0.236996,-0.332045,0.750343
1677108379,713045746,0.393759,0.687156,0.167842,0.520748,-0.238190,-0.331401,0.749840
1677108379,723288541,0.393681,0.687450,0.167734,0.521643,-0.238574,-0.330958,0.749292
1677108379,733603628,0.393685,0.687692,0.167684,0.522416,-0.239248,-0.329896,0.749006
1677108379,743161297,0.393514,0.687878,0.167667,0.522466,-0.239213,-0.329391,0.749205
1677108379,753107954,0.393554,0.688012,0.167625,0.522473,-0.239244,-0.327698,0.749932
1677108379,763239177,0.393590,0.688231,0.167594,0.522830,-0.239628,-0.326579,0.750049
1677108379,772720106,0.393624,0.688371,0.167625,0.523095,-0.239911,-0.325375,0.750297
1677108379,782627827,0.393643,0.688545,0.167667,0.523292,-0.240141,-0.324637,0.750405
1677108379,793834974,0.393728,0.688645,0.167707,0.523417,-0.239776,-0.323226,0.751044
1677108379,802778471,0.393788,0.688777,0.167701,0.522896,-0.239743,-0.322852,0.751578
1677108379,812754327,0.393982,0.688896,0.167631,0.523443,-0.239877,-0.321645,0.751672
1677108379,822794952,0.394010,0.688846,0.167644,0.523644,-0.239703,-0.320989,0.751868
1677108379,833255397,0.393903,0.688773,0.167589,0.523907,-0.239194,-0.321090,0.751804
1677108379,842650266,0.394062,0.688576,0.167518,0.524508,-0.239551,-0.319919,0.751770
1677108379,852245681,0.394260,0.688552,0.167359,0.525647,-0.239963,-0.319743,0.750917
1677108379,862653089,0.394288,0.688238,0.167294,0.525880,-0.239785,-0.319660,0.750847
1677108379,872913367,0.394311,0.688038,0.167216,0.526863,-0.239135,-0.319892,0.750266
1677108379,883581633,0.394398,0.687774,0.167178,0.527603,-0.238737,-0.320417,0.749649
1677108379,893528087,0.394612,0.687507,0.167118,0.528634,-0.237820,-0.320361,0.749237
1677108379,903242679,0.394796,0.687267,0.167010,0.529191,-0.237269,-0.321360,0.748591
1677108379,913497185,0.395132,0.686973,0.166891,0.530076,-0.236633,-0.321679,0.748029
1677108379,922817235,0.395550,0.686734,0.166732,0.531612,-0.236155,-0.322051,0.746929
1677108379,932900839,0.395767,0.686342,0.166620,0.532608,-0.235657,-0.322777,0.746063
1677108379,942969407,0.396085,0.685871,0.166542,0.534062,-0.235059,-0.322518,0.745324
1677108379,952843444,0.396279,0.685486,0.166418,0.535306,-0.234527,-0.323357,0.744234
1677108379,962933198,0.396613,0.685010,0.166281,0.536556,-0.233830,-0.323119,0.743657
1677108379,972831520,0.396845,0.684672,0.166131,0.538016,-0.232697,-0.323477,0.742801
1677108379,982649218,0.397296,0.684340,0.166021,0.539945,-0.232555,-0.323557,0.741410
1677108379,992917259,0.397580,0.683785,0.165993,0.540861,-0.231532,-0.323445,0.741111
1677108380,2721383,0.397941,0.683334,0.165907,0.541668,-0.230383,-0.323952,0.740659
1677108380,13183294,0.398593,0.683078,0.165798,0.543319,-0.230659,-0.324759,0.739008
1677108380,23167845,0.399009,0.682647,0.165773,0.543657,-0.229413,-0.325995,0.738603
1677108380,33334458,0.399738,0.682238,0.165688,0.544440,-0.229954,-0.327057,0.737387
1677108380,43273074,0.400166,0.681903,0.165695,0.544786,-0.228912,-0.329504,0.736366
1677108380,52853142,0.400894,0.681727,0.165646,0.545871,-0.228827,-0.331137,0.734855
1677108380,63235143,0.401509,0.681462,0.165562,0.545853,-0.228784,-0.333278,0.733913
1677108380,72903194,0.402261,0.681352,0.165434,0.546666,-0.229028,-0.334651,0.732606
1677108380,83258858,0.402640,0.681266,0.165361,0.546751,-0.228764,-0.336193,0.731918
1677108380,93262807,0.403185,0.681224,0.165299,0.547027,-0.229744,-0.336718,0.731164
1677108380,102733837,0.403754,0.681572,0.165186,0.548093,-0.230793,-0.336812,0.729990
1677108380,113473543,0.404030,0.681942,0.165119,0.548081,-0.231127,-0.336711,0.729941
1677108380,123047927,0.404512,0.682390,0.165056,0.548122,-0.232379,-0.335086,0.730260
1677108380,132877166,0.404688,0.682998,0.164983,0.547659,-0.233538,-0.334004,0.730733
1677108380,142830923,0.404874,0.683601,0.164977,0.546893,-0.235144,-0.331508,0.731928
1677108380,153313991,0.405050,0.684520,0.164887,0.546755,-0.236930,-0.328777,0.732686
1677108380,163129206,0.405032,0.685447,0.164874,0.546019,-0.238074,-0.325434,0.734354
1677108380,173461129,0.405100,0.686528,0.164806,0.545454,-0.240493,-0.322117,0.735448
1677108380,182831883,0.404817,0.687504,0.164742,0.543927,-0.241012,-0.318320,0.738058
1677108380,193274062,0.404942,0.688792,0.164587,0.544224,-0.243623,-0.313509,0.739040
1677108380,203312738,0.404872,0.690004,0.164443,0.543844,-0.245697,-0.308582,0.740705
1677108380,212795857,0.404658,0.691150,0.164391,0.543016,-0.248189,-0.303655,0.742516
1677108380,222926774,0.404486,0.692292,0.164364,0.542946,-0.250707,-0.297576,0.744180
1677108380,232713951,0.403958,0.693407,0.164333,0.542664,-0.252635,-0.292049,0.745921
1677108380,242868411,0.403525,0.694417,0.164231,0.542320,-0.255579,-0.285908,0.747546
1677108380,252474231,0.403122,0.695487,0.164049,0.542168,-0.258529,-0.279587,0.749031
1677108380,262493091,0.402536,0.696471,0.163842,0.542148,-0.261004,-0.273324,0.750497
1677108380,272870788,0.401864,0.697441,0.163592,0.542190,-0.263523,-0.267416,0.751714
1677108380,282740806,0.401302,0.698210,0.163402,0.542141,-0.266498,-0.260324,0.753189
1677108380,292349443,0.400569,0.699168,0.163059,0.542414,-0.269299,-0.254934,0.753839
1677108380,302572590,0.399954,0.700087,0.162678,0.542183,-0.272179,-0.248908,0.754984
1677108380,312948376,0.399425,0.701019,0.162243,0.541971,-0.275608,-0.242796,0.755882
1677108380,322575353,0.398813,0.701930,0.161858,0.541396,-0.279180,-0.236821,0.756878
1677108380,333096395,0.398213,0.702741,0.161528,0.540775,-0.283191,-0.230089,0.757908
1677108380,343213950,0.397271,0.703693,0.161097,0.540477,-0.286108,-0.224730,0.758633
1677108380,352843023,0.396463,0.704376,0.160714,0.539043,-0.290074,-0.218543,0.759953
1677108380,363619577,0.395493,0.705359,0.160179,0.538967,-0.292418,-0.213467,0.760551
1677108380,372853017,0.394720,0.706133,0.159797,0.538157,-0.295539,-0.207722,0.761509
1677108380,382838157,0.394046,0.706927,0.159415,0.537708,-0.298743,-0.202429,0.762001
1677108380,392670321,0.393391,0.707645,0.159089,0.537411,-0.301350,-0.197440,0.762493
1677108380,403177251,0.392760,0.708299,0.158805,0.536916,-0.302832,-0.192801,0.763441
1677108380,412900859,0.392256,0.708997,0.158526,0.536910,-0.304185,-0.189424,0.763752
1677108380,423025857,0.392058,0.709536,0.158312,0.536893,-0.305654,-0.185612,0.764114
1677108380,432940779,0.391740,0.710018,0.158116,0.537035,-0.305469,-0.183027,0.764711
1677108380,443269086,0.391625,0.710455,0.157969,0.538149,-0.305485,-0.181186,0.764360
1677108380,452844603,0.391568,0.710795,0.157819,0.539853,-0.304352,-0.179817,0.763933
1677108380,462997912,0.391593,0.710828,0.157738,0.541275,-0.303114,-0.179091,0.763590
1677108380,472354504,0.391897,0.710779,0.157702,0.543401,-0.302157,-0.179160,0.762443
1677108380,482403558,0.392079,0.710555,0.157603,0.545345,-0.300064,-0.180960,0.761455
1677108380,492916081,0.392777,0.710245,0.157653,0.547968,-0.298319,-0.181969,0.760016
1677108380,502909593,0.393349,0.709680,0.157821,0.549800,-0.295529,-0.184938,0.759066
1677108380,513278944,0.394198,0.709068,0.157982,0.552362,-0.292327,-0.188554,0.757554
1677108380,522600884,0.395150,0.708398,0.158223,0.554902,-0.288581,-0.193260,0.755946
1677108380,533654074,0.396403,0.707620,0.158507,0.557236,-0.285302,-0.198857,0.754021
1677108380,543186586,0.397614,0.706594,0.158815,0.558700,-0.281394,-0.205767,0.752550
1677108380,552673332,0.399084,0.705569,0.159192,0.561082,-0.276965,-0.212611,0.750516
1677108380,563212774,0.400403,0.704539,0.159566,0.564067,-0.269864,-0.220145,0.748690
1677108380,573066225,0.402015,0.703410,0.159937,0.567213,-0.263122,-0.227146,0.746620
1677108380,582513934,0.403610,0.702304,0.160222,0.570019,-0.255940,-0.235112,0.744510
1677108380,593399474,0.405175,0.701282,0.160390,0.572351,-0.249278,-0.244142,0.742071
1677108380,602820283,0.406785,0.700169,0.160484,0.574443,-0.243476,-0.252879,0.739451
1677108380,612935639,0.408225,0.699093,0.160488,0.577405,-0.237586,-0.260930,0.736255
1677108380,622755283,0.409450,0.698015,0.160499,0.580372,-0.233811,-0.268502,0.732399
1677108380,632970432,0.410386,0.696785,0.160553,0.582820,-0.231233,-0.274436,0.729065
1677108380,642586572,0.410949,0.695781,0.160489,0.584719,-0.228603,-0.279977,0.726262
1677108380,652766458,0.411484,0.694894,0.160406,0.586072,-0.227209,-0.283368,0.724292
1677108380,663045585,0.411833,0.694245,0.160362,0.587425,-0.226583,-0.285157,0.722688
1677108380,672748295,0.411851,0.693928,0.160319,0.588728,-0.225643,-0.285929,0.721616
1677108380,683276005,0.411726,0.693762,0.160226,0.589485,-0.225771,-0.285632,0.721075
1677108380,693009634,0.411425,0.693987,0.160119,0.589788,-0.226127,-0.284502,0.721162
1677108380,702723969,0.411176,0.694293,0.160080,0.588942,-0.227620,-0.281957,0.722383
1677108380,713233005,0.410509,0.694927,0.160053,0.588091,-0.228621,-0.279402,0.723751
1677108380,723024040,0.409963,0.695678,0.160033,0.586939,-0.231148,-0.275606,0.725338
1677108380,732841159,0.409252,0.696417,0.160029,0.585035,-0.233333,-0.271008,0.727904
1677108380,743012245,0.408524,0.697465,0.159977,0.583858,-0.235585,-0.266638,0.729735
1677108380,753344088,0.407603,0.698340,0.159932,0.582624,-0.237773,-0.262114,0.731649
1677108380,762954687,0.406817,0.699136,0.159883,0.581995,-0.240956,-0.257062,0.732899
1677108380,772423840,0.405926,0.700009,0.159738,0.581763,-0.242975,-0.252665,0.733945
1677108380,783172450,0.405154,0.700836,0.159587,0.581588,-0.244317,-0.248536,0.735047
1677108380,793109057,0.404544,0.701460,0.159465,0.581127,-0.245958,-0.244668,0.736161
1677108380,802820393,0.403865,0.701800,0.159429,0.580174,-0.247049,-0.241597,0.737561
1677108380,813346921,0.403376,0.702252,0.159372,0.580823,-0.247776,-0.239379,0.737530
1677108380,823396073,0.403089,0.702533,0.159358,0.580960,-0.247220,-0.237193,0.738314
1677108380,832641010,0.402997,0.702900,0.159325,0.581643,-0.246049,-0.235980,0.738556
1677108380,843318952,0.402901,0.703086,0.159369,0.582459,-0.244105,-0.235395,0.738744
1677108380,852982954,0.402997,0.703105,0.159448,0.584335,-0.242097,-0.234731,0.738135
1677108380,863305652,0.403018,0.702972,0.159504,0.586638,-0.237572,-0.234975,0.737700
1677108380,872989920,0.403475,0.702750,0.159503,0.589109,-0.232914,-0.234962,0.737221
1677108380,883032972,0.403857,0.702411,0.159477,0.589943,-0.230210,-0.237918,0.736455
1677108380,893416652,0.404386,0.702028,0.159462,0.591107,-0.228719,-0.240737,0.735069
1677108380,902878365,0.404837,0.701484,0.159553,0.592341,-0.227547,-0.242926,0.733717
1677108380,913718027,0.405073,0.701022,0.159586,0.593767,-0.223226,-0.244432,0.733392
1677108380,922699711,0.405618,0.700984,0.159564,0.595278,-0.219459,-0.245285,0.733019
1677108380,932698913,0.405961,0.700821,0.159509,0.595559,-0.214686,-0.245966,0.733975
1677108380,943189410,0.406279,0.700674,0.159583,0.596677,-0.213018,-0.246659,0.733321
1677108380,952944522,0.406282,0.700432,0.159640,0.598218,-0.210862,-0.246494,0.732744
1677108380,962916664,0.406255,0.700252,0.159661,0.599509,-0.208338,-0.245977,0.732584
1677108380,972830711,0.406348,0.700361,0.159597,0.601824,-0.204958,-0.244591,0.732104
1677108380,982809257,0.406318,0.700286,0.159496,0.602964,-0.202340,-0.243916,0.732119
1677108380,992626320,0.406277,0.700168,0.159408,0.604468,-0.200548,-0.242747,0.731760
1677108381,3145948,0.406231,0.700076,0.159356,0.606844,-0.198479,-0.241013,0.730930
1677108381,13125823,0.405940,0.699605,0.159270,0.607058,-0.195859,-0.240517,0.731623
1677108381,22976299,0.406122,0.699659,0.159153,0.608662,-0.193688,-0.239556,0.731183
1677108381,33146406,0.406239,0.699555,0.159005,0.608668,-0.191866,-0.239672,0.731620
1677108381,42834745,0.406379,0.699613,0.158937,0.609972,-0.189937,-0.238766,0.731333
1677108381,52653843,0.406271,0.699610,0.158952,0.611335,-0.187506,-0.237880,0.731111
1677108381,62606144,0.406075,0.699515,0.158987,0.612671,-0.183738,-0.235622,0.731681
1677108381,73283302,0.406036,0.699680,0.158941,0.614505,-0.179897,-0.232897,0.731970
1677108381,83192492,0.405941,0.700031,0.158816,0.616752,-0.176102,-0.230557,0.731743
1677108381,93100447,0.405718,0.700101,0.158769,0.617915,-0.173480,-0.228447,0.732050
1677108381,102835542,0.405345,0.700172,0.158704,0.619765,-0.170510,-0.225940,0.731963
1677108381,113231943,0.405027,0.700282,0.158604,0.621602,-0.168638,-0.223104,0.731708
1677108381,123063395,0.404508,0.700460,0.158525,0.623067,-0.165558,-0.219505,0.732254
1677108381,133677836,0.404140,0.700682,0.158516,0.624257,-0.163780,-0.214831,0.733026
1677108381,143090696,0.403578,0.700989,0.158538,0.625661,-0.161336,-0.210079,0.733748
1677108381,152762896,0.402979,0.701180,0.158569,0.626175,-0.158365,-0.205543,0.735240
1677108381,163202789,0.402812,0.701366,0.158511,0.625761,-0.156569,-0.200866,0.737266
1677108381,173087093,0.402556,0.701677,0.158468,0.625314,-0.154335,-0.198458,0.738767
1677108381,182881007,0.402374,0.701627,0.158531,0.625220,-0.152202,-0.195635,0.740042
1677108381,192660052,0.402273,0.701628,0.158570,0.626432,-0.148451,-0.192530,0.740592
1677108381,203065314,0.402367,0.701692,0.158552,0.627731,-0.144249,-0.189584,0.741082
1677108381,212707272,0.402487,0.701711,0.158461,0.628349,-0.140431,-0.187677,0.741777
1677108381,222857146,0.402587,0.701783,0.158430,0.629979,-0.137098,-0.185852,0.741478
1677108381,233532144,0.402617,0.701665,0.158489,0.632220,-0.133981,-0.183514,0.740722
1677108381,243284825,0.402505,0.701644,0.158560,0.635259,-0.129895,-0.180852,0.739504
1677108381,253185667,0.402451,0.701578,0.158664,0.637799,-0.126214,-0.177868,0.738678
1677108381,263254671,0.402289,0.701411,0.158713,0.639000,-0.122448,-0.175710,0.738791
1677108381,273337127,0.402311,0.701315,0.158782,0.640621,-0.118758,-0.172900,0.738652
1677108381,282806150,0.402288,0.701025,0.158802,0.641616,-0.112724,-0.169673,0.739482
1677108381,293027899,0.402409,0.700797,0.158759,0.641813,-0.106777,-0.167659,0.740652
1677108381,302878043,0.402848,0.700811,0.158688,0.642987,-0.101010,-0.166153,0.740782
1677108381,313698379,0.403323,0.700510,0.158661,0.643497,-0.094776,-0.165467,0.741316
1677108381,322640863,0.403946,0.700140,0.158641,0.645311,-0.087986,-0.164487,0.740794
1677108381,333178900,0.404520,0.699616,0.158573,0.647400,-0.080832,-0.164609,0.739759
1677108381,342735878,0.405180,0.699174,0.158423,0.649759,-0.074488,-0.165292,0.738203
1677108381,353707747,0.405850,0.698534,0.158205,0.651042,-0.069787,-0.166133,0.737342
1677108381,363132779,0.406387,0.697937,0.158013,0.652057,-0.065869,-0.167341,0.736532
1677108381,372700272,0.406843,0.697556,0.157811,0.653857,-0.061547,-0.167277,0.735324
1677108381,382504137,0.406979,0.696995,0.157746,0.655168,-0.056411,-0.166594,0.734724
1677108381,392980663,0.407296,0.696620,0.157715,0.657754,-0.051861,-0.163663,0.733406
1677108381,402926258,0.407349,0.696182,0.157747,0.659767,-0.046755,-0.161157,0.732496
1677108381,412694591,0.407385,0.695786,0.157775,0.661533,-0.041977,-0.158339,0.731806
1677108381,422906091,0.407444,0.695338,0.157754,0.663044,-0.038311,-0.156051,0.731131
1677108381,433239792,0.407481,0.694988,0.157800,0.665183,-0.033981,-0.153213,0.730002
1677108381,442501302,0.407789,0.694572,0.157728,0.667156,-0.031087,-0.149922,0.729013
1677108381,452891546,0.407816,0.694230,0.157722,0.669492,-0.026451,-0.147476,0.727552
1677108381,462663429,0.407856,0.693751,0.157712,0.671311,-0.020766,-0.144330,0.726691
1677108381,472726941,0.408069,0.693279,0.157682,0.673069,-0.016224,-0.140931,0.725847
1677108381,482560820,0.408218,0.692926,0.157674,0.674686,-0.011593,-0.137867,0.725022
1677108381,493076299,0.408314,0.692768,0.157689,0.676158,-0.006440,-0.134785,0.724294
1677108381,502489111,0.408429,0.692542,0.157714,0.676579,-0.001551,-0.131253,0.724576
1677108381,513079551,0.408602,0.692477,0.157799,0.677065,0.003133,-0.127735,0.724747
1677108381,523382506,0.408764,0.692562,0.157957,0.677814,0.008478,-0.124182,0.724621
1677108381,532941840,0.409018,0.692445,0.158150,0.678201,0.012929,-0.120587,0.724800
1677108381,542983055,0.409372,0.692263,0.158374,0.678946,0.016217,-0.117710,0.724509
1677108381,552877623,0.409600,0.692090,0.158556,0.680201,0.019766,-0.115848,0.723544
1677108381,562810418,0.410064,0.691858,0.158727,0.681736,0.022568,-0.113282,0.722422
1677108381,572667315,0.410555,0.691373,0.158842,0.682063,0.025655,-0.110959,0.722371
1677108381,583009587,0.411032,0.691121,0.158890,0.683038,0.028895,-0.109801,0.721504
1677108381,593103174,0.411710,0.691015,0.158815,0.684249,0.032109,-0.108184,0.720464
1677108381,602897165,0.412383,0.690870,0.158661,0.684871,0.035586,-0.107484,0.719814
1677108381,613345262,0.413076,0.690663,0.158429,0.684937,0.038885,-0.107678,0.719552
1677108381,622976763,0.413983,0.690544,0.158150,0.685547,0.042107,-0.107681,0.718788
1677108381,632596662,0.414887,0.690275,0.157866,0.685491,0.045156,-0.108474,0.718538
1677108381,642658375,0.415928,0.690147,0.157554,0.686056,0.047725,-0.109298,0.717708
1677108381,652779792,0.416897,0.689923,0.157248,0.686381,0.051335,-0.109612,0.717099
1677108381,662706840,0.417751,0.689667,0.156930,0.687030,0.054899,-0.110894,0.716016
1677108381,672768989,0.418653,0.689266,0.156573,0.687579,0.057982,-0.111897,0.715089
1677108381,683481712,0.419480,0.688823,0.156174,0.688555,0.061481,-0.112746,0.713723
1677108381,693044656,0.420309,0.688433,0.155682,0.689616,0.064524,-0.113695,0.712278
1677108381,702994432,0.421225,0.688131,0.155236,0.691359,0.066756,-0.114414,0.710265
1677108381,713358852,0.421997,0.687430,0.154766,0.691280,0.070011,-0.115289,0.709886
1677108381,723100836,0.422836,0.687252,0.154285,0.693163,0.072373,-0.116461,0.707619
1677108381,732358750,0.423629,0.686903,0.153752,0.694495,0.074834,-0.116899,0.705982
1677108381,742138268,0.424473,0.686529,0.153174,0.695697,0.076834,-0.117313,0.704514
1677108381,752374347,0.425072,0.686069,0.152603,0.696989,0.079334,-0.118356,0.702783
1677108381,762524874,0.425903,0.685647,0.151964,0.698800,0.080659,-0.118065,0.700880
1677108381,773153496,0.426420,0.685206,0.151424,0.700222,0.083206,-0.118923,0.699016
1677108381,783066672,0.426975,0.684701,0.150825,0.701046,0.085093,-0.119322,0.697894
1677108381,792929766,0.427519,0.684355,0.150247,0.701901,0.087120,-0.119867,0.696690
1677108381,803353583,0.428068,0.684013,0.149722,0.702740,0.088625,-0.119836,0.695659
1677108381,812985954,0.428526,0.683800,0.149340,0.704274,0.090221,-0.120203,0.693836
1677108381,823091412,0.428964,0.683476,0.148991,0.705519,0.091288,-0.120350,0.692405
1677108381,833185388,0.429356,0.683149,0.148639,0.706509,0.092089,-0.119529,0.691431
1677108381,842926428,0.429448,0.683012,0.148418,0.707283,0.093325,-0.119791,0.690429
1677108381,852850139,0.429605,0.682754,0.148199,0.707656,0.093753,-0.118389,0.690230
1677108381,863179433,0.429536,0.682566,0.147985,0.708302,0.093775,-0.117680,0.689686
1677108381,872883671,0.429338,0.682234,0.147866,0.708838,0.094464,-0.116132,0.689303
1677108381,882802255,0.429101,0.681973,0.147775,0.709622,0.094179,-0.114431,0.688820
1677108381,893297492,0.428860,0.681887,0.147622,0.710357,0.093631,-0.112008,0.688534
1677108381,903070852,0.428430,0.681704,0.147527,0.710451,0.093724,-0.109117,0.688889
1677108381,912499890,0.427901,0.681424,0.147479,0.710658,0.093004,-0.106570,0.689173
1677108381,922503323,0.427383,0.681241,0.147460,0.711505,0.092078,-0.103699,0.688860
1677108381,932488203,0.426923,0.680966,0.147531,0.711864,0.090929,-0.100523,0.689113
1677108381,943182562,0.426497,0.680805,0.147608,0.712651,0.089876,-0.097953,0.688807
1677108381,952171103,0.426077,0.680528,0.147762,0.714317,0.089159,-0.095567,0.687509
1677108381,962260348,0.425836,0.679945,0.147862,0.716153,0.087592,-0.093635,0.686065
1677108381,972902754,0.425708,0.679334,0.147964,0.718361,0.086180,-0.092050,0.684147
1677108381,983049722,0.425629,0.678867,0.148001,0.720796,0.084926,-0.091325,0.681836
1677108381,993323581,0.425648,0.678408,0.147861,0.721889,0.084462,-0.090871,0.680797
1677108382,3156194,0.425658,0.678312,0.147694,0.722724,0.085391,-0.090405,0.679857
1677108382,12912719,0.425782,0.678128,0.147420,0.722682,0.085545,-0.091204,0.679775
1677108382,22795357,0.425983,0.677989,0.147248,0.723662,0.085722,-0.091164,0.678715
1677108382,32962557,0.426198,0.677565,0.147197,0.724428,0.085761,-0.091113,0.677899
1677108382,42617754,0.426251,0.677051,0.147310,0.725447,0.086445,-0.091584,0.676659
1677108382,53203166,0.426518,0.676430,0.147509,0.727893,0.085923,-0.091308,0.674131
1677108382,63125854,0.426591,0.675818,0.147865,0.731218,0.085973,-0.091402,0.670503
1677108382,73300413,0.426780,0.674981,0.148155,0.733752,0.084655,-0.091315,0.667909
1677108382,82999108,0.426746,0.674211,0.148468,0.735609,0.083974,-0.091493,0.665925
1677108382,93126858,0.426784,0.673717,0.148738,0.737383,0.082560,-0.091302,0.664164
1677108382,102547503,0.426756,0.673333,0.148992,0.738185,0.081550,-0.090506,0.663506
1677108382,112407787,0.426727,0.673279,0.149260,0.739128,0.079795,-0.090035,0.662734
1677108382,122412867,0.426616,0.673133,0.149536,0.739072,0.078388,-0.089220,0.663074
1677108382,133154608,0.426402,0.672971,0.149924,0.739107,0.078166,-0.087565,0.663282
1677108382,142981679,0.426211,0.672860,0.150428,0.740060,0.077516,-0.086033,0.662495
1677108382,153430056,0.425930,0.672386,0.151056,0.741140,0.077283,-0.084479,0.661516
1677108382,163383427,0.425640,0.672039,0.151820,0.743624,0.076775,-0.083385,0.658920
1677108382,172805749,0.425393,0.671600,0.152625,0.746302,0.075789,-0.082073,0.656166
1677108382,182797731,0.425185,0.670966,0.153457,0.748152,0.074251,-0.080701,0.654403
1677108382,193540343,0.425039,0.670490,0.154363,0.750245,0.072232,-0.079789,0.652342
1677108382,202759507,0.424870,0.669926,0.155345,0.752442,0.070198,-0.078835,0.650144
1677108382,212252748,0.424699,0.669298,0.156347,0.754342,0.068250,-0.078183,0.648227
1677108382,222434920,0.424555,0.668647,0.157395,0.756097,0.066684,-0.076843,0.646503
1677108382,233135742,0.424462,0.668071,0.158480,0.758065,0.064285,-0.076006,0.644537
1677108382,243071370,0.424295,0.667393,0.159543,0.759365,0.063044,-0.075018,0.643244
1677108382,253011766,0.424120,0.666742,0.160684,0.760928,0.062024,-0.074207,0.641587
1677108382,262588704,0.423928,0.666329,0.161888,0.763328,0.061353,-0.073547,0.638871
1677108382,272707884,0.424081,0.665823,0.163014,0.765450,0.059157,-0.072394,0.636668
1677108382,283098093,0.423898,0.665168,0.164149,0.766871,0.058893,-0.071969,0.635028
1677108382,293082566,0.423937,0.664664,0.165330,0.768748,0.057839,-0.071669,0.632886
1677108382,302881962,0.423970,0.664232,0.166586,0.771164,0.057176,-0.071312,0.630041
1677108382,313438883,0.423998,0.663592,0.167810,0.773320,0.057351,-0.070746,0.627441
1677108382,323521819,0.424073,0.662873,0.169063,0.775117,0.057110,-0.070611,0.625257
1677108382,332897528,0.424052,0.662262,0.170370,0.776803,0.057502,-0.070564,0.623130
1677108382,342796135,0.424182,0.662035,0.171778,0.779120,0.056795,-0.070653,0.620286
1677108382,353125845,0.424203,0.661514,0.173155,0.779597,0.056655,-0.069601,0.619817
1677108382,362947733,0.424160,0.661322,0.174616,0.780434,0.055764,-0.069629,0.618842
1677108382,372302890,0.424059,0.660910,0.176109,0.780911,0.055284,-0.068346,0.618425
1677108382,382566723,0.423986,0.660535,0.177683,0.782207,0.053860,-0.067027,0.617056
1677108382,393307925,0.423705,0.659982,0.179302,0.783462,0.052809,-0.066173,0.615646
1677108382,402841606,0.423423,0.659468,0.181100,0.785565,0.050960,-0.065090,0.613232
1677108382,413465206,0.423188,0.658887,0.182874,0.787321,0.049122,-0.062920,0.611354
1677108382,423283131,0.422631,0.658480,0.184762,0.789036,0.048277,-0.061894,0.609312
1677108382,432613660,0.422317,0.658091,0.186684,0.790298,0.046291,-0.059850,0.608034
1677108382,443477319,0.421870,0.657849,0.188700,0.791514,0.045123,-0.057899,0.606726
1677108382,453146404,0.421434,0.657500,0.190703,0.792242,0.043521,-0.056272,0.606046
1677108382,463693687,0.421042,0.657231,0.192808,0.793342,0.041874,-0.054590,0.604875
1677108382,473373759,0.420602,0.656569,0.194833,0.793202,0.040602,-0.053226,0.605267
1677108382,483260414,0.419908,0.656013,0.196966,0.793399,0.040336,-0.053027,0.605045
1677108382,493247775,0.419025,0.655296,0.199016,0.792607,0.041683,-0.052974,0.605995
1677108382,502523278,0.419858,0.655782,0.201624,0.796370,0.035009,-0.049816,0.601737
1677108382,513330467,0.419565,0.655502,0.203901,0.796440,0.034603,-0.049125,0.601725
1677108382,522832674,0.419326,0.655341,0.206292,0.797256,0.034285,-0.048103,0.600744
1677108382,532781532,0.419352,0.655022,0.208666,0.797816,0.033094,-0.047331,0.600129
1677108382,543136934,0.419193,0.654738,0.211033,0.798464,0.032805,-0.046922,0.599314
1677108382,552892917,0.418995,0.654387,0.213376,0.798770,0.033570,-0.045670,0.598961
1677108382,563238809,0.419028,0.654040,0.215644,0.798689,0.033285,-0.043820,0.599223
1677108382,573085125,0.418888,0.654004,0.218051,0.798830,0.032347,-0.044852,0.599009
1677108382,583073624,0.418729,0.654075,0.220465,0.798979,0.032616,-0.043947,0.598863
1677108382,592834145,0.418417,0.654067,0.222916,0.798908,0.033147,-0.043558,0.598957
1677108382,603156714,0.418250,0.653863,0.225301,0.798688,0.032685,-0.042810,0.599331
1677108382,613230794,0.418204,0.653661,0.227669,0.799004,0.031563,-0.041236,0.599080
1677108382,622656942,0.417843,0.653529,0.230082,0.799946,0.031314,-0.040826,0.597862
1677108382,632023532,0.417183,0.653496,0.232582,0.801292,0.033613,-0.039248,0.596037
1677108382,642699849,0.416666,0.653476,0.234901,0.801498,0.034154,-0.038290,0.595792
1677108382,652262387,0.416289,0.653858,0.237291,0.802386,0.033559,-0.037099,0.594705
1677108382,662265912,0.415738,0.653980,0.239527,0.801555,0.033961,-0.035111,0.595922
1677108382,672422682,0.415172,0.654249,0.241754,0.801356,0.033809,-0.033353,0.596299
1677108382,682697406,0.415065,0.654030,0.243703,0.799682,0.029712,-0.032183,0.598824
1677108382,693647240,0.414409,0.654175,0.245863,0.800494,0.029384,-0.030988,0.597818
1677108382,703127446,0.413767,0.654157,0.248038,0.801493,0.029824,-0.027671,0.596618
1677108382,713052298,0.413502,0.654052,0.250004,0.801078,0.026253,-0.027469,0.597352
1677108382,722817878,0.412919,0.654098,0.251926,0.800983,0.025766,-0.026672,0.597537
1677108382,733268402,0.412574,0.653860,0.253945,0.799827,0.022802,-0.025676,0.599247
1677108382,742695325,0.412080,0.654089,0.255872,0.799466,0.022207,-0.024565,0.599798
1677108382,752988658,0.411605,0.654255,0.257768,0.798696,0.021561,-0.023678,0.600882
1677108382,763327005,0.411275,0.654456,0.259604,0.798166,0.020591,-0.022613,0.601661
1677108382,773100595,0.410995,0.654568,0.261401,0.797602,0.019489,-0.022199,0.602461
1677108382,782747732,0.410943,0.654458,0.263070,0.796675,0.017970,-0.020330,0.603799
1677108382,793147871,0.409775,0.655021,0.265212,0.798977,0.022090,-0.020722,0.600598
1677108382,803327978,0.409408,0.655070,0.266987,0.799312,0.021776,-0.020347,0.600177
1677108382,813308913,0.409158,0.655004,0.268630,0.798906,0.021514,-0.018943,0.600773
1677108382,822982788,0.408708,0.655133,0.270405,0.799517,0.021434,-0.018811,0.599966
1677108382,833088260,0.408501,0.655061,0.271986,0.799430,0.020341,-0.017992,0.600145
1677108382,843609526,0.408156,0.654988,0.273480,0.799258,0.019898,-0.017654,0.600399
1677108382,853024600,0.407791,0.655042,0.274964,0.799400,0.019300,-0.018072,0.600216
1677108382,862703686,0.407574,0.655104,0.276290,0.798795,0.018608,-0.017486,0.601062
1677108382,873325713,0.407268,0.655303,0.277605,0.798295,0.018123,-0.017843,0.601730
1677108382,883351520,0.407071,0.655420,0.278806,0.797109,0.018204,-0.017110,0.603319
1677108382,893449527,0.406833,0.655771,0.280127,0.796885,0.018455,-0.017403,0.603598
1677108382,902824853,0.406649,0.655914,0.281384,0.796646,0.018843,-0.016804,0.603919
1677108382,913420687,0.406525,0.656044,0.282602,0.796872,0.018566,-0.016977,0.603625
1677108382,922899425,0.406385,0.656016,0.283792,0.796956,0.018427,-0.016470,0.603531
1677108382,933306671,0.406129,0.655913,0.284912,0.796750,0.019173,-0.015857,0.603797
1677108382,942814137,0.405986,0.656000,0.286071,0.797032,0.018508,-0.015708,0.603448
1677108382,953483859,0.405721,0.656065,0.287134,0.796779,0.018556,-0.015239,0.603794
1677108382,963154854,0.405504,0.656282,0.288169,0.796400,0.018142,-0.014842,0.604316
1677108382,972592920,0.405307,0.656545,0.289246,0.796191,0.017097,-0.014588,0.604628
1677108382,982503511,0.405012,0.656806,0.290227,0.795927,0.017047,-0.014474,0.604979
1677108382,992803175,0.404867,0.657094,0.291252,0.796337,0.015881,-0.014333,0.604474
1677108383,2761631,0.404617,0.657302,0.292193,0.797020,0.015498,-0.014268,0.603586
1677108383,13023300,0.404457,0.657756,0.293225,0.798780,0.014892,-0.014335,0.601268
1677108383,23165661,0.404310,0.658052,0.294156,0.800348,0.014707,-0.014158,0.599188
1677108383,33207163,0.404261,0.656373,0.294580,0.795446,0.015195,-0.012412,0.605707
1677108383,42808653,0.404131,0.656358,0.295360,0.795975,0.015503,-0.012294,0.605006
1677108383,53003247,0.404053,0.656444,0.296071,0.796603,0.015765,-0.012033,0.604178
1677108383,63198012,0.404035,0.656418,0.296623,0.796153,0.015618,-0.012181,0.604770
1677108383,72747617,0.404102,0.656422,0.297152,0.795634,0.015230,-0.012304,0.605461
1677108383,83758411,0.404116,0.656740,0.297695,0.795728,0.015799,-0.012249,0.605325
1677108383,93124871,0.404070,0.656803,0.298134,0.794938,0.016029,-0.013377,0.606331
1677108383,103079725,0.404207,0.656813,0.298582,0.794381,0.016176,-0.013195,0.607061
1677108383,113144300,0.404274,0.656961,0.299076,0.794567,0.016141,-0.014241,0.606795
1677108383,122997033,0.404527,0.656828,0.299497,0.794370,0.015899,-0.014228,0.607059
1677108383,132573507,0.404569,0.656629,0.299907,0.794079,0.016895,-0.014744,0.607400
1677108383,142719597,0.404719,0.656703,0.300400,0.794879,0.017123,-0.015279,0.606334
1677108383,153323713,0.405081,0.656491,0.300780,0.794771,0.016513,-0.014913,0.606502
1677108383,162662952,0.405294,0.656564,0.301216,0.795081,0.016234,-0.015196,0.606096
1677108383,172142549,0.405423,0.656327,0.301562,0.794269,0.016162,-0.015295,0.607159
