secs,nsecs,tx,ty,tz,rx,ry,rz,rw
1677109370,570014903,0.433761,0.534255,0.445864,0.669485,0.050508,0.081843,0.736573
1677109370,580239432,0.433633,0.534229,0.446023,0.669405,0.050763,0.081896,0.736622
1677109370,590066192,0.433622,0.534180,0.446176,0.669441,0.050356,0.082363,0.736566
1677109370,600512748,0.433476,0.534260,0.446271,0.670092,0.050125,0.082612,0.735962
1677109370,610282681,0.433297,0.534228,0.446346,0.670227,0.049945,0.082771,0.735833
1677109370,620511790,0.433255,0.534349,0.446382,0.670772,0.049030,0.083704,0.735292
1677109370,631096785,0.432945,0.534417,0.446364,0.671050,0.049094,0.083582,0.735048
1677109370,640774311,0.432753,0.534528,0.446286,0.671132,0.049178,0.084672,0.734843
1677109370,650245309,0.432647,0.534727,0.446159,0.671372,0.048610,0.085452,0.734571
1677109370,659995633,0.432507,0.535002,0.445942,0.671788,0.047718,0.085985,0.734187
1677109370,669701734,0.432438,0.535163,0.445669,0.671563,0.047549,0.087010,0.734283
1677109370,680311807,0.432273,0.535346,0.445321,0.671282,0.047157,0.087316,0.734529
1677109370,690998970,0.432161,0.535509,0.444924,0.670848,0.046703,0.087574,0.734923
1677109370,700820208,0.432017,0.535836,0.444429,0.670902,0.046168,0.087984,0.734859
1677109370,710567232,0.432089,0.536078,0.443926,0.670686,0.044247,0.088629,0.735097
1677109370,720427298,0.431894,0.536241,0.443268,0.670224,0.044430,0.088607,0.735510
1677109370,731078531,0.431850,0.536370,0.442641,0.669564,0.043814,0.089268,0.736067
1677109370,740163077,0.431951,0.536538,0.441970,0.669430,0.042831,0.089621,0.736205
1677109370,749820489,0.431986,0.536690,0.441288,0.669422,0.042676,0.090074,0.736166
1677109370,760524952,0.432075,0.536657,0.440597,0.668953,0.043333,0.090660,0.736481
1677109370,770434787,0.432007,0.536788,0.439911,0.669561,0.044162,0.090045,0.735955
1677109370,780456468,0.432204,0.536744,0.439249,0.669423,0.044518,0.090374,0.736019
1677109370,790408516,0.432384,0.536717,0.438519,0.669516,0.044515,0.090259,0.735948
1677109370,800708506,0.432460,0.536803,0.437782,0.670223,0.044766,0.089984,0.735323
1677109370,810402594,0.432560,0.536723,0.437027,0.670389,0.044919,0.089693,0.735198
1677109370,820906569,0.432642,0.536830,0.436237,0.671291,0.044957,0.089656,0.734376
1677109370,831005037,0.432754,0.536697,0.435427,0.671192,0.044490,0.089468,0.734519
1677109370,840608192,0.432797,0.536575,0.434579,0.671366,0.044650,0.089669,0.734325
1677109370,850134248,0.432805,0.536479,0.433670,0.672028,0.044356,0.089344,0.733777
1677109370,861360759,0.432878,0.536379,0.432748,0.672789,0.044120,0.089748,0.733044
1677109370,869847099,0.432912,0.536205,0.431806,0.673380,0.044420,0.090594,0.732379
1677109370,880263844,0.432925,0.536154,0.430846,0.674593,0.044343,0.091257,0.731184
1677109370,890435624,0.432813,0.536210,0.429852,0.676017,0.044578,0.091619,0.729809
1677109370,900440942,0.432771,0.536468,0.428795,0.678086,0.042225,0.090941,0.728111
1677109370,909898562,0.432815,0.536481,0.427730,0.678344,0.041673,0.091717,0.727805
1677109370,919441960,0.432744,0.536617,0.426683,0.678815,0.041943,0.092375,0.727267
1677109370,929750725,0.432938,0.536692,0.425630,0.678457,0.040754,0.093379,0.727541
1677109370,939762661,0.432949,0.536741,0.424555,0.677890,0.040204,0.093579,0.728074
1677109370,949548143,0.432923,0.536917,0.423467,0.677778,0.039365,0.092956,0.728304
1677109370,960188451,0.432997,0.537335,0.422413,0.678473,0.038428,0.093213,0.727673
1677109370,969933753,0.433109,0.537464,0.421343,0.678066,0.037842,0.093413,0.728058
1677109370,980836826,0.433190,0.537780,0.420321,0.678794,0.037324,0.093560,0.727388
1677109370,990252343,0.433242,0.537992,0.419370,0.679168,0.037432,0.094146,0.726957
1677109371,530161,0.433133,0.538159,0.418364,0.679428,0.037827,0.094063,0.726704
1677109371,10778638,0.433121,0.538331,0.417364,0.679728,0.037561,0.094592,0.726368
1677109371,20917020,0.433023,0.538607,0.416385,0.680163,0.037234,0.095088,0.725914
1677109371,30464143,0.432957,0.538945,0.415402,0.680689,0.036332,0.096358,0.725298
1677109371,40465551,0.432467,0.538822,0.414260,0.679597,0.036622,0.095875,0.726371
1677109371,50499622,0.432501,0.539047,0.413227,0.679404,0.034750,0.097877,0.726377
1677109371,60712943,0.432321,0.539543,0.412153,0.680549,0.033202,0.098746,0.725258
1677109371,70221809,0.432223,0.539728,0.411024,0.680422,0.031640,0.100254,0.725240
1677109371,80702265,0.432208,0.539973,0.409904,0.680791,0.029250,0.101170,0.724867
1677109371,90291776,0.432032,0.540060,0.408763,0.680845,0.028105,0.101941,0.724754
1677109371,100395039,0.431953,0.540177,0.407602,0.681140,0.026445,0.102428,0.724470
1677109371,110360356,0.431941,0.540273,0.406432,0.681453,0.025086,0.103454,0.724078
1677109371,120291211,0.431762,0.540398,0.405199,0.682136,0.024833,0.103347,0.723460
1677109371,130216919,0.431800,0.540387,0.403974,0.682300,0.024450,0.104181,0.723198
1677109371,140538634,0.431911,0.540561,0.402723,0.683287,0.024122,0.104814,0.722185
1677109371,150462155,0.432165,0.540606,0.401457,0.683718,0.023700,0.105099,0.721749
1677109371,160413002,0.432293,0.540730,0.400140,0.684469,0.024480,0.104417,0.721110
1677109371,170841086,0.432550,0.540842,0.398865,0.684778,0.025412,0.103795,0.720875
1677109371,180903663,0.432864,0.540865,0.397626,0.684508,0.026604,0.102627,0.721255
1677109371,190458937,0.433269,0.541008,0.396390,0.684597,0.028011,0.101806,0.721234
1677109371,200633785,0.433729,0.541205,0.395193,0.684931,0.028739,0.100192,0.721114
1677109371,210283786,0.434164,0.541278,0.393995,0.684858,0.030380,0.098730,0.721317
1677109371,220345145,0.434645,0.541252,0.392783,0.684574,0.031496,0.097033,0.721769
1677109371,230539238,0.435055,0.541485,0.391680,0.685572,0.033110,0.095842,0.720908
1677109371,239686200,0.435524,0.541433,0.390540,0.685595,0.034057,0.094728,0.720990
1677109371,249947368,0.435754,0.541410,0.389384,0.685788,0.035707,0.093135,0.720934
1677109371,260267836,0.436170,0.541476,0.388340,0.686423,0.036014,0.092799,0.720357
1677109371,270446515,0.436379,0.541512,0.387267,0.686714,0.037343,0.092727,0.720021
1677109371,280479796,0.436439,0.541508,0.386193,0.686741,0.038502,0.092461,0.719969
1677109371,290039904,0.436582,0.541600,0.385167,0.686957,0.038519,0.092835,0.719714
1677109371,300425741,0.436687,0.541671,0.384134,0.686868,0.038949,0.094071,0.719615
1677109371,310354809,0.436491,0.541880,0.383129,0.687488,0.039666,0.094216,0.718965
1677109371,320414406,0.436553,0.541848,0.382138,0.686981,0.039070,0.095248,0.719346
1677109371,330338391,0.436509,0.541722,0.381145,0.686354,0.039040,0.096135,0.719828
1677109371,339746533,0.436397,0.541782,0.380169,0.686657,0.039232,0.096430,0.719489
1677109371,350194195,0.436419,0.541875,0.379226,0.687421,0.039153,0.097100,0.718673
1677109371,361256613,0.436488,0.541877,0.378346,0.687871,0.039379,0.097992,0.718109
1677109371,370524364,0.436517,0.541892,0.377475,0.688652,0.040120,0.098379,0.717266
1677109371,381013545,0.436664,0.541896,0.376622,0.689227,0.040299,0.099065,0.716609
1677109371,390593704,0.436722,0.541785,0.375730,0.689358,0.040964,0.098755,0.716488
1677109371,401007307,0.436890,0.541864,0.374832,0.690064,0.040872,0.098427,0.715858
1677109371,410180192,0.437085,0.541749,0.373930,0.689900,0.041258,0.098249,0.716019
1677109371,420160176,0.437415,0.541839,0.373101,0.690231,0.041160,0.098505,0.715671
1677109371,430463716,0.437571,0.541883,0.372241,0.690188,0.042416,0.098352,0.715659
1677109371,440570196,0.437687,0.541940,0.371395,0.690238,0.043464,0.097514,0.715663
1677109371,450107811,0.437848,0.542077,0.370611,0.690257,0.044357,0.096987,0.715662
1677109371,460387658,0.438022,0.542298,0.369877,0.690289,0.045796,0.097451,0.715477
1677109371,470723503,0.438148,0.542514,0.369143,0.690149,0.046959,0.097858,0.715481
1677109371,480547273,0.438350,0.542793,0.368460,0.690005,0.046934,0.098762,0.715497
1677109371,490379133,0.438134,0.543045,0.367690,0.689690,0.048781,0.099212,0.715615
1677109371,500676961,0.438124,0.543245,0.366957,0.689190,0.049064,0.100489,0.715899
1677109371,510376453,0.437935,0.543570,0.366162,0.689083,0.050027,0.102094,0.715709
1677109371,520772542,0.437844,0.543949,0.365415,0.689509,0.050286,0.103702,0.715049
1677109371,530417005,0.437760,0.543941,0.364591,0.688486,0.050594,0.105138,0.715803
1677109371,540560728,0.437546,0.544237,0.363802,0.688933,0.051962,0.106500,0.715073
1677109371,550411306,0.437575,0.544364,0.363007,0.688905,0.052923,0.108603,0.714713
1677109371,560122381,0.437523,0.544395,0.362195,0.689063,0.054369,0.109373,0.714334
1677109371,570143932,0.437599,0.544507,0.361428,0.689655,0.055872,0.110341,0.713498
1677109371,579992750,0.437696,0.544576,0.360608,0.690467,0.056995,0.110411,0.712613
1677109371,589944129,0.437857,0.544610,0.359800,0.691080,0.058223,0.110602,0.711889
1677109371,600091010,0.438086,0.544805,0.358991,0.692152,0.059308,0.110925,0.710706
1677109371,610451588,0.438316,0.544814,0.358146,0.692331,0.060220,0.110479,0.710525
1677109371,620064722,0.438566,0.544972,0.357315,0.692496,0.061286,0.110648,0.710247
1677109371,629801638,0.438732,0.545147,0.356455,0.692384,0.062453,0.110805,0.710230
1677109371,639824607,0.439011,0.545342,0.355565,0.691919,0.062722,0.110731,0.710671
1677109371,649710491,0.439166,0.545576,0.354720,0.691766,0.063137,0.110269,0.710854
1677109371,659672608,0.439378,0.545746,0.353842,0.691092,0.063848,0.110555,0.711402
1677109371,670214412,0.439487,0.546124,0.352980,0.691640,0.064093,0.110154,0.710909
1677109371,679840994,0.439661,0.546376,0.352156,0.692046,0.064361,0.110423,0.710448
1677109371,690373883,0.439832,0.546378,0.351330,0.691867,0.064466,0.110366,0.710622
1677109371,700316330,0.439923,0.546418,0.350512,0.692393,0.064433,0.109815,0.710198
1677109371,710086386,0.440059,0.546436,0.349679,0.692903,0.064099,0.109850,0.709725
1677109371,720064287,0.440147,0.546295,0.348856,0.693183,0.064117,0.110153,0.709403
1677109371,730391982,0.440160,0.546179,0.348047,0.693904,0.063558,0.109761,0.708809
1677109371,740176826,0.440117,0.546090,0.347192,0.694609,0.063401,0.109718,0.708138
1677109371,750192679,0.440188,0.546147,0.346357,0.695868,0.062421,0.109956,0.706952
1677109371,760453627,0.440163,0.545997,0.345428,0.696017,0.062237,0.110337,0.706762
1677109371,770302529,0.440234,0.545910,0.344499,0.696313,0.061684,0.110988,0.706417
1677109371,780268342,0.440197,0.546061,0.343533,0.697330,0.061777,0.111182,0.705374
1677109371,790302843,0.440319,0.546052,0.342548,0.697312,0.061397,0.112156,0.705271
1677109371,800081800,0.440283,0.546019,0.341492,0.697357,0.061522,0.111598,0.705305
1677109371,810253542,0.440358,0.545957,0.340406,0.697061,0.061834,0.111513,0.705583
1677109371,820719688,0.440415,0.546072,0.339350,0.697537,0.062342,0.111186,0.705119
1677109371,830628750,0.440573,0.546109,0.338279,0.697701,0.062671,0.110927,0.704969
1677109371,840124995,0.440682,0.546235,0.337242,0.698237,0.063666,0.110526,0.704412
1677109371,850119076,0.440962,0.546226,0.336187,0.698159,0.063835,0.110026,0.704552
1677109371,860449440,0.441177,0.546239,0.335147,0.698142,0.064616,0.109354,0.704602
1677109371,870387629,0.441426,0.546286,0.334103,0.698070,0.065360,0.108792,0.704692
1677109371,880562743,0.441579,0.546525,0.333095,0.698888,0.066420,0.108188,0.703874
1677109371,890715228,0.441779,0.546566,0.332102,0.698806,0.067230,0.107442,0.703993
1677109371,900337124,0.441893,0.546531,0.331056,0.698506,0.068150,0.106541,0.704339
1677109371,910175592,0.442093,0.546678,0.330062,0.698752,0.068356,0.106110,0.704140
1677109371,920036362,0.442227,0.546691,0.329053,0.698371,0.068736,0.105904,0.704513
1677109371,930141076,0.442360,0.546907,0.328061,0.698777,0.069179,0.105924,0.704063
1677109371,940283094,0.442520,0.546937,0.327070,0.698318,0.069399,0.106467,0.704415
1677109371,950596872,0.442466,0.546888,0.326052,0.697828,0.070043,0.105628,0.704963
1677109371,960816949,0.442548,0.547106,0.325122,0.698454,0.070174,0.105927,0.704284
1677109371,970540521,0.442615,0.547102,0.324164,0.698672,0.069872,0.105374,0.704181
1677109371,980492504,0.442613,0.547037,0.323192,0.698747,0.070390,0.105142,0.704090
1677109371,990623544,0.442751,0.546858,0.322274,0.698681,0.070318,0.105408,0.704123
1677109372,510565,0.442835,0.546773,0.321366,0.699283,0.070186,0.105003,0.703599
1677109372,9559048,0.442750,0.546691,0.320494,0.699900,0.071224,0.104681,0.702929
1677109372,20316555,0.442941,0.546721,0.319640,0.700792,0.070714,0.104713,0.702086
1677109372,29909463,0.443017,0.546674,0.318726,0.701221,0.070682,0.104505,0.701692
1677109372,40035570,0.443087,0.546689,0.317845,0.701588,0.070747,0.104840,0.701268
1677109372,50129903,0.443075,0.546728,0.316893,0.701795,0.071014,0.104864,0.701031
1677109372,60225978,0.443086,0.546857,0.315932,0.702056,0.071046,0.105126,0.700727
1677109372,70270671,0.443034,0.546882,0.314920,0.701579,0.071660,0.105523,0.701082
1677109372,80885956,0.443049,0.547176,0.313917,0.701911,0.071397,0.105711,0.700748
1677109372,90130407,0.443089,0.547418,0.312875,0.701964,0.071134,0.105807,0.700708
1677109372,100212672,0.443151,0.547599,0.311813,0.701572,0.071324,0.106076,0.701041
1677109372,110351446,0.443202,0.547821,0.310769,0.701407,0.071349,0.105697,0.701260
1677109372,120711224,0.443334,0.548119,0.309736,0.701667,0.071601,0.105636,0.700984
1677109372,130694848,0.443500,0.548223,0.308724,0.701255,0.072073,0.105631,0.701348
1677109372,140729998,0.443631,0.548540,0.307718,0.701855,0.072830,0.105105,0.700748
1677109372,150562386,0.443905,0.548429,0.306711,0.701129,0.073575,0.105192,0.701383
1677109372,160849030,0.444059,0.548636,0.305743,0.701912,0.073780,0.103976,0.700760
1677109372,170630907,0.444195,0.548800,0.304760,0.702425,0.074852,0.103853,0.700151
1677109372,180404239,0.444487,0.548982,0.303756,0.702999,0.074568,0.103509,0.699655
1677109372,190405627,0.444536,0.549015,0.302754,0.702909,0.075685,0.102875,0.699719
1677109372,200587311,0.444791,0.549088,0.301762,0.702812,0.075638,0.102730,0.699843
1677109372,210583469,0.445016,0.549260,0.300769,0.702976,0.075635,0.102553,0.699705
1677109372,220524150,0.445059,0.549416,0.299758,0.703038,0.076254,0.101540,0.699723
1677109372,230124371,0.445252,0.549772,0.298858,0.703848,0.076463,0.101718,0.698860
1677109372,240329477,0.445387,0.549936,0.297887,0.703928,0.076838,0.100869,0.698861
1677109372,250199487,0.445581,0.549976,0.296934,0.703482,0.077565,0.100780,0.699242
1677109372,260675977,0.445767,0.550200,0.296040,0.703986,0.077866,0.100198,0.698786
1677109372,271568705,0.445927,0.550415,0.295192,0.704563,0.078500,0.099957,0.698167
1677109372,280522964,0.446156,0.550665,0.294287,0.705138,0.078345,0.099496,0.697669
1677109372,290058078,0.446374,0.550866,0.293400,0.705353,0.078833,0.099686,0.697370
1677109372,300306076,0.446494,0.551060,0.292538,0.705528,0.079041,0.099131,0.697249
1677109372,310247317,0.446532,0.551211,0.291612,0.705149,0.080130,0.098774,0.697558
1677109372,320520768,0.446632,0.551658,0.290714,0.705837,0.080295,0.098290,0.696912
1677109372,329791807,0.446817,0.551955,0.289817,0.705643,0.080169,0.098294,0.697122
1677109372,340856683,0.446978,0.552413,0.288914,0.705850,0.080068,0.098023,0.696962
1677109372,350266249,0.447041,0.552705,0.288027,0.705418,0.080621,0.097748,0.697374
1677109372,359951515,0.447121,0.553141,0.287139,0.705603,0.080947,0.097062,0.697246
1677109372,370206155,0.447346,0.553438,0.286307,0.705168,0.081020,0.097229,0.697654
1677109372,380635408,0.447387,0.553940,0.285475,0.705446,0.082090,0.097239,0.697245
1677109372,390397549,0.447480,0.554139,0.284653,0.704719,0.082753,0.097031,0.697932
1677109372,400442243,0.447640,0.554622,0.283866,0.705133,0.082852,0.097290,0.697465
1677109372,410361548,0.447336,0.554568,0.282943,0.703280,0.086069,0.096960,0.698991
1677109372,420199087,0.447396,0.555154,0.282208,0.704322,0.085967,0.097258,0.697912
1677109372,429967883,0.447619,0.555585,0.281416,0.704676,0.085122,0.097906,0.697568
1677109372,439936200,0.447698,0.556132,0.280673,0.705479,0.084277,0.097911,0.696858
1677109372,450515535,0.447685,0.556618,0.279877,0.705847,0.084398,0.098387,0.696403
1677109372,460621952,0.447641,0.556930,0.278993,0.705257,0.084598,0.098722,0.696928
1677109372,470239623,0.447732,0.557400,0.278088,0.705004,0.084355,0.099788,0.697063
1677109372,481008160,0.447716,0.557936,0.277156,0.705234,0.084251,0.100427,0.696750
1677109372,490611680,0.447691,0.558338,0.276157,0.704855,0.084600,0.100711,0.697051
1677109372,500759607,0.447781,0.558846,0.275178,0.704960,0.084702,0.101707,0.696787
1677109372,509978577,0.447764,0.559450,0.274119,0.705335,0.085193,0.102002,0.696304
1677109372,520170935,0.447836,0.559988,0.272987,0.705309,0.085776,0.102670,0.696161
1677109372,530635717,0.448013,0.560487,0.271800,0.704650,0.086423,0.103778,0.696584
1677109372,540210732,0.448199,0.561337,0.270649,0.705229,0.086633,0.103846,0.695962
1677109372,549672096,0.448611,0.561904,0.269432,0.704326,0.086293,0.104439,0.696830
1677109372,560027934,0.448955,0.562844,0.268255,0.704864,0.086339,0.104426,0.696281
1677109372,570017667,0.448869,0.563116,0.266879,0.702440,0.089661,0.103496,0.698446
1677109372,580648851,0.449123,0.563874,0.265654,0.702042,0.091170,0.103134,0.698705
1677109372,590564377,0.449493,0.564395,0.264418,0.701095,0.092870,0.103197,0.699422
1677109372,600535765,0.449994,0.564881,0.263275,0.700417,0.093234,0.102595,0.700142
1677109372,610592005,0.450328,0.565419,0.262096,0.700222,0.094522,0.101272,0.700356
1677109372,621524705,0.450826,0.565847,0.261006,0.699730,0.095426,0.100992,0.700765
1677109372,631041026,0.451121,0.566269,0.259889,0.699383,0.097178,0.099995,0.701015
1677109372,641074499,0.451561,0.567278,0.258815,0.701222,0.098693,0.100144,0.698941
1677109372,650771816,0.451851,0.567770,0.257815,0.701624,0.099883,0.098671,0.698578
1677109372,661440353,0.452265,0.568235,0.256872,0.701811,0.100474,0.098415,0.698341
1677109372,670917362,0.452581,0.568668,0.255979,0.701889,0.101030,0.098249,0.698207
1677109372,680820576,0.452738,0.569122,0.255115,0.702048,0.101958,0.097725,0.697985
1677109372,690916434,0.452995,0.569606,0.254286,0.702171,0.102471,0.098880,0.697623
1677109372,701447075,0.452916,0.570144,0.253447,0.702539,0.103636,0.098992,0.697064
1677109372,710144302,0.453049,0.570569,0.252578,0.702186,0.103526,0.100096,0.697279
1677109372,721009058,0.453080,0.571164,0.251780,0.702716,0.103148,0.101068,0.696661
1677109372,731371509,0.453025,0.571493,0.250958,0.701954,0.103702,0.101712,0.697252
1677109372,740320841,0.453079,0.571846,0.250140,0.701132,0.103856,0.102670,0.697916
1677109372,750578048,0.453306,0.572328,0.249393,0.700718,0.103600,0.104188,0.698144
1677109372,760721842,0.453496,0.572669,0.248658,0.700064,0.103580,0.104671,0.698732
1677109372,769946759,0.453628,0.572941,0.247904,0.699025,0.104633,0.105172,0.699539
1677109372,780466409,0.453952,0.573313,0.247210,0.698571,0.104977,0.105751,0.699853
1677109372,790355759,0.454141,0.573772,0.246519,0.698358,0.106025,0.106010,0.699869
1677109372,800553921,0.454502,0.574140,0.245854,0.698014,0.106416,0.106367,0.700098
1677109372,810069719,0.454776,0.574390,0.245180,0.697213,0.107393,0.106358,0.700749
1677109372,820299863,0.454644,0.575817,0.244508,0.701393,0.107958,0.104441,0.696768
1677109372,829996930,0.455171,0.576041,0.243775,0.700402,0.106944,0.104120,0.697968
1677109372,839878384,0.455294,0.576528,0.243247,0.700694,0.108639,0.104241,0.697394
1677109372,849934251,0.455573,0.576904,0.242638,0.700766,0.108757,0.103908,0.697354
1677109372,860163379,0.455631,0.577440,0.242079,0.701668,0.109915,0.103612,0.696308
1677109372,870409031,0.455720,0.577385,0.241464,0.700261,0.110946,0.102792,0.697681
1677109372,880677760,0.455801,0.577691,0.240932,0.699927,0.111732,0.102455,0.697940
1677109372,890292891,0.455885,0.578069,0.240394,0.699795,0.112430,0.102692,0.697926
1677109372,899958213,0.455969,0.578542,0.239915,0.699979,0.112892,0.102721,0.697663
1677109372,909577210,0.456111,0.578812,0.239465,0.699145,0.113401,0.103553,0.698293
1677109372,919926537,0.456167,0.579268,0.239016,0.699161,0.113804,0.103492,0.698221
1677109372,929649144,0.456072,0.579390,0.238490,0.697431,0.115759,0.103106,0.699685
1677109372,939642728,0.456123,0.579786,0.238120,0.697235,0.115915,0.103235,0.699835
1677109372,950131591,0.456246,0.580226,0.237749,0.697393,0.115757,0.103419,0.699677
1677109372,960455675,0.456381,0.580643,0.237416,0.697570,0.115718,0.104061,0.699412
1677109372,970512782,0.456483,0.580836,0.237023,0.697259,0.116008,0.104293,0.699639
1677109372,980769015,0.456632,0.581105,0.236698,0.697667,0.115611,0.104311,0.699295
1677109372,990444746,0.456713,0.581439,0.236375,0.698509,0.115772,0.104564,0.698390
1677109373,769394,0.456865,0.581577,0.236038,0.698598,0.115493,0.104830,0.698307
1677109373,10793433,0.456812,0.581793,0.235687,0.698940,0.116025,0.104463,0.697932
1677109373,20510105,0.456960,0.581982,0.235367,0.698898,0.115687,0.104976,0.697953
1677109373,30691720,0.457027,0.582106,0.235032,0.698477,0.115735,0.105480,0.698290
1677109373,40411564,0.457097,0.582438,0.234661,0.698716,0.115707,0.105965,0.697982
1677109373,49809092,0.457106,0.582607,0.234298,0.698072,0.116053,0.106142,0.698542
1677109373,60145862,0.457227,0.583202,0.234009,0.698992,0.115557,0.107034,0.697568
1677109373,70448757,0.457257,0.583463,0.233597,0.698488,0.115617,0.106642,0.698122
1677109373,80356522,0.457232,0.583786,0.233246,0.698138,0.116367,0.106915,0.698306
1677109373,90382421,0.457413,0.584182,0.232898,0.697947,0.116062,0.107044,0.698528
1677109373,100573041,0.457427,0.584607,0.232572,0.697842,0.116840,0.106840,0.698535
1677109373,110185128,0.457500,0.584843,0.232219,0.697254,0.117569,0.106628,0.699031
1677109373,120374973,0.457657,0.585207,0.231898,0.697059,0.118027,0.106562,0.699159
1677109373,130506317,0.457791,0.585698,0.231585,0.697538,0.118367,0.106286,0.698666
1677109373,140364821,0.458031,0.585819,0.231234,0.696247,0.118987,0.106765,0.699774
1677109373,150301703,0.458071,0.586176,0.230945,0.696237,0.119335,0.105968,0.699846
1677109373,159850311,0.458230,0.586558,0.230602,0.695867,0.119091,0.105908,0.700264
1677109373,169962230,0.458314,0.586866,0.230280,0.695525,0.119227,0.105998,0.700567
1677109373,179962439,0.458301,0.587420,0.229933,0.696077,0.119634,0.105916,0.699962
1677109373,189812123,0.458325,0.587560,0.229539,0.695142,0.119925,0.105915,0.700841
1677109373,200099236,0.458493,0.587932,0.229121,0.695019,0.118831,0.105798,0.701166
1677109373,210375142,0.458480,0.588292,0.228630,0.694607,0.118659,0.105659,0.701625
1677109373,220242192,0.458485,0.588824,0.228114,0.694404,0.118277,0.105452,0.701921
1677109373,230740837,0.458477,0.589353,0.227512,0.693342,0.118388,0.105645,0.702923
1677109373,240525022,0.458486,0.589974,0.226904,0.691812,0.118429,0.105299,0.704473
1677109373,249988436,0.458527,0.590847,0.226314,0.690730,0.118451,0.105170,0.705550
1677109373,259725746,0.458617,0.591671,0.225647,0.688880,0.118345,0.105147,0.707377
1677109373,270351959,0.458554,0.592370,0.225002,0.686855,0.119523,0.104564,0.709233
1677109373,279926242,0.458615,0.593266,0.224385,0.685745,0.120228,0.104384,0.710213
1677109373,290184870,0.458717,0.594113,0.223772,0.684942,0.121015,0.103842,0.710934
1677109373,300298982,0.458816,0.594856,0.223215,0.684250,0.121307,0.102743,0.711709
1677109373,310365226,0.459007,0.595491,0.222666,0.683620,0.121648,0.102178,0.712337
1677109373,320745901,0.459085,0.595868,0.222080,0.682345,0.122390,0.101423,0.713540
1677109373,330803550,0.459307,0.596516,0.221518,0.682278,0.121935,0.101650,0.713650
1677109373,339975236,0.459269,0.596967,0.220899,0.681584,0.122274,0.101157,0.714325
1677109373,350837277,0.459070,0.598163,0.220239,0.683785,0.122262,0.100497,0.712314
1677109373,361312385,0.459207,0.598401,0.219603,0.682176,0.121579,0.101245,0.713866
1677109373,370076306,0.459140,0.598846,0.218961,0.681199,0.121222,0.101286,0.714853
1677109373,379645464,0.459068,0.599191,0.218302,0.679824,0.121017,0.100973,0.716239
1677109373,390033105,0.459037,0.599842,0.217643,0.679461,0.120859,0.101397,0.716550
1677109373,400363035,0.459058,0.600216,0.216974,0.677935,0.121551,0.102158,0.717769
1677109373,410486808,0.459078,0.600796,0.216338,0.677670,0.121792,0.102056,0.717993
1677109373,420381281,0.459213,0.601350,0.215705,0.677599,0.121899,0.102087,0.718037
1677109373,430555789,0.459291,0.601786,0.215157,0.677446,0.122812,0.101801,0.718067
1677109373,440592902,0.459465,0.602186,0.214585,0.677254,0.123206,0.101468,0.718228
1677109373,450313202,0.459745,0.602461,0.214030,0.676991,0.123107,0.101263,0.718522
1677109373,460421432,0.459902,0.602938,0.213507,0.677699,0.123013,0.100231,0.718015
1677109373,470897622,0.460083,0.603128,0.212982,0.677509,0.123452,0.099831,0.718175
1677109373,480780179,0.460155,0.603451,0.212549,0.678097,0.123662,0.099004,0.717698
1677109373,490188703,0.460329,0.603646,0.212038,0.677914,0.123423,0.098972,0.717916
1677109373,500253639,0.460309,0.603875,0.211547,0.677754,0.123846,0.098745,0.718026
1677109373,510100094,0.460341,0.604204,0.211064,0.677923,0.123172,0.098467,0.718021
1677109373,520413195,0.460371,0.604485,0.210587,0.677534,0.122764,0.099051,0.718378
1677109373,530214280,0.460238,0.604697,0.210092,0.676745,0.122903,0.098889,0.719119
1677109373,540206925,0.460295,0.605226,0.209649,0.677316,0.121898,0.099430,0.718678
1677109373,550660716,0.460324,0.605339,0.209147,0.676035,0.121512,0.099874,0.719887
1677109373,560541577,0.460279,0.606219,0.208677,0.677530,0.122049,0.101277,0.718193
1677109373,570114809,0.460320,0.606419,0.208199,0.677000,0.122211,0.102143,0.718542
1677109373,580535253,0.460421,0.606716,0.207671,0.676986,0.121780,0.102549,0.718570
1677109373,590489896,0.460347,0.607016,0.207133,0.677319,0.121862,0.101687,0.718365
1677109373,600046510,0.460505,0.607217,0.206567,0.677027,0.121431,0.101560,0.718731
1677109373,610678324,0.460693,0.607354,0.206009,0.676256,0.121463,0.101505,0.719459
1677109373,620598275,0.460914,0.607712,0.205479,0.676580,0.121588,0.101386,0.719150
1677109373,630522835,0.461158,0.607864,0.204964,0.676414,0.121847,0.100989,0.719318
1677109373,640802003,0.461216,0.608148,0.204485,0.676712,0.122904,0.100080,0.718985
1677109373,650349506,0.461394,0.608207,0.203989,0.675839,0.123701,0.099666,0.719727
1677109373,660382067,0.461567,0.608661,0.203506,0.676429,0.123852,0.099523,0.719166
1677109373,670535726,0.461792,0.608908,0.203063,0.675818,0.123547,0.099419,0.719807
1677109373,680585554,0.461788,0.609309,0.202572,0.675727,0.123817,0.098838,0.719926
1677109373,690378243,0.461828,0.609696,0.202112,0.675159,0.123936,0.099051,0.720409
1677109373,700735084,0.461884,0.610095,0.201606,0.674512,0.123597,0.098887,0.721095
1677109373,710670132,0.461871,0.610434,0.201131,0.673689,0.123299,0.098602,0.721954
1677109373,720246988,0.461944,0.610814,0.200656,0.673016,0.123198,0.099089,0.722533
1677109373,730129357,0.461986,0.611285,0.200236,0.672743,0.122762,0.098819,0.722897
1677109373,740143968,0.462062,0.611615,0.199797,0.671741,0.122698,0.098741,0.723851
1677109373,749737932,0.462056,0.611972,0.199359,0.670857,0.122956,0.098485,0.724661
1677109373,760082188,0.462089,0.612491,0.198898,0.670186,0.122818,0.098125,0.725354
1677109373,770384480,0.462109,0.612845,0.198488,0.668993,0.122802,0.098128,0.726456
1677109373,780419276,0.462098,0.613231,0.198034,0.668020,0.122710,0.097625,0.727434
1677109373,790543493,0.462235,0.613651,0.197621,0.667143,0.121885,0.097802,0.728354
1677109373,800658995,0.462111,0.613743,0.197197,0.665571,0.122301,0.096701,0.729868
1677109373,810335891,0.462266,0.614070,0.196812,0.665192,0.121840,0.096985,0.730252
1677109373,820473908,0.462397,0.614354,0.196495,0.665038,0.121223,0.096567,0.730551
1677109373,831025521,0.462545,0.614404,0.196200,0.664467,0.121128,0.096592,0.731083
1677109373,840784860,0.462592,0.614507,0.195923,0.664407,0.121490,0.096224,0.731126
1677109373,850226393,0.462744,0.614536,0.195707,0.664430,0.121276,0.096003,0.731169
1677109373,859946262,0.462803,0.614636,0.195508,0.664863,0.120965,0.095471,0.730897
1677109373,870059879,0.462946,0.614805,0.195342,0.665350,0.120645,0.095652,0.730482
1677109373,880099728,0.462930,0.614992,0.195129,0.665753,0.120629,0.095646,0.730119
1677109373,890111553,0.462796,0.615122,0.194971,0.665719,0.120965,0.095607,0.730099
1677109373,900254843,0.462643,0.615228,0.194709,0.665194,0.121035,0.095801,0.730541
1677109373,910604784,0.462654,0.615534,0.194424,0.664763,0.119929,0.096708,0.730996
1677109373,920135331,0.462456,0.615907,0.194150,0.664316,0.119642,0.096918,0.731421
1677109373,930487930,0.462254,0.616113,0.193798,0.662903,0.120093,0.097537,0.732546
1677109373,940770027,0.462307,0.616632,0.193487,0.662554,0.118740,0.098357,0.732973
1677109373,950338743,0.462261,0.616987,0.193182,0.661650,0.118658,0.098849,0.733736
1677109373,960260438,0.462199,0.617485,0.192876,0.661238,0.118889,0.098834,0.734072
1677109373,970531447,0.462190,0.617858,0.192613,0.660333,0.119206,0.098877,0.734829
1677109373,980486940,0.462112,0.618229,0.192347,0.659367,0.120175,0.098496,0.735590
1677109373,990429717,0.462221,0.618761,0.192084,0.659263,0.120107,0.098603,0.735679
1677109374,830627,0.462260,0.618945,0.191846,0.657707,0.120742,0.098520,0.736978
1677109374,10426037,0.462428,0.619323,0.191629,0.657228,0.120499,0.099036,0.737375
1677109374,20400187,0.462411,0.619534,0.191402,0.656014,0.120810,0.098862,0.738428
1677109374,30638050,0.462446,0.619834,0.191225,0.655070,0.121161,0.099638,0.739104
1677109374,40376088,0.462456,0.620104,0.191084,0.653985,0.121290,0.100230,0.739964
1677109374,50460351,0.462268,0.620578,0.190978,0.653817,0.119052,0.097141,0.740887
1677109374,60864710,0.462151,0.620948,0.190848,0.653350,0.118908,0.097436,0.741284
1677109374,70471542,0.462166,0.621196,0.190755,0.652444,0.118183,0.098259,0.742088
1677109374,80397122,0.462020,0.621440,0.190709,0.651923,0.118511,0.098775,0.742425
1677109374,91118229,0.462023,0.621594,0.190728,0.651323,0.118132,0.099568,0.742906
1677109374,100600854,0.461980,0.621685,0.190766,0.650834,0.118096,0.099955,0.743288
1677109374,110219092,0.461786,0.621901,0.190831,0.651011,0.118837,0.100159,0.742988
1677109374,120665428,0.461816,0.622221,0.190884,0.651424,0.117989,0.100513,0.742713
1677109374,130704762,0.461776,0.622488,0.190945,0.651536,0.117754,0.100944,0.742594
1677109374,140240348,0.461752,0.622707,0.190956,0.651131,0.117735,0.101776,0.742838
1677109374,150685705,0.461586,0.622949,0.190919,0.650265,0.117595,0.101766,0.743620
1677109374,160731385,0.461498,0.623455,0.190813,0.650161,0.116852,0.102242,0.743763
1677109374,170128992,0.461404,0.623831,0.190673,0.648731,0.116795,0.103374,0.744863
1677109374,180360487,0.461216,0.624435,0.190482,0.647904,0.116333,0.103179,0.745681
1677109374,190086809,0.461217,0.625014,0.190244,0.646363,0.116096,0.103977,0.746944
1677109374,200405499,0.461072,0.625653,0.190002,0.644984,0.116318,0.104122,0.748081
1677109374,210242642,0.461023,0.626230,0.189709,0.643190,0.116647,0.104559,0.749512
1677109374,220438710,0.461469,0.626768,0.189317,0.640735,0.115055,0.107449,0.751449
1677109374,230860227,0.461435,0.627768,0.188996,0.640471,0.114811,0.107663,0.751681
1677109374,240102673,0.461396,0.628996,0.188590,0.640658,0.115067,0.108277,0.751394
1677109374,249748089,0.461168,0.629644,0.188164,0.639071,0.116202,0.107874,0.752627
1677109374,260307823,0.460978,0.630146,0.187742,0.636949,0.116598,0.106775,0.754519
1677109374,269992770,0.460659,0.630893,0.187304,0.636014,0.117564,0.105696,0.755310
1677109374,280226878,0.460569,0.631310,0.186905,0.633560,0.117914,0.105042,0.757406
1677109374,290496111,0.460549,0.631995,0.186518,0.632056,0.118278,0.105078,0.758600
1677109374,300454930,0.460539,0.632762,0.186170,0.630345,0.119014,0.105628,0.759831
1677109374,310078228,0.460455,0.633118,0.185881,0.627669,0.119660,0.105225,0.761998
1677109374,320757875,0.460382,0.633816,0.185564,0.627093,0.119483,0.104937,0.762539
1677109374,330306266,0.460313,0.634363,0.185320,0.626016,0.119181,0.104476,0.763534
1677109374,339823650,0.460588,0.634286,0.185281,0.621890,0.118894,0.106430,0.766674
1677109374,350068104,0.460543,0.634965,0.185082,0.622072,0.118014,0.106395,0.766668
1677109374,360712800,0.460382,0.635450,0.184919,0.621575,0.117833,0.106356,0.767103
1677109374,369803050,0.460247,0.635746,0.184829,0.620271,0.117657,0.106711,0.768136
1677109374,380388789,0.460050,0.636300,0.184679,0.620381,0.116880,0.106493,0.768197
1677109374,390442270,0.460007,0.636662,0.184609,0.619616,0.116443,0.107382,0.768756
1677109374,400397875,0.459896,0.636956,0.184534,0.618956,0.115793,0.107683,0.769344
1677109374,410225955,0.459858,0.637369,0.184453,0.618824,0.114899,0.108106,0.769524
1677109374,420842829,0.459677,0.637833,0.184404,0.618913,0.115092,0.108389,0.769384
1677109374,430628176,0.459520,0.638302,0.184339,0.619058,0.114498,0.108162,0.769389
1677109374,440272441,0.459306,0.638704,0.184228,0.618752,0.114525,0.108311,0.769610
1677109374,450470654,0.459304,0.639144,0.184119,0.618221,0.113216,0.108854,0.770153
1677109374,460260053,0.459175,0.639498,0.184003,0.617254,0.112894,0.109397,0.770898
1677109374,470194150,0.458969,0.639947,0.183838,0.616484,0.112746,0.109512,0.771520
1677109374,480812800,0.458820,0.640569,0.183653,0.616399,0.112293,0.110014,0.771582
1677109374,490686875,0.458780,0.641031,0.183495,0.615403,0.111931,0.111120,0.772271
1677109374,500710920,0.458562,0.641382,0.183304,0.614264,0.112100,0.111095,0.773157
1677109374,510712098,0.458456,0.641736,0.183155,0.613102,0.111996,0.111696,0.774007
1677109374,520178428,0.458175,0.642407,0.182952,0.613384,0.112101,0.111236,0.773835
1677109374,530264738,0.458174,0.642908,0.182783,0.612655,0.111103,0.111878,0.774463
1677109374,541048016,0.458131,0.643247,0.182646,0.611134,0.110171,0.112516,0.775704
1677109374,550788131,0.457980,0.643839,0.182446,0.610602,0.109667,0.113194,0.776096
1677109374,560880450,0.457663,0.644199,0.182270,0.609261,0.109499,0.112900,0.777216
1677109374,570228736,0.457533,0.644581,0.182067,0.607779,0.108959,0.113810,0.778319
1677109374,580661087,0.457293,0.645149,0.181852,0.607361,0.108336,0.114121,0.778686
1677109374,590602965,0.457133,0.645540,0.181694,0.606120,0.108001,0.114792,0.779600
1677109374,600266049,0.456972,0.645994,0.181577,0.605066,0.108016,0.115703,0.780282
1677109374,610688391,0.456774,0.646267,0.181507,0.603392,0.108355,0.116006,0.781486
1677109374,620150846,0.456703,0.646874,0.181427,0.603424,0.108019,0.117093,0.781345
1677109374,629955155,0.456532,0.647265,0.181383,0.603028,0.107636,0.117133,0.781698
1677109374,640740949,0.456405,0.647473,0.181445,0.601712,0.107841,0.117891,0.782569
1677109374,650651882,0.456168,0.647900,0.181399,0.601776,0.107533,0.117991,0.782547
1677109374,661001031,0.456155,0.648086,0.181432,0.600665,0.106396,0.118835,0.783428
1677109374,670689747,0.455969,0.648347,0.181472,0.600133,0.105805,0.119079,0.783878
1677109374,680538193,0.455896,0.648520,0.181553,0.599160,0.105115,0.119704,0.784620
1677109374,690489482,0.455814,0.648622,0.181663,0.598074,0.104615,0.119993,0.785471
1677109374,701042310,0.455652,0.648959,0.181739,0.598022,0.104499,0.120339,0.785473
1677109374,710446064,0.455456,0.649233,0.181853,0.597677,0.104253,0.120150,0.785797
1677109374,720988154,0.455395,0.649542,0.181960,0.597120,0.103851,0.120850,0.786167
1677109374,730907637,0.455283,0.649917,0.182009,0.596518,0.103507,0.121529,0.786564
1677109374,740244697,0.455096,0.650331,0.182059,0.595112,0.103780,0.122599,0.787427
1677109374,750385696,0.454968,0.650662,0.182119,0.593774,0.103030,0.123520,0.788391
1677109374,761076601,0.454666,0.651061,0.182151,0.592721,0.102822,0.123905,0.789150
1677109374,770530472,0.454466,0.651538,0.182112,0.591986,0.102084,0.125151,0.789601
1677109374,780983645,0.454181,0.651993,0.182079,0.591211,0.101489,0.125827,0.790150
1677109374,790730531,0.453964,0.652387,0.182040,0.590135,0.100872,0.126371,0.790946
1677109374,801549516,0.453543,0.651695,0.182116,0.584077,0.102383,0.126248,0.795256
1677109374,810244206,0.453248,0.652250,0.182053,0.583728,0.102122,0.126517,0.795504
1677109374,820401809,0.452969,0.652446,0.182040,0.581922,0.101957,0.126503,0.796849
1677109374,829869585,0.452791,0.653086,0.181922,0.582537,0.101361,0.126770,0.796433
1677109374,840393628,0.452654,0.653485,0.181911,0.582024,0.101175,0.127221,0.796760
1677109374,849643306,0.452694,0.653691,0.181954,0.580528,0.100537,0.128332,0.797753
1677109374,860600998,0.452544,0.654079,0.181927,0.580101,0.100678,0.128861,0.797961
1677109374,870054699,0.452305,0.654381,0.181866,0.579113,0.101133,0.128899,0.798614
1677109374,880992693,0.452048,0.654919,0.181841,0.579017,0.101042,0.129062,0.798670
1677109374,890685382,0.451917,0.655403,0.181787,0.578416,0.100800,0.130074,0.798971
1677109374,900484510,0.451667,0.655677,0.181835,0.576525,0.100886,0.130774,0.800212
1677109374,910474113,0.451525,0.656272,0.181773,0.576008,0.100330,0.131664,0.800508
1677109374,920094736,0.451233,0.656530,0.181812,0.573749,0.100497,0.132348,0.801995
1677109374,930503481,0.450938,0.657158,0.181768,0.573174,0.100330,0.133156,0.802294
1677109374,940037114,0.450731,0.657673,0.181716,0.572111,0.099681,0.134128,0.802971
1677109374,950540371,0.450477,0.658128,0.181677,0.570996,0.099291,0.134877,0.803687
1677109374,960235622,0.450338,0.658342,0.181737,0.568836,0.098716,0.136048,0.805091
1677109374,970112606,0.449982,0.658777,0.181690,0.568154,0.098675,0.136125,0.805564
1677109374,980033601,0.449806,0.659226,0.181709,0.567596,0.097916,0.136499,0.805987
1677109374,989954257,0.449665,0.659581,0.181750,0.566594,0.098085,0.137595,0.806485
1677109375,290468,0.449126,0.659115,0.181815,0.562351,0.100020,0.136184,0.809451
1677109375,9675898,0.448943,0.659486,0.181794,0.561453,0.099884,0.136332,0.810067
1677109375,19968988,0.449172,0.660905,0.181700,0.564871,0.097521,0.138682,0.807575
1677109375,30785435,0.448632,0.660378,0.181763,0.560204,0.099842,0.137230,0.810784
1677109375,40910303,0.448489,0.660756,0.181760,0.559151,0.099715,0.137792,0.811431
1677109375,50819450,0.448287,0.661230,0.181696,0.558681,0.099482,0.137987,0.811751
1677109375,60519931,0.448151,0.661678,0.181676,0.557982,0.099266,0.138977,0.812089
1677109375,70393787,0.448014,0.661939,0.181686,0.556517,0.099203,0.139898,0.812943
1677109375,80031814,0.447904,0.662470,0.181638,0.556027,0.098629,0.141084,0.813143
1677109375,90464977,0.447536,0.662963,0.181540,0.555895,0.098317,0.140784,0.813323
1677109375,100481585,0.447362,0.663312,0.181524,0.554461,0.098358,0.142115,0.814065
1677109375,110569278,0.447172,0.663657,0.181502,0.553167,0.098073,0.142815,0.814857
1677109375,120666464,0.446974,0.664143,0.181451,0.552284,0.097748,0.143641,0.815350
1677109375,130701954,0.446825,0.664653,0.181332,0.551448,0.097133,0.144529,0.815832
1677109375,140342552,0.446630,0.665228,0.181207,0.550698,0.096886,0.145278,0.816235
1677109375,150627130,0.446462,0.665660,0.181122,0.549329,0.097002,0.145937,0.817026
1677109375,160554010,0.446298,0.666135,0.181073,0.548187,0.096897,0.146514,0.817702
1677109375,170114971,0.446120,0.666581,0.180971,0.547091,0.096822,0.146928,0.818370
1677109375,180114306,0.446069,0.667024,0.180883,0.545978,0.096554,0.148067,0.818940
1677109375,190611464,0.445782,0.667412,0.180804,0.545100,0.096543,0.147656,0.819599
1677109375,200881021,0.445677,0.667871,0.180715,0.544476,0.096145,0.148520,0.819905
1677109375,210202247,0.445645,0.668219,0.180698,0.543332,0.095522,0.149474,0.820563
1677109375,220566324,0.445605,0.668565,0.180683,0.542377,0.094949,0.150393,0.821093
1677109375,230828705,0.445395,0.668878,0.180643,0.541540,0.094863,0.150398,0.821654
1677109375,239706527,0.445312,0.669173,0.180648,0.540719,0.094999,0.150901,0.822087
1677109375,249807724,0.445242,0.669454,0.180684,0.540015,0.094796,0.151127,0.822532
1677109375,259761621,0.445174,0.669955,0.180694,0.540275,0.094879,0.151752,0.822236
1677109375,269792084,0.445005,0.670145,0.180746,0.539265,0.095357,0.151459,0.822897
1677109375,280415527,0.445007,0.670443,0.180799,0.538582,0.094957,0.152095,0.823274
1677109375,289752069,0.444836,0.670785,0.180765,0.538219,0.094930,0.151899,0.823551
1677109375,300135012,0.444740,0.671135,0.180789,0.537498,0.095150,0.152647,0.823858
1677109375,309911576,0.444641,0.671441,0.180839,0.536750,0.095127,0.153179,0.824249
1677109375,320007232,0.444582,0.671747,0.180888,0.535641,0.094965,0.154124,0.824813
1677109375,329736158,0.444521,0.672082,0.180919,0.535009,0.094596,0.155160,0.825071
1677109375,339952120,0.444279,0.672415,0.180891,0.534441,0.095008,0.155675,0.825295
1677109375,350344862,0.444119,0.672697,0.180847,0.533965,0.094825,0.156288,0.825508
1677109375,360595733,0.443879,0.672926,0.180841,0.533198,0.095230,0.156723,0.825875
1677109375,369611784,0.443794,0.673122,0.180869,0.532349,0.094600,0.157318,0.826382
1677109375,380366348,0.443721,0.673310,0.180914,0.531655,0.094136,0.157763,0.826796
1677109375,390074326,0.443651,0.673516,0.180974,0.531055,0.094145,0.158502,0.827040
1677109375,401152287,0.443583,0.673731,0.181026,0.530688,0.094035,0.159314,0.827131
1677109375,410391973,0.443462,0.673928,0.181081,0.530666,0.094050,0.159758,0.827058
1677109375,420256332,0.443358,0.674100,0.181130,0.530627,0.093752,0.159955,0.827079
1677109375,431011459,0.443232,0.674202,0.181226,0.529926,0.094136,0.160758,0.827329
1677109375,440252521,0.443267,0.674360,0.181355,0.529089,0.093513,0.162253,0.827643
1677109375,450218276,0.443100,0.674469,0.181414,0.528334,0.093662,0.162903,0.827982
1677109375,460017676,0.442903,0.674737,0.181427,0.528070,0.093574,0.163960,0.827951
1677109375,471169245,0.442724,0.674953,0.181458,0.527362,0.092972,0.164884,0.828287
1677109375,480408806,0.442597,0.675219,0.181448,0.526656,0.092667,0.166362,0.828474
1677109375,490072572,0.442375,0.675460,0.181457,0.526165,0.092290,0.167143,0.828671
1677109375,500524868,0.442138,0.675811,0.181468,0.525969,0.092586,0.168072,0.828575
1677109375,510772968,0.441990,0.675910,0.181604,0.524780,0.092673,0.168940,0.829142
1677109375,520659166,0.441877,0.676078,0.181734,0.524255,0.092622,0.169578,0.829350
1677109375,530785170,0.441834,0.676313,0.181856,0.524395,0.092517,0.170198,0.829146
1677109375,540314730,0.441781,0.676504,0.181989,0.524547,0.092600,0.170611,0.828956
1677109375,550654630,0.441694,0.676701,0.182101,0.524838,0.092826,0.170838,0.828700
1677109375,560148636,0.441713,0.676814,0.182310,0.524290,0.092527,0.171511,0.828941
1677109375,570405941,0.441556,0.676967,0.182410,0.524007,0.093075,0.171737,0.829011
1677109375,580427717,0.441513,0.677226,0.182518,0.523684,0.093033,0.172755,0.829009
1677109375,590280122,0.441377,0.677487,0.182562,0.523261,0.092789,0.172951,0.829263
1677109375,600378487,0.441306,0.677872,0.182570,0.523126,0.092725,0.173910,0.829154
1677109375,610517766,0.441242,0.678113,0.182660,0.522427,0.092461,0.174612,0.829476
1677109375,620482251,0.441057,0.678399,0.182638,0.522271,0.092886,0.174575,0.829535
1677109375,630856855,0.440881,0.678662,0.182648,0.521988,0.093679,0.174724,0.829593
1677109375,640958471,0.440880,0.678951,0.182684,0.521751,0.093638,0.175193,0.829648
1677109375,650635134,0.440707,0.679385,0.182645,0.521998,0.094714,0.175295,0.829348
1677109375,660317075,0.440655,0.679771,0.182635,0.521818,0.094935,0.175817,0.829326
1677109375,670960657,0.440675,0.680079,0.182637,0.521028,0.094974,0.176343,0.829706
1677109375,680937668,0.440698,0.680479,0.182610,0.520370,0.095045,0.177578,0.829848
1677109375,690600273,0.440480,0.680927,0.182477,0.520198,0.095708,0.177707,0.829852
1677109375,700353583,0.440427,0.681286,0.182423,0.519213,0.095150,0.178272,0.830411
1677109375,710162300,0.440414,0.681633,0.182387,0.517980,0.094611,0.179119,0.831061
1677109375,720787753,0.440354,0.681994,0.182326,0.516786,0.094317,0.179915,0.831665
1677109375,730555706,0.439819,0.681625,0.182294,0.512792,0.096457,0.178388,0.834217
1677109375,740070193,0.439687,0.682053,0.182138,0.512015,0.096695,0.178776,0.834584
1677109375,750729110,0.439537,0.682485,0.182012,0.511039,0.097004,0.179082,0.835080
1677109375,760345148,0.439572,0.682854,0.181919,0.509632,0.096634,0.180042,0.835776
1677109375,770130982,0.439399,0.683252,0.181749,0.508555,0.097186,0.179864,0.836406
1677109375,780117250,0.439390,0.683723,0.181592,0.507694,0.097121,0.180420,0.836817
1677109375,790704881,0.439468,0.683831,0.181589,0.504860,0.097184,0.181061,0.838384
1677109375,800544028,0.439223,0.684525,0.181308,0.505489,0.098104,0.181030,0.837905
1677109375,809914529,0.439161,0.684961,0.181164,0.504699,0.098075,0.181158,0.838357
1677109375,820263698,0.439246,0.685374,0.181027,0.503369,0.097821,0.182313,0.838936
1677109375,830556499,0.439029,0.685745,0.180844,0.502338,0.098200,0.182210,0.839531
1677109375,840725270,0.438985,0.686166,0.180698,0.501053,0.097770,0.183200,0.840134
1677109375,850638064,0.438819,0.686515,0.180521,0.499741,0.098120,0.183945,0.840711
1677109375,860403222,0.438656,0.686891,0.180348,0.498714,0.098413,0.184891,0.841079
1677109375,870353160,0.438497,0.687271,0.180176,0.497726,0.098814,0.186044,0.841364
1677109375,880689931,0.438201,0.687637,0.179981,0.497282,0.099028,0.186156,0.841576
1677109375,890722913,0.438074,0.687988,0.179895,0.496252,0.099198,0.187638,0.841835
1677109375,900531600,0.437770,0.688372,0.179753,0.496081,0.099462,0.188453,0.841722
1677109375,910244662,0.437530,0.688636,0.179678,0.495660,0.099506,0.189529,0.841723
1677109375,920479687,0.437463,0.688735,0.179688,0.494596,0.098824,0.191147,0.842064
1677109375,930617935,0.437240,0.689009,0.179623,0.495004,0.098868,0.192673,0.841471
1677109375,940566624,0.436983,0.689129,0.179572,0.494919,0.099208,0.193810,0.841220
1677109375,949778640,0.436672,0.689065,0.179633,0.493868,0.099472,0.194795,0.841579
1677109375,960290092,0.436478,0.689355,0.179517,0.494567,0.099169,0.196366,0.840839
1677109375,969619872,0.436286,0.689346,0.179488,0.494027,0.098630,0.197141,0.841038
1677109375,979733845,0.436107,0.689269,0.179503,0.492893,0.098791,0.198297,0.841412
1677109375,990377559,0.435886,0.689381,0.179423,0.493042,0.098893,0.198845,0.841184
1677109376,720461,0.435805,0.689707,0.179311,0.494095,0.098649,0.199816,0.840364
1677109376,10557087,0.435829,0.689593,0.179400,0.492842,0.098688,0.200601,0.840908
1677109376,20268022,0.435793,0.689672,0.179397,0.493010,0.098528,0.200673,0.840812
1677109376,30490182,0.435824,0.689790,0.179384,0.493511,0.098399,0.200958,0.840464
1677109376,40199320,0.435839,0.689823,0.179434,0.494076,0.098142,0.200687,0.840227
1677109376,50187174,0.435905,0.689764,0.179527,0.494189,0.098745,0.200970,0.840023
1677109376,60289744,0.436024,0.689724,0.179581,0.494752,0.098776,0.201057,0.839666
1677109376,69812280,0.436038,0.689549,0.179669,0.495076,0.099346,0.200782,0.839474
1677109376,80107448,0.436067,0.689573,0.179683,0.496080,0.099781,0.200800,0.838825
1677109376,90519948,0.436059,0.689557,0.179702,0.496425,0.100101,0.200768,0.838591
1677109376,100524208,0.436149,0.689594,0.179694,0.496313,0.099851,0.201435,0.838527
1677109376,110522656,0.436130,0.689616,0.179615,0.495927,0.099767,0.202189,0.838583
1677109376,120076085,0.436026,0.689530,0.179534,0.495000,0.099873,0.202613,0.839016
1677109376,130427589,0.435918,0.689691,0.179351,0.495387,0.099678,0.203555,0.838583
1677109376,140318464,0.435836,0.689630,0.179240,0.494976,0.099463,0.204375,0.838652
1677109376,150416752,0.435744,0.689547,0.179073,0.494745,0.099332,0.204991,0.838653
1677109376,160066395,0.435629,0.689592,0.178907,0.495657,0.099208,0.205384,0.838033
1677109376,169487599,0.435576,0.689433,0.178821,0.495570,0.099427,0.205576,0.838011
1677109376,180276702,0.435674,0.689388,0.178722,0.496361,0.099308,0.206050,0.837441
1677109376,190325459,0.435718,0.689330,0.178668,0.497492,0.099755,0.205898,0.836754
1677109376,201030144,0.435884,0.689241,0.178655,0.498797,0.099429,0.205365,0.836146
1677109376,210658376,0.435979,0.689084,0.178670,0.500047,0.100002,0.204265,0.835601
1677109376,220555477,0.436258,0.689052,0.178643,0.501770,0.099793,0.203680,0.834735
1677109376,230753293,0.436578,0.688914,0.178658,0.502924,0.099467,0.202977,0.834251
1677109376,240790235,0.436789,0.688927,0.178572,0.504322,0.100204,0.202298,0.833483
1677109376,250632516,0.437007,0.688853,0.178524,0.505006,0.100509,0.201285,0.833277
1677109376,260604184,0.437081,0.688935,0.178398,0.505792,0.101459,0.200550,0.832863
1677109376,270113957,0.437109,0.688955,0.178228,0.505835,0.102210,0.199910,0.832899
1677109376,280450791,0.437267,0.689040,0.178051,0.505717,0.101849,0.199995,0.832994
1677109376,289981918,0.437290,0.689206,0.177826,0.505788,0.101934,0.199897,0.832964
1677109376,300772700,0.437335,0.689429,0.177661,0.505591,0.101989,0.200522,0.832927
1677109376,310028862,0.437278,0.689600,0.177497,0.505302,0.101964,0.200260,0.833168
1677109376,320387041,0.437217,0.689860,0.177343,0.505448,0.102507,0.200819,0.832879
1677109376,330095609,0.437222,0.689905,0.177267,0.504881,0.102188,0.200889,0.833244
1677109376,340365844,0.437242,0.690039,0.177204,0.505064,0.102263,0.201492,0.832978
1677109376,350780496,0.437186,0.690072,0.177169,0.505300,0.102679,0.201665,0.832742
1677109376,360402443,0.437216,0.690119,0.177130,0.505730,0.102558,0.201896,0.832440
1677109376,370401653,0.437172,0.690038,0.177132,0.505452,0.103117,0.202059,0.832501
1677109376,380689020,0.437113,0.690099,0.177017,0.505801,0.103319,0.202248,0.832218
1677109376,390249460,0.436987,0.690390,0.176783,0.507074,0.103480,0.202461,0.831371
1677109376,400406725,0.437110,0.690404,0.176679,0.506326,0.103016,0.203220,0.831699
1677109376,410336941,0.437137,0.690547,0.176439,0.506102,0.103179,0.203619,0.831718
1677109376,420773370,0.437083,0.690690,0.176203,0.505981,0.103631,0.203578,0.831745
1677109376,430371883,0.437022,0.690743,0.175965,0.505440,0.104265,0.203135,0.832103
1677109376,440690819,0.437095,0.690773,0.175764,0.504750,0.104176,0.202869,0.832598
1677109376,450917005,0.437272,0.690811,0.175550,0.504102,0.104508,0.203142,0.832882
1677109376,460316481,0.437425,0.690913,0.175355,0.504190,0.104419,0.202830,0.832916
1677109376,469986899,0.437576,0.690837,0.175216,0.503754,0.104818,0.202309,0.833256
1677109376,479787124,0.437645,0.690875,0.175027,0.504308,0.105498,0.201490,0.833034
1677109376,489992127,0.437819,0.690887,0.174890,0.504633,0.106111,0.201314,0.832802
1677109376,500668172,0.437921,0.690898,0.174706,0.505066,0.107090,0.200977,0.832495
1677109376,510125983,0.438054,0.690753,0.174601,0.504859,0.107269,0.200294,0.832762
1677109376,520527730,0.438195,0.690828,0.174406,0.505366,0.107822,0.200518,0.832329
1677109376,530314929,0.438189,0.690799,0.174202,0.505271,0.108696,0.200263,0.832335
1677109376,540062571,0.438285,0.690780,0.173965,0.504921,0.108901,0.200392,0.832490
1677109376,550563166,0.438310,0.690832,0.173680,0.504822,0.108888,0.200414,0.832546
1677109376,560910406,0.438279,0.690846,0.173427,0.505070,0.108916,0.200061,0.832477
1677109376,569952129,0.438465,0.690489,0.173423,0.505001,0.108918,0.200276,0.832466
1677109376,580614825,0.438597,0.690221,0.173485,0.506920,0.109117,0.200233,0.831283
1677109376,589851952,0.438707,0.689831,0.173484,0.507897,0.109378,0.200086,0.830688
1677109376,600285307,0.438757,0.689785,0.173298,0.509336,0.109142,0.199942,0.829872
1677109376,610377879,0.438871,0.689711,0.173118,0.509704,0.109298,0.200214,0.829560
1677109376,619831566,0.439022,0.689563,0.173054,0.510152,0.109128,0.200274,0.829292
1677109376,630258815,0.439088,0.689411,0.173029,0.511358,0.109863,0.199907,0.828541
1677109376,639756880,0.439216,0.689333,0.172995,0.512607,0.110085,0.199644,0.827803
1677109376,650220195,0.439271,0.689248,0.172852,0.513460,0.110463,0.198875,0.827409
1677109376,660282630,0.439519,0.689188,0.172747,0.513851,0.110409,0.199248,0.827084
1677109376,670327832,0.439563,0.689029,0.172642,0.514445,0.111088,0.198155,0.826886
1677109376,680802534,0.439806,0.688931,0.172624,0.515554,0.111226,0.197710,0.826283
1677109376,690570020,0.439954,0.688777,0.172620,0.516627,0.111847,0.196613,0.825790
1677109376,700591903,0.440184,0.688542,0.172559,0.516671,0.112249,0.195823,0.825896
1677109376,710384664,0.440384,0.688595,0.172476,0.517538,0.112319,0.194938,0.825553
1677109376,720798292,0.440586,0.688629,0.172377,0.518181,0.112694,0.194320,0.825245
1677109376,730292765,0.440763,0.688672,0.172315,0.519104,0.112622,0.193409,0.824888
1677109376,740696961,0.440927,0.688722,0.172274,0.519953,0.113011,0.193042,0.824386
1677109376,750408678,0.441028,0.688585,0.172260,0.519787,0.113129,0.192413,0.824621
1677109376,760461338,0.441004,0.688776,0.172102,0.521089,0.113518,0.192269,0.823779
1677109376,770329087,0.441046,0.688919,0.171996,0.522192,0.113203,0.192541,0.823060
1677109376,781032187,0.440910,0.688979,0.171937,0.523080,0.113581,0.192774,0.822389
1677109376,790653552,0.440821,0.689072,0.171830,0.524301,0.113379,0.193426,0.821487
1677109376,801049947,0.440622,0.689120,0.171723,0.525242,0.113502,0.194061,0.820718
1677109376,810619942,0.440493,0.689245,0.171611,0.526280,0.113362,0.195440,0.819745
1677109376,820595223,0.440200,0.689398,0.171433,0.528141,0.113770,0.195858,0.818391
1677109376,830813941,0.440124,0.689427,0.171341,0.529455,0.112953,0.196342,0.817539
1677109376,840618469,0.440005,0.689560,0.171190,0.531048,0.112934,0.196833,0.816389
1677109376,850290089,0.439862,0.689659,0.171067,0.532133,0.113531,0.197092,0.815537
1677109376,860257501,0.439745,0.689957,0.170840,0.533985,0.113890,0.196992,0.814299
1677109376,870803813,0.439687,0.690304,0.170635,0.535725,0.114744,0.197098,0.813010
1677109376,880949336,0.439630,0.690523,0.170490,0.536979,0.115652,0.196445,0.812211
1677109376,889925850,0.439640,0.690862,0.170368,0.538769,0.116322,0.195880,0.811066
1677109376,900687161,0.439639,0.691317,0.170209,0.540732,0.117246,0.195540,0.809708
1677109376,910652844,0.439467,0.691996,0.169997,0.542659,0.119373,0.195600,0.808091
1677109376,920529665,0.439226,0.692530,0.169832,0.543024,0.121173,0.195437,0.807618
1677109376,930247048,0.438982,0.693338,0.169676,0.543930,0.122516,0.196363,0.806580
1677109376,940443609,0.438456,0.693954,0.169538,0.544425,0.124457,0.196248,0.805977
1677109376,950503692,0.438126,0.695268,0.169420,0.547727,0.124808,0.198397,0.803154
1677109376,961079210,0.437512,0.695337,0.169406,0.546440,0.125448,0.197254,0.804212
1677109376,970926455,0.436795,0.695810,0.169387,0.546276,0.126526,0.197491,0.804096
1677109376,980591366,0.436208,0.697164,0.169261,0.549387,0.125824,0.199546,0.801576
1677109376,990019620,0.435328,0.697304,0.169278,0.547592,0.126709,0.198966,0.802808
1677109376,999670973,0.434429,0.698025,0.169233,0.548045,0.126831,0.199469,0.802355
1677109377,9951189,0.433616,0.699593,0.169066,0.552045,0.125963,0.201611,0.799208
1677109377,20427155,0.432544,0.700223,0.169011,0.551734,0.126538,0.201959,0.799244
1677109377,31089770,0.431647,0.701048,0.169011,0.551775,0.125549,0.202760,0.799169
1677109377,41081470,0.430390,0.701436,0.169016,0.550110,0.125752,0.201971,0.800483
1677109377,50264314,0.429350,0.702840,0.168959,0.552498,0.124575,0.203604,0.798607
1677109377,60533656,0.428096,0.703068,0.169032,0.550307,0.124220,0.202458,0.800464
1677109377,71396311,0.426976,0.704493,0.169030,0.552795,0.122906,0.204152,0.798519
1677109377,80686022,0.425811,0.705393,0.169035,0.553190,0.121356,0.204443,0.798409
1677109377,90095159,0.424549,0.706080,0.169051,0.553018,0.120285,0.203984,0.798807
1677109377,99936504,0.423513,0.707004,0.169073,0.554167,0.117552,0.204271,0.798344
1677109377,110462425,0.422240,0.707164,0.169051,0.552489,0.116399,0.202650,0.800088
1677109377,119989253,0.421088,0.707947,0.168957,0.553474,0.114787,0.202355,0.799714
1677109377,130557247,0.420041,0.708491,0.168929,0.553802,0.112809,0.201649,0.799947
1677109377,140542462,0.418985,0.709101,0.168879,0.554777,0.110962,0.200537,0.799809
1677109377,150115863,0.417882,0.709876,0.168864,0.556328,0.109228,0.199185,0.799309
1677109377,160345596,0.416864,0.710440,0.168878,0.556375,0.107242,0.197448,0.799975
1677109377,170375330,0.415930,0.711281,0.168813,0.557283,0.105056,0.196186,0.799944
1677109377,180425115,0.414938,0.712004,0.168761,0.557846,0.102830,0.194039,0.800364
1677109377,189749780,0.413935,0.712807,0.168704,0.558779,0.100697,0.191790,0.800527
1677109377,200373015,0.412953,0.713838,0.168612,0.559979,0.099205,0.190436,0.800197
1677109377,210355507,0.411871,0.714712,0.168512,0.560278,0.098217,0.189060,0.800436
1677109377,220536137,0.410697,0.715552,0.168368,0.560807,0.097424,0.187368,0.800560
1677109377,230405779,0.409579,0.716376,0.168194,0.562260,0.096410,0.185728,0.800046
1677109377,240664262,0.408552,0.716923,0.168140,0.563574,0.094846,0.183705,0.799776
1677109377,250603783,0.407670,0.717628,0.168018,0.565926,0.093165,0.182463,0.798595
1677109377,260487880,0.406799,0.717993,0.167929,0.566723,0.092107,0.180657,0.798564
1677109377,271213011,0.406075,0.718535,0.167739,0.568338,0.090505,0.178811,0.798015
1677109377,280293371,0.405477,0.718843,0.167621,0.569236,0.088896,0.176219,0.798132
1677109377,290383774,0.404910,0.719198,0.167475,0.571136,0.087771,0.173041,0.797594
1677109377,300210106,0.404596,0.719333,0.167373,0.572292,0.086774,0.169933,0.797543
1677109377,310308768,0.404332,0.719622,0.167233,0.574153,0.086055,0.165846,0.797143
1677109377,320830894,0.404611,0.720832,0.167026,0.579520,0.083169,0.163268,0.794093
1677109377,330721465,0.404511,0.721102,0.166837,0.581110,0.083411,0.157879,0.793994
1677109377,340198147,0.404797,0.721318,0.166695,0.582270,0.083250,0.153297,0.794060
1677109377,349842489,0.404879,0.721535,0.166613,0.584079,0.083847,0.147233,0.793816
1677109377,359858969,0.405230,0.721345,0.166695,0.585373,0.083781,0.142009,0.793822
1677109377,370207023,0.405479,0.721188,0.166727,0.587475,0.083925,0.136890,0.793153
1677109377,379608334,0.405733,0.720900,0.166706,0.588912,0.083431,0.131758,0.793008
1677109377,389818872,0.405947,0.720725,0.166634,0.590167,0.083068,0.127122,0.792870
1677109377,400349922,0.406165,0.720415,0.166578,0.590558,0.082190,0.122670,0.793371
1677109377,410774377,0.406365,0.720303,0.166537,0.592168,0.081458,0.118780,0.792839
1677109377,420985425,0.406307,0.719944,0.166513,0.593236,0.081157,0.113332,0.792868
1677109377,430411730,0.406449,0.719788,0.166423,0.595071,0.080242,0.109187,0.792168
1677109377,439988402,0.406521,0.719169,0.166276,0.595814,0.079447,0.104757,0.792288
1677109377,450543596,0.406559,0.718677,0.165995,0.598487,0.078781,0.100414,0.790901
1677109377,460566126,0.406580,0.717867,0.165706,0.601088,0.077662,0.095772,0.789614
1677109377,470762136,0.406605,0.716897,0.165451,0.603646,0.076597,0.091910,0.788224
1677109377,480944387,0.406579,0.716038,0.165138,0.607135,0.074869,0.087898,0.786165
1677109377,490304881,0.406463,0.715162,0.164852,0.610201,0.073854,0.084396,0.784269
1677109377,500246592,0.406307,0.714177,0.164535,0.613053,0.072817,0.081113,0.782486
1677109377,510097830,0.405871,0.713349,0.164089,0.616708,0.074577,0.079159,0.779643
1677109377,520554963,0.405255,0.712389,0.163575,0.618884,0.079025,0.080200,0.777371
1677109377,530440242,0.404306,0.711499,0.163095,0.621117,0.081175,0.081317,0.775250
1677109377,540326234,0.403181,0.710495,0.162731,0.623872,0.078546,0.081746,0.773261
1677109377,550526681,0.401974,0.709462,0.162480,0.627308,0.074715,0.083256,0.770695
1677109377,560437450,0.400774,0.708578,0.162306,0.630257,0.070996,0.086446,0.768286
1677109377,569994464,0.399326,0.707972,0.162132,0.631947,0.068039,0.089357,0.766831
1677109377,580444368,0.397906,0.707644,0.161989,0.632444,0.064843,0.093170,0.766244
1677109377,590041536,0.396423,0.707360,0.161876,0.632415,0.061076,0.095748,0.766259
1677109377,600255329,0.395219,0.707270,0.161919,0.632947,0.056812,0.099586,0.765658
1677109377,610732448,0.393888,0.707031,0.161964,0.633667,0.053181,0.101775,0.765036
1677109377,620581392,0.392768,0.706661,0.162152,0.634382,0.048620,0.104118,0.764431
1677109377,630224866,0.391554,0.706297,0.162341,0.635763,0.044135,0.104955,0.763440
1677109377,640497806,0.390492,0.706020,0.162513,0.636823,0.040315,0.106298,0.762582
1677109377,650738036,0.389603,0.706028,0.162585,0.638173,0.036247,0.107716,0.761458
1677109377,660535431,0.388764,0.705858,0.162632,0.637798,0.033589,0.108707,0.761754
1677109377,670265070,0.387976,0.705811,0.162659,0.637683,0.031477,0.108329,0.761994
1677109377,680357411,0.387369,0.705920,0.162701,0.638110,0.030074,0.107454,0.761816
1677109377,690554264,0.387145,0.705900,0.162758,0.638259,0.028187,0.106610,0.761883
1677109377,701386760,0.386950,0.705681,0.162831,0.638211,0.027621,0.104734,0.762203
1677109377,709794276,0.386904,0.705559,0.162893,0.639522,0.027372,0.102519,0.761415
1677109377,720252007,0.387015,0.705157,0.162950,0.640866,0.027863,0.100486,0.760537
1677109377,729775672,0.387216,0.704500,0.163119,0.642518,0.028758,0.098104,0.759420
1677109377,740208684,0.387522,0.704069,0.163268,0.646467,0.029087,0.095202,0.756420
1677109377,750605433,0.388074,0.703234,0.163421,0.648942,0.029448,0.093487,0.754498
1677109377,759659115,0.388446,0.702666,0.163424,0.652241,0.029786,0.089820,0.752081
1677109377,769894193,0.388862,0.702024,0.163256,0.653978,0.030870,0.086661,0.750899
1677109377,780446803,0.389423,0.701556,0.163006,0.655350,0.031499,0.083925,0.749987
1677109377,790358129,0.389892,0.701121,0.162711,0.656416,0.032870,0.080767,0.749343
1677109377,800662167,0.390481,0.700691,0.162487,0.658079,0.033558,0.077697,0.748177
1677109377,810036484,0.391032,0.700143,0.162299,0.660250,0.034927,0.074351,0.746540
1677109377,820090343,0.391840,0.699497,0.162254,0.662857,0.036388,0.072532,0.744336
1677109377,830025899,0.392516,0.698585,0.162274,0.665873,0.038411,0.069462,0.741830
1677109377,839958810,0.393342,0.697579,0.162345,0.669834,0.040241,0.066360,0.738444
1677109377,850471705,0.394138,0.696336,0.162470,0.674365,0.042156,0.062139,0.734570
1677109377,860183906,0.395149,0.695003,0.162622,0.679418,0.044586,0.059370,0.729985
1677109377,870277333,0.396121,0.693437,0.162788,0.684399,0.047466,0.055750,0.725422
1677109377,880686619,0.397149,0.691867,0.162987,0.689781,0.050376,0.051735,0.720408
1677109377,890066976,0.398414,0.690227,0.163177,0.694578,0.053280,0.048876,0.715775
1677109377,900242939,0.399442,0.688702,0.163411,0.699731,0.057479,0.044877,0.710675
1677109377,910637385,0.400660,0.687276,0.163611,0.704167,0.059787,0.040658,0.706343
1677109377,920523290,0.401845,0.686145,0.163793,0.708259,0.061288,0.036068,0.702362
1677109377,930518432,0.402966,0.684967,0.163956,0.711396,0.062602,0.031444,0.699291
1677109377,940720475,0.403947,0.684022,0.164149,0.714973,0.064556,0.027381,0.695626
1677109377,950572561,0.404884,0.682923,0.164399,0.717961,0.066091,0.023884,0.692527
1677109377,960409570,0.405668,0.681939,0.164717,0.721770,0.067656,0.020782,0.688505
1677109377,969859249,0.406444,0.680897,0.165091,0.725699,0.068767,0.018761,0.684310
1677109377,980156503,0.407030,0.679752,0.165553,0.729525,0.069918,0.016947,0.680160
1677109377,989936798,0.407461,0.678604,0.166134,0.733615,0.070850,0.015506,0.675684
1677109378,135615,0.407881,0.677322,0.166793,0.737564,0.070907,0.014669,0.671384
1677109378,10397772,0.408278,0.675930,0.167526,0.741595,0.070083,0.014479,0.667020
1677109378,20497254,0.408445,0.674475,0.168368,0.745783,0.068972,0.013505,0.662471
1677109378,30718169,0.408602,0.672906,0.169249,0.749388,0.067284,0.013172,0.658572
1677109378,40358766,0.408715,0.671512,0.170238,0.753026,0.065771,0.013947,0.654547
1677109378,50211323,0.408731,0.670144,0.171356,0.756076,0.063882,0.013911,0.651210
1677109378,60587264,0.408780,0.668900,0.172595,0.759118,0.061684,0.014652,0.647858
1677109378,70821682,0.408726,0.667650,0.173959,0.762083,0.060325,0.015604,0.644474
1677109378,80309098,0.408768,0.666401,0.175393,0.765427,0.058297,0.016639,0.640661
1677109378,90342841,0.408665,0.664977,0.176869,0.768651,0.057893,0.018065,0.636787
1677109378,100322616,0.408685,0.663593,0.178437,0.772486,0.056687,0.018556,0.632224
1677109378,110199211,0.408790,0.662063,0.180040,0.775648,0.056538,0.020027,0.628310
1677109378,119863028,0.408872,0.660550,0.181752,0.778723,0.056293,0.019689,0.624526
1677109378,130000516,0.409248,0.659165,0.183570,0.782005,0.055098,0.019858,0.620514
1677109378,140151698,0.409556,0.657586,0.185438,0.784460,0.054796,0.018933,0.617464
1677109378,149827593,0.409990,0.656151,0.187501,0.787252,0.053780,0.017767,0.614024
1677109378,160464179,0.410571,0.654648,0.189617,0.789783,0.052752,0.017141,0.610874
1677109378,169838317,0.410933,0.653092,0.191817,0.792220,0.052786,0.015512,0.607750
1677109378,179636535,0.411508,0.651535,0.194121,0.794714,0.051973,0.014686,0.604576
1677109378,189654533,0.412060,0.650007,0.196542,0.797307,0.051697,0.014528,0.601180
1677109378,200477660,0.412769,0.648245,0.198930,0.798743,0.050184,0.013726,0.599418
1677109378,209741421,0.412849,0.646875,0.201811,0.802055,0.052647,0.012814,0.594788
1677109378,219816904,0.413356,0.645281,0.204533,0.804246,0.052940,0.012541,0.591801
1677109378,230347706,0.413810,0.643699,0.207404,0.806369,0.053008,0.011252,0.588925
1677109378,240547241,0.414421,0.642210,0.210368,0.808775,0.052496,0.010565,0.585676
1677109378,250996085,0.414942,0.640502,0.213314,0.810171,0.052236,0.009627,0.583783
1677109378,260753039,0.415331,0.639022,0.216424,0.811966,0.052191,0.008444,0.581306
1677109378,270561537,0.415788,0.637712,0.219620,0.813712,0.051178,0.008098,0.578954
1677109378,280345473,0.416073,0.636459,0.222850,0.814696,0.050444,0.007859,0.577637
1677109378,290540753,0.416277,0.635389,0.226101,0.815152,0.049629,0.008700,0.577051
1677109378,300597054,0.416278,0.634608,0.229499,0.815836,0.048512,0.009287,0.576170
1677109378,310553327,0.416338,0.633934,0.232807,0.816032,0.046888,0.011474,0.575988
1677109378,320712884,0.416191,0.633312,0.236097,0.816228,0.045576,0.013665,0.575768
1677109378,330646261,0.415896,0.632723,0.239337,0.816340,0.044611,0.015666,0.575634
1677109378,340508608,0.415668,0.632023,0.242516,0.816365,0.042874,0.017966,0.575663
1677109378,350496605,0.415478,0.631445,0.245652,0.817221,0.040839,0.019793,0.574535
1677109378,360161329,0.415273,0.630778,0.248604,0.817790,0.039392,0.021502,0.573764
1677109378,370275248,0.415240,0.630082,0.251535,0.818062,0.037546,0.023224,0.573433
1677109378,380561855,0.415087,0.629527,0.254405,0.818293,0.037105,0.024568,0.573077
1677109378,390856874,0.415064,0.629271,0.257300,0.818865,0.036747,0.026064,0.572215
1677109378,400571979,0.415051,0.628942,0.260036,0.818543,0.036497,0.026365,0.572678
1677109378,410090723,0.415207,0.628749,0.262747,0.818530,0.036083,0.027045,0.572691
1677109378,421070471,0.415231,0.629077,0.265476,0.820203,0.036327,0.026425,0.570307
1677109378,430712973,0.415213,0.628027,0.267533,0.817175,0.038923,0.026940,0.574443
1677109378,440599275,0.416130,0.628052,0.270062,0.817838,0.035403,0.029941,0.573577
1677109378,450140473,0.415667,0.628167,0.272642,0.818921,0.039872,0.029260,0.571771
1677109378,460054466,0.415749,0.628209,0.275016,0.819464,0.040872,0.028593,0.570956
1677109378,469653390,0.415907,0.627990,0.277209,0.819348,0.041670,0.028575,0.571066
1677109378,480283465,0.416169,0.627670,0.279298,0.819404,0.041796,0.028440,0.570983
1677109378,490401283,0.416291,0.627469,0.281478,0.820515,0.042892,0.028548,0.569298
1677109378,500651372,0.416199,0.626961,0.283412,0.820771,0.044392,0.027685,0.568856
1677109378,510529803,0.415599,0.626380,0.285186,0.820291,0.048663,0.026708,0.569246
1677109378,520578806,0.416533,0.626392,0.287290,0.821725,0.043963,0.027549,0.567518
1677109378,530241773,0.417306,0.626678,0.289512,0.823754,0.038641,0.027608,0.564955
1677109378,540814815,0.417213,0.626736,0.291338,0.823443,0.038645,0.028292,0.565374
1677109378,550412540,0.416176,0.626480,0.292856,0.820863,0.044160,0.028763,0.568688
1677109378,560196799,0.416073,0.626628,0.294751,0.820466,0.043365,0.030026,0.569256
1677109378,570531984,0.415485,0.626849,0.296778,0.820917,0.044426,0.030340,0.568508
1677109378,580473806,0.415638,0.626749,0.298468,0.820725,0.041933,0.031957,0.568885
1677109378,590267277,0.415477,0.626547,0.300194,0.821106,0.040926,0.032866,0.568357
1677109378,600635691,0.415219,0.626117,0.301821,0.821129,0.040962,0.034182,0.568244
1677109378,610498931,0.415858,0.626298,0.303916,0.824146,0.034872,0.034423,0.564253
1677109378,620884905,0.415596,0.625944,0.305458,0.824277,0.035425,0.034705,0.564011
1677109378,630084482,0.415538,0.625813,0.307075,0.824791,0.035368,0.035698,0.563200
1677109378,640739037,0.415378,0.625504,0.308573,0.824270,0.036147,0.035288,0.563939
1677109378,650299972,0.415275,0.625556,0.310124,0.824141,0.036814,0.034716,0.564121
1677109378,660025217,0.415373,0.625715,0.311647,0.823938,0.037211,0.035635,0.564333
1677109378,670670877,0.415453,0.625939,0.313075,0.823543,0.037758,0.035740,0.564866
1677109378,680926481,0.415564,0.626210,0.314488,0.823304,0.038247,0.035977,0.565166
1677109378,690072374,0.415760,0.626547,0.315863,0.823188,0.038273,0.036310,0.565312
1677109378,700533031,0.415769,0.626823,0.317152,0.822961,0.038845,0.035915,0.565629
1677109378,710390818,0.415732,0.627090,0.318287,0.822705,0.039512,0.035480,0.565983
1677109378,720481965,0.415831,0.627359,0.319416,0.822757,0.038906,0.035249,0.565963
1677109378,730634379,0.415974,0.627502,0.320455,0.822807,0.038271,0.035952,0.565889
1677109378,740247851,0.415809,0.627572,0.321345,0.822703,0.039000,0.036114,0.565982
1677109378,750374309,0.415768,0.627746,0.322222,0.823010,0.038679,0.036148,0.565554
1677109378,760673295,0.414683,0.627587,0.322629,0.820864,0.045135,0.037278,0.568115
1677109378,770113390,0.414612,0.627940,0.323424,0.821151,0.044847,0.038081,0.567670
1677109378,780600626,0.414476,0.628047,0.323984,0.820554,0.045061,0.039019,0.568453
1677109378,790122052,0.414257,0.628323,0.324555,0.820726,0.045490,0.039537,0.568134
1677109378,800626487,0.414186,0.628444,0.325022,0.820734,0.045826,0.040394,0.568035
1677109378,810226898,0.414098,0.628461,0.325444,0.820801,0.045852,0.040677,0.567916
1677109378,820298677,0.413979,0.628423,0.325702,0.820643,0.046138,0.040671,0.568122
1677109378,830424445,0.413995,0.628621,0.326028,0.821363,0.045818,0.040412,0.567125
1677109378,840584703,0.414115,0.628672,0.326203,0.821190,0.045392,0.040696,0.567389
1677109378,850687986,0.414119,0.628820,0.326339,0.821024,0.045854,0.040589,0.567600
1677109378,860255349,0.414228,0.628925,0.326314,0.820365,0.046275,0.040679,0.568512
1677109378,870563557,0.414188,0.629292,0.326411,0.820706,0.047329,0.040056,0.567976
1677109378,880372685,0.414406,0.629388,0.326355,0.820327,0.047071,0.039578,0.568578
1677109378,889562333,0.414530,0.629462,0.326290,0.820184,0.047708,0.039700,0.568723
1677109378,900286842,0.414637,0.629438,0.326245,0.820433,0.048294,0.039251,0.568346
1677109378,910542363,0.414909,0.629364,0.326205,0.820974,0.047930,0.039211,0.567598
1677109378,920436432,0.414977,0.629086,0.326060,0.820854,0.048285,0.038419,0.567795
1677109378,930656666,0.415004,0.629014,0.326035,0.821373,0.048971,0.038394,0.566986
1677109378,940201213,0.415053,0.628888,0.325997,0.821762,0.049049,0.037771,0.566458
1677109378,950292512,0.415096,0.628752,0.325985,0.822148,0.049280,0.036991,0.565930
1677109378,960565235,0.415214,0.628392,0.325945,0.821808,0.049267,0.036880,0.566431
1677109378,970315628,0.416152,0.628637,0.326336,0.824262,0.043399,0.036441,0.563365
1677109378,980246113,0.415899,0.628280,0.326288,0.823764,0.045057,0.035714,0.564011
1677109378,990351775,0.416017,0.628126,0.326457,0.824145,0.044712,0.036176,0.563451
1677109379,729607,0.415953,0.627837,0.326490,0.823854,0.044948,0.035482,0.563902
1677109379,10615078,0.415882,0.627734,0.326622,0.824122,0.045123,0.035169,0.563516
1677109379,20989398,0.415830,0.627521,0.326676,0.823728,0.045372,0.035303,0.564064
1677109379,30322337,0.415769,0.627409,0.326758,0.823496,0.045568,0.035623,0.564366
1677109379,40294900,0.415758,0.627371,0.326866,0.823406,0.045451,0.036129,0.564475
1677109379,49768766,0.415777,0.627468,0.327015,0.823712,0.045008,0.036222,0.564057
1677109379,60195867,0.415651,0.627479,0.327089,0.823574,0.045547,0.036326,0.564210
1677109379,70147126,0.415634,0.627535,0.327208,0.823611,0.045351,0.036222,0.564177
