secs,nsecs,tx,ty,tz,rx,ry,rz,rw
1677108462,82101962,0.483252,0.570237,0.511692,0.513730,0.069836,0.381971,0.765051
1677108462,92463598,0.482962,0.570337,0.511773,0.514486,0.070015,0.382065,0.764479
1677108462,101999760,0.482846,0.570311,0.511947,0.514191,0.069410,0.382455,0.764538
1677108462,111876030,0.482734,0.570410,0.512075,0.514189,0.069120,0.383173,0.764206
1677108462,122292048,0.482602,0.570489,0.512129,0.514066,0.069178,0.383340,0.764200
1677108462,132271645,0.482548,0.570405,0.512276,0.512658,0.069338,0.383715,0.764942
1677108462,141936604,0.482362,0.570640,0.512265,0.513095,0.069848,0.383332,0.764795
1677108462,153087437,0.482273,0.570761,0.512356,0.512681,0.069903,0.383315,0.765076
1677108462,162619075,0.482201,0.570859,0.512443,0.512278,0.070100,0.383118,0.765426
1677108462,173061178,0.482203,0.571011,0.512570,0.511850,0.070212,0.383792,0.765365
1677108462,182895014,0.482070,0.571012,0.512627,0.511795,0.070639,0.383341,0.765588
1677108462,192658558,0.481989,0.571035,0.512671,0.511985,0.070748,0.382898,0.765673
1677108462,202223792,0.481885,0.570953,0.512732,0.511823,0.070779,0.382507,0.765974
1677108462,212689145,0.481876,0.570891,0.512822,0.511354,0.070667,0.382606,0.766248
1677108462,222518511,0.481755,0.570849,0.512817,0.511224,0.070607,0.382349,0.766469
1677108462,232006710,0.481695,0.570781,0.512872,0.510704,0.070444,0.382457,0.766776
1677108462,242669632,0.481553,0.570631,0.512882,0.510395,0.070575,0.381956,0.767220
1677108462,252641465,0.481503,0.570611,0.512954,0.510646,0.070217,0.382059,0.767034
1677108462,262794847,0.481499,0.570552,0.513033,0.510848,0.069622,0.382366,0.766801
1677108462,272037850,0.481475,0.570345,0.513099,0.510629,0.069403,0.382466,0.766916
1677108462,282060310,0.481382,0.570300,0.513128,0.511055,0.069537,0.382943,0.766383
1677108462,292145839,0.481311,0.570199,0.513085,0.511593,0.069311,0.382742,0.766144
1677108462,302824311,0.481294,0.570023,0.513065,0.511681,0.068790,0.382420,0.766293
1677108462,313575164,0.481332,0.569889,0.512949,0.511550,0.068542,0.382553,0.766337
1677108462,322490650,0.481308,0.569904,0.512687,0.511887,0.069087,0.382569,0.766054
1677108462,332943171,0.481334,0.569853,0.512385,0.511394,0.069713,0.382321,0.766451
1677108462,343098280,0.481456,0.569963,0.512015,0.510682,0.070074,0.382334,0.766886
1677108462,352245598,0.481568,0.569993,0.511627,0.509429,0.070411,0.381913,0.767898
1677108462,362290899,0.481691,0.570244,0.511196,0.508276,0.071025,0.381863,0.768630
1677108462,372532970,0.481668,0.570393,0.510743,0.507390,0.071477,0.380617,0.769790
1677108462,382579099,0.481783,0.570465,0.510402,0.506008,0.071568,0.380049,0.770971
1677108462,392562513,0.481630,0.570886,0.509823,0.507480,0.071363,0.379245,0.770419
1677108462,402338136,0.481843,0.570693,0.509625,0.505857,0.070953,0.379494,0.771401
1677108462,412618935,0.481844,0.570701,0.509230,0.506476,0.071314,0.379789,0.770815
1677108462,422684803,0.481871,0.570349,0.508855,0.506352,0.071424,0.379701,0.770930
1677108462,432102338,0.481965,0.570058,0.508503,0.506723,0.071058,0.380586,0.770283
1677108462,442285279,0.481989,0.569788,0.507921,0.507806,0.071169,0.381176,0.769268
1677108462,452520057,0.482086,0.569363,0.507350,0.508016,0.070964,0.381849,0.768814
1677108462,461905078,0.482184,0.568872,0.506671,0.508021,0.070255,0.381752,0.768924
1677108462,472160707,0.482281,0.568615,0.505856,0.508268,0.069668,0.382166,0.768608
1677108462,482186124,0.482343,0.568376,0.504942,0.508395,0.068921,0.382399,0.768476
1677108462,492254741,0.482385,0.568249,0.503857,0.508521,0.068834,0.382804,0.768199
1677108462,502080606,0.482405,0.567962,0.502687,0.508181,0.068662,0.382621,0.768530
1677108462,513131548,0.482577,0.567704,0.501536,0.507879,0.067622,0.382799,0.768733
1677108462,522344856,0.482747,0.567571,0.500282,0.508283,0.066822,0.383213,0.768330
1677108462,532542090,0.482837,0.567181,0.498998,0.508026,0.066955,0.382934,0.768627
1677108462,542849973,0.483210,0.566903,0.497749,0.508461,0.065613,0.382978,0.768433
1677108462,552348923,0.483287,0.566615,0.496327,0.509872,0.066360,0.382020,0.767911
1677108462,562208855,0.483753,0.566261,0.495103,0.511012,0.065131,0.381058,0.767736
1677108462,572408513,0.484131,0.565698,0.493896,0.511616,0.064857,0.379219,0.768268
1677108462,582088904,0.484608,0.565440,0.492720,0.513099,0.064746,0.378201,0.767790
1677108462,592634925,0.484967,0.565173,0.491593,0.515140,0.065160,0.376245,0.767349
1677108462,602103815,0.485418,0.564855,0.490575,0.517243,0.064578,0.374168,0.766999
1677108462,612693416,0.485952,0.564314,0.489740,0.517788,0.064714,0.372729,0.767321
1677108462,622936131,0.486290,0.563859,0.488852,0.519756,0.064500,0.370455,0.767109
1677108462,632170958,0.486519,0.563338,0.488027,0.522061,0.064227,0.368660,0.766431
1677108462,643068428,0.486714,0.562726,0.487231,0.524448,0.063781,0.367602,0.765346
1677108462,652397626,0.486923,0.562009,0.486466,0.526642,0.062981,0.367594,0.763908
1677108462,663377059,0.486815,0.561113,0.485527,0.529347,0.063002,0.367024,0.762310
1677108462,672759009,0.486876,0.560140,0.484573,0.531080,0.062177,0.367621,0.760883
1677108462,682485269,0.486748,0.559272,0.483441,0.533465,0.061549,0.368044,0.759059
1677108462,692994826,0.486630,0.558550,0.482174,0.535417,0.060811,0.369031,0.757263
1677108462,702459963,0.486385,0.557867,0.480707,0.536840,0.060646,0.369390,0.756093
1677108462,712457816,0.486218,0.557331,0.479222,0.537625,0.060311,0.369885,0.755319
1677108462,722449548,0.486048,0.556748,0.477659,0.537604,0.060281,0.369928,0.755316
1677108462,732702436,0.485756,0.556267,0.476013,0.538211,0.060485,0.368858,0.755390
1677108462,742582396,0.485665,0.555887,0.474373,0.538350,0.060991,0.368772,0.755293
1677108462,752806620,0.485732,0.555485,0.472705,0.538884,0.061088,0.368532,0.755021
1677108462,762585812,0.485583,0.555466,0.470774,0.541630,0.062781,0.368102,0.753124
1677108462,772726256,0.485738,0.554813,0.469090,0.542510,0.062850,0.367029,0.753009
1677108462,782800570,0.485823,0.553982,0.467357,0.542550,0.063756,0.365631,0.753584
1677108462,792732059,0.485969,0.553313,0.465602,0.542479,0.064394,0.365282,0.753750
1677108462,802375169,0.486167,0.552732,0.463835,0.542035,0.064225,0.365476,0.753990
1677108462,812826444,0.486028,0.552412,0.461896,0.542886,0.065260,0.365371,0.753339
1677108462,822383801,0.485825,0.552099,0.459887,0.543831,0.066067,0.365299,0.752622
1677108462,832806612,0.485771,0.551570,0.457983,0.543356,0.066219,0.366248,0.752490
1677108462,842607399,0.485573,0.551148,0.456007,0.543524,0.066289,0.367035,0.751979
1677108462,852388723,0.485217,0.550658,0.453959,0.543904,0.066847,0.367472,0.751441
1677108462,862667058,0.484940,0.550152,0.451911,0.543988,0.066968,0.368123,0.751051
1677108462,872205818,0.484703,0.549728,0.449930,0.544236,0.067055,0.369198,0.750336
1677108462,882709633,0.484435,0.549257,0.448010,0.544079,0.067216,0.369877,0.750101
1677108462,892693167,0.484255,0.548933,0.446104,0.544174,0.067459,0.371114,0.749398
1677108462,902389741,0.483960,0.548433,0.444259,0.544185,0.067484,0.370684,0.749601
1677108462,912130106,0.483771,0.548116,0.442424,0.544603,0.067906,0.370834,0.749186
1677108462,922530717,0.483612,0.547743,0.440703,0.544717,0.068169,0.370767,0.749112
1677108462,932799445,0.483421,0.547629,0.439001,0.546004,0.068752,0.371216,0.747898
1677108462,942262457,0.483265,0.547234,0.437284,0.546208,0.069450,0.370995,0.747794
1677108462,952681333,0.483154,0.546917,0.435674,0.546546,0.069879,0.371321,0.747345
1677108462,962749157,0.482937,0.546650,0.434001,0.547457,0.070519,0.371126,0.746715
1677108462,972816847,0.482792,0.546312,0.432353,0.547865,0.070962,0.371197,0.746338
1677108462,982755584,0.482610,0.546004,0.430708,0.548189,0.071764,0.371597,0.745825
1677108462,992580643,0.482416,0.545840,0.428984,0.549028,0.072242,0.371732,0.745094
1677108463,2189410,0.482285,0.545685,0.427298,0.548814,0.073165,0.373269,0.744393
1677108463,12727073,0.481935,0.545498,0.425534,0.548607,0.074126,0.373689,0.744240
1677108463,22942327,0.481628,0.545414,0.423771,0.548251,0.074447,0.374526,0.744049
1677108463,32184434,0.481292,0.545337,0.422131,0.547364,0.074865,0.376142,0.743845
1677108463,43008846,0.480858,0.545340,0.420411,0.547609,0.075015,0.376892,0.743270
1677108463,53013279,0.480547,0.545089,0.418816,0.546810,0.074833,0.378286,0.743168
1677108463,62510687,0.480126,0.544921,0.417253,0.547147,0.075153,0.379299,0.742371
1677108463,72374323,0.479719,0.544644,0.415726,0.547648,0.075593,0.380186,0.741503
1677108463,82736474,0.479393,0.544455,0.414242,0.548792,0.075680,0.380914,0.740274
1677108463,92840418,0.479328,0.543858,0.412889,0.548469,0.074007,0.381131,0.740570
1677108463,102624084,0.479094,0.543578,0.411467,0.549510,0.074104,0.381489,0.739603
1677108463,112580695,0.479044,0.543382,0.410061,0.550207,0.073911,0.381932,0.738876
1677108463,122274558,0.478956,0.543301,0.408616,0.550920,0.074049,0.382044,0.738273
1677108463,132254717,0.478856,0.543212,0.407091,0.550796,0.075098,0.382016,0.738274
1677108463,142486062,0.478353,0.543336,0.405261,0.552594,0.076625,0.379985,0.737821
1677108463,152578318,0.478460,0.543489,0.403876,0.551698,0.076467,0.380544,0.738220
1677108463,162318831,0.478552,0.543636,0.402479,0.550963,0.076353,0.380821,0.738638
1677108463,172304035,0.478477,0.543764,0.400984,0.551323,0.076601,0.380308,0.738607
1677108463,182322448,0.478385,0.543792,0.399446,0.551718,0.077559,0.379719,0.738516
1677108463,192510391,0.478400,0.543877,0.398035,0.552583,0.077877,0.380114,0.737632
1677108463,201897404,0.478385,0.543791,0.396652,0.553604,0.078084,0.380000,0.736903
1677108463,212102952,0.477963,0.543735,0.395056,0.554371,0.081000,0.380359,0.735825
1677108463,222507486,0.477893,0.543759,0.393611,0.555505,0.081643,0.380532,0.734809
1677108463,232162473,0.477765,0.543745,0.392127,0.556098,0.082348,0.380601,0.734246
1677108463,242653132,0.477491,0.543923,0.390554,0.557093,0.083620,0.380533,0.733382
1677108463,252463028,0.477446,0.543987,0.389081,0.557023,0.083709,0.380592,0.733394
1677108463,262329381,0.477356,0.544237,0.387538,0.557220,0.084219,0.380888,0.733033
1677108463,272621348,0.477146,0.544367,0.385956,0.557254,0.085498,0.380440,0.733092
1677108463,282543559,0.477067,0.544531,0.384466,0.557273,0.085879,0.380180,0.733167
1677108463,292496527,0.476828,0.544777,0.382959,0.557925,0.087200,0.380082,0.732566
1677108463,302362497,0.476762,0.544856,0.381597,0.558203,0.087436,0.380087,0.732324
1677108463,312821297,0.476568,0.544909,0.380169,0.559146,0.088131,0.379622,0.731762
1677108463,322748637,0.476567,0.544877,0.378813,0.560111,0.088370,0.379975,0.730812
1677108463,332394301,0.476536,0.544798,0.377392,0.561259,0.088913,0.380259,0.729717
1677108463,342905882,0.476418,0.544705,0.375825,0.562469,0.090062,0.380003,0.728776
1677108463,352527279,0.476353,0.544835,0.374260,0.563497,0.090547,0.380428,0.727700
1677108463,362289146,0.476117,0.545229,0.372458,0.564326,0.092981,0.380940,0.726482
1677108463,372502197,0.476147,0.545191,0.370883,0.562856,0.092349,0.380850,0.727749
1677108463,382434207,0.475999,0.545638,0.369158,0.562602,0.093382,0.380851,0.727813
1677108463,392301251,0.475885,0.546011,0.367478,0.561827,0.095730,0.381035,0.728010
1677108463,402402643,0.475685,0.546485,0.365799,0.562138,0.096879,0.380210,0.728049
1677108463,412580367,0.475778,0.546571,0.364379,0.560582,0.096834,0.380339,0.729187
1677108463,422644096,0.475716,0.547064,0.362889,0.561548,0.097562,0.380376,0.728326
1677108463,432531694,0.475747,0.547248,0.361544,0.561606,0.098152,0.380747,0.728009
1677108463,442727051,0.475720,0.547281,0.360193,0.561761,0.099238,0.380768,0.727731
1677108463,452711754,0.475781,0.547304,0.358873,0.561955,0.099857,0.381225,0.727257
1677108463,462471388,0.475776,0.547197,0.357547,0.562439,0.100400,0.380744,0.727060
1677108463,472731178,0.475714,0.547255,0.356226,0.563224,0.101085,0.381077,0.726182
1677108463,482606874,0.475785,0.547366,0.354922,0.563958,0.101131,0.381425,0.725423
1677108463,492643661,0.475823,0.547251,0.353611,0.563365,0.101717,0.381422,0.725803
1677108463,502612907,0.475774,0.547414,0.352330,0.563683,0.102327,0.381559,0.725399
1677108463,512810103,0.475750,0.547442,0.351101,0.563075,0.102685,0.381628,0.725784
1677108463,522422687,0.475718,0.547548,0.349839,0.563292,0.103007,0.381374,0.725703
1677108463,533123541,0.475709,0.547528,0.348643,0.563221,0.103415,0.381257,0.725762
1677108463,543051046,0.475890,0.547457,0.347578,0.563172,0.103151,0.381809,0.725547
1677108463,553110367,0.475915,0.547454,0.346456,0.564483,0.103608,0.381602,0.724572
1677108463,562585693,0.476006,0.547340,0.345386,0.565080,0.104166,0.381959,0.723837
1677108463,572998229,0.475979,0.547388,0.344311,0.566528,0.104847,0.382320,0.722416
1677108463,582551982,0.476027,0.547209,0.343218,0.566690,0.105066,0.382189,0.722326
1677108463,592811399,0.476173,0.547157,0.342131,0.566889,0.104429,0.382271,0.722220
1677108463,602334253,0.476221,0.547018,0.341009,0.566624,0.104693,0.382022,0.722521
1677108463,612376638,0.476223,0.547088,0.339870,0.566773,0.105196,0.381996,0.722344
1677108463,622480718,0.476325,0.547189,0.338853,0.566860,0.105101,0.382396,0.722078
1677108463,632201622,0.476263,0.547155,0.337729,0.566968,0.106377,0.381759,0.722143
1677108463,642299967,0.476548,0.547138,0.336784,0.566679,0.106721,0.382055,0.722163
1677108463,652963636,0.476620,0.547258,0.335817,0.567524,0.107206,0.382055,0.721428
1677108463,662525894,0.476706,0.547184,0.334847,0.567788,0.107511,0.381497,0.721470
1677108463,672616546,0.476643,0.547284,0.333882,0.568786,0.108329,0.381268,0.720682
1677108463,682713115,0.476699,0.547235,0.332985,0.568944,0.108704,0.381133,0.720572
1677108463,692717914,0.476710,0.547254,0.332061,0.569545,0.108959,0.381015,0.720121
1677108463,702416725,0.476796,0.547257,0.331159,0.570129,0.108707,0.380905,0.719755
1677108463,712242234,0.476814,0.547270,0.330220,0.570501,0.109378,0.381007,0.719304
1677108463,722177217,0.476912,0.547252,0.329286,0.570100,0.109920,0.381525,0.719265
1677108463,732026911,0.476882,0.547267,0.328288,0.569943,0.110544,0.381135,0.719500
1677108463,741970673,0.476715,0.547456,0.327272,0.570097,0.111191,0.380635,0.719544
1677108463,752766593,0.476787,0.547767,0.326372,0.570202,0.110571,0.381194,0.719260
1677108463,762627285,0.476719,0.547789,0.325423,0.569489,0.111142,0.381199,0.719734
1677108463,772706297,0.476697,0.547816,0.324530,0.569228,0.111129,0.381258,0.719911
1677108463,782646055,0.476597,0.547894,0.323621,0.569532,0.111538,0.381451,0.719505
1677108463,792573345,0.476374,0.548001,0.322646,0.570349,0.112284,0.381309,0.718817
1677108463,802179563,0.476368,0.548088,0.321745,0.570355,0.112208,0.382085,0.718412
1677108463,812407851,0.476376,0.548099,0.320813,0.570169,0.112178,0.382592,0.718294
1677108463,822719916,0.476239,0.548197,0.319865,0.570289,0.112651,0.382796,0.718016
1677108463,832449469,0.476156,0.548102,0.318917,0.569671,0.113040,0.382670,0.718513
1677108463,842381423,0.475970,0.548251,0.317976,0.569888,0.113773,0.382873,0.718116
1677108463,852957994,0.475915,0.548289,0.317034,0.569690,0.113643,0.382638,0.718420
1677108463,862580727,0.475983,0.548449,0.316149,0.569283,0.113520,0.383517,0.718293
1677108463,872552060,0.475952,0.548533,0.315235,0.569247,0.113183,0.383365,0.718455
1677108463,882661567,0.475771,0.548605,0.314261,0.569709,0.113836,0.382582,0.718404
1677108463,892684572,0.475619,0.548767,0.313291,0.570156,0.114208,0.382420,0.718076
1677108463,902781825,0.475580,0.548804,0.312371,0.569860,0.114537,0.382412,0.718263
1677108463,913096245,0.475497,0.549224,0.311460,0.570572,0.114561,0.383381,0.717176
1677108463,922464192,0.475252,0.549160,0.310483,0.569927,0.115372,0.382943,0.717794
1677108463,932143840,0.475089,0.549352,0.309550,0.569559,0.115708,0.383991,0.717471
1677108463,941692106,0.474889,0.549421,0.308567,0.569542,0.115484,0.383819,0.717613
1677108463,952156121,0.474599,0.549643,0.307568,0.570183,0.115400,0.384469,0.716769
1677108463,962342824,0.474369,0.549740,0.306507,0.570761,0.115485,0.384427,0.716318
1677108463,972107416,0.474151,0.549719,0.305357,0.571106,0.115880,0.384079,0.716165
1677108463,982480931,0.474104,0.549841,0.304266,0.570944,0.116075,0.385005,0.715766
1677108463,992571326,0.474001,0.549958,0.303085,0.570920,0.116695,0.385497,0.715419
1677108464,2729041,0.473875,0.550098,0.301844,0.570942,0.117168,0.384948,0.715620
1677108464,12418437,0.473819,0.550308,0.300612,0.570505,0.117898,0.384870,0.715891
1677108464,22507238,0.473674,0.550622,0.299396,0.570132,0.118842,0.384807,0.716066
1677108464,32611303,0.473477,0.550975,0.298139,0.570296,0.119945,0.383863,0.716258
1677108464,42857263,0.473477,0.551095,0.297008,0.568994,0.120477,0.383363,0.717471
1677108464,52068471,0.473356,0.551532,0.295883,0.569499,0.121656,0.383253,0.716929
1677108464,62618651,0.473318,0.551693,0.294840,0.569178,0.122294,0.383154,0.717129
1677108464,72187551,0.473294,0.551795,0.293829,0.569272,0.122501,0.382912,0.717148
1677108464,82395401,0.473107,0.551905,0.292760,0.570235,0.123286,0.382207,0.716624
1677108464,92070921,0.473110,0.551995,0.291735,0.570825,0.123394,0.382602,0.715925
1677108464,102647340,0.472855,0.552010,0.290581,0.571548,0.125030,0.382076,0.715345
1677108464,113149312,0.472980,0.552004,0.289568,0.571415,0.124915,0.382534,0.715227
1677108464,122674280,0.472909,0.552001,0.288441,0.571375,0.126379,0.382430,0.715057
1677108464,132344486,0.472804,0.552147,0.287233,0.572261,0.127532,0.381392,0.714698
1677108464,142746919,0.472953,0.552213,0.286139,0.571870,0.128206,0.381028,0.715084
1677108464,153041678,0.473075,0.552317,0.285008,0.572230,0.128913,0.379723,0.715363
1677108464,162286842,0.473230,0.552386,0.283906,0.572743,0.130274,0.378328,0.715446
1677108464,172873630,0.473532,0.552439,0.282907,0.573693,0.131003,0.376828,0.715343
1677108464,182886309,0.473836,0.552287,0.281930,0.574588,0.132071,0.374499,0.715651
1677108464,193093174,0.474112,0.552271,0.280955,0.576443,0.133083,0.372279,0.715130
1677108464,201912211,0.474462,0.552224,0.280039,0.577080,0.134192,0.371432,0.714849
1677108464,212491463,0.474638,0.552279,0.279123,0.578112,0.134696,0.370422,0.714445
1677108464,221922402,0.474773,0.552228,0.278193,0.577918,0.135254,0.369778,0.714829
1677108464,232327830,0.474647,0.552483,0.277177,0.578449,0.136363,0.369867,0.714143
1677108464,242970395,0.474518,0.552597,0.276142,0.577809,0.136886,0.369904,0.714542
1677108464,252677086,0.474279,0.552855,0.275170,0.577624,0.137269,0.370635,0.714239
1677108464,262505422,0.474068,0.553019,0.274191,0.577214,0.137090,0.371340,0.714239
1677108464,272775320,0.473882,0.553037,0.273300,0.576126,0.137431,0.372505,0.714445
1677108464,282212582,0.473611,0.553253,0.272374,0.576595,0.137523,0.373219,0.713676
1677108464,292344378,0.473315,0.553424,0.271417,0.577086,0.137768,0.373704,0.712978
1677108464,302375603,0.473207,0.553419,0.270501,0.576880,0.137561,0.374222,0.712912
1677108464,312327703,0.473095,0.553609,0.269641,0.577149,0.137344,0.375088,0.712282
1677108464,322737902,0.473023,0.553669,0.268800,0.576551,0.138221,0.376279,0.711968
1677108464,331879232,0.472781,0.553892,0.267927,0.576996,0.138791,0.376231,0.711522
1677108464,342352809,0.472602,0.554023,0.267109,0.576204,0.139342,0.376545,0.711890
1677108464,351808890,0.472496,0.554355,0.266338,0.575861,0.139205,0.377530,0.711672
1677108464,362243997,0.472224,0.554534,0.265528,0.575706,0.139586,0.377559,0.711707
1677108464,372897635,0.472139,0.554774,0.264812,0.576117,0.139097,0.378121,0.711172
1677108464,382401975,0.472110,0.554790,0.264112,0.575888,0.138826,0.378561,0.711176
1677108464,392767495,0.471965,0.554852,0.263358,0.576234,0.139666,0.379046,0.710473
1677108464,402298997,0.471958,0.554928,0.262682,0.576332,0.139398,0.379446,0.710232
1677108464,412465097,0.471813,0.555072,0.261935,0.576357,0.140107,0.380178,0.709681
1677108464,422581512,0.471774,0.555248,0.261236,0.576450,0.139961,0.380476,0.709475
1677108464,432102051,0.471612,0.555491,0.260479,0.576317,0.140594,0.381026,0.709162
1677108464,442073712,0.471416,0.555740,0.259744,0.576421,0.141140,0.381143,0.708906
1677108464,451795651,0.471366,0.555882,0.259070,0.575446,0.141325,0.381957,0.709224
1677108464,462143378,0.471208,0.556060,0.258336,0.575217,0.141657,0.381975,0.709333
1677108464,472870053,0.471068,0.556300,0.257601,0.575060,0.142170,0.382367,0.709147
1677108464,482726777,0.470965,0.556699,0.256888,0.575613,0.142479,0.383361,0.708099
1677108464,493077996,0.470862,0.556711,0.256153,0.575021,0.143368,0.383121,0.708530
1677108464,502598298,0.470933,0.556804,0.255456,0.574478,0.143167,0.383350,0.708887
1677108464,512357348,0.470896,0.557045,0.254696,0.574328,0.143438,0.383561,0.708839
1677108464,522942996,0.470862,0.557313,0.253974,0.574304,0.143637,0.383686,0.708751
1677108464,532806117,0.470510,0.557838,0.253015,0.574941,0.146564,0.383683,0.707637
1677108464,543095263,0.470614,0.558014,0.252318,0.574049,0.146421,0.383754,0.708351
1677108464,552351446,0.470594,0.558404,0.251646,0.574239,0.146307,0.383521,0.708347
1677108464,562432798,0.470603,0.558603,0.251013,0.572727,0.147184,0.384184,0.709030
1677108464,572988063,0.470390,0.558627,0.250248,0.570588,0.149465,0.384513,0.710098
1677108464,582261583,0.470222,0.559143,0.249617,0.571444,0.148842,0.384341,0.709634
1677108464,592628493,0.470130,0.559584,0.249017,0.571937,0.148852,0.384577,0.709107
1677108464,602455807,0.470052,0.559802,0.248511,0.572086,0.148524,0.384407,0.709147
1677108464,612548984,0.469931,0.560113,0.247996,0.572596,0.148557,0.384757,0.708539
1677108464,622902584,0.469869,0.560364,0.247479,0.572861,0.148339,0.385203,0.708127
1677108464,632740210,0.469709,0.560592,0.246924,0.573147,0.148430,0.385490,0.707721
1677108464,643341845,0.469425,0.560951,0.246328,0.573575,0.149309,0.386221,0.706790
1677108464,653334907,0.469263,0.561216,0.245730,0.573053,0.149523,0.386956,0.706765
1677108464,663079857,0.468905,0.561582,0.245002,0.573017,0.150487,0.387035,0.706547
1677108464,673156665,0.468769,0.562040,0.244340,0.572386,0.150522,0.387813,0.706625
1677108464,682022715,0.468483,0.562478,0.243642,0.571805,0.151096,0.387843,0.706956
1677108464,692494729,0.468278,0.562987,0.242925,0.570951,0.151921,0.388366,0.707183
1677108464,701951932,0.468074,0.563401,0.242270,0.570199,0.152128,0.387933,0.707982
1677108464,713114602,0.467830,0.563886,0.241629,0.569849,0.153170,0.387843,0.708089
1677108464,722523013,0.467722,0.564267,0.241119,0.569450,0.153460,0.387934,0.708297
1677108464,732674904,0.467990,0.564814,0.240636,0.568983,0.151604,0.389044,0.708463
1677108464,742156703,0.467698,0.565173,0.240022,0.569147,0.153014,0.388806,0.708159
1677108464,752838281,0.467318,0.565545,0.239443,0.569353,0.154665,0.388775,0.707651
1677108464,762364182,0.467060,0.565793,0.238873,0.568115,0.155899,0.389715,0.707858
1677108464,772800072,0.466584,0.566301,0.238259,0.568074,0.157052,0.390358,0.707282
1677108464,783025138,0.466055,0.566620,0.237605,0.567336,0.158283,0.390244,0.707662
1677108464,792498208,0.465651,0.567021,0.237023,0.566971,0.158403,0.390819,0.707611
1677108464,802440355,0.465394,0.567423,0.236535,0.566583,0.158431,0.391542,0.707515
1677108464,813071399,0.465186,0.567704,0.236038,0.566103,0.158962,0.392445,0.707280
1677108464,822562227,0.464934,0.568030,0.235615,0.566030,0.159126,0.392880,0.707061
1677108464,832723056,0.464706,0.568260,0.235245,0.565786,0.159655,0.393044,0.707045
1677108464,842713440,0.464337,0.568683,0.234767,0.566185,0.160517,0.393350,0.706360
1677108464,852403890,0.464202,0.569076,0.234412,0.566059,0.160427,0.393953,0.706146
1677108464,862233384,0.464027,0.569399,0.233970,0.565523,0.160817,0.394474,0.706195
1677108464,872818232,0.463739,0.569758,0.233489,0.565325,0.161463,0.394612,0.706129
1677108464,882635637,0.463468,0.570134,0.232985,0.564899,0.162113,0.394733,0.706253
1677108464,892435262,0.463210,0.570587,0.232525,0.564810,0.162280,0.394951,0.706164
1677108464,902595388,0.463126,0.570952,0.232087,0.563763,0.162465,0.395867,0.706445
1677108464,912909160,0.462831,0.571424,0.231606,0.564014,0.162989,0.395829,0.706146
1677108464,922254285,0.462601,0.571720,0.231160,0.563495,0.163917,0.395920,0.706294
1677108464,932384187,0.462385,0.572205,0.230702,0.563654,0.164288,0.396348,0.705841
1677108464,942169993,0.462274,0.572623,0.230292,0.563544,0.164352,0.397033,0.705529
1677108464,952357681,0.461932,0.572892,0.229783,0.563213,0.165532,0.396669,0.705722
1677108464,962069828,0.461668,0.573300,0.229260,0.563186,0.166547,0.397039,0.705296
1677108464,972207962,0.461610,0.573847,0.228801,0.562998,0.166389,0.398269,0.704791
1677108464,982171152,0.461012,0.574377,0.228069,0.563887,0.168337,0.397384,0.704116
1677108464,992250349,0.460935,0.574789,0.227617,0.562997,0.168562,0.398172,0.704330
1677108465,2047034,0.460855,0.575185,0.227050,0.562635,0.168757,0.398041,0.704646
1677108465,12330173,0.460697,0.575529,0.226472,0.561725,0.169845,0.398196,0.705023
1677108465,22392789,0.460592,0.576078,0.225873,0.561267,0.170711,0.398993,0.704728
1677108465,32541790,0.460416,0.576579,0.225195,0.560845,0.171812,0.399119,0.704725
1677108465,42472678,0.460241,0.577158,0.224573,0.560592,0.172490,0.399324,0.704644
1677108465,52218722,0.460004,0.577650,0.223923,0.559839,0.173784,0.399272,0.704955
1677108465,62140316,0.459902,0.578161,0.223287,0.559187,0.174499,0.399649,0.705082
1677108465,72469296,0.459761,0.578669,0.222729,0.558641,0.175391,0.400060,0.705060
1677108465,82179152,0.459714,0.578951,0.222164,0.557973,0.176314,0.399563,0.705641
1677108465,91727515,0.459672,0.579432,0.221720,0.558319,0.176893,0.399914,0.705023
1677108465,101784736,0.459658,0.579876,0.221257,0.558704,0.177346,0.399663,0.704747
1677108465,112283878,0.459626,0.580180,0.220888,0.558782,0.177807,0.399585,0.704613
1677108465,121749936,0.459571,0.580426,0.220504,0.558305,0.178590,0.399688,0.704734
1677108465,131856408,0.459388,0.580807,0.220097,0.558805,0.179408,0.399448,0.704266
1677108465,142257896,0.459157,0.581128,0.219654,0.558711,0.180573,0.399514,0.704006
1677108465,151769602,0.459078,0.581597,0.219287,0.559119,0.180255,0.399971,0.703504
1677108465,161821264,0.459014,0.581962,0.218899,0.558588,0.180404,0.400771,0.703432
1677108465,172374986,0.458909,0.582208,0.218492,0.557860,0.180489,0.400887,0.703922
1677108465,182766652,0.458565,0.582717,0.217996,0.558544,0.181276,0.400558,0.703364
1677108465,192298685,0.458426,0.583125,0.217534,0.557973,0.182044,0.401117,0.703300
1677108465,202312150,0.458362,0.583528,0.217088,0.557079,0.182369,0.401592,0.703653
1677108465,212012780,0.458049,0.583961,0.216551,0.556994,0.183319,0.401168,0.703716
1677108465,222113668,0.457911,0.584543,0.216055,0.556281,0.183953,0.402052,0.703610
1677108465,232255613,0.457643,0.584934,0.215492,0.555621,0.184666,0.401578,0.704215
1677108465,242193876,0.457371,0.585451,0.214949,0.555183,0.185533,0.402043,0.704067
1677108465,251851979,0.457090,0.585863,0.214414,0.554474,0.186850,0.402434,0.704054
1677108465,261988599,0.456908,0.586162,0.213910,0.554246,0.186845,0.402269,0.704330
1677108465,272275991,0.456646,0.586563,0.213402,0.554457,0.187576,0.402784,0.703675
1677108465,282636770,0.456499,0.586765,0.212888,0.554166,0.187977,0.402654,0.703871
1677108465,292976166,0.456353,0.587011,0.212377,0.553679,0.188576,0.403351,0.703695
1677108465,302526627,0.455986,0.587404,0.211764,0.553933,0.189698,0.403131,0.703319
1677108465,312574005,0.455680,0.587738,0.211187,0.553129,0.190471,0.403722,0.703404
1677108465,322754014,0.455500,0.587906,0.210648,0.551415,0.190791,0.404250,0.704360
1677108465,332971737,0.455157,0.588227,0.210067,0.550542,0.191420,0.404930,0.704481
1677108465,342985591,0.454795,0.588465,0.209495,0.550219,0.191542,0.404832,0.704756
1677108465,352930870,0.454426,0.588783,0.208924,0.550219,0.192274,0.405476,0.704187
1677108465,362593848,0.454144,0.589009,0.208394,0.550750,0.192006,0.405636,0.703753
1677108465,372573802,0.453985,0.589014,0.207878,0.550090,0.192606,0.406304,0.703720
1677108465,382881665,0.453791,0.589086,0.207353,0.550335,0.192711,0.406389,0.703449
1677108465,392389248,0.453479,0.589327,0.206764,0.551215,0.193585,0.406832,0.702264
1677108465,402288262,0.453366,0.589357,0.206189,0.550948,0.193742,0.406774,0.702464
1677108465,412530461,0.453188,0.589444,0.205553,0.550961,0.194047,0.406465,0.702549
1677108465,422630159,0.453045,0.589787,0.204960,0.551058,0.194610,0.407296,0.701835
1677108465,432511902,0.452780,0.589996,0.204216,0.551257,0.195372,0.406420,0.701975
1677108465,442313875,0.452772,0.590224,0.203631,0.550797,0.195249,0.406783,0.702159
1677108465,453653258,0.452497,0.590407,0.202937,0.550462,0.196633,0.406356,0.702283
1677108465,462852983,0.452339,0.590705,0.202309,0.550903,0.196722,0.406127,0.702045
1677108465,472208716,0.452173,0.590920,0.201681,0.550679,0.197687,0.406330,0.701832
1677108465,482150681,0.451952,0.591077,0.201036,0.550802,0.198528,0.406038,0.701667
1677108465,492582805,0.451882,0.591193,0.200514,0.550482,0.198694,0.406277,0.701733
1677108465,502256464,0.451736,0.591388,0.199949,0.550498,0.198952,0.406181,0.701703
1677108465,512251232,0.451366,0.591757,0.199350,0.551782,0.199556,0.405826,0.700728
1677108465,522264419,0.451223,0.591915,0.198811,0.551294,0.200051,0.406083,0.700822
1677108465,532253647,0.451014,0.592182,0.198239,0.551253,0.200394,0.406212,0.700681
1677108465,542713301,0.450867,0.592317,0.197739,0.550334,0.200737,0.406449,0.701168
1677108465,552920083,0.450743,0.592808,0.197207,0.550614,0.200667,0.407219,0.700521
1677108465,562376619,0.450437,0.592923,0.196657,0.549959,0.201911,0.406881,0.700875
1677108465,572908054,0.450244,0.593319,0.196128,0.549865,0.202596,0.407158,0.700589
1677108465,582777746,0.450064,0.593648,0.195630,0.549669,0.203014,0.407117,0.700646
1677108465,592272714,0.449837,0.593945,0.195175,0.549114,0.203916,0.407354,0.700682
1677108465,602360981,0.449716,0.594363,0.194749,0.549043,0.203890,0.407661,0.700566
1677108465,613289475,0.449635,0.594682,0.194397,0.548534,0.204159,0.408134,0.700611
1677108465,622587130,0.449452,0.594984,0.194022,0.548595,0.204760,0.407931,0.700506
1677108465,632273491,0.449258,0.595201,0.193640,0.548424,0.205812,0.407766,0.700428
1677108465,642959386,0.449042,0.595544,0.193269,0.548615,0.206916,0.407889,0.699881
1677108465,652781363,0.448996,0.595960,0.192893,0.548200,0.207362,0.408711,0.699595
1677108465,662568368,0.448858,0.596406,0.192441,0.547823,0.208065,0.409205,0.699392
1677108465,672859114,0.448510,0.596795,0.191928,0.547390,0.209277,0.408363,0.699863
1677108465,683051415,0.448428,0.597193,0.191524,0.545729,0.209611,0.408838,0.700781
1677108465,692423702,0.448112,0.597734,0.191066,0.545278,0.210436,0.408731,0.700947
1677108465,701784640,0.447902,0.598274,0.190686,0.544651,0.211182,0.409101,0.700995
1677108465,712132682,0.447652,0.598695,0.190337,0.544181,0.212327,0.409098,0.701016
1677108465,722508304,0.447438,0.599193,0.190051,0.544285,0.213328,0.409570,0.700355
1677108465,731919193,0.447448,0.599500,0.189865,0.543566,0.213559,0.410347,0.700389
1677108465,741977787,0.447296,0.599823,0.189596,0.543415,0.214214,0.410674,0.700114
1677108465,752720067,0.447131,0.600183,0.189299,0.543452,0.214749,0.410985,0.699739
1677108465,762732556,0.446921,0.600535,0.188999,0.543498,0.215223,0.411339,0.699349
1677108465,772981644,0.446756,0.600807,0.188690,0.543281,0.215512,0.411532,0.699315
1677108465,782753415,0.446690,0.601091,0.188405,0.542602,0.215707,0.411889,0.699572
1677108465,792215346,0.446445,0.601534,0.188058,0.543044,0.216681,0.412302,0.698684
1677108465,802527419,0.446267,0.601855,0.187748,0.542584,0.217909,0.412688,0.698432
1677108465,813022391,0.446150,0.602097,0.187450,0.542336,0.217958,0.412407,0.698775
1677108465,822540329,0.445950,0.602417,0.187074,0.542016,0.219278,0.412415,0.698606
1677108465,832735681,0.446005,0.602735,0.186748,0.541305,0.219303,0.413025,0.698789
1677108465,842925530,0.446006,0.603088,0.186369,0.540570,0.219722,0.413355,0.699031
1677108465,852444516,0.445764,0.603487,0.185893,0.540463,0.221299,0.412992,0.698830
1677108465,862692721,0.445713,0.603771,0.185497,0.539844,0.221871,0.412517,0.699408
1677108465,872562456,0.445698,0.604243,0.185066,0.539653,0.222514,0.412373,0.699436
1677108465,882354648,0.445708,0.604573,0.184644,0.538807,0.223624,0.412285,0.699786
1677108465,892826972,0.445653,0.604968,0.184203,0.538894,0.224901,0.411668,0.699673
1677108465,902428620,0.445745,0.605311,0.183804,0.538100,0.225872,0.411650,0.699982
1677108465,913248810,0.445864,0.605667,0.183401,0.537442,0.226291,0.411340,0.700534
1677108465,922249781,0.445670,0.606171,0.182895,0.537434,0.228026,0.410989,0.700184
1677108465,933013546,0.445655,0.606512,0.182408,0.536589,0.228706,0.410429,0.700938
1677108465,942502674,0.445662,0.606858,0.181955,0.535457,0.229195,0.410387,0.701668
1677108465,952976284,0.445542,0.607336,0.181481,0.535656,0.229892,0.409949,0.701544
1677108465,962719425,0.445549,0.607565,0.181087,0.534569,0.230786,0.409921,0.702096
1677108465,972653602,0.445456,0.607896,0.180673,0.534615,0.231766,0.409532,0.701965
1677108465,982069608,0.445526,0.608109,0.180322,0.533648,0.232719,0.409859,0.702194
1677108465,992253459,0.445335,0.608467,0.179949,0.534316,0.233475,0.409213,0.701813
1677108466,2403859,0.445270,0.608810,0.179609,0.533921,0.234272,0.409624,0.701607
1677108466,12057763,0.445276,0.609072,0.179294,0.533533,0.234223,0.409728,0.701859
1677108466,22073440,0.445207,0.609481,0.178928,0.533685,0.234294,0.409926,0.701603
1677108466,32559318,0.445163,0.609692,0.178567,0.533116,0.234956,0.409918,0.701819
1677108466,42586172,0.445122,0.609981,0.178202,0.532463,0.235837,0.410394,0.701741
1677108466,52147642,0.445019,0.610322,0.177818,0.532043,0.236594,0.410369,0.701820
1677108466,62283261,0.444904,0.610677,0.177459,0.531313,0.237343,0.410491,0.702048
1677108466,72497323,0.444801,0.611214,0.177049,0.530936,0.237827,0.410690,0.702054
1677108466,82506064,0.444793,0.611445,0.176775,0.529181,0.238347,0.411173,0.702919
1677108466,92643822,0.444549,0.612081,0.176384,0.529917,0.239109,0.411178,0.702101
1677108466,102123321,0.444544,0.612305,0.176141,0.528848,0.239799,0.411189,0.702666
1677108466,112705305,0.444423,0.612594,0.175872,0.528702,0.240966,0.411045,0.702461
1677108466,122572167,0.444415,0.612977,0.175618,0.528560,0.241487,0.411403,0.702179
1677108466,132913658,0.444353,0.613401,0.175366,0.528645,0.241924,0.411727,0.701775
1677108466,142700817,0.444171,0.613722,0.175055,0.528386,0.242785,0.411143,0.702015
1677108466,152612617,0.444223,0.614047,0.174824,0.527099,0.243065,0.411592,0.702622
1677108466,162840029,0.443989,0.614598,0.174530,0.527468,0.243878,0.411624,0.702045
1677108466,172503080,0.444054,0.614881,0.174350,0.526085,0.244195,0.412061,0.702716
1677108466,182689477,0.443761,0.615221,0.174107,0.526229,0.245681,0.411438,0.702455
1677108466,192618050,0.443767,0.615396,0.173972,0.524775,0.246435,0.411883,0.703017
1677108466,202488777,0.443559,0.615880,0.173749,0.524895,0.247258,0.412377,0.702349
1677108466,212142591,0.443438,0.616243,0.173630,0.524841,0.247232,0.412633,0.702248
1677108466,222084015,0.443277,0.616522,0.173470,0.524418,0.248155,0.413139,0.701941
1677108466,232768463,0.443122,0.616833,0.173330,0.524401,0.248485,0.413525,0.701609
1677108466,242425288,0.443018,0.616942,0.173154,0.523599,0.249032,0.413619,0.701959
1677108466,253122771,0.442915,0.617262,0.172964,0.523550,0.249341,0.414133,0.701583
1677108466,262482088,0.442777,0.617425,0.172786,0.522988,0.250022,0.414175,0.701735
1677108466,272726017,0.442685,0.617624,0.172612,0.522544,0.250583,0.414153,0.701878
1677108466,282741361,0.442630,0.617843,0.172485,0.522189,0.251302,0.414387,0.701747
1677108466,292520897,0.442634,0.618165,0.172350,0.522212,0.251467,0.414600,0.701546
1677108466,302588627,0.442613,0.618409,0.172177,0.521984,0.252121,0.414687,0.701429
1677108466,313174416,0.442436,0.618631,0.171969,0.521866,0.253363,0.414130,0.701398
1677108466,322496726,0.442465,0.618961,0.171794,0.521569,0.253952,0.414652,0.701098
1677108466,332448398,0.442533,0.619192,0.171632,0.520913,0.254195,0.414739,0.701446
1677108466,342002231,0.442427,0.619525,0.171453,0.521638,0.255014,0.414061,0.701010
1677108466,352756892,0.442581,0.619676,0.171320,0.520810,0.255567,0.414084,0.701411
1677108466,362433249,0.442627,0.619803,0.171205,0.520117,0.256538,0.413743,0.701772
1677108466,372161203,0.442670,0.620205,0.171072,0.520620,0.256621,0.413601,0.701452
1677108466,382433360,0.442614,0.620500,0.170924,0.520651,0.256950,0.413473,0.701384
1677108466,391907732,0.442520,0.620707,0.170755,0.520228,0.257868,0.413275,0.701478
1677108466,402658310,0.442552,0.620915,0.170581,0.519870,0.258060,0.413395,0.701602
1677108466,413213289,0.442504,0.621239,0.170384,0.520479,0.258331,0.413356,0.701073
1677108466,422541011,0.442533,0.621319,0.170215,0.519625,0.259280,0.413570,0.701230
1677108466,432884131,0.442554,0.621433,0.170000,0.519308,0.260140,0.413321,0.701294
1677108466,442672720,0.442562,0.621705,0.169792,0.519343,0.260867,0.413314,0.701001
1677108466,452648507,0.442521,0.621964,0.169595,0.519225,0.261976,0.413095,0.700805
1677108466,462728594,0.442653,0.622186,0.169408,0.518681,0.262470,0.413141,0.700995
1677108466,472062564,0.442725,0.622591,0.169200,0.519099,0.262578,0.412759,0.700870
1677108466,482745131,0.442775,0.622712,0.169027,0.518147,0.263780,0.412287,0.701400
1677108466,492691387,0.442737,0.623068,0.168803,0.518505,0.264805,0.411610,0.701147
1677108466,501885404,0.442730,0.623413,0.168672,0.518280,0.265732,0.411573,0.700986
1677108466,512447654,0.442806,0.623498,0.168563,0.516877,0.266264,0.411238,0.702015
1677108466,522416726,0.442654,0.623955,0.168419,0.517114,0.266881,0.411372,0.701527
1677108466,532260378,0.442640,0.624150,0.168315,0.516127,0.267378,0.412131,0.701619
1677108466,542439224,0.442616,0.624401,0.168179,0.516132,0.267006,0.412349,0.701629
1677108466,552604267,0.442382,0.624593,0.167989,0.515875,0.268497,0.412747,0.701015
1677108466,562143332,0.442427,0.624591,0.167856,0.515112,0.268418,0.412937,0.701494
1677108466,572859824,0.442360,0.624851,0.167667,0.515286,0.268733,0.413391,0.700978
1677108466,582598610,0.442389,0.625002,0.167528,0.514768,0.269102,0.413794,0.700980
1677108466,592941836,0.442463,0.625103,0.167463,0.514660,0.270059,0.413731,0.700728
1677108466,602365454,0.442617,0.625138,0.167477,0.514649,0.271049,0.413393,0.700554
1677108466,612692228,0.442668,0.625377,0.167447,0.515268,0.271862,0.413195,0.699900
1677108466,622615800,0.442766,0.625650,0.167359,0.515269,0.272202,0.413180,0.699776
1677108466,632076474,0.442721,0.625798,0.167249,0.515154,0.272826,0.412649,0.699931
1677108466,642769581,0.442845,0.625891,0.167179,0.515066,0.273354,0.412442,0.699911
1677108466,652863316,0.442980,0.625943,0.167132,0.515350,0.273947,0.412187,0.699621
1677108466,662286760,0.443140,0.625918,0.167132,0.515551,0.274341,0.411885,0.699496
1677108466,672588735,0.443303,0.626007,0.167038,0.515671,0.274651,0.411787,0.699344
1677108466,682362561,0.443360,0.626035,0.166979,0.515379,0.275182,0.411700,0.699402
1677108466,692314413,0.443344,0.626190,0.166873,0.516127,0.275545,0.411144,0.699034
1677108466,702247799,0.443459,0.626315,0.166843,0.516156,0.275970,0.411387,0.698702
1677108466,712416025,0.443413,0.626367,0.166788,0.516367,0.276982,0.410811,0.698484
1677108466,722287452,0.443444,0.626494,0.166760,0.516140,0.277599,0.411053,0.698265
1677108466,732779189,0.443325,0.626636,0.166703,0.516484,0.278071,0.410677,0.698044
1677108466,742426852,0.443286,0.626744,0.166634,0.515966,0.278850,0.410983,0.697936
1677108466,751832490,0.443276,0.626800,0.166586,0.515576,0.279535,0.411054,0.697908
1677108466,762158089,0.443287,0.626862,0.166570,0.515773,0.279619,0.410639,0.697973
1677108466,772495743,0.443308,0.626914,0.166531,0.515509,0.280270,0.410392,0.698053
1677108466,782929846,0.443342,0.626984,0.166509,0.515424,0.280515,0.410140,0.698165
1677108466,792446409,0.443328,0.627260,0.166485,0.515616,0.281035,0.410337,0.697698
1677108466,802403883,0.443189,0.627448,0.166422,0.515609,0.281947,0.409983,0.697544
1677108466,812196940,0.443141,0.627600,0.166413,0.515376,0.282180,0.409585,0.697855
1677108466,821749776,0.443121,0.627751,0.166439,0.515090,0.282325,0.409508,0.698053
1677108466,831992367,0.443069,0.627913,0.166473,0.514717,0.282741,0.410029,0.697854
1677108466,841960897,0.443011,0.628035,0.166495,0.514460,0.282840,0.410460,0.697750
1677108466,852102589,0.442864,0.628160,0.166433,0.514291,0.283354,0.411024,0.697334
1677108466,862398829,0.442660,0.628256,0.166385,0.514408,0.283771,0.411302,0.696914
1677108466,872750852,0.442524,0.628222,0.166341,0.513830,0.284304,0.411653,0.696916
1677108466,882201488,0.442381,0.628330,0.166295,0.513937,0.284465,0.412236,0.696426
1677108466,892981892,0.442372,0.628351,0.166253,0.513836,0.284327,0.412408,0.696456
1677108466,902802871,0.442317,0.628417,0.166199,0.513918,0.284493,0.412625,0.696199
1677108466,913028878,0.442187,0.628452,0.166119,0.514410,0.284952,0.412180,0.695911
1677108466,923034099,0.442138,0.628605,0.166063,0.514468,0.285607,0.412612,0.695344
1677108466,932776361,0.442112,0.628646,0.166012,0.514228,0.285742,0.412566,0.695493
1677108466,942484761,0.441985,0.628840,0.165901,0.514414,0.286348,0.412636,0.695065
1677108466,952411698,0.442006,0.628881,0.165823,0.514142,0.286547,0.412530,0.695246
1677108466,962732389,0.442034,0.628948,0.165756,0.514169,0.287000,0.412424,0.695102
1677108466,972806269,0.442094,0.629030,0.165707,0.514489,0.287488,0.412310,0.694731
1677108466,982869020,0.441977,0.629106,0.165586,0.515781,0.288194,0.411057,0.694224
1677108466,992440310,0.442095,0.629246,0.165494,0.516001,0.288593,0.410765,0.694067
1677108467,2619942,0.442092,0.629356,0.165334,0.515702,0.289307,0.409710,0.694615
1677108467,12305465,0.442145,0.629679,0.165253,0.515700,0.290289,0.409110,0.694561
1677108467,22551258,0.442254,0.629973,0.165241,0.515513,0.291470,0.408473,0.694580
1677108467,32177709,0.442240,0.630390,0.165183,0.515951,0.292491,0.407298,0.694516
1677108467,42440327,0.442223,0.630789,0.165077,0.515061,0.293600,0.406857,0.694966
1677108467,52990071,0.442184,0.631262,0.164954,0.514813,0.294483,0.406996,0.694695
1677108467,62420835,0.442091,0.631538,0.164910,0.515113,0.295411,0.406508,0.694365
1677108467,72088848,0.442118,0.631776,0.164904,0.515474,0.296322,0.406396,0.693774
1677108467,82995814,0.442157,0.631999,0.164845,0.515386,0.296854,0.406140,0.693761
1677108467,92253281,0.442290,0.632121,0.164762,0.514773,0.297007,0.405567,0.694486
1677108467,102196933,0.442310,0.632301,0.164720,0.515280,0.297807,0.404615,0.694323
1677108467,112602572,0.442582,0.632312,0.164771,0.515115,0.298377,0.403967,0.694578
1677108467,122450726,0.442786,0.632525,0.164721,0.515879,0.298731,0.403347,0.694218
1677108467,133195715,0.442906,0.632624,0.164687,0.515823,0.299240,0.402585,0.694484
1677108467,142756843,0.442923,0.632724,0.164608,0.515846,0.299834,0.401158,0.695036
1677108467,152639857,0.443128,0.632738,0.164574,0.515424,0.300390,0.400341,0.695579
1677108467,162246972,0.443344,0.632921,0.164559,0.515995,0.300057,0.399683,0.695679
1677108467,172665483,0.443364,0.633033,0.164550,0.516194,0.300624,0.398926,0.695721
1677108467,182742818,0.443232,0.633169,0.164553,0.516326,0.300730,0.398252,0.695962
1677108467,192748752,0.443190,0.633291,0.164613,0.515534,0.300222,0.398377,0.696698
1677108467,202948390,0.443035,0.633384,0.164693,0.514669,0.300236,0.398919,0.697021
1677108467,212403959,0.442857,0.633545,0.164756,0.514290,0.300086,0.399404,0.697088
1677108467,222099154,0.442524,0.633740,0.164756,0.514825,0.300065,0.399241,0.696794
1677108467,231941572,0.442239,0.633912,0.164737,0.515336,0.299844,0.398995,0.696653
1677108467,242148028,0.441927,0.634164,0.164622,0.515960,0.299623,0.398449,0.696599
1677108467,251909354,0.441866,0.634205,0.164578,0.515023,0.299526,0.398600,0.697247
1677108467,262325053,0.441934,0.634371,0.164581,0.514821,0.298983,0.398499,0.697687
1677108467,272591973,0.441766,0.634578,0.164594,0.515520,0.299644,0.397573,0.697415
1677108467,283164393,0.441603,0.634761,0.164598,0.515727,0.300094,0.396312,0.697786
1677108467,292616580,0.441452,0.635059,0.164588,0.515707,0.299867,0.395592,0.698307
1677108467,302464968,0.441213,0.635336,0.164595,0.515461,0.300146,0.395122,0.698635
1677108467,312633347,0.441011,0.635644,0.164627,0.515545,0.299672,0.395184,0.698741
1677108467,322623015,0.440731,0.635679,0.164669,0.515167,0.299644,0.394463,0.699440
1677108467,332153889,0.440537,0.635740,0.164742,0.514935,0.299186,0.394814,0.699608
1677108467,343141478,0.440355,0.635691,0.164690,0.515433,0.298558,0.394609,0.699626
1677108467,352455634,0.440212,0.635601,0.164705,0.516037,0.298056,0.394919,0.699219
1677108467,362110203,0.440029,0.635311,0.164695,0.516504,0.297559,0.394598,0.699267
1677108467,372081859,0.439727,0.635195,0.164623,0.517623,0.297308,0.394798,0.698433
1677108467,382493754,0.439621,0.634961,0.164618,0.517926,0.296111,0.395405,0.698373
1677108467,392066487,0.439369,0.634729,0.164562,0.518885,0.295423,0.395371,0.697972
1677108467,402064260,0.439195,0.634496,0.164559,0.519198,0.294502,0.395966,0.697792
1677108467,412295498,0.438909,0.634296,0.164591,0.519429,0.293602,0.396682,0.697592
1677108467,422345427,0.438501,0.634091,0.164599,0.519346,0.293027,0.397170,0.697618
1677108467,432993577,0.438149,0.633963,0.164683,0.519133,0.291823,0.398692,0.697413
1677108467,442776696,0.437703,0.633887,0.164711,0.519867,0.290625,0.399606,0.696843
1677108467,452403183,0.437120,0.633604,0.164718,0.520061,0.290348,0.400048,0.696560
1677108467,462469414,0.436823,0.633379,0.164712,0.520240,0.289340,0.401375,0.696082
1677108467,472711935,0.436508,0.633094,0.164691,0.520957,0.288161,0.402009,0.695669
1677108467,482184808,0.436165,0.632853,0.164622,0.522155,0.287298,0.402571,0.694803
1677108467,492430576,0.435886,0.632611,0.164530,0.522887,0.286805,0.403112,0.694142
1677108467,502884926,0.435464,0.632267,0.164461,0.523930,0.286259,0.402692,0.693825
1677108467,512531408,0.435198,0.632137,0.164418,0.524965,0.285088,0.403226,0.693214
1677108467,522309424,0.434794,0.631734,0.164319,0.524990,0.285386,0.403174,0.693102
1677108467,532009231,0.434575,0.631315,0.164254,0.525327,0.284396,0.403053,0.693325
1677108467,542324395,0.434323,0.631089,0.164132,0.526871,0.283676,0.402713,0.692645
1677108467,552239734,0.434055,0.630739,0.163988,0.528513,0.283236,0.401857,0.692072
1677108467,562975444,0.433873,0.630446,0.163822,0.529948,0.282394,0.401245,0.691673
1677108467,572582368,0.433426,0.630037,0.163647,0.531496,0.282179,0.399296,0.691701
1677108467,582537106,0.433161,0.629716,0.163545,0.532493,0.281241,0.398371,0.691849
1677108467,593113973,0.432836,0.629376,0.163507,0.533630,0.280301,0.397263,0.691992
1677108467,602641597,0.432520,0.629065,0.163519,0.534870,0.278398,0.396159,0.692435
1677108467,612143811,0.431955,0.628657,0.163493,0.535913,0.277736,0.394626,0.692770
1677108467,622357832,0.431490,0.628343,0.163438,0.537135,0.275347,0.393348,0.693504
1677108467,632517780,0.430750,0.627975,0.163344,0.538611,0.274280,0.391778,0.693671
1677108467,642154634,0.430140,0.627585,0.163294,0.540727,0.271923,0.389629,0.694163
1677108467,652156646,0.429461,0.627056,0.163256,0.542704,0.270186,0.387256,0.694626
1677108467,662364395,0.428674,0.626925,0.163118,0.545531,0.267974,0.385148,0.694441
1677108467,672485188,0.427659,0.626618,0.162906,0.547140,0.266573,0.382171,0.695358
1677108467,681760106,0.426695,0.626401,0.162735,0.548685,0.264183,0.379497,0.696516
1677108467,692182077,0.425884,0.626210,0.162651,0.549934,0.261599,0.377192,0.697757
1677108467,702792922,0.424790,0.626042,0.162562,0.552470,0.259551,0.373634,0.698433
1677108467,712569870,0.423866,0.625957,0.162466,0.555061,0.256886,0.370214,0.699184
1677108467,722669417,0.422955,0.625693,0.162282,0.556883,0.254343,0.366270,0.700740
1677108467,733051110,0.422042,0.625564,0.162129,0.559282,0.251066,0.361661,0.702404
1677108467,742778160,0.421239,0.625485,0.162048,0.561257,0.247735,0.357377,0.704201
1677108467,753269007,0.420270,0.625524,0.161977,0.563945,0.244685,0.352171,0.705741
1677108467,762648148,0.419169,0.625903,0.161888,0.567179,0.241785,0.346473,0.706968
1677108467,772248841,0.418099,0.626419,0.161760,0.569341,0.238557,0.341076,0.708949
1677108467,782873273,0.416701,0.627223,0.161415,0.571683,0.237113,0.335299,0.710303
1677108467,792591444,0.415250,0.628196,0.161048,0.573782,0.236419,0.329583,0.711516
1677108467,802527845,0.413815,0.629247,0.160669,0.575563,0.236434,0.324332,0.712485
1677108467,812521813,0.412457,0.630323,0.160429,0.576748,0.236557,0.319396,0.713715
1677108467,822735593,0.411060,0.631601,0.160270,0.578243,0.236229,0.314681,0.714708
1677108467,832648238,0.409626,0.632808,0.160127,0.580067,0.235118,0.308362,0.716348
1677108467,842379406,0.408445,0.633891,0.160056,0.581177,0.233273,0.301996,0.718760
1677108467,852692049,0.407312,0.635214,0.160058,0.583312,0.231064,0.296255,0.720132
1677108467,862724026,0.406109,0.636634,0.160043,0.585677,0.228895,0.290044,0.721432
1677108467,872707074,0.404968,0.638003,0.160014,0.586826,0.226270,0.283695,0.723847
1677108467,882168847,0.403783,0.639507,0.159891,0.588138,0.223893,0.277781,0.725812
1677108467,892478195,0.402778,0.640932,0.159795,0.589591,0.221035,0.272068,0.727671
1677108467,902197554,0.401664,0.642090,0.159658,0.591170,0.219417,0.266368,0.728987
1677108467,912887421,0.400662,0.643455,0.159418,0.593854,0.216387,0.261129,0.729606
1677108467,922585473,0.399507,0.644501,0.159159,0.595038,0.214033,0.256057,0.731132
1677108467,932525179,0.398403,0.645647,0.158946,0.596910,0.211228,0.252337,0.731715
1677108467,942535171,0.397165,0.646532,0.158762,0.599018,0.209047,0.248362,0.731979
1677108467,952652816,0.396077,0.647423,0.158662,0.601577,0.205350,0.245093,0.732029
1677108467,962603276,0.394962,0.648251,0.158538,0.603571,0.201407,0.242064,0.732490
1677108467,972652110,0.393684,0.649078,0.158401,0.605401,0.197398,0.238899,0.733110
1677108467,982844034,0.392404,0.649998,0.158285,0.607746,0.192930,0.235826,0.733355
1677108467,992670313,0.391014,0.651021,0.158130,0.610569,0.189071,0.232754,0.732996
1677108468,2343453,0.389658,0.651937,0.157895,0.612439,0.185855,0.230320,0.733027
1677108468,13335417,0.388379,0.652857,0.157610,0.613841,0.183166,0.228133,0.733215
1677108468,22832569,0.387222,0.653771,0.157295,0.615767,0.179661,0.225737,0.733209
1677108468,32191217,0.386283,0.654542,0.157061,0.618138,0.175774,0.223121,0.732957
1677108468,43126950,0.385413,0.655230,0.156908,0.620658,0.172251,0.220082,0.732583
1677108468,52622816,0.384726,0.655799,0.156752,0.622469,0.168444,0.216611,0.732966
1677108468,62591705,0.384088,0.656623,0.156513,0.624786,0.164696,0.212624,0.733013
1677108468,72273197,0.383418,0.657368,0.156295,0.626758,0.162273,0.208164,0.733151
1677108468,82384969,0.382885,0.658124,0.156067,0.628476,0.160275,0.204353,0.733191
1677108468,92439578,0.382363,0.658857,0.155850,0.630247,0.158323,0.199889,0.733326
1677108468,102589428,0.381810,0.659542,0.155642,0.631798,0.157199,0.196250,0.733216
1677108468,112292486,0.381354,0.660206,0.155401,0.633347,0.155003,0.192314,0.733390
1677108468,122695221,0.380805,0.660741,0.155183,0.635014,0.153500,0.188268,0.733314
1677108468,133073925,0.380571,0.661095,0.155013,0.635911,0.151253,0.185213,0.733782
1677108468,142781159,0.380216,0.661491,0.154866,0.637435,0.149248,0.181571,0.733780
1677108468,152572282,0.379837,0.661845,0.154761,0.638832,0.147271,0.177916,0.733860
1677108468,162957344,0.379543,0.662267,0.154675,0.640316,0.144965,0.174460,0.733856
1677108468,173345966,0.379151,0.662644,0.154599,0.641737,0.142726,0.170736,0.733929
1677108468,182308952,0.378905,0.663002,0.154534,0.642683,0.140156,0.168046,0.734217
1677108468,192338576,0.378381,0.663356,0.154433,0.643628,0.138435,0.164218,0.734582
1677108468,202175297,0.378097,0.663810,0.154358,0.644143,0.136001,0.162313,0.735009
1677108468,212592465,0.377569,0.664326,0.154233,0.644809,0.133989,0.159757,0.735354
1677108468,222792674,0.376980,0.664688,0.154131,0.644938,0.132694,0.158160,0.735821
1677108468,231918991,0.376519,0.665143,0.154121,0.646004,0.130041,0.156928,0.735623
1677108468,242161365,0.375974,0.665276,0.154159,0.645987,0.128292,0.155484,0.736252
1677108468,252091628,0.375504,0.665563,0.154224,0.646495,0.125070,0.154008,0.736670
1677108468,262797367,0.375104,0.665815,0.154239,0.646091,0.122429,0.152372,0.737808
1677108468,272426295,0.374613,0.666220,0.154263,0.646913,0.119650,0.150112,0.738006
1677108468,282330745,0.374191,0.666525,0.154292,0.647315,0.117517,0.147807,0.738462
1677108468,292615616,0.373814,0.667037,0.154322,0.648029,0.114798,0.145380,0.738745
1677108468,302592368,0.373311,0.667619,0.154380,0.648298,0.112934,0.142774,0.739304
1677108468,312151034,0.372815,0.668198,0.154399,0.647963,0.111451,0.140626,0.740235
1677108468,322118979,0.372267,0.668850,0.154386,0.648543,0.109100,0.138162,0.740541
1677108468,332642652,0.371759,0.669401,0.154400,0.648742,0.107227,0.136369,0.740973
1677108468,342541926,0.371263,0.670086,0.154438,0.649472,0.104540,0.134558,0.741047
1677108468,352287420,0.370681,0.670758,0.154444,0.649652,0.102615,0.132651,0.741503
1677108468,362907386,0.370206,0.671415,0.154414,0.649288,0.100357,0.131279,0.742374
1677108468,372834693,0.369617,0.672212,0.154458,0.649769,0.098540,0.129736,0.742468
1677108468,382767453,0.369078,0.672829,0.154558,0.649517,0.097000,0.128896,0.743037
1677108468,392572285,0.368671,0.673531,0.154712,0.649705,0.093861,0.127788,0.743467
1677108468,402549261,0.368157,0.674062,0.154923,0.649564,0.091344,0.125575,0.744281
1677108468,413638855,0.367908,0.674782,0.155073,0.650075,0.087654,0.123653,0.744600
1677108468,422546993,0.367690,0.675616,0.155249,0.650473,0.084637,0.121850,0.744899
1677108468,432969067,0.367404,0.676416,0.155362,0.650044,0.082399,0.118627,0.746044
1677108468,442344485,0.367420,0.677369,0.155552,0.649875,0.079896,0.116190,0.746846
1677108468,453061227,0.367449,0.678270,0.155735,0.649851,0.078273,0.112957,0.747535
1677108468,462676743,0.367567,0.679046,0.155881,0.649325,0.077296,0.109052,0.748672
1677108468,472349446,0.367984,0.679876,0.156027,0.648999,0.076009,0.105711,0.749566
1677108468,482154409,0.368473,0.680731,0.156176,0.648684,0.075019,0.101236,0.750554
1677108468,492686806,0.369003,0.681453,0.156348,0.647698,0.074676,0.096089,0.752115
1677108468,502072086,0.369795,0.682452,0.156526,0.647865,0.074213,0.091390,0.752603
1677108468,512251026,0.370677,0.683264,0.156678,0.647716,0.073571,0.086151,0.753412
1677108468,522391866,0.371518,0.683951,0.156796,0.647379,0.073809,0.080892,0.754261
1677108468,532379172,0.372344,0.684621,0.156834,0.647109,0.073926,0.075217,0.755068
1677108468,542525350,0.373288,0.685260,0.156798,0.646942,0.073955,0.070381,0.755674
1677108468,552189906,0.374139,0.685760,0.156781,0.646797,0.074052,0.064445,0.756318
1677108468,562221756,0.375135,0.686232,0.156791,0.646570,0.073991,0.059743,0.756904
1677108468,572796316,0.375988,0.686730,0.156800,0.646934,0.074286,0.054687,0.756946
1677108468,582935663,0.376719,0.687063,0.156791,0.646685,0.074733,0.049857,0.757449
1677108468,592374960,0.377497,0.687480,0.156733,0.647346,0.074543,0.045422,0.757181
1677108468,602533930,0.378285,0.687773,0.156709,0.647766,0.074171,0.042399,0.757034
1677108468,612776720,0.378926,0.688125,0.156647,0.648787,0.073319,0.038628,0.756444
1677108468,622582427,0.379590,0.688252,0.156567,0.648682,0.072306,0.035844,0.756769
1677108468,632765899,0.380081,0.688458,0.156483,0.648994,0.071508,0.033001,0.756706
1677108468,642913705,0.380650,0.688848,0.156360,0.650570,0.069861,0.030804,0.755598
1677108468,652969890,0.381016,0.688905,0.156288,0.650965,0.068895,0.028148,0.755450
1677108468,662516778,0.381474,0.689136,0.156210,0.651768,0.067286,0.025916,0.754983
1677108468,672168233,0.381869,0.689373,0.156112,0.652325,0.066084,0.024049,0.754670
1677108468,682402838,0.382351,0.689691,0.156023,0.652791,0.064091,0.022241,0.754494
1677108468,692826471,0.382745,0.689995,0.155950,0.653546,0.062975,0.020890,0.753973
1677108468,702549922,0.383177,0.690108,0.155845,0.653966,0.061333,0.019469,0.753782
1677108468,713078377,0.383552,0.690437,0.155724,0.655108,0.060075,0.018338,0.752919
1677108468,722810119,0.383848,0.690573,0.155601,0.655383,0.059167,0.017386,0.752775
1677108468,732168810,0.384203,0.690834,0.155480,0.656351,0.057899,0.017161,0.752035
1677108468,742249585,0.384394,0.690874,0.155417,0.656628,0.056845,0.017070,0.751875
1677108468,752695878,0.384663,0.691085,0.155375,0.657543,0.054510,0.017653,0.751235
1677108468,762737631,0.384883,0.691000,0.155328,0.656897,0.052458,0.018748,0.751919
1677108468,772363286,0.385001,0.691125,0.155310,0.657186,0.050213,0.019877,0.751792
1677108468,781802816,0.384975,0.691283,0.155281,0.657318,0.048745,0.020372,0.751759
1677108468,792094469,0.385064,0.691465,0.155269,0.657660,0.046562,0.021368,0.751571
1677108468,801945719,0.385177,0.691635,0.155235,0.657679,0.044852,0.022558,0.751623
1677108468,813122609,0.385286,0.691776,0.155234,0.657348,0.043654,0.023610,0.751951
1677108468,822678489,0.385547,0.691978,0.155196,0.657298,0.041629,0.024489,0.752082
1677108468,832476880,0.385714,0.692225,0.155134,0.657417,0.040383,0.024736,0.752038
1677108468,842425698,0.386003,0.692411,0.155114,0.657698,0.038039,0.025210,0.751898
1677108468,852753183,0.386319,0.692568,0.155143,0.658046,0.035420,0.025099,0.751725
1677108468,862370953,0.386629,0.692769,0.155158,0.658194,0.032971,0.024880,0.751715
1677108468,872609608,0.386959,0.692978,0.155170,0.658191,0.031138,0.025055,0.751789
1677108468,882460377,0.387192,0.693301,0.155152,0.658468,0.030348,0.024470,0.751598
1677108468,892335428,0.387506,0.693621,0.155154,0.659079,0.029825,0.024388,0.751086
1677108468,902200531,0.387943,0.693833,0.155197,0.659563,0.029138,0.024773,0.750675
1677108468,912491127,0.388315,0.693941,0.155224,0.659905,0.028643,0.025211,0.750380
1677108468,922730248,0.388686,0.694083,0.155262,0.660669,0.027359,0.025353,0.749750
1677108468,932751797,0.388993,0.694272,0.155267,0.661387,0.026413,0.025162,0.749157
1677108468,942717946,0.389375,0.694381,0.155259,0.661659,0.024885,0.024855,0.748980
1677108468,952798932,0.389778,0.694465,0.155258,0.661673,0.023987,0.024737,0.749000
1677108468,962539235,0.390167,0.694550,0.155253,0.661738,0.023556,0.024479,0.748965
1677108468,972757019,0.390752,0.694728,0.155293,0.662254,0.022864,0.024772,0.748520
1677108468,983166155,0.391264,0.694786,0.155360,0.662422,0.022713,0.023883,0.748406
1677108468,992701787,0.391883,0.695011,0.155380,0.663100,0.022162,0.022785,0.747856
1677108469,3064787,0.392519,0.695206,0.155410,0.663267,0.021799,0.021613,0.747753
1677108469,12262237,0.393111,0.695411,0.155387,0.663210,0.022053,0.020718,0.747822
1677108469,23075421,0.393731,0.695362,0.155438,0.662555,0.021890,0.019704,0.748434
1677108469,33254627,0.394315,0.695626,0.155490,0.663380,0.021681,0.018908,0.747729
1677108469,42838627,0.394875,0.695730,0.155564,0.663720,0.021391,0.018463,0.747447
1677108469,52834860,0.395372,0.695923,0.155607,0.664473,0.020784,0.018162,0.746803
1677108469,62254265,0.395663,0.695911,0.155640,0.664314,0.021324,0.018018,0.746932
1677108469,72799982,0.396044,0.696037,0.155702,0.665274,0.021041,0.018592,0.746071
1677108469,82725144,0.396390,0.696147,0.155780,0.666175,0.020765,0.019441,0.745253
1677108469,92231002,0.396616,0.696098,0.155893,0.666767,0.019961,0.019264,0.744750
1677108469,102428761,0.396838,0.696042,0.155993,0.667015,0.019059,0.019496,0.744545
1677108469,112378858,0.397136,0.696106,0.156113,0.667557,0.017835,0.020526,0.744062
1677108469,121957446,0.397153,0.696045,0.156162,0.667924,0.017426,0.020620,0.743739
1677108469,132381708,0.397283,0.695938,0.156246,0.668668,0.016760,0.021594,0.743058
1677108469,142355187,0.397361,0.695884,0.156320,0.669799,0.016227,0.022705,0.742018
1677108469,152142347,0.397405,0.695901,0.156383,0.670913,0.015881,0.023590,0.740991
1677108469,161852449,0.397615,0.695730,0.156493,0.670726,0.014942,0.025158,0.741128
1677108469,172439494,0.397612,0.695788,0.156602,0.671344,0.014958,0.026043,0.740537
1677108469,181865551,0.397653,0.695725,0.156726,0.671578,0.014201,0.026293,0.740331
1677108469,191753112,0.397741,0.695625,0.156845,0.671998,0.013851,0.026856,0.739936
1677108469,201901372,0.397771,0.695548,0.156975,0.672590,0.013518,0.027106,0.739395
1677108469,211745598,0.397965,0.695442,0.157152,0.673256,0.012861,0.027651,0.738780
1677108469,221611776,0.397980,0.695455,0.157334,0.674656,0.013099,0.027472,0.737504
1677108469,232082364,0.398144,0.695254,0.157483,0.675117,0.013285,0.027900,0.737063
1677108469,242005445,0.398273,0.695218,0.157620,0.675797,0.013381,0.027951,0.736436
1677108469,252187350,0.398490,0.695223,0.157707,0.675943,0.012755,0.027787,0.736319
1677108469,262436277,0.398686,0.695159,0.157795,0.675463,0.011849,0.027095,0.736801
1677108469,272432221,0.398740,0.695071,0.157899,0.674951,0.012120,0.026375,0.737292
1677108469,282003704,0.398977,0.695011,0.158010,0.674861,0.011780,0.025945,0.737394
1677108469,292336915,0.399253,0.694929,0.158214,0.675629,0.010865,0.025478,0.736721
1677108469,302301890,0.399436,0.694775,0.158425,0.676772,0.010760,0.025124,0.735685
1677108469,311925267,0.399612,0.694500,0.158635,0.678400,0.010912,0.024615,0.734199
1677108469,321906798,0.399824,0.694056,0.158931,0.679698,0.011502,0.024637,0.732988
1677108469,332682852,0.400067,0.693654,0.159228,0.681034,0.011712,0.024151,0.731760
1677108469,342150913,0.400362,0.693310,0.159508,0.682403,0.012054,0.024064,0.730480
1677108469,352596807,0.400516,0.692955,0.159739,0.682944,0.012875,0.023108,0.729992
1677108469,362836181,0.400823,0.692828,0.159903,0.683903,0.013358,0.022773,0.729095
1677108469,372917965,0.401003,0.692621,0.160064,0.684352,0.013865,0.021638,0.728699
1677108469,382383074,0.401205,0.692593,0.160172,0.685131,0.014338,0.020969,0.727977
1677108469,392603121,0.401482,0.692440,0.160284,0.685105,0.014607,0.021027,0.727994
1677108469,402725042,0.401540,0.692323,0.160353,0.685106,0.015331,0.020148,0.728003
1677108469,412226121,0.401757,0.692281,0.160445,0.685513,0.014971,0.019601,0.727642
1677108469,422409612,0.401860,0.692206,0.160566,0.686171,0.015524,0.019573,0.727011
1677108469,432653938,0.401995,0.691969,0.160741,0.686476,0.015580,0.019333,0.726728
1677108469,442477729,0.402155,0.691880,0.160983,0.688129,0.015744,0.019452,0.725157
1677108469,451820041,0.402290,0.691411,0.161242,0.688795,0.016007,0.018824,0.724535
1677108469,462205331,0.402463,0.691133,0.161487,0.690645,0.016964,0.018749,0.722752
1677108469,472094277,0.402675,0.690779,0.161742,0.691914,0.017454,0.018220,0.721539
1677108469,482315806,0.402937,0.690454,0.161973,0.692615,0.018027,0.017197,0.720877
1677108469,492484336,0.403313,0.690283,0.162136,0.693498,0.018385,0.016296,0.720040
1677108469,502847163,0.403691,0.690141,0.162205,0.693649,0.019018,0.015452,0.719897
1677108469,512648780,0.404029,0.690087,0.162220,0.693787,0.019683,0.014335,0.719769
1677108469,522825986,0.404321,0.690048,0.162186,0.693560,0.020103,0.012747,0.720006
1677108469,532574984,0.404615,0.690038,0.162085,0.692924,0.020691,0.011968,0.720614
1677108469,542552484,0.404806,0.690136,0.161981,0.692985,0.021139,0.011174,0.720555
1677108469,552578507,0.404970,0.690109,0.161842,0.692704,0.021388,0.010743,0.720824
1677108469,562429171,0.405110,0.690125,0.161708,0.693492,0.020765,0.010259,0.720092
1677108469,572398424,0.405181,0.690130,0.161550,0.694676,0.021131,0.010535,0.718935
1677108469,582379466,0.405200,0.689867,0.161398,0.695157,0.021497,0.010350,0.718462
1677108469,592906875,0.405239,0.689706,0.161259,0.695986,0.021850,0.009799,0.717656
1677108469,602244777,0.405357,0.689465,0.161138,0.696585,0.022184,0.008848,0.717076
1677108469,612437499,0.405579,0.689432,0.161016,0.697928,0.022392,0.008090,0.715773
1677108469,622412082,0.405867,0.689246,0.160900,0.698455,0.023374,0.006879,0.715239
1677108469,632057611,0.406449,0.689091,0.160816,0.699323,0.023293,0.005469,0.714405
1677108469,642751384,0.406826,0.688786,0.160824,0.699849,0.024311,0.002780,0.713872
1677108469,652334770,0.407443,0.688492,0.160900,0.700536,0.024663,0.000778,0.713190
1677108469,662560730,0.407873,0.688123,0.161001,0.701563,0.026726,-0.001167,0.712105
1677108469,672768858,0.408364,0.687849,0.161117,0.702950,0.028003,-0.002970,0.710681
1677108469,682698628,0.408880,0.687515,0.161273,0.703578,0.029133,-0.004803,0.710004
1677108469,692768540,0.409351,0.687243,0.161459,0.705000,0.030346,-0.006375,0.708529
1677108469,702883781,0.409697,0.686876,0.161722,0.706698,0.031647,-0.008212,0.706760
1677108469,712640388,0.410076,0.686360,0.162035,0.708262,0.032463,-0.009716,0.705136
1677108469,722269369,0.410325,0.685936,0.162340,0.709881,0.034208,-0.010965,0.703405
1677108469,732095532,0.410702,0.685604,0.162676,0.711563,0.034658,-0.012166,0.701662
1677108469,742461151,0.411130,0.685186,0.162992,0.712048,0.035244,-0.012752,0.701130
1677108469,753272474,0.411354,0.685100,0.163361,0.712842,0.036259,-0.014118,0.700245
1677108469,762753867,0.411609,0.684973,0.163781,0.713135,0.036877,-0.015058,0.699894
1677108469,773209455,0.411739,0.684985,0.164194,0.713788,0.037462,-0.016280,0.699170
1677108469,783244924,0.411945,0.684812,0.164652,0.714277,0.038158,-0.015791,0.698644
1677108469,793132019,0.411991,0.684621,0.165190,0.714918,0.038354,-0.016125,0.697969
1677108469,802781188,0.412043,0.684471,0.165838,0.716067,0.037824,-0.016082,0.696820
1677108469,813172925,0.411972,0.684169,0.166518,0.717189,0.037790,-0.015601,0.695679
1677108469,822917744,0.411890,0.683829,0.167252,0.718484,0.037384,-0.014858,0.694379
1677108469,832503275,0.411810,0.683505,0.168013,0.719702,0.036057,-0.014860,0.693187
1677108469,842733199,0.411714,0.683157,0.168780,0.720423,0.035316,-0.014061,0.692492
1677108469,852597075,0.411546,0.682913,0.169587,0.720890,0.034955,-0.013460,0.692036
1677108469,862828393,0.411473,0.682746,0.170464,0.721417,0.034135,-0.012564,0.691545
1677108469,872596569,0.411354,0.682614,0.171373,0.722036,0.033160,-0.012374,0.690950
1677108469,882642522,0.411266,0.682353,0.172268,0.722467,0.032432,-0.011847,0.690542
1677108469,892519913,0.411096,0.681969,0.173188,0.722683,0.032318,-0.011361,0.690330
1677108469,902028263,0.411112,0.681734,0.174144,0.723878,0.031182,-0.010891,0.689136
1677108469,912402292,0.411045,0.681385,0.175142,0.724708,0.030689,-0.010508,0.688292
1677108469,921909859,0.410949,0.681190,0.176126,0.726115,0.030316,-0.010265,0.686828
1677108469,931721318,0.410852,0.680733,0.177116,0.726073,0.030250,-0.010102,0.686878
1677108469,941783370,0.410887,0.680422,0.178111,0.726527,0.029526,-0.009643,0.686435
1677108469,952281946,0.410847,0.680166,0.179168,0.727425,0.028739,-0.009934,0.685513
1677108469,963127772,0.410838,0.679609,0.180194,0.727690,0.028229,-0.009765,0.685255
1677108469,972670654,0.410847,0.679213,0.181285,0.728799,0.027736,-0.009951,0.684094
1677108469,982819665,0.410915,0.678725,0.182422,0.729644,0.026725,-0.010244,0.683228
1677108469,992496831,0.410983,0.678237,0.183522,0.729932,0.026492,-0.010087,0.682932
1677108470,2540765,0.410939,0.677777,0.184696,0.730188,0.026861,-0.010323,0.682640
1677108470,12433474,0.411037,0.677352,0.185899,0.730713,0.026121,-0.010426,0.682106
1677108470,22262189,0.411062,0.676968,0.187111,0.731639,0.025902,-0.010196,0.681124
1677108470,32646672,0.410981,0.676534,0.188439,0.732838,0.025447,-0.010295,0.679849
1677108470,42777484,0.410911,0.675929,0.189729,0.733328,0.025130,-0.010052,0.679337
1677108470,53118083,0.410787,0.675342,0.191109,0.734255,0.025233,-0.009258,0.678341
1677108470,62199720,0.410728,0.674869,0.192488,0.735406,0.024307,-0.009071,0.677130
1677108470,72504629,0.410739,0.674300,0.193860,0.735810,0.023281,-0.008125,0.676739
1677108470,82838257,0.410623,0.673771,0.195230,0.735682,0.022975,-0.007777,0.676893
1677108470,92912640,0.410571,0.673497,0.196644,0.735708,0.022650,-0.007623,0.676877
1677108470,102618984,0.410696,0.673138,0.198070,0.735310,0.022082,-0.007485,0.677330
1677108470,112091728,0.410807,0.672805,0.199590,0.735504,0.022159,-0.007786,0.677113
1677108470,121914900,0.410929,0.672226,0.201144,0.735602,0.022478,-0.008234,0.676991
1677108470,132908230,0.411019,0.671640,0.202799,0.736591,0.023137,-0.008897,0.675884
1677108470,142440136,0.411285,0.670959,0.204524,0.737967,0.022775,-0.009437,0.674386
1677108470,152372233,0.411497,0.670111,0.206259,0.739170,0.022538,-0.010152,0.673065
1677108470,162694942,0.411613,0.669198,0.208037,0.740155,0.022835,-0.011120,0.671957
1677108470,172913279,0.411818,0.668365,0.209790,0.741036,0.022680,-0.011686,0.670981
1677108470,182374086,0.411913,0.667963,0.211631,0.743059,0.022400,-0.012802,0.668728
1677108470,192398704,0.412069,0.667966,0.213500,0.745844,0.020922,-0.014465,0.665635
1677108470,202409486,0.412116,0.666332,0.215260,0.742137,0.022617,-0.013235,0.669735
1677108470,212044629,0.412123,0.665646,0.217153,0.742160,0.022090,-0.013715,0.669719
1677108470,222504417,0.412259,0.665138,0.219052,0.743286,0.020413,-0.013301,0.668530
1677108470,232253649,0.412050,0.664415,0.220947,0.743617,0.019997,-0.013205,0.668176
1677108470,242502311,0.411994,0.663837,0.222830,0.744518,0.018090,-0.012530,0.667240
1677108470,253135305,0.411694,0.662936,0.224620,0.744445,0.017938,-0.011228,0.667348
1677108470,262162055,0.411396,0.661854,0.226466,0.743358,0.015411,-0.011025,0.668626
1677108470,272151102,0.411133,0.661314,0.228258,0.744112,0.013701,-0.009823,0.667842
1677108470,282125628,0.410972,0.660595,0.230026,0.743892,0.010915,-0.008194,0.668160
1677108470,292755114,0.410381,0.660154,0.231824,0.744737,0.010766,-0.007896,0.667224
1677108470,302047230,0.410139,0.659731,0.233660,0.745628,0.008710,-0.006737,0.666271
1677108470,311849339,0.409728,0.659154,0.235430,0.745778,0.008409,-0.005545,0.666118
1677108470,322016512,0.409425,0.658571,0.237231,0.746158,0.007424,-0.004642,0.665711
1677108470,332341464,0.409441,0.657778,0.239053,0.746618,0.004237,-0.004398,0.665225
1677108470,342880222,0.409259,0.657018,0.240853,0.747076,0.003252,-0.003571,0.664722
1677108470,352414219,0.409083,0.656250,0.242711,0.747819,0.001474,-0.003995,0.663889
1677108470,362052849,0.408988,0.655455,0.244538,0.748540,0.000323,-0.003639,0.663079
1677108470,372774894,0.408764,0.654516,0.246324,0.749083,-0.000208,-0.003766,0.662465
1677108470,383038028,0.408609,0.653668,0.248102,0.749814,-0.001072,-0.003861,0.661637
1677108470,392623107,0.408546,0.652834,0.249845,0.750210,-0.002436,-0.003856,0.661184
1677108470,401725541,0.408377,0.652308,0.251592,0.751315,-0.002936,-0.003912,0.659926
1677108470,412254296,0.408279,0.651655,0.253245,0.751360,-0.003182,-0.003782,0.659874
1677108470,422301236,0.408153,0.651179,0.254895,0.751681,-0.002943,-0.003898,0.659509
1677108470,432581449,0.408253,0.650617,0.256497,0.751444,-0.003379,-0.003222,0.659780
1677108470,442917532,0.408207,0.650091,0.258087,0.751647,-0.003365,-0.003495,0.659548
1677108470,452962207,0.408740,0.649546,0.259796,0.752759,-0.007668,-0.005247,0.658231
1677108470,462083044,0.408831,0.649014,0.261409,0.753423,-0.007787,-0.005732,0.657465
1677108470,472502164,0.408966,0.648370,0.262986,0.753617,-0.008162,-0.006443,0.657232
1677108470,482121450,0.409231,0.647743,0.264539,0.753720,-0.007950,-0.006302,0.657118
1677108470,492202228,0.409462,0.647271,0.266093,0.754519,-0.007984,-0.007492,0.656187
1677108470,502225672,0.409683,0.646936,0.267638,0.755178,-0.007423,-0.008591,0.655422
1677108470,512690471,0.409940,0.646735,0.269208,0.755998,-0.006922,-0.009702,0.654466
1677108470,522543082,0.410228,0.646328,0.270741,0.755459,-0.006549,-0.010287,0.655083
1677108470,532029084,0.410563,0.646079,0.272264,0.755118,-0.007337,-0.011341,0.655450
1677108470,542268002,0.410886,0.645756,0.273794,0.754569,-0.008585,-0.011913,0.656056
1677108470,552532684,0.410954,0.645452,0.275279,0.754283,-0.009172,-0.012924,0.656358
1677108470,561876378,0.410492,0.645620,0.276969,0.756601,-0.005429,-0.012790,0.653729
1677108470,572408301,0.410563,0.645445,0.278442,0.757117,-0.005802,-0.012315,0.653138
1677108470,582662501,0.410537,0.645316,0.279865,0.757445,-0.006029,-0.012543,0.652750
1677108470,592639614,0.410468,0.645181,0.281254,0.757010,-0.005393,-0.011655,0.653277
1677108470,601790637,0.410352,0.645335,0.282632,0.757187,-0.005407,-0.012019,0.653066
1677108470,611738224,0.410348,0.645864,0.284086,0.758684,-0.006116,-0.011769,0.651324
1677108470,621710692,0.410212,0.646165,0.285393,0.759285,-0.006477,-0.011559,0.650623
1677108470,631636487,0.410096,0.646626,0.286718,0.760610,-0.006945,-0.010961,0.649080
1677108470,641921441,0.409938,0.645445,0.287873,0.756589,-0.007117,-0.009503,0.653782
1677108470,652064158,0.409773,0.645330,0.289036,0.755981,-0.008033,-0.009040,0.654482
1677108470,662437427,0.409577,0.645258,0.290177,0.755554,-0.008601,-0.008278,0.654978
1677108470,672175851,0.409459,0.645551,0.291337,0.756361,-0.009691,-0.007333,0.654041
1677108470,682380316,0.409308,0.645439,0.292409,0.755859,-0.010197,-0.006704,0.654621
1677108470,693232109,0.409188,0.645425,0.293476,0.756037,-0.010838,-0.006693,0.654405
1677108470,702355478,0.409008,0.645476,0.294484,0.756582,-0.010618,-0.006914,0.653776
1677108470,712687331,0.409525,0.644908,0.295415,0.755427,-0.014221,-0.007010,0.655041
1677108470,722188594,0.409247,0.645059,0.296186,0.755695,-0.012320,-0.007718,0.654762
1677108470,732328277,0.409045,0.645702,0.297009,0.757190,-0.009128,-0.005616,0.653107
1677108470,742722695,0.409038,0.645889,0.297714,0.757244,-0.008434,-0.005988,0.653050
1677108470,752939322,0.409079,0.645858,0.298304,0.756264,-0.008068,-0.006612,0.654183
1677108470,763138832,0.409268,0.646039,0.298919,0.756232,-0.008136,-0.006057,0.654225
1677108470,773116600,0.409171,0.646206,0.299449,0.756283,-0.007600,-0.007339,0.654159
1677108470,783101179,0.409324,0.646287,0.299954,0.756201,-0.007396,-0.006869,0.654262
1677108470,793250357,0.409387,0.646386,0.300423,0.756356,-0.007197,-0.007277,0.654080
1677108470,802815176,0.409461,0.646393,0.300845,0.756166,-0.006665,-0.007499,0.654303
1677108470,812968643,0.409675,0.646491,0.301258,0.756275,-0.006701,-0.007124,0.654181
1677108470,823195286,0.409936,0.646499,0.301650,0.756083,-0.007281,-0.007092,0.654397
1677108470,832582441,0.410072,0.646430,0.302001,0.755724,-0.007003,-0.006828,0.654818
1677108470,842544354,0.410303,0.646421,0.302346,0.755743,-0.007536,-0.007421,0.654783
1677108470,852981343,0.410642,0.646354,0.302697,0.755737,-0.008293,-0.007154,0.654784
1677108470,862950286,0.411026,0.646131,0.302991,0.754992,-0.009243,-0.006425,0.655637
