secs,nsecs,tx,ty,tz,rx,ry,rz,rw
1677108489,771675248,0.349599,0.526652,0.508474,0.613261,-0.132745,-0.150514,0.763960
1677108489,782171796,0.349885,0.526955,0.508299,0.613690,-0.132586,-0.150425,0.763660
1677108489,792605145,0.350178,0.527254,0.508124,0.613735,-0.132436,-0.149985,0.763737
1677108489,802527272,0.350317,0.527481,0.507909,0.613296,-0.132191,-0.149918,0.764145
1677108489,812918143,0.350522,0.527976,0.507656,0.613879,-0.131746,-0.149184,0.763898
1677108489,822973056,0.350611,0.528282,0.507355,0.613433,-0.131169,-0.148899,0.764411
1677108489,832277077,0.350799,0.528623,0.507032,0.613092,-0.131507,-0.148431,0.764717
1677108489,842192151,0.350899,0.529039,0.506677,0.613078,-0.131202,-0.148414,0.764784
1677108489,852740232,0.350919,0.529293,0.506331,0.612578,-0.130663,-0.148262,0.765306
1677108489,862040828,0.351059,0.529481,0.506015,0.612128,-0.130955,-0.148028,0.765662
1677108489,871965769,0.351251,0.529787,0.505661,0.612388,-0.130590,-0.147341,0.765648
1677108489,881678899,0.351359,0.530002,0.505324,0.612285,-0.130437,-0.147297,0.765765
1677108489,892579625,0.351426,0.530135,0.504944,0.611867,-0.130133,-0.147803,0.766054
1677108489,902250793,0.351678,0.530299,0.504592,0.611912,-0.130158,-0.147259,0.766118
1677108489,911949699,0.351866,0.530486,0.504198,0.612194,-0.129851,-0.146972,0.766000
1677108489,922063265,0.351920,0.530444,0.503772,0.611514,-0.129271,-0.147408,0.766557
1677108489,932116046,0.352090,0.530444,0.503295,0.610700,-0.128659,-0.147929,0.767209
1677108489,942381596,0.352470,0.530643,0.502878,0.611210,-0.129120,-0.147792,0.766751
1677108489,952362687,0.352784,0.530702,0.502481,0.610946,-0.129330,-0.147797,0.766925
1677108489,962779724,0.353255,0.530800,0.502088,0.610811,-0.129274,-0.147382,0.767122
1677108489,972888999,0.353513,0.530944,0.501683,0.610801,-0.128865,-0.148511,0.766981
1677108489,982535479,0.353798,0.530913,0.501314,0.610253,-0.128301,-0.149283,0.767362
1677108489,992329489,0.354300,0.530821,0.500979,0.609822,-0.129284,-0.149605,0.767477
1677108490,2035261,0.354477,0.530841,0.500646,0.610049,-0.128858,-0.151113,0.767073
1677108490,12148110,0.354799,0.530746,0.500344,0.610053,-0.129157,-0.151739,0.766896
1677108490,22023372,0.354642,0.530704,0.499868,0.609680,-0.125902,-0.153021,0.767479
1677108490,32569433,0.354877,0.530756,0.499581,0.610224,-0.126574,-0.153643,0.766811
1677108490,41991845,0.354966,0.530803,0.499290,0.610682,-0.126607,-0.154130,0.766343
1677108490,51861325,0.355165,0.530816,0.498972,0.610860,-0.127189,-0.153565,0.766218
1677108490,62299180,0.355154,0.530895,0.498611,0.610765,-0.127191,-0.153358,0.766335
1677108490,72579489,0.355213,0.531158,0.498229,0.611146,-0.127733,-0.152832,0.766047
1677108490,81838100,0.355190,0.531334,0.497854,0.610827,-0.127956,-0.151802,0.766468
1677108490,92318716,0.355115,0.531589,0.497467,0.610466,-0.127644,-0.150248,0.767114
1677108490,102021783,0.354955,0.531971,0.497009,0.610332,-0.128056,-0.149512,0.767296
1677108490,112347343,0.354955,0.532400,0.496408,0.610468,-0.128571,-0.147515,0.767488
1677108490,122326532,0.354776,0.532732,0.495680,0.609954,-0.129176,-0.146321,0.768024
1677108490,132539072,0.354638,0.533102,0.494778,0.609493,-0.128779,-0.144866,0.768731
1677108490,142324220,0.354882,0.533615,0.493778,0.609936,-0.129473,-0.143065,0.768601
1677108490,153078826,0.354910,0.533805,0.492737,0.608688,-0.129083,-0.143054,0.769657
1677108490,162563101,0.355177,0.534058,0.491590,0.608298,-0.128899,-0.142942,0.770017
1677108490,172539842,0.355602,0.534060,0.490390,0.607791,-0.129188,-0.143152,0.770330
1677108490,182530608,0.355950,0.534063,0.489158,0.607747,-0.129173,-0.144603,0.770096
1677108490,192795244,0.356385,0.533974,0.487869,0.608240,-0.128789,-0.145896,0.769527
1677108490,202135814,0.356920,0.533773,0.486652,0.608767,-0.128846,-0.146925,0.768904
1677108490,212171113,0.357497,0.533788,0.485335,0.610832,-0.128551,-0.147648,0.767176
1677108490,222697664,0.357830,0.533364,0.484188,0.610997,-0.129013,-0.148877,0.766729
1677108490,232181506,0.358032,0.533065,0.482970,0.612011,-0.128953,-0.149125,0.765883
1677108490,242390316,0.358191,0.532820,0.481730,0.613216,-0.129216,-0.148924,0.764913
1677108490,252491125,0.358220,0.532725,0.480472,0.614499,-0.129808,-0.148659,0.763833
1677108490,262429407,0.358258,0.532466,0.479277,0.614837,-0.130476,-0.147395,0.763693
1677108490,272538852,0.358272,0.532521,0.478051,0.616144,-0.130971,-0.146103,0.762802
1677108490,282613842,0.358176,0.532503,0.476868,0.616738,-0.131696,-0.145434,0.762325
1677108490,292806445,0.358130,0.532456,0.475727,0.617169,-0.132653,-0.144778,0.761935
1677108490,302637012,0.358282,0.532565,0.474533,0.618221,-0.133439,-0.143169,0.761248
1677108490,312752718,0.358303,0.532626,0.473345,0.618763,-0.133839,-0.142856,0.760797
1677108490,322245152,0.358490,0.532769,0.472167,0.619605,-0.133637,-0.141738,0.760356
1677108490,331986510,0.358661,0.532868,0.470966,0.619568,-0.133377,-0.141702,0.760439
1677108490,342572192,0.358992,0.533107,0.469722,0.619903,-0.133208,-0.141800,0.760177
1677108490,352671794,0.359870,0.533310,0.468312,0.620404,-0.134472,-0.140742,0.759742
1677108490,362054652,0.360003,0.533374,0.467173,0.619869,-0.133888,-0.142736,0.759909
1677108490,371834316,0.360418,0.533416,0.466039,0.619649,-0.134720,-0.144176,0.759670
1677108490,382014798,0.360783,0.533349,0.464886,0.619172,-0.134545,-0.145044,0.759925
1677108490,392375515,0.361241,0.533388,0.463770,0.619227,-0.135388,-0.145570,0.759629
1677108490,402188204,0.361675,0.533439,0.462656,0.618880,-0.136407,-0.145945,0.759658
1677108490,412405626,0.361868,0.533783,0.461502,0.619078,-0.136096,-0.146294,0.759486
1677108490,422473311,0.362150,0.534037,0.460407,0.618087,-0.136859,-0.146230,0.760167
1677108490,432273746,0.362385,0.534345,0.459261,0.616925,-0.137294,-0.145825,0.761111
1677108490,442326796,0.362556,0.534698,0.458134,0.615505,-0.138357,-0.145584,0.762113
1677108490,452802802,0.362815,0.535216,0.456919,0.614523,-0.139496,-0.145186,0.762773
1677108490,461861791,0.362943,0.535557,0.455735,0.612825,-0.139960,-0.145105,0.764069
1677108490,472624632,0.363246,0.536048,0.454551,0.611639,-0.140897,-0.145352,0.764799
1677108490,482580502,0.363631,0.536522,0.453374,0.610585,-0.141687,-0.145821,0.765406
1677108490,492164836,0.363981,0.536932,0.452228,0.609610,-0.141298,-0.146066,0.766208
1677108490,502124069,0.364308,0.537396,0.451049,0.608536,-0.140971,-0.147422,0.766862
1677108490,512681438,0.364623,0.537741,0.449919,0.607230,-0.140436,-0.149002,0.767690
1677108490,522400983,0.365004,0.538063,0.448791,0.605678,-0.139647,-0.150040,0.768857
1677108490,532115952,0.365440,0.538466,0.447632,0.604870,-0.139644,-0.151412,0.769224
1677108490,542909283,0.365857,0.538752,0.446531,0.604160,-0.139815,-0.152625,0.769511
1677108490,552449397,0.366098,0.538941,0.445397,0.603103,-0.139692,-0.154410,0.770007
1677108490,562154832,0.366351,0.539011,0.444270,0.602375,-0.139834,-0.155396,0.770352
1677108490,572364936,0.366514,0.539030,0.443160,0.601484,-0.139750,-0.156457,0.770849
1677108490,582286557,0.366780,0.539063,0.442058,0.601205,-0.140447,-0.156876,0.770855
1677108490,592644203,0.366780,0.539116,0.440934,0.600951,-0.139671,-0.157749,0.771015
1677108490,602806497,0.366989,0.539081,0.439861,0.600478,-0.139807,-0.157420,0.771427
1677108490,612852795,0.367015,0.539246,0.438744,0.601007,-0.138841,-0.157258,0.771222
1677108490,622585593,0.367070,0.539262,0.437688,0.601054,-0.138464,-0.156922,0.771322
1677108490,632550442,0.367213,0.539215,0.436641,0.601326,-0.139092,-0.156652,0.771052
1677108490,642469904,0.367202,0.538972,0.435640,0.601192,-0.138605,-0.156167,0.771342
1677108490,652820372,0.367250,0.538773,0.434662,0.601661,-0.138407,-0.155983,0.771049
1677108490,662628002,0.367253,0.538486,0.433693,0.602282,-0.138222,-0.156026,0.770589
1677108490,672966386,0.367317,0.538200,0.432754,0.603134,-0.138141,-0.156463,0.769848
1677108490,682072950,0.367349,0.537814,0.431791,0.603755,-0.138235,-0.157190,0.769196
1677108490,692651908,0.367520,0.537469,0.430789,0.604632,-0.138417,-0.157325,0.768446
1677108490,702658439,0.367736,0.537130,0.429789,0.605285,-0.138714,-0.157298,0.767884
1677108490,712309270,0.367817,0.536753,0.428752,0.605625,-0.138552,-0.158087,0.767483
1677108490,722498321,0.367966,0.536403,0.427724,0.605806,-0.138365,-0.158344,0.767321
1677108490,732733572,0.368236,0.536162,0.426665,0.606536,-0.138519,-0.158421,0.766700
1677108490,742470977,0.368361,0.535950,0.425608,0.606869,-0.138058,-0.159155,0.766368
1677108490,752772211,0.368659,0.535824,0.424507,0.607407,-0.138026,-0.159281,0.765921
1677108490,762640502,0.368832,0.535718,0.423387,0.607796,-0.137021,-0.159522,0.765743
1677108490,772154205,0.369209,0.535658,0.422218,0.608028,-0.136830,-0.159632,0.765570
1677108490,782408835,0.369470,0.535569,0.421042,0.607954,-0.136040,-0.160308,0.765628
1677108490,792459778,0.369659,0.535444,0.419888,0.607696,-0.134784,-0.161495,0.765806
1677108490,802507730,0.370311,0.535107,0.418767,0.607111,-0.135442,-0.161904,0.766067
1677108490,812442028,0.370560,0.535022,0.417710,0.607632,-0.134299,-0.163167,0.765587
1677108490,822327390,0.370957,0.534821,0.416691,0.607989,-0.134151,-0.163912,0.765171
1677108490,832452245,0.371186,0.534581,0.415685,0.608113,-0.133880,-0.165180,0.764847
1677108490,842166349,0.371489,0.534570,0.414653,0.609461,-0.133489,-0.165379,0.763799
1677108490,852059356,0.371653,0.534524,0.413658,0.610222,-0.133126,-0.165872,0.763147
1677108490,861966565,0.371885,0.534470,0.412685,0.610765,-0.133238,-0.165479,0.762779
1677108490,872086226,0.371985,0.534693,0.411657,0.611701,-0.132830,-0.165192,0.762161
1677108490,881779604,0.371946,0.534804,0.410631,0.611698,-0.132131,-0.164969,0.762333
1677108490,892148546,0.371952,0.534912,0.409566,0.611365,-0.131861,-0.164502,0.762749
1677108490,902011611,0.372181,0.535141,0.408506,0.611332,-0.132945,-0.164131,0.762666
1677108490,912241599,0.372234,0.535240,0.407456,0.610925,-0.132765,-0.163998,0.763052
1677108490,921843755,0.372379,0.535364,0.406420,0.610799,-0.132798,-0.164122,0.763120
1677108490,932417785,0.372483,0.535381,0.405413,0.610826,-0.132318,-0.164122,0.763183
1677108490,942144218,0.372688,0.535337,0.404433,0.611206,-0.132401,-0.164175,0.762853
1677108490,952227931,0.372795,0.535217,0.403468,0.611713,-0.132209,-0.164677,0.762371
1677108490,962620699,0.372767,0.534984,0.402498,0.612171,-0.131368,-0.165199,0.762036
1677108490,972414784,0.372964,0.534923,0.401516,0.613649,-0.131837,-0.165434,0.760714
1677108490,981993710,0.373024,0.534739,0.400464,0.614692,-0.131733,-0.165424,0.759891
1677108490,992571071,0.373013,0.534521,0.399434,0.615205,-0.131606,-0.165775,0.759422
1677108491,2204649,0.373150,0.534333,0.398388,0.615906,-0.132037,-0.165448,0.758850
1677108491,12307396,0.373210,0.534187,0.397318,0.616428,-0.131876,-0.165531,0.758436
1677108491,22729747,0.373213,0.534055,0.396215,0.616752,-0.131901,-0.166194,0.758023
1677108491,32569892,0.373291,0.533962,0.395096,0.617188,-0.131995,-0.166565,0.757570
1677108491,41904537,0.373361,0.533854,0.393911,0.617524,-0.131666,-0.166431,0.757383
1677108491,52330617,0.373392,0.533796,0.392694,0.617789,-0.131558,-0.167201,0.757016
1677108491,62182123,0.373517,0.533641,0.391491,0.618190,-0.131656,-0.167274,0.756655
1677108491,72493047,0.373607,0.533496,0.390224,0.618343,-0.131780,-0.168098,0.756326
1677108491,82425298,0.373842,0.533496,0.388887,0.619332,-0.131724,-0.168322,0.755476
1677108491,92458005,0.374042,0.533371,0.387601,0.619580,-0.131554,-0.168907,0.755172
1677108491,102157337,0.374346,0.533261,0.386273,0.619850,-0.130953,-0.169268,0.754974
1677108491,112290774,0.374472,0.533132,0.385011,0.619756,-0.130201,-0.170827,0.754830
1677108491,122156776,0.374762,0.533135,0.383737,0.620318,-0.129290,-0.171728,0.754321
1677108491,132608453,0.374932,0.533015,0.382530,0.620245,-0.128507,-0.173132,0.754193
1677108491,142343171,0.375250,0.533023,0.381286,0.620796,-0.128330,-0.173604,0.753661
1677108491,152348414,0.375417,0.533089,0.380081,0.621190,-0.128175,-0.174551,0.753144
1677108491,162025056,0.375553,0.533140,0.378921,0.621562,-0.128090,-0.174888,0.752773
1677108491,172608753,0.375616,0.533226,0.377723,0.621792,-0.127347,-0.174771,0.752737
1677108491,182517499,0.375628,0.533380,0.376578,0.622016,-0.126934,-0.174523,0.752679
1677108491,192146195,0.375669,0.533498,0.375434,0.621971,-0.127206,-0.174607,0.752651
1677108491,202477035,0.375661,0.533539,0.374346,0.621372,-0.127171,-0.174132,0.753261
1677108491,212782833,0.375689,0.533707,0.373274,0.621611,-0.127354,-0.173759,0.753119
1677108491,222217642,0.375691,0.533908,0.372261,0.621909,-0.127845,-0.173373,0.752879
1677108491,232198508,0.375595,0.533840,0.371308,0.621470,-0.127897,-0.172823,0.753359
1677108491,242478313,0.375486,0.533880,0.370420,0.621758,-0.128699,-0.172743,0.753003
1677108491,252317863,0.375399,0.533954,0.369540,0.622537,-0.128990,-0.172098,0.752457
1677108491,262420775,0.375194,0.533794,0.368726,0.622660,-0.128854,-0.171432,0.752531
1677108491,272904278,0.375012,0.533796,0.367888,0.623287,-0.129413,-0.171229,0.751961
1677108491,282635031,0.375093,0.533769,0.367041,0.623989,-0.130809,-0.170010,0.751414
1677108491,292336432,0.374934,0.533883,0.366222,0.624654,-0.131030,-0.169985,0.750829
1677108491,302538096,0.374775,0.533933,0.365367,0.624709,-0.130912,-0.169885,0.750826
1677108491,311899749,0.374773,0.533977,0.364519,0.624734,-0.131880,-0.169840,0.750646
1677108491,322253627,0.374725,0.533985,0.363698,0.624340,-0.132272,-0.169853,0.750902
1677108491,331990993,0.374740,0.534048,0.362898,0.624138,-0.132795,-0.169667,0.751019
1677108491,342318650,0.374789,0.534272,0.362076,0.624485,-0.133285,-0.169894,0.750592
1677108491,352002625,0.374822,0.534411,0.361299,0.624519,-0.133117,-0.169119,0.750770
1677108491,362149476,0.374854,0.534513,0.360536,0.624204,-0.133787,-0.168855,0.750972
1677108491,372245230,0.374758,0.534831,0.359802,0.624567,-0.133383,-0.168959,0.750718
1677108491,382093236,0.374788,0.535035,0.359058,0.624381,-0.133524,-0.168139,0.751032
1677108491,392655443,0.374820,0.535456,0.358344,0.624972,-0.133340,-0.167620,0.750689
1677108491,402164998,0.374880,0.535753,0.357615,0.624862,-0.133342,-0.167000,0.750919
1677108491,412457037,0.374793,0.535968,0.356907,0.624064,-0.132985,-0.166936,0.751660
1677108491,421925306,0.374911,0.536345,0.356193,0.624077,-0.133601,-0.166899,0.751547
1677108491,431591357,0.374942,0.536694,0.355510,0.623872,-0.134017,-0.167096,0.751599
1677108491,442018446,0.374823,0.536881,0.354837,0.622899,-0.134335,-0.167961,0.752157
1677108491,453406823,0.374913,0.537067,0.354212,0.622207,-0.135242,-0.167479,0.752675
1677108491,462773232,0.374715,0.537501,0.353567,0.622207,-0.135244,-0.167931,0.752573
1677108491,472670571,0.374728,0.537801,0.352944,0.621898,-0.136262,-0.167173,0.752813
1677108491,482160206,0.374524,0.538235,0.352320,0.621875,-0.136370,-0.166842,0.752887
1677108491,492212126,0.374559,0.538697,0.351674,0.621910,-0.137408,-0.165608,0.752941
1677108491,501661711,0.374156,0.539348,0.351030,0.622336,-0.136250,-0.164888,0.752958
1677108491,511550332,0.374053,0.539751,0.350389,0.621960,-0.136314,-0.163846,0.753484
1677108491,521676951,0.373930,0.540196,0.349722,0.621455,-0.136377,-0.163876,0.753883
1677108491,531932008,0.373921,0.540661,0.349086,0.621432,-0.136111,-0.163489,0.754034
1677108491,542328259,0.373875,0.541044,0.348424,0.621173,-0.135535,-0.163645,0.754317
1677108491,552532891,0.373889,0.541323,0.347781,0.620364,-0.135414,-0.164251,0.754873
1677108491,562739893,0.373934,0.541715,0.347100,0.619788,-0.135151,-0.165377,0.755147
1677108491,572094753,0.374029,0.542169,0.346362,0.618810,-0.134681,-0.166714,0.755739
1677108491,582492475,0.374385,0.542686,0.345609,0.617856,-0.135318,-0.167570,0.756216
1677108491,591896640,0.374565,0.543190,0.344765,0.616268,-0.132433,-0.167871,0.757954
1677108491,602404756,0.374896,0.543646,0.343987,0.614760,-0.132109,-0.168825,0.759023
1677108491,612249990,0.375189,0.544072,0.343221,0.613743,-0.131631,-0.169802,0.759710
1677108491,622562392,0.375311,0.544396,0.342478,0.612526,-0.130843,-0.171520,0.760442
1677108491,632723790,0.375549,0.544724,0.341711,0.612570,-0.130399,-0.171887,0.760400
1677108491,642293706,0.375732,0.545023,0.340993,0.613043,-0.130510,-0.172379,0.759888
1677108491,652177206,0.375713,0.545150,0.340284,0.612920,-0.130103,-0.172940,0.759930
1677108491,662394675,0.375730,0.545373,0.339642,0.613642,-0.129895,-0.172676,0.759443
1677108491,672460009,0.375616,0.545515,0.338957,0.613881,-0.129354,-0.172141,0.759463
1677108491,682128430,0.375417,0.545607,0.338319,0.613877,-0.128134,-0.171195,0.759888
1677108491,692516812,0.375374,0.545951,0.337638,0.614966,-0.128267,-0.170406,0.759162
1677108491,702205379,0.375243,0.546218,0.336979,0.615603,-0.128195,-0.169754,0.758804
1677108491,712712872,0.374963,0.546452,0.336264,0.616247,-0.126583,-0.168970,0.758726
1677108491,722459903,0.374950,0.546760,0.335602,0.617192,-0.127286,-0.168512,0.757942
1677108491,732510044,0.374812,0.546954,0.334865,0.617642,-0.126637,-0.167734,0.757857
1677108491,742440766,0.374803,0.547235,0.334076,0.618047,-0.127539,-0.167829,0.757354
1677108491,752685758,0.374642,0.547399,0.333258,0.617620,-0.126983,-0.167551,0.757857
1677108491,762708643,0.374709,0.547845,0.332402,0.618240,-0.127646,-0.167418,0.757269
1677108491,772517901,0.374693,0.548128,0.331540,0.618075,-0.127597,-0.167045,0.757495
1677108491,782053845,0.374651,0.548572,0.330640,0.618552,-0.127087,-0.167321,0.757130
1677108491,792414095,0.374654,0.548980,0.329767,0.618941,-0.126479,-0.167644,0.756842
1677108491,802458343,0.374515,0.549186,0.328883,0.618586,-0.124977,-0.167972,0.757309
1677108491,812510228,0.374587,0.549511,0.327979,0.619206,-0.124907,-0.168773,0.756636
1677108491,822521641,0.374722,0.549790,0.327077,0.619599,-0.124366,-0.168756,0.756407
1677108491,832593768,0.374671,0.550074,0.326119,0.619651,-0.123074,-0.169254,0.756465
1677108491,842235913,0.374706,0.550504,0.325100,0.619945,-0.122700,-0.170021,0.756112
1677108491,853001458,0.374973,0.550853,0.324072,0.619969,-0.123463,-0.169709,0.756038
1677108491,862590198,0.374871,0.551303,0.323061,0.619983,-0.122253,-0.170240,0.756105
1677108491,872173429,0.374839,0.551677,0.322059,0.619552,-0.121416,-0.170543,0.756524
1677108491,882872265,0.374828,0.551964,0.321058,0.619120,-0.121172,-0.170742,0.756872
1677108491,892301516,0.374823,0.552515,0.320027,0.619759,-0.120899,-0.171306,0.756265
1677108491,902165890,0.374874,0.552787,0.319026,0.619406,-0.120566,-0.170839,0.756713
1677108491,912374025,0.374776,0.553127,0.317997,0.619171,-0.119543,-0.171131,0.757001
1677108491,921935781,0.374870,0.553641,0.316964,0.619473,-0.119211,-0.171001,0.756836
1677108491,932148026,0.374801,0.553969,0.315966,0.618791,-0.118792,-0.171536,0.757339
1677108491,941793485,0.374743,0.554447,0.314924,0.619102,-0.117578,-0.171562,0.757268
1677108491,952264501,0.374655,0.554918,0.313912,0.619540,-0.116714,-0.171882,0.756970
1677108491,962020124,0.374351,0.555461,0.312898,0.620282,-0.114929,-0.173114,0.756355
1677108491,972754013,0.374843,0.555193,0.311830,0.617665,-0.118451,-0.172454,0.758102
1677108491,982122575,0.374798,0.555482,0.310782,0.617652,-0.118191,-0.173027,0.758023
1677108491,992353082,0.374787,0.555722,0.309736,0.617746,-0.117885,-0.173631,0.757856
1677108492,2747655,0.374823,0.555956,0.308733,0.618133,-0.117384,-0.173529,0.757641
1677108492,12813501,0.374803,0.556164,0.307702,0.618443,-0.116801,-0.174006,0.757369
1677108492,22311241,0.374772,0.556313,0.306706,0.618962,-0.116351,-0.174455,0.756911
1677108492,32298650,0.374740,0.556399,0.305674,0.619472,-0.116219,-0.174766,0.756442
1677108492,42408156,0.374598,0.556460,0.304703,0.620109,-0.115750,-0.175501,0.755821
1677108492,52692546,0.374415,0.556329,0.303789,0.620318,-0.115734,-0.176136,0.755504
1677108492,62217811,0.374399,0.556307,0.302824,0.621296,-0.116828,-0.176505,0.754446
1677108492,72249099,0.374269,0.556205,0.301885,0.621911,-0.117214,-0.176780,0.753815
1677108492,82520903,0.374047,0.556112,0.300995,0.622572,-0.117012,-0.177105,0.753224
1677108492,92161745,0.373909,0.556184,0.300080,0.623519,-0.117127,-0.177302,0.752376
1677108492,102525442,0.373703,0.556227,0.299102,0.623915,-0.117114,-0.177472,0.752010
1677108492,112466635,0.373569,0.556244,0.298189,0.624020,-0.117131,-0.177544,0.751902
1677108492,122493494,0.373495,0.556306,0.297250,0.624259,-0.117344,-0.177729,0.751627
1677108492,131856643,0.373435,0.556436,0.296274,0.624814,-0.117713,-0.178505,0.750924
1677108492,142125947,0.373279,0.556444,0.295378,0.624975,-0.117037,-0.179025,0.750772
1677108492,152886552,0.373268,0.556478,0.294460,0.625439,-0.117430,-0.179622,0.750181
1677108492,162910823,0.373274,0.556367,0.293563,0.625428,-0.117717,-0.179942,0.750069
1677108492,172692796,0.373510,0.556044,0.292622,0.624372,-0.120490,-0.180370,0.750406
1677108492,182657889,0.373215,0.556149,0.291750,0.625354,-0.119597,-0.181547,0.749446
1677108492,192696007,0.372982,0.556190,0.290906,0.626062,-0.119095,-0.182442,0.748717
1677108492,202626123,0.372775,0.556194,0.290077,0.626624,-0.118646,-0.182920,0.748202
1677108492,212324009,0.372593,0.556196,0.289236,0.627110,-0.118888,-0.183695,0.747566
1677108492,222599385,0.372436,0.556260,0.288369,0.627650,-0.119027,-0.184291,0.746944
1677108492,232106517,0.372262,0.556353,0.287461,0.628176,-0.119045,-0.184959,0.746333
1677108492,242167833,0.372237,0.556435,0.286524,0.628514,-0.119611,-0.185140,0.745914
1677108492,252423733,0.372056,0.556555,0.285568,0.628531,-0.119349,-0.185925,0.745746
1677108492,262697870,0.371955,0.556444,0.284626,0.627793,-0.118960,-0.185893,0.746438
1677108492,272857091,0.371905,0.556665,0.283671,0.628388,-0.118591,-0.186342,0.745883
1677108492,282214674,0.371759,0.556833,0.282679,0.628834,-0.117512,-0.187033,0.745505
1677108492,292294518,0.371806,0.556868,0.281688,0.629120,-0.117229,-0.187056,0.745302
1677108492,302145757,0.371650,0.556973,0.280718,0.629512,-0.116216,-0.187912,0.744915
1677108492,312078532,0.371556,0.557081,0.279741,0.630093,-0.114929,-0.187970,0.744608
1677108492,321933414,0.371370,0.557235,0.278776,0.630601,-0.113946,-0.189002,0.744068
1677108492,332408670,0.371319,0.557311,0.277834,0.631195,-0.113334,-0.188937,0.743674
1677108492,342725098,0.371109,0.557290,0.276921,0.631233,-0.112646,-0.189563,0.743587
1677108492,352569275,0.370788,0.557291,0.276027,0.631493,-0.111578,-0.190092,0.743392
1677108492,362648312,0.371015,0.556822,0.275072,0.629077,-0.116094,-0.191849,0.744297
1677108492,371918000,0.370812,0.556959,0.274170,0.629978,-0.116133,-0.192409,0.743384
1677108492,382664318,0.370557,0.556852,0.273367,0.630031,-0.116634,-0.192945,0.743121
1677108492,392575794,0.370334,0.556917,0.272510,0.630728,-0.117162,-0.193540,0.742292
1677108492,402490236,0.370048,0.556692,0.271708,0.630172,-0.117273,-0.193452,0.742770
1677108492,412282064,0.369732,0.556855,0.270899,0.630920,-0.117172,-0.194322,0.741923
1677108492,422655311,0.369563,0.556656,0.270059,0.630230,-0.117273,-0.194047,0.742565
1677108492,432112460,0.369334,0.556681,0.269268,0.630487,-0.117168,-0.194796,0.742167
1677108492,442075076,0.369154,0.556558,0.268457,0.630158,-0.116712,-0.195255,0.742398
1677108492,453064647,0.369112,0.556329,0.267683,0.629607,-0.117072,-0.196002,0.742612
1677108492,462163927,0.368924,0.556341,0.266966,0.630188,-0.116619,-0.197490,0.741796
1677108492,472579545,0.368684,0.556132,0.266305,0.630062,-0.116095,-0.198703,0.741661
1677108492,482332838,0.368547,0.555838,0.265663,0.629916,-0.116297,-0.199689,0.741489
1677108492,492970519,0.368391,0.555734,0.265076,0.630881,-0.116249,-0.200202,0.740537
1677108492,502504727,0.368097,0.555481,0.264525,0.630912,-0.116178,-0.200979,0.740311
1677108492,512276596,0.367929,0.555182,0.264004,0.630822,-0.117496,-0.200807,0.740227
1677108492,522468516,0.367584,0.555249,0.263411,0.631847,-0.117606,-0.200704,0.739362
1677108492,532528141,0.367137,0.555141,0.262844,0.631826,-0.117233,-0.200485,0.739498
1677108492,542322666,0.366876,0.555045,0.262261,0.631346,-0.118309,-0.200288,0.739791
1677108492,552664180,0.366721,0.555060,0.261661,0.631634,-0.118762,-0.199679,0.739637
1677108492,562585651,0.366420,0.555021,0.261069,0.631391,-0.118207,-0.199755,0.739912
1677108492,572442514,0.366252,0.555029,0.260458,0.631399,-0.118474,-0.200397,0.739689
1677108492,581803100,0.366197,0.555000,0.259870,0.631575,-0.118354,-0.200550,0.739517
1677108492,592058240,0.366083,0.554976,0.259288,0.631438,-0.118714,-0.202048,0.739168
1677108492,602180202,0.366040,0.554854,0.258718,0.631254,-0.118462,-0.202423,0.739263
1677108492,611763388,0.365878,0.554910,0.258133,0.631618,-0.118020,-0.203715,0.738668
1677108492,622070786,0.365953,0.554950,0.257551,0.632309,-0.118363,-0.203387,0.738112
1677108492,632899769,0.366052,0.555351,0.256849,0.633817,-0.121201,-0.204899,0.735937
1677108492,642653727,0.365636,0.555262,0.256251,0.633166,-0.120079,-0.205630,0.736477
1677108492,652828842,0.365606,0.555090,0.255631,0.632452,-0.120612,-0.204870,0.737215
1677108492,662199402,0.365337,0.555033,0.255033,0.631867,-0.120380,-0.205291,0.737637
1677108492,672619186,0.364999,0.555056,0.254468,0.631622,-0.119343,-0.205236,0.738031
1677108492,681844328,0.364970,0.555056,0.253814,0.631348,-0.120344,-0.205038,0.738157
1677108492,692360096,0.364220,0.555105,0.253157,0.630512,-0.116501,-0.205653,0.739316
1677108492,702353985,0.363943,0.555224,0.252524,0.630403,-0.116465,-0.206386,0.739211
1677108492,712698128,0.364051,0.555328,0.251880,0.630419,-0.118332,-0.206360,0.738908
1677108492,722033186,0.364090,0.555456,0.251217,0.630339,-0.119614,-0.206021,0.738864
1677108492,732311411,0.364011,0.555728,0.250477,0.630297,-0.120663,-0.206299,0.738652
1677108492,742357138,0.363943,0.555967,0.249734,0.629599,-0.122370,-0.207007,0.738769
1677108492,753072597,0.363874,0.556175,0.248927,0.628535,-0.123212,-0.206756,0.739604
1677108492,762477119,0.363826,0.556802,0.248015,0.628783,-0.122498,-0.206639,0.739545
1677108492,772342802,0.363847,0.557089,0.247179,0.627533,-0.123890,-0.207057,0.740258
1677108492,782804858,0.363711,0.557405,0.246334,0.626457,-0.123265,-0.206657,0.741384
1677108492,792397941,0.363838,0.557909,0.245497,0.626359,-0.124242,-0.206728,0.741284
1677108492,802656184,0.363708,0.558309,0.244653,0.625685,-0.124256,-0.207865,0.741533
1677108492,812969409,0.363642,0.558681,0.243859,0.625423,-0.123803,-0.208066,0.741773
1677108492,822619129,0.363494,0.558912,0.243083,0.624427,-0.123307,-0.208586,0.742549
1677108492,831885041,0.363566,0.559201,0.242260,0.624185,-0.124196,-0.208708,0.742569
1677108492,841854983,0.363569,0.559470,0.241475,0.623922,-0.124907,-0.208945,0.742605
1677108492,852197398,0.363406,0.559724,0.240662,0.623487,-0.124895,-0.209907,0.742700
1677108492,861746913,0.363378,0.560085,0.239839,0.623734,-0.124855,-0.210265,0.742398
1677108492,872108507,0.363470,0.560228,0.239078,0.622945,-0.125763,-0.210285,0.742902
1677108492,882288082,0.363411,0.560532,0.238254,0.622593,-0.125366,-0.210746,0.743133
1677108492,892500793,0.363449,0.560944,0.237418,0.622445,-0.125664,-0.211427,0.743014
1677108492,902760118,0.363458,0.561250,0.236595,0.622042,-0.125698,-0.211918,0.743205
1677108492,912349784,0.363565,0.561558,0.235758,0.621883,-0.125939,-0.211742,0.743348
1677108492,921998960,0.363544,0.561926,0.234941,0.622067,-0.125519,-0.212391,0.743080
1677108492,932244745,0.363624,0.562308,0.234127,0.622829,-0.125217,-0.212458,0.742474
1677108492,942262236,0.363590,0.562399,0.233358,0.622657,-0.124838,-0.212963,0.742537
1677108492,952497799,0.363681,0.562583,0.232549,0.623178,-0.124979,-0.213046,0.742052
1677108492,962275932,0.363660,0.562771,0.231760,0.623420,-0.124090,-0.214038,0.741712
1677108492,971953584,0.363920,0.563076,0.230968,0.624487,-0.124627,-0.214512,0.740587
1677108492,982175873,0.363791,0.563419,0.230227,0.625344,-0.122464,-0.214804,0.740140
1677108492,992420436,0.364038,0.563532,0.229517,0.625175,-0.123548,-0.216118,0.739719
1677108493,2912935,0.364240,0.563751,0.228804,0.625439,-0.123442,-0.216149,0.739505
1677108493,12533793,0.364106,0.564238,0.228146,0.626328,-0.120774,-0.216118,0.739202
1677108493,22541137,0.364553,0.564243,0.227502,0.625792,-0.123704,-0.216596,0.739031
1677108493,32025263,0.364179,0.564990,0.226876,0.627456,-0.119058,-0.215927,0.738580
1677108493,42449611,0.364084,0.565300,0.226281,0.627121,-0.118370,-0.216523,0.738800
1677108493,52184012,0.364188,0.565749,0.225682,0.627545,-0.118099,-0.216095,0.738608
1677108493,61739153,0.364188,0.566020,0.225125,0.627221,-0.117453,-0.215660,0.739114
1677108493,72250263,0.364307,0.566471,0.224547,0.627697,-0.117798,-0.215507,0.738700
1677108493,82115124,0.364311,0.566712,0.224023,0.627304,-0.117570,-0.215452,0.739086
1677108493,92017750,0.364193,0.566972,0.223558,0.626805,-0.116821,-0.216025,0.739461
1677108493,102029813,0.364189,0.567287,0.223053,0.626482,-0.116816,-0.216342,0.739642
1677108493,111977988,0.364213,0.567811,0.222556,0.626489,-0.116625,-0.216589,0.739594
1677108493,121759988,0.364357,0.568360,0.222032,0.626197,-0.116096,-0.215893,0.740128
1677108493,131868664,0.364425,0.568918,0.221549,0.624063,-0.119082,-0.217944,0.740854
1677108493,142584510,0.364489,0.569535,0.221031,0.622393,-0.119092,-0.217840,0.742287
1677108493,152196450,0.364671,0.570395,0.220527,0.621201,-0.119797,-0.217769,0.743192
1677108493,162000422,0.364779,0.571639,0.219728,0.620338,-0.118675,-0.217894,0.744056
1677108493,172276179,0.364864,0.572400,0.219303,0.618526,-0.119068,-0.217780,0.745533
1677108493,182464667,0.364962,0.573046,0.218876,0.616393,-0.120243,-0.218089,0.747020
1677108493,192711878,0.364949,0.573586,0.218516,0.614275,-0.120465,-0.218110,0.748720
1677108493,202078137,0.364960,0.574192,0.218118,0.612886,-0.120983,-0.218130,0.749769
1677108493,212187716,0.364856,0.574789,0.217738,0.611690,-0.120945,-0.218540,0.750631
1677108493,222452804,0.364959,0.575493,0.217332,0.611228,-0.121702,-0.218317,0.750951
1677108493,232938007,0.364943,0.576118,0.216968,0.610484,-0.121476,-0.218202,0.751625
1677108493,242123580,0.365302,0.576289,0.216543,0.607161,-0.124782,-0.217857,0.753872
1677108493,252575628,0.365370,0.576571,0.216189,0.604663,-0.126133,-0.217815,0.755665
1677108493,262638516,0.365204,0.577458,0.215862,0.604880,-0.124646,-0.218607,0.755509
1677108493,272455198,0.365237,0.578340,0.215567,0.604952,-0.124522,-0.218917,0.755383
1677108493,282540728,0.365095,0.579038,0.215289,0.604006,-0.123568,-0.219088,0.756246
1677108493,292986951,0.364991,0.579594,0.215042,0.602158,-0.123859,-0.219803,0.757464
1677108493,302820773,0.365097,0.580340,0.214767,0.601598,-0.124496,-0.219257,0.757963
1677108493,312581688,0.364987,0.580956,0.214542,0.600192,-0.124329,-0.219427,0.759055
1677108493,321610654,0.364946,0.581501,0.214332,0.598738,-0.125350,-0.219779,0.759933
1677108493,332233769,0.364958,0.582047,0.214186,0.597814,-0.126347,-0.219472,0.760583
1677108493,341708945,0.364879,0.582445,0.214051,0.596678,-0.126642,-0.218996,0.761563
1677108493,351753693,0.364852,0.582851,0.213904,0.595704,-0.128777,-0.219416,0.761846
1677108493,362324893,0.364604,0.583465,0.213725,0.595239,-0.127509,-0.218739,0.762618
1677108493,372221785,0.364474,0.583906,0.213577,0.594430,-0.128156,-0.218768,0.763132
1677108493,382103630,0.364504,0.584354,0.213410,0.594041,-0.128795,-0.218233,0.763480
1677108493,392447030,0.364413,0.584877,0.213223,0.593650,-0.128746,-0.218613,0.763684
1677108493,402317277,0.364367,0.585193,0.213055,0.592946,-0.128309,-0.218292,0.764395
1677108493,412276679,0.364542,0.585579,0.212858,0.592701,-0.128991,-0.218143,0.764513
1677108493,422774466,0.364427,0.585840,0.212690,0.591682,-0.128454,-0.218898,0.765177
1677108493,432478305,0.364425,0.586223,0.212501,0.591730,-0.128214,-0.219184,0.765098
1677108493,442127046,0.364459,0.586463,0.212318,0.591366,-0.128263,-0.219407,0.765308
1677108493,452886254,0.364425,0.586719,0.212149,0.591600,-0.128278,-0.219727,0.765033
1677108493,462024406,0.364410,0.586844,0.211979,0.591478,-0.128799,-0.219835,0.765008
1677108493,472106440,0.364329,0.586994,0.211786,0.591492,-0.128890,-0.219980,0.764940
1677108493,482438094,0.364232,0.587228,0.211550,0.591642,-0.129136,-0.220390,0.764664
1677108493,492680010,0.364162,0.587295,0.211310,0.590794,-0.129253,-0.220352,0.765311
1677108493,502962307,0.364259,0.587579,0.211007,0.590638,-0.129446,-0.219988,0.765504
1677108493,512676587,0.364304,0.587779,0.210734,0.589707,-0.129605,-0.220270,0.766113
1677108493,522530284,0.364286,0.588204,0.210397,0.589209,-0.129025,-0.221041,0.766372
1677108493,532301173,0.364313,0.588467,0.210097,0.588087,-0.129088,-0.221632,0.767052
1677108493,543177597,0.364386,0.588841,0.209710,0.587303,-0.128544,-0.221815,0.767692
1677108493,552290772,0.364374,0.589182,0.209349,0.586674,-0.128025,-0.222366,0.768099
1677108493,562318346,0.364476,0.589496,0.208988,0.586100,-0.128087,-0.222485,0.768492
1677108493,572007877,0.364603,0.589833,0.208630,0.585922,-0.128655,-0.222797,0.768443
1677108493,582315992,0.364537,0.590024,0.208338,0.585651,-0.128664,-0.223229,0.768523
1677108493,592690102,0.364383,0.589955,0.208105,0.584675,-0.128649,-0.223471,0.769198
1677108493,602809860,0.364391,0.590028,0.207857,0.585311,-0.129211,-0.223509,0.768609
1677108493,612721719,0.364370,0.590083,0.207599,0.586219,-0.129895,-0.223594,0.767776
1677108493,622578807,0.364182,0.589923,0.207366,0.586090,-0.129677,-0.223659,0.767892
1677108493,632665603,0.364172,0.590100,0.207010,0.587073,-0.130626,-0.224121,0.766846
1677108493,642383455,0.364086,0.590239,0.206662,0.587272,-0.130574,-0.224503,0.766590
1677108493,652819203,0.364073,0.590410,0.206255,0.587169,-0.130093,-0.224247,0.766826
1677108493,662279573,0.364177,0.590716,0.205805,0.586949,-0.130289,-0.224478,0.766893
1677108493,672697984,0.364065,0.591158,0.205267,0.586589,-0.127894,-0.224885,0.767452
1677108493,682335182,0.364142,0.591317,0.204801,0.585134,-0.128307,-0.225247,0.768388
1677108493,692413210,0.364313,0.591783,0.204299,0.584839,-0.128886,-0.225600,0.768412
1677108493,702570066,0.364357,0.592116,0.203843,0.583976,-0.128570,-0.225784,0.769066
1677108493,712151721,0.364469,0.592507,0.203326,0.583467,-0.128389,-0.225746,0.769494
1677108493,721967440,0.364502,0.592781,0.202880,0.582435,-0.128613,-0.226373,0.770054
1677108493,732361067,0.364501,0.593092,0.202402,0.581666,-0.128901,-0.226918,0.770427
1677108493,742429422,0.364489,0.593314,0.201896,0.580581,-0.128781,-0.227398,0.771124
1677108493,753522490,0.364498,0.593538,0.201371,0.579490,-0.129277,-0.227885,0.771717
1677108493,763096235,0.364625,0.593756,0.200877,0.578647,-0.129707,-0.227974,0.772251
1677108493,771992574,0.364710,0.594055,0.200335,0.578043,-0.129763,-0.228314,0.772593
1677108493,782229783,0.364739,0.594190,0.199869,0.577048,-0.129466,-0.228769,0.773252
1677108493,792530628,0.364991,0.594354,0.199396,0.576802,-0.129384,-0.228415,0.773554
1677108493,802987899,0.365007,0.594561,0.198932,0.576808,-0.128723,-0.229473,0.773346
1677108493,812644017,0.365172,0.594734,0.198559,0.577273,-0.128727,-0.230311,0.772750
1677108493,822812430,0.365330,0.594653,0.198222,0.577159,-0.128513,-0.230451,0.772829
1677108493,831950926,0.365353,0.594656,0.197896,0.577648,-0.127902,-0.231138,0.772359
1677108493,842234811,0.365504,0.594646,0.197590,0.578040,-0.128344,-0.231486,0.771888
1677108493,852079383,0.365610,0.594821,0.197203,0.578746,-0.128741,-0.231965,0.771149
1677108493,862475922,0.365614,0.595049,0.196842,0.578810,-0.127592,-0.232193,0.771223
1677108493,872488401,0.365717,0.595313,0.196472,0.578333,-0.127257,-0.232348,0.771590
1677108493,882204923,0.365983,0.595635,0.196088,0.578179,-0.127394,-0.232041,0.771775
1677108493,892484047,0.366083,0.596203,0.195683,0.578040,-0.126528,-0.232282,0.771949
1677108493,902433954,0.366344,0.596445,0.195299,0.576308,-0.127009,-0.232231,0.773179
1677108493,912292607,0.366578,0.596998,0.194887,0.575653,-0.126801,-0.232484,0.773626
1677108493,922387229,0.366879,0.597522,0.194524,0.574540,-0.126668,-0.232433,0.774490
1677108493,932186199,0.367054,0.598070,0.194230,0.573329,-0.125939,-0.232870,0.775374
1677108493,942661022,0.367296,0.598553,0.193969,0.571598,-0.126086,-0.233091,0.776561
1677108493,952596344,0.367464,0.599156,0.193737,0.570065,-0.126204,-0.233516,0.777540
1677108493,961875433,0.367541,0.599829,0.193494,0.567966,-0.125790,-0.233971,0.779005
1677108493,972620686,0.367678,0.600595,0.193253,0.566310,-0.126004,-0.234087,0.780140
1677108493,982165516,0.367957,0.601227,0.193077,0.563901,-0.127095,-0.233605,0.781851
1677108493,991884315,0.368174,0.601977,0.192902,0.562008,-0.127916,-0.233095,0.783231
1677108494,1818374,0.368236,0.602601,0.192845,0.559538,-0.128193,-0.232709,0.785067
1677108494,12432657,0.368287,0.603381,0.192746,0.557825,-0.128600,-0.232671,0.786230
1677108494,22444892,0.368265,0.603971,0.192726,0.555313,-0.128720,-0.232720,0.787972
1677108494,32627956,0.368453,0.604591,0.192697,0.553439,-0.130061,-0.232241,0.789211
1677108494,42531751,0.368525,0.605188,0.192716,0.551484,-0.130539,-0.231735,0.790648
1677108494,53157749,0.368558,0.605890,0.192640,0.550093,-0.130839,-0.231405,0.791663
1677108494,62348523,0.368663,0.606628,0.192607,0.548391,-0.131767,-0.231208,0.792746
1677108494,72426344,0.368753,0.607373,0.192489,0.546577,-0.132088,-0.230880,0.794041
1677108494,82443813,0.368904,0.608179,0.192316,0.544417,-0.133233,-0.231009,0.795295
1677108494,92476340,0.369135,0.608970,0.192170,0.543277,-0.133307,-0.230340,0.796255
1677108494,102713040,0.369268,0.609595,0.192101,0.540997,-0.133290,-0.230120,0.797873
1677108494,112332178,0.369380,0.610230,0.192011,0.538727,-0.133658,-0.230225,0.799316
1677108494,122338014,0.369598,0.611012,0.191853,0.537215,-0.134016,-0.229711,0.800420
1677108494,132659700,0.369619,0.611631,0.191758,0.534546,-0.133948,-0.229987,0.802138
1677108494,142526422,0.369793,0.612379,0.191602,0.532491,-0.134462,-0.229583,0.803533
1677108494,152547636,0.369839,0.613047,0.191485,0.530051,-0.134897,-0.229488,0.805099
1677108494,162713821,0.369991,0.613932,0.191262,0.528798,-0.135352,-0.229214,0.805924
1677108494,172685863,0.370149,0.614524,0.191139,0.526576,-0.135831,-0.228296,0.807557
1677108494,182541426,0.370192,0.615201,0.191026,0.524841,-0.136123,-0.228181,0.808669
1677108494,192570843,0.370347,0.615866,0.190922,0.523438,-0.136724,-0.227666,0.809622
1677108494,202101742,0.370427,0.616303,0.190854,0.521340,-0.136742,-0.227015,0.811154
1677108494,212384762,0.370543,0.616948,0.190737,0.520121,-0.137186,-0.227065,0.811847
1677108494,222297965,0.370519,0.617567,0.190599,0.518473,-0.136855,-0.227458,0.812847
1677108494,232538188,0.370664,0.618123,0.190467,0.516731,-0.137411,-0.227254,0.813918
1677108494,241964021,0.370777,0.618684,0.190322,0.514899,-0.137440,-0.227000,0.815145
1677108494,251655102,0.371060,0.619273,0.190210,0.513945,-0.138507,-0.226504,0.815704
1677108494,262047814,0.371005,0.619767,0.190162,0.512234,-0.138371,-0.227166,0.816618
1677108494,273326885,0.371060,0.620131,0.190143,0.511158,-0.138244,-0.226636,0.817461
1677108494,281797087,0.371156,0.620557,0.190084,0.510321,-0.139253,-0.226386,0.817882
1677108494,291707236,0.371208,0.620960,0.189958,0.509388,-0.139426,-0.225723,0.818617
1677108494,301540159,0.371195,0.621432,0.189787,0.508235,-0.139410,-0.225739,0.819331
1677108494,311544729,0.371224,0.621942,0.189592,0.506817,-0.139114,-0.225712,0.820267
1677108494,321690842,0.371291,0.622432,0.189378,0.505123,-0.139371,-0.226105,0.821160
1677108494,331534476,0.371437,0.622941,0.189111,0.503739,-0.139606,-0.226116,0.821966
1677108494,341710807,0.371764,0.623479,0.188776,0.502656,-0.139909,-0.225268,0.822810
1677108494,351811408,0.371924,0.624107,0.188399,0.501673,-0.139493,-0.225376,0.823451
1677108494,362223018,0.372165,0.624581,0.188057,0.499714,-0.139633,-0.225465,0.824593
1677108494,372497753,0.372310,0.625079,0.187706,0.497860,-0.138471,-0.225350,0.825941
1677108494,382343667,0.372554,0.625750,0.187280,0.497047,-0.138585,-0.225755,0.826301
1677108494,392546680,0.372744,0.626187,0.186935,0.495269,-0.138403,-0.225987,0.827335
1677108494,402352272,0.372852,0.626717,0.186584,0.494470,-0.137368,-0.225914,0.828005
1677108494,412792096,0.372986,0.627138,0.186294,0.493701,-0.136891,-0.225687,0.828605
1677108494,422650914,0.373068,0.627521,0.185985,0.492926,-0.136952,-0.226108,0.828941
1677108494,432433719,0.373268,0.627829,0.185727,0.492711,-0.136913,-0.225466,0.829250
1677108494,441948915,0.373402,0.628180,0.185473,0.493004,-0.136855,-0.225129,0.829177
1677108494,452328974,0.373639,0.628288,0.185251,0.492733,-0.137026,-0.224476,0.829487
1677108494,462544511,0.373804,0.628400,0.185054,0.492353,-0.136961,-0.224351,0.829757
1677108494,472825520,0.373906,0.628622,0.184815,0.492576,-0.136450,-0.225095,0.829507
1677108494,482358497,0.374168,0.628751,0.184614,0.492613,-0.136062,-0.225262,0.829504
1677108494,492112047,0.374263,0.628810,0.184472,0.492262,-0.134585,-0.226111,0.829722
1677108494,502792530,0.374439,0.628932,0.184323,0.492259,-0.133794,-0.227308,0.829525
1677108494,511986760,0.374756,0.629041,0.184219,0.492512,-0.133920,-0.227610,0.829271
1677108494,521993800,0.375002,0.629126,0.184076,0.492696,-0.133498,-0.227583,0.829237
1677108494,532362310,0.375140,0.629240,0.183949,0.492501,-0.133638,-0.228131,0.829180
1677108494,542678820,0.375300,0.629458,0.183807,0.492897,-0.133736,-0.228039,0.828955
1677108494,552686274,0.375382,0.629629,0.183651,0.492925,-0.133321,-0.227654,0.829111
1677108494,562236709,0.375501,0.629757,0.183532,0.492387,-0.133711,-0.227446,0.829424
1677108494,572368476,0.375595,0.629908,0.183378,0.492184,-0.133584,-0.227198,0.829633
1677108494,582468748,0.375672,0.630159,0.183216,0.492483,-0.133185,-0.227022,0.829569
1677108494,592304220,0.375746,0.630315,0.183055,0.492346,-0.132678,-0.227127,0.829702
1677108494,602674411,0.375858,0.630420,0.182904,0.491947,-0.131884,-0.227243,0.830033
1677108494,612569574,0.376050,0.630493,0.182796,0.491437,-0.132065,-0.227556,0.830221
1677108494,622962154,0.376321,0.630729,0.182599,0.491966,-0.132069,-0.227692,0.829870
1677108494,631749384,0.376458,0.630840,0.182477,0.491594,-0.132184,-0.228388,0.829881
1677108494,642204175,0.376630,0.631002,0.182300,0.491580,-0.131836,-0.228451,0.829927
1677108494,652368316,0.376764,0.631123,0.182143,0.491397,-0.131753,-0.228750,0.829966
1677108494,662743175,0.376851,0.631187,0.182047,0.490743,-0.131099,-0.228644,0.830486
1677108494,673458136,0.376945,0.631312,0.181906,0.490557,-0.130527,-0.228608,0.830695
1677108494,682221575,0.377100,0.631524,0.181734,0.490979,-0.130105,-0.228392,0.830571
1677108494,692479570,0.377286,0.631678,0.181551,0.491125,-0.130136,-0.228411,0.830475
1677108494,702656468,0.377386,0.631748,0.181427,0.490899,-0.130453,-0.228668,0.830488
1677108494,712768798,0.377476,0.631840,0.181289,0.490650,-0.130077,-0.228819,0.830653
1677108494,722699032,0.377677,0.631963,0.181108,0.490858,-0.129940,-0.228560,0.830623
1677108494,732653024,0.377887,0.632071,0.180915,0.490783,-0.130272,-0.228538,0.830621
1677108494,742129428,0.378020,0.632131,0.180764,0.490518,-0.130144,-0.228479,0.830814
1677108494,752284391,0.378166,0.632286,0.180565,0.490865,-0.130308,-0.228477,0.830584
1677108494,762015193,0.378266,0.632347,0.180404,0.490373,-0.130377,-0.228812,0.830772
1677108494,772504525,0.378415,0.632453,0.180242,0.490301,-0.130519,-0.228774,0.830802
1677108494,782379661,0.378541,0.632594,0.180049,0.490335,-0.130423,-0.228784,0.830795
1677108494,792032893,0.378439,0.632634,0.179912,0.489383,-0.129723,-0.229667,0.831222
1677108494,802308137,0.378528,0.632633,0.179734,0.488853,-0.129466,-0.229517,0.831615
1677108494,812142397,0.378628,0.632737,0.179509,0.488700,-0.129644,-0.229812,0.831596
1677108494,822589492,0.378735,0.632797,0.179306,0.488539,-0.129693,-0.229684,0.831718
1677108494,832486160,0.378895,0.632952,0.179050,0.488862,-0.129752,-0.229287,0.831628
1677108494,842036290,0.378989,0.633108,0.178811,0.488897,-0.129943,-0.229291,0.831577
1677108494,852408695,0.379074,0.633210,0.178548,0.488610,-0.129832,-0.229110,0.831813
1677108494,862605246,0.379237,0.633410,0.178185,0.488530,-0.130061,-0.229087,0.831830
1677108494,872375611,0.379350,0.633597,0.177822,0.488563,-0.129561,-0.229128,0.831878
1677108494,882052080,0.379459,0.633795,0.177456,0.488046,-0.128874,-0.229432,0.832204
1677108494,892267214,0.379765,0.634011,0.177068,0.487900,-0.128637,-0.229101,0.832417
1677108494,902346036,0.380031,0.634231,0.176585,0.487926,-0.128258,-0.229179,0.832439
1677108494,912454369,0.380221,0.634274,0.176182,0.487013,-0.127347,-0.229589,0.833000
1677108494,922439868,0.380541,0.634577,0.175678,0.487847,-0.127168,-0.229982,0.832431
1677108494,932596579,0.380716,0.634716,0.175263,0.487547,-0.126204,-0.230824,0.832521
1677108494,942441126,0.380953,0.634726,0.174973,0.487752,-0.125165,-0.230216,0.832726
1677108494,952279082,0.381061,0.634736,0.174719,0.489351,-0.125345,-0.229591,0.831933
1677108494,962481452,0.380988,0.634777,0.174497,0.490285,-0.125099,-0.229073,0.831562
1677108494,973040864,0.380828,0.634890,0.174204,0.491122,-0.124830,-0.228969,0.831138
1677108494,982612316,0.380855,0.634985,0.173897,0.492115,-0.124698,-0.227473,0.830981
1677108494,992134329,0.380958,0.635052,0.173647,0.493452,-0.125819,-0.226217,0.830361
1677108495,2384551,0.380938,0.634906,0.173545,0.494685,-0.126558,-0.225419,0.829733
1677108495,12665683,0.380763,0.634675,0.173488,0.496217,-0.127208,-0.225323,0.828744
1677108495,22614427,0.380632,0.634425,0.173364,0.497911,-0.127326,-0.224884,0.827829
1677108495,32413899,0.380617,0.634130,0.173239,0.498857,-0.127944,-0.224522,0.827262
1677108495,42178885,0.380702,0.633870,0.173037,0.500410,-0.128950,-0.223547,0.826431
1677108495,52768827,0.380544,0.633571,0.172870,0.502696,-0.129125,-0.223002,0.825163
1677108495,62187983,0.380451,0.633076,0.172760,0.504805,-0.130108,-0.221550,0.824111
1677108495,72724151,0.380264,0.632649,0.172565,0.507345,-0.131165,-0.220680,0.822616
1677108495,82879529,0.380082,0.632169,0.172297,0.510034,-0.131660,-0.219374,0.821223
1677108495,92448373,0.379895,0.631562,0.172042,0.512994,-0.132226,-0.218018,0.819647
1677108495,102204490,0.379792,0.631083,0.171715,0.517226,-0.132961,-0.216976,0.817141
1677108495,112331529,0.379756,0.630440,0.171422,0.520948,-0.133303,-0.215662,0.815067
1677108495,121974053,0.379870,0.629929,0.170993,0.525137,-0.134403,-0.215047,0.812356
1677108495,131917213,0.380031,0.629364,0.170621,0.529086,-0.134605,-0.214112,0.810004
1677108495,141596107,0.380198,0.628816,0.170235,0.533039,-0.135181,-0.214004,0.807340
1677108495,152222764,0.380433,0.628315,0.169908,0.537025,-0.135618,-0.213549,0.804742
1677108495,162108704,0.380790,0.628059,0.169471,0.541230,-0.135683,-0.212871,0.802089
1677108495,171560129,0.381135,0.627770,0.169049,0.544390,-0.135844,-0.212363,0.800055
1677108495,181992891,0.381542,0.627741,0.168630,0.548277,-0.135885,-0.210973,0.797758
1677108495,192438161,0.381897,0.627750,0.168221,0.552030,-0.136562,-0.209521,0.795434
1677108495,202224868,0.382181,0.627934,0.167829,0.555374,-0.137084,-0.208040,0.793402
1677108495,212366257,0.382278,0.628216,0.167435,0.557861,-0.136365,-0.206399,0.792209
1677108495,222014259,0.382625,0.628743,0.167083,0.560655,-0.136229,-0.203513,0.791006
1677108495,232275229,0.382985,0.629324,0.166779,0.562899,-0.136605,-0.200551,0.790103
1677108495,241871796,0.383466,0.630118,0.166468,0.565765,-0.137661,-0.197032,0.788757
1677108495,252901437,0.383587,0.630848,0.166286,0.567197,-0.137267,-0.194475,0.788432
1677108495,262501814,0.383818,0.631579,0.166077,0.568340,-0.137192,-0.191131,0.788439
1677108495,272968204,0.384133,0.632438,0.165829,0.570270,-0.137603,-0.188055,0.787714
1677108495,282775078,0.384537,0.633283,0.165594,0.571932,-0.137632,-0.184617,0.787317
1677108495,292655181,0.385027,0.634031,0.165366,0.573779,-0.137885,-0.181488,0.786656
1677108495,302299599,0.385493,0.634921,0.165048,0.576719,-0.136275,-0.178471,0.785476
1677108495,313060934,0.386156,0.635714,0.164749,0.579985,-0.135192,-0.175962,0.783823
1677108495,322814276,0.386887,0.636307,0.164446,0.583148,-0.133140,-0.173913,0.782283
1677108495,332511863,0.387770,0.636917,0.164131,0.586783,-0.130275,-0.172416,0.780376
1677108495,342786361,0.388840,0.637373,0.163860,0.589629,-0.126658,-0.171387,0.779052
1677108495,352471101,0.390369,0.638123,0.163471,0.593361,-0.123829,-0.171119,0.776728
1677108495,362478216,0.391753,0.638865,0.163088,0.596251,-0.119169,-0.172232,0.774996
1677108495,372926795,0.393427,0.639487,0.162834,0.598574,-0.115514,-0.172925,0.773603
1677108495,382530729,0.395042,0.640464,0.162572,0.601494,-0.110999,-0.173777,0.771807
1677108495,392858929,0.396768,0.641365,0.162368,0.603280,-0.107304,-0.173665,0.770960
1677108495,402850510,0.398378,0.642471,0.162291,0.604969,-0.103657,-0.173606,0.770149
1677108495,413033003,0.399679,0.643538,0.162336,0.605727,-0.099381,-0.173381,0.770167
1677108495,422757927,0.401187,0.644874,0.162350,0.606522,-0.096979,-0.172221,0.770108
1677108495,432585044,0.402570,0.646399,0.162359,0.606771,-0.094499,-0.170605,0.770579
1677108495,442380292,0.403718,0.647958,0.162331,0.606106,-0.091245,-0.168662,0.771921
1677108495,452486768,0.404928,0.649715,0.162353,0.606184,-0.089387,-0.165700,0.772719
1677108495,462523691,0.405905,0.651445,0.162338,0.606090,-0.087897,-0.162268,0.773691
1677108495,472705911,0.406653,0.653284,0.162343,0.606224,-0.085578,-0.158116,0.774705
1677108495,482223053,0.407605,0.655226,0.162349,0.606734,-0.085193,-0.152756,0.775423
1677108495,492500389,0.408200,0.657060,0.162409,0.606426,-0.083730,-0.147744,0.776794
1677108495,502447024,0.408915,0.659135,0.162442,0.607128,-0.083586,-0.142534,0.777234
1677108495,512477199,0.409523,0.661119,0.162423,0.607283,-0.082939,-0.137627,0.778067
1677108495,522523619,0.410022,0.662980,0.162432,0.606747,-0.080714,-0.131983,0.779694
1677108495,532697031,0.410701,0.664823,0.162462,0.606892,-0.080432,-0.127103,0.780422
1677108495,542914368,0.411333,0.666568,0.162463,0.607258,-0.079233,-0.122509,0.780994
1677108495,552734395,0.412020,0.668339,0.162460,0.607724,-0.078351,-0.118760,0.781300
1677108495,562090344,0.412775,0.669906,0.162426,0.607123,-0.077152,-0.115419,0.782386
1677108495,572505664,0.413554,0.671456,0.162357,0.607046,-0.074928,-0.111982,0.783161
1677108495,582492686,0.414526,0.672975,0.162337,0.607540,-0.073826,-0.108547,0.783366
1677108495,592492569,0.415231,0.674469,0.162230,0.608874,-0.071474,-0.106502,0.782829
1677108495,602596395,0.415763,0.675647,0.162024,0.609381,-0.068166,-0.104995,0.782933
1677108495,612607323,0.416661,0.677044,0.161826,0.611327,-0.065921,-0.102085,0.781993
1677108495,622175042,0.417425,0.678410,0.161531,0.613896,-0.062925,-0.098390,0.780700
1677108495,632379480,0.417915,0.679661,0.161280,0.615781,-0.059005,-0.094647,0.779984
1677108495,642042903,0.418131,0.680882,0.161021,0.617743,-0.055371,-0.091104,0.779120
1677108495,652355847,0.418165,0.681866,0.160774,0.619257,-0.051892,-0.087126,0.778612
1677108495,662512313,0.418308,0.682755,0.160635,0.620712,-0.050806,-0.082749,0.778003
1677108495,672595368,0.418192,0.683659,0.160394,0.622881,-0.048641,-0.078123,0.776885
1677108495,682292214,0.417934,0.684190,0.160186,0.623495,-0.046792,-0.074411,0.776870
1677108495,692394125,0.417756,0.684757,0.159941,0.624784,-0.045132,-0.069548,0.776383
1677108495,702527515,0.417538,0.685173,0.159671,0.625845,-0.043894,-0.065415,0.775959
1677108495,712107417,0.417235,0.685577,0.159454,0.627043,-0.042420,-0.061896,0.775362
1677108495,722332373,0.416939,0.686070,0.159181,0.628878,-0.040480,-0.058291,0.774258
1677108495,732279612,0.416798,0.686615,0.158858,0.631514,-0.038341,-0.053825,0.772543
1677108495,742586084,0.416259,0.686921,0.158450,0.633594,-0.033896,-0.050564,0.771267
1677108495,751951751,0.416117,0.687435,0.158007,0.637067,-0.030172,-0.045619,0.768866
1677108495,762639046,0.415731,0.687770,0.157574,0.639827,-0.025566,-0.041944,0.766948
1677108495,772517863,0.415564,0.688121,0.157148,0.642701,-0.022300,-0.038108,0.764844
1677108495,782052444,0.415208,0.688372,0.156720,0.645200,-0.019072,-0.035857,0.762934
1677108495,792556351,0.414950,0.688397,0.156335,0.646955,-0.016087,-0.033275,0.761632
1677108495,802422278,0.414769,0.688537,0.155927,0.648875,-0.014063,-0.031225,0.760124
1677108495,812082655,0.414535,0.688592,0.155575,0.649941,-0.012168,-0.029433,0.759317
1677108495,822866334,0.414352,0.688595,0.155387,0.650791,-0.011550,-0.028009,0.758652
1677108495,832443938,0.414042,0.688675,0.155207,0.651675,-0.010445,-0.026198,0.757974
1677108495,842740333,0.413669,0.688826,0.155108,0.652469,-0.010208,-0.024958,0.757336
1677108495,852535716,0.413290,0.689102,0.155079,0.653234,-0.009527,-0.022738,0.756755
1677108495,862496087,0.412791,0.689357,0.155038,0.653378,-0.008217,-0.020307,0.756715
1677108495,872168019,0.412160,0.689563,0.155006,0.652803,-0.006614,-0.017660,0.757293
1677108495,883042474,0.411507,0.690016,0.154888,0.653385,-0.006099,-0.015297,0.756847
1677108495,892345092,0.410837,0.690334,0.154785,0.654121,-0.005256,-0.011460,0.756284
1677108495,902153488,0.409947,0.690585,0.154659,0.654541,-0.003889,-0.008116,0.755973
1677108495,912127513,0.409130,0.691037,0.154529,0.655530,-0.003151,-0.004134,0.755151
1677108495,922359990,0.408136,0.691308,0.154412,0.656024,-0.001944,-0.000660,0.754738
1677108495,932332964,0.407398,0.691502,0.154296,0.656846,-0.001149,0.003753,0.754015
1677108495,941945740,0.406558,0.691654,0.154108,0.657972,0.000316,0.007109,0.753009
1677108495,952305711,0.405899,0.691914,0.153869,0.659099,0.002375,0.010394,0.751980
1677108495,961787030,0.405312,0.692215,0.153653,0.660393,0.004612,0.012799,0.750797
1677108495,972542510,0.404775,0.692397,0.153468,0.661212,0.006823,0.014161,0.750035
1677108495,982788688,0.404541,0.692658,0.153247,0.661987,0.008555,0.016191,0.749292
1677108495,992250645,0.404102,0.692953,0.153037,0.662940,0.010972,0.016813,0.748403
1677108496,2488332,0.403751,0.693212,0.152913,0.664136,0.014589,0.018761,0.747234
1677108496,12021587,0.403302,0.693162,0.152816,0.664585,0.017397,0.019817,0.746748
1677108496,22702470,0.403157,0.693236,0.152782,0.665934,0.018324,0.022125,0.745458
1677108496,32089598,0.402837,0.693186,0.152764,0.667201,0.019447,0.023471,0.744254
1677108496,42438150,0.402320,0.693021,0.152739,0.668325,0.021227,0.023906,0.743182
1677108496,52561414,0.402061,0.692858,0.152720,0.668837,0.021578,0.024871,0.742680
1677108496,62074438,0.402016,0.692924,0.152711,0.670059,0.020862,0.025855,0.741564
1677108496,71680276,0.401783,0.692759,0.152701,0.670393,0.021763,0.026093,0.741228
1677108496,82339580,0.401650,0.692533,0.152656,0.670221,0.023301,0.026639,0.741317
1677108496,92215911,0.401597,0.692614,0.152618,0.671073,0.024301,0.026424,0.740522
1677108496,101706022,0.401611,0.692606,0.152635,0.671636,0.025553,0.026270,0.739974
1677108496,112200495,0.401749,0.692361,0.152576,0.672215,0.026597,0.025987,0.739421
1677108496,122035922,0.401888,0.692238,0.152529,0.674068,0.027722,0.025724,0.737701
1677108496,132737769,0.401988,0.691865,0.152427,0.675727,0.029482,0.025217,0.736131
1677108496,142384125,0.402039,0.691509,0.152345,0.677992,0.031702,0.025012,0.733959
1677108496,152620814,0.402071,0.691031,0.152251,0.680075,0.033427,0.023897,0.731990
1677108496,162536390,0.402326,0.690654,0.152156,0.682459,0.033813,0.023488,0.729763
1677108496,172723780,0.402479,0.690195,0.151979,0.684294,0.035209,0.022350,0.728012
1677108496,182548007,0.402718,0.689942,0.151827,0.686612,0.036606,0.021559,0.725781
1677108496,192731866,0.402999,0.689485,0.151627,0.687788,0.037773,0.020670,0.724634
1677108496,202453194,0.403196,0.689126,0.151446,0.688640,0.039339,0.019113,0.723783
1677108496,212903462,0.403519,0.688785,0.151234,0.689197,0.039895,0.017839,0.723255
1677108496,222957184,0.403801,0.688576,0.151073,0.690466,0.040712,0.016474,0.722030
1677108496,232871055,0.404168,0.688198,0.150961,0.691582,0.041636,0.016038,0.720919
1677108496,242308816,0.404369,0.687741,0.150919,0.693356,0.042616,0.014142,0.719195
1677108496,252259397,0.404841,0.687203,0.150920,0.695371,0.043579,0.013879,0.717194
1677108496,262305999,0.405143,0.686757,0.150953,0.698096,0.044667,0.012490,0.714500
1677108496,272400568,0.405443,0.686256,0.150973,0.700457,0.045964,0.011139,0.712125
1677108496,282412831,0.405906,0.685799,0.150934,0.702513,0.046721,0.010454,0.710058
1677108496,292420116,0.406226,0.685326,0.150855,0.703944,0.047820,0.008887,0.708588
1677108496,302447465,0.406711,0.685085,0.150752,0.705011,0.048206,0.007657,0.707515
1677108496,312435334,0.407015,0.684969,0.150692,0.705394,0.049648,0.006353,0.707046
1677108496,322156815,0.407292,0.684838,0.150620,0.705054,0.050341,0.005030,0.707347
1677108496,332663208,0.407621,0.684954,0.150594,0.705484,0.050567,0.004686,0.706904
1677108496,342650515,0.407827,0.684901,0.150620,0.705523,0.050966,0.004167,0.706840
1677108496,352438303,0.407961,0.684781,0.150694,0.705637,0.051302,0.003406,0.706706
1677108496,362341069,0.408170,0.684673,0.150788,0.706490,0.051399,0.003460,0.705846
1677108496,372262316,0.408224,0.684316,0.150949,0.707468,0.051666,0.002546,0.704849
1677108496,381726150,0.408471,0.683977,0.151088,0.709596,0.050941,0.002244,0.702761
1677108496,392843398,0.408616,0.683517,0.151235,0.712018,0.050904,0.002141,0.700310
1677108496,402369066,0.408712,0.682855,0.151379,0.713654,0.050925,0.001559,0.698643
1677108496,412420698,0.408931,0.682301,0.151508,0.715753,0.050579,0.001748,0.696517
1677108496,422049779,0.409034,0.681875,0.151666,0.718006,0.050699,0.001274,0.694187
1677108496,432335694,0.409089,0.681547,0.151788,0.719595,0.051136,0.000886,0.692508
1677108496,442026602,0.409257,0.681251,0.151869,0.720047,0.050887,0.000610,0.692057
1677108496,451886400,0.409247,0.681291,0.151977,0.720396,0.051426,0.000125,0.691654
1677108496,462461229,0.409338,0.681467,0.152086,0.720775,0.051175,-0.000061,0.691278
1677108496,472597724,0.409325,0.681398,0.152140,0.720454,0.051637,-0.000104,0.691578
1677108496,482066574,0.409513,0.681332,0.152231,0.720648,0.050593,0.000188,0.691453
1677108496,492491993,0.409518,0.681175,0.152331,0.721036,0.050386,0.000056,0.691063
1677108496,502617339,0.409461,0.680994,0.152430,0.721546,0.050251,-0.000404,0.690540
1677108496,512581477,0.409498,0.680660,0.152586,0.722466,0.049558,-0.000393,0.689628
1677108496,522468207,0.409539,0.680359,0.152734,0.723603,0.049286,0.000288,0.688454
1677108496,532504536,0.409548,0.680110,0.152901,0.725075,0.048321,0.000102,0.686973
1677108496,542295890,0.409525,0.679771,0.153068,0.726299,0.047835,0.000158,0.685713
1677108496,552649542,0.409556,0.679389,0.153266,0.727897,0.046917,0.000279,0.684079
1677108496,562379010,0.409491,0.678718,0.153438,0.729131,0.046558,-0.000052,0.682789
1677108496,572561761,0.409645,0.678194,0.153693,0.731950,0.045442,0.000130,0.679841
1677108496,582150311,0.409670,0.677331,0.153905,0.733935,0.045202,-0.000290,0.677714
1677108496,592252170,0.409751,0.676592,0.154145,0.736339,0.045041,-0.000381,0.675112
1677108496,602395248,0.409861,0.675982,0.154320,0.738594,0.044965,-0.001055,0.672648
1677108496,612489540,0.410020,0.675425,0.154485,0.740699,0.044606,-0.002117,0.670352
1677108496,622695569,0.410183,0.674857,0.154669,0.742747,0.045141,-0.002626,0.668044
1677108496,632801445,0.410418,0.674217,0.154828,0.744747,0.044959,-0.003523,0.665822
1677108496,642173390,0.410554,0.673565,0.155052,0.746977,0.045366,-0.004366,0.663285
1677108496,652406189,0.410796,0.672993,0.155280,0.749250,0.045093,-0.005092,0.660730
1677108496,662469356,0.410839,0.672304,0.155482,0.751083,0.045933,-0.005698,0.658583
1677108496,672903720,0.410996,0.671672,0.155685,0.752691,0.045438,-0.006554,0.656771
1677108496,682735208,0.411152,0.671054,0.155905,0.754364,0.044977,-0.006953,0.654877
1677108496,692515975,0.411324,0.670525,0.156212,0.756544,0.043816,-0.007460,0.652431
1677108496,702561022,0.411235,0.669776,0.156488,0.758138,0.044182,-0.008084,0.650546
1677108496,711967109,0.411359,0.669175,0.156900,0.760663,0.043175,-0.008077,0.647659
1677108496,722204197,0.411404,0.668426,0.157305,0.762636,0.042764,-0.007641,0.645368
1677108496,731920792,0.411496,0.667766,0.157779,0.765084,0.041738,-0.007710,0.642530
1677108496,741757923,0.411391,0.667047,0.158264,0.766901,0.041874,-0.007841,0.640350
1677108496,752469540,0.411431,0.666383,0.158777,0.768472,0.041281,-0.007747,0.638504
1677108496,762075477,0.411372,0.665786,0.159450,0.770068,0.041003,-0.007861,0.636595
1677108496,771861008,0.411374,0.665320,0.160193,0.771925,0.040108,-0.007918,0.634398
1677108496,781780691,0.411431,0.664695,0.161027,0.773468,0.038761,-0.008073,0.632597
1677108496,792356047,0.411404,0.663946,0.161949,0.774896,0.038017,-0.007802,0.630896
1677108496,802291127,0.411539,0.663384,0.163040,0.776975,0.036369,-0.007342,0.628438
1677108496,812882548,0.411440,0.662689,0.164265,0.778608,0.036284,-0.006989,0.626422
1677108496,822406230,0.411464,0.662056,0.165625,0.780474,0.035931,-0.006372,0.624122
1677108496,832195226,0.411614,0.661571,0.167105,0.782859,0.035159,-0.005434,0.621182
1677108496,842236158,0.411586,0.660708,0.168600,0.783668,0.035438,-0.004983,0.620149
1677108496,852363294,0.411614,0.660301,0.170327,0.785925,0.035431,-0.004578,0.617289
1677108496,862150604,0.411761,0.659444,0.172079,0.786898,0.034921,-0.004022,0.616081
1677108496,872004781,0.411844,0.658937,0.174081,0.789137,0.034342,-0.004281,0.613241
1677108496,882489180,0.412003,0.658094,0.176125,0.790372,0.033917,-0.003480,0.611678
1677108496,892537658,0.412152,0.657435,0.178381,0.791954,0.033501,-0.002946,0.609654
1677108496,902336195,0.412324,0.656887,0.180763,0.793201,0.032640,-0.002131,0.608080
1677108496,912412448,0.412492,0.656374,0.183266,0.794193,0.031663,-0.001290,0.606838
1677108496,921875627,0.412552,0.655841,0.185828,0.795050,0.030890,-0.000492,0.605757
1677108496,932238218,0.412614,0.655360,0.188539,0.796386,0.030122,0.000999,0.604037
1677108496,942577235,0.412513,0.654616,0.191247,0.797066,0.029718,0.002259,0.603156
1677108496,952184990,0.412442,0.653998,0.194079,0.798301,0.029020,0.003748,0.601547
1677108496,962608031,0.412429,0.653483,0.197029,0.799870,0.027650,0.005662,0.599510
1677108496,973098020,0.412296,0.652860,0.199984,0.800752,0.026890,0.007052,0.598351
1677108496,982594839,0.412257,0.652272,0.203037,0.801512,0.025615,0.009059,0.597361
1677108496,992359157,0.412155,0.651853,0.206178,0.802396,0.024839,0.010850,0.596176
1677108497,2839370,0.411724,0.650965,0.209111,0.801153,0.025132,0.011656,0.597818
1677108497,12880747,0.412159,0.651185,0.212666,0.803339,0.021164,0.014425,0.594971
1677108497,22634842,0.412086,0.650960,0.215861,0.802852,0.019865,0.016320,0.595624
1677108497,31856186,0.411913,0.650869,0.219086,0.801946,0.018450,0.017488,0.596855
1677108497,42302424,0.411827,0.651091,0.222377,0.801233,0.016977,0.019396,0.597797
1677108497,52012465,0.411577,0.651250,0.225628,0.800009,0.015941,0.020511,0.599426
1677108497,62131638,0.411398,0.651403,0.228881,0.799256,0.014834,0.022745,0.600377
1677108497,72764895,0.411143,0.651389,0.232062,0.798407,0.014086,0.024839,0.601441
1677108497,82041060,0.410884,0.651550,0.235364,0.798884,0.013228,0.026988,0.600733
1677108497,92361423,0.410489,0.651244,0.238376,0.797843,0.013125,0.028180,0.602063
1677108497,102626377,0.410588,0.651871,0.241891,0.800435,0.010888,0.031887,0.598472
1677108497,112227098,0.410369,0.651160,0.244851,0.797823,0.008652,0.033332,0.601908
1677108497,121793841,0.410060,0.651321,0.247944,0.797507,0.007685,0.034949,0.602247
1677108497,132402070,0.409835,0.651650,0.251028,0.797292,0.006239,0.036952,0.602429
1677108497,142179444,0.409589,0.651972,0.254035,0.796635,0.004766,0.038533,0.603213
1677108497,152734126,0.409450,0.652121,0.256835,0.795275,0.002924,0.040614,0.604880
1677108497,162659789,0.409363,0.652209,0.259607,0.794377,0.000327,0.042615,0.605928
1677108497,172605064,0.408691,0.652642,0.262474,0.795626,0.001867,0.044806,0.604126
1677108497,181981787,0.408389,0.652730,0.265149,0.796199,0.000862,0.046640,0.603234
1677108497,192431208,0.408394,0.652678,0.267670,0.796252,-0.000669,0.050299,0.602870
1677108497,202352920,0.408142,0.652584,0.270114,0.795982,-0.001894,0.050026,0.603247
1677108497,212376298,0.407990,0.652748,0.272536,0.796611,-0.002967,0.050975,0.602332
1677108497,222501589,0.407881,0.652849,0.274791,0.796502,-0.003044,0.052150,0.602375
1677108497,232297702,0.407938,0.652959,0.277035,0.796498,-0.004386,0.052852,0.602311
1677108497,242302445,0.407877,0.653119,0.279183,0.796460,-0.004536,0.053290,0.602322
1677108497,252330501,0.407975,0.653297,0.281264,0.796540,-0.005099,0.053692,0.602175
1677108497,262234407,0.407957,0.653413,0.283272,0.796415,-0.004835,0.054123,0.602304
1677108497,272621241,0.408075,0.653527,0.285095,0.796030,-0.004627,0.054901,0.602744
1677108497,282159040,0.408274,0.653752,0.286913,0.796290,-0.004908,0.055598,0.602334
1677108497,292443153,0.408270,0.654286,0.288695,0.797317,-0.003792,0.056007,0.600944
1677108497,302892635,0.408463,0.654897,0.290364,0.798547,-0.003824,0.056281,0.599284
1677108497,312294190,0.408738,0.655468,0.291988,0.800138,-0.003939,0.056800,0.597107
1677108497,322328870,0.409410,0.653881,0.293048,0.794884,-0.005777,0.058104,0.603945
1677108497,332600390,0.409872,0.653891,0.294439,0.795346,-0.007603,0.058043,0.603322
1677108497,341943079,0.410374,0.653720,0.295733,0.795003,-0.009187,0.058870,0.603672
1677108497,352511716,0.409263,0.654268,0.297388,0.797538,-0.001775,0.058189,0.600453
1677108497,362446083,0.409246,0.654362,0.298709,0.797271,-0.000824,0.057765,0.600851
1677108497,372532538,0.409344,0.654842,0.300133,0.797856,-0.000512,0.057754,0.600076
1677108497,382345779,0.409511,0.654902,0.301315,0.796698,-0.000255,0.058650,0.601525
1677108497,392328093,0.409624,0.655115,0.302504,0.796160,-0.000292,0.058615,0.602240
1677108497,402625331,0.409635,0.655406,0.303590,0.795978,0.000409,0.059015,0.602441
1677108497,412203758,0.409669,0.655601,0.304686,0.795825,0.000636,0.059809,0.602566
1677108497,422679325,0.409717,0.655911,0.305733,0.796177,0.000336,0.059688,0.602113
1677108497,432350809,0.409700,0.656063,0.306736,0.796314,0.000737,0.060376,0.601862
1677108497,442646775,0.409715,0.656148,0.307640,0.796315,0.000420,0.060257,0.601874
1677108497,452471383,0.409797,0.656181,0.308495,0.796462,0.000246,0.060863,0.601618
1677108497,462615659,0.409749,0.656182,0.309241,0.796548,0.001229,0.061417,0.601446
1677108497,471846391,0.409858,0.656418,0.310003,0.797267,0.001108,0.061411,0.600494
1677108497,481605563,0.409958,0.656393,0.310531,0.796820,0.001122,0.061481,0.601079
1677108497,491939087,0.410174,0.656631,0.311083,0.796929,0.000608,0.061595,0.600925
1677108497,502168074,0.410200,0.656824,0.311535,0.796792,0.000800,0.060603,0.601207
1677108497,512179812,0.410288,0.656966,0.311889,0.796566,0.001139,0.060632,0.601502
1677108497,522152381,0.410357,0.657281,0.312249,0.797172,0.001599,0.059622,0.600799
1677108497,531994607,0.410573,0.657183,0.312432,0.796501,0.002231,0.059791,0.601670
1677108497,542471435,0.410846,0.657425,0.312710,0.797084,0.002270,0.059391,0.600936
1677108497,552659322,0.410950,0.657487,0.312931,0.797249,0.004003,0.058817,0.600765
1677108497,562136767,0.411261,0.657630,0.313167,0.797874,0.004300,0.057858,0.600026
1677108497,571892842,0.411549,0.657459,0.313264,0.797573,0.005492,0.057496,0.600451
1677108497,582012640,0.411885,0.657399,0.313400,0.798091,0.005745,0.056530,0.599851
1677108497,592203009,0.412182,0.657427,0.313610,0.799002,0.006650,0.055493,0.598726
1677108497,602311426,0.412579,0.657264,0.313751,0.799122,0.006949,0.055052,0.598603
1677108497,612590638,0.412831,0.657281,0.313933,0.799693,0.007765,0.053986,0.597927
1677108497,622666510,0.412957,0.657124,0.313999,0.799078,0.009074,0.052589,0.598854
1677108497,632421608,0.413420,0.657251,0.314200,0.799145,0.008400,0.052347,0.598795
1677108497,642579978,0.413639,0.657266,0.314346,0.798663,0.008990,0.051925,0.599467
1677108497,652727753,0.413888,0.657253,0.314462,0.798045,0.008664,0.051324,0.600346
1677108497,662375553,0.413996,0.657466,0.314694,0.798544,0.008995,0.051010,0.599704
1677108497,672634065,0.414206,0.657552,0.314902,0.798814,0.008340,0.050980,0.599356
