secs,nsecs,tx,ty,tz,rx,ry,rz,rw
1677114020,754502363,0.274354,0.548647,0.483610,0.533635,-0.281105,-0.109883,0.790025
1677114020,763873736,0.274919,0.549142,0.483879,0.532582,-0.280727,-0.110429,0.790793
1677114020,774049807,0.275657,0.549894,0.484041,0.532757,-0.280446,-0.110356,0.790785
1677114020,784097362,0.276323,0.550411,0.484191,0.531993,-0.280324,-0.110583,0.791311
1677114020,794009948,0.276905,0.550969,0.484247,0.530953,-0.279311,-0.110911,0.792322
1677114020,804485503,0.277741,0.551618,0.484197,0.531138,-0.278585,-0.110870,0.792458
1677114020,815376088,0.278407,0.552063,0.484126,0.530441,-0.277521,-0.111905,0.793153
1677114020,824504735,0.279294,0.552551,0.484072,0.530592,-0.276883,-0.112194,0.793234
1677114020,834814058,0.279913,0.552795,0.484002,0.530302,-0.275545,-0.113482,0.793710
1677114020,844827637,0.280599,0.553013,0.483944,0.530097,-0.274531,-0.114747,0.794017
1677114020,854299439,0.281385,0.553375,0.483840,0.531383,-0.273776,-0.115435,0.793318
1677114020,864528461,0.282080,0.553596,0.483723,0.531971,-0.273124,-0.116235,0.793032
1677114020,875217331,0.282583,0.553682,0.483543,0.532093,-0.272351,-0.117245,0.793067
1677114020,884448395,0.283095,0.553859,0.483320,0.532548,-0.271621,-0.117748,0.792937
1677114020,894492120,0.283637,0.554005,0.483022,0.532389,-0.271344,-0.117711,0.793145
1677114020,904248203,0.284209,0.554265,0.482676,0.532781,-0.271467,-0.117289,0.792902
1677114020,914678377,0.284678,0.554407,0.482286,0.532415,-0.271603,-0.117161,0.793120
1677114020,924171668,0.285066,0.554522,0.481817,0.532274,-0.271396,-0.117214,0.793277
1677114020,934228965,0.285505,0.554621,0.481370,0.532307,-0.270841,-0.117108,0.793461
1677114020,944529710,0.286013,0.554706,0.480874,0.532638,-0.270531,-0.117716,0.793255
1677114020,954112086,0.286658,0.554551,0.480480,0.532806,-0.270322,-0.117738,0.793210
1677114020,963895868,0.287276,0.554300,0.480065,0.532913,-0.269955,-0.119051,0.793067
1677114020,974449168,0.287965,0.554027,0.479646,0.533945,-0.269083,-0.120294,0.792481
1677114020,984154669,0.288661,0.553553,0.479330,0.534424,-0.268777,-0.122098,0.791986
1677114020,994544723,0.289499,0.553166,0.478929,0.535977,-0.268388,-0.124011,0.790770
1677114021,4903617,0.290220,0.552702,0.478497,0.537134,-0.266576,-0.125636,0.790341
1677114021,14307804,0.291147,0.552286,0.477978,0.538001,-0.265704,-0.126919,0.789840
1677114021,24014182,0.291997,0.551972,0.477347,0.539090,-0.264640,-0.128976,0.789122
1677114021,34401848,0.292913,0.551695,0.476695,0.539686,-0.263559,-0.130504,0.788824
1677114021,44641691,0.293928,0.551441,0.475964,0.540337,-0.262676,-0.132214,0.788389
1677114021,54211528,0.294863,0.551188,0.475203,0.540942,-0.261305,-0.133732,0.788173
1677114021,64143121,0.295778,0.550821,0.474467,0.540698,-0.260135,-0.135318,0.788457
1677114021,74629069,0.296670,0.550518,0.473709,0.541321,-0.259307,-0.137039,0.788005
1677114021,84409809,0.297697,0.550209,0.472946,0.541878,-0.259169,-0.138158,0.787472
1677114021,94483018,0.298579,0.549872,0.472152,0.542776,-0.258216,-0.139197,0.786983
1677114021,104095015,0.299356,0.549439,0.471386,0.543257,-0.257999,-0.140748,0.786447
1677114021,113972949,0.300266,0.549010,0.470594,0.543619,-0.257908,-0.141352,0.786118
1677114021,124512311,0.301122,0.548632,0.469748,0.544420,-0.257772,-0.142312,0.785434
1677114021,135357142,0.301865,0.548385,0.468831,0.545369,-0.256655,-0.143447,0.784935
1677114021,144462721,0.302718,0.548089,0.467956,0.546243,-0.256305,-0.144546,0.784241
1677114021,154379873,0.303582,0.547782,0.467051,0.547116,-0.255397,-0.145361,0.783777
1677114021,164360154,0.304524,0.547537,0.466109,0.547896,-0.254090,-0.146228,0.783496
1677114021,174436904,0.305149,0.547171,0.465059,0.548199,-0.251493,-0.148480,0.783698
1677114021,184024282,0.306222,0.547014,0.464091,0.549353,-0.250383,-0.149137,0.783120
1677114021,194407170,0.307293,0.546899,0.463032,0.550453,-0.249530,-0.149892,0.782476
1677114021,204269607,0.308158,0.546690,0.461983,0.550478,-0.247754,-0.151203,0.782771
1677114021,214948672,0.309229,0.546733,0.460793,0.550980,-0.247138,-0.152482,0.782364
1677114021,224511388,0.310096,0.546700,0.459574,0.550884,-0.245033,-0.153122,0.782969
1677114021,235045345,0.311049,0.546708,0.458276,0.550623,-0.244019,-0.154207,0.783256
1677114021,244796400,0.311980,0.546788,0.456974,0.550892,-0.243105,-0.154913,0.783211
1677114021,254246082,0.312884,0.546781,0.455628,0.551188,-0.242085,-0.155245,0.783253
1677114021,264656194,0.313695,0.546903,0.454222,0.551865,-0.240404,-0.155787,0.783187
1677114021,274522245,0.314598,0.546780,0.452868,0.551741,-0.239410,-0.155518,0.783632
1677114021,285234026,0.315555,0.547211,0.451196,0.553684,-0.237515,-0.156193,0.782703
1677114021,294394051,0.316295,0.547043,0.449782,0.552828,-0.235821,-0.156804,0.783697
1677114021,304319075,0.317105,0.546990,0.448292,0.552560,-0.234108,-0.157598,0.784241
1677114021,313946993,0.318056,0.547069,0.446728,0.553092,-0.232644,-0.157738,0.784273
1677114021,324075696,0.319143,0.546719,0.445198,0.551837,-0.232749,-0.157509,0.785171
1677114021,334425823,0.319855,0.547023,0.443516,0.552811,-0.230093,-0.158251,0.785120
1677114021,344083459,0.320689,0.547123,0.441873,0.552832,-0.228859,-0.158748,0.785366
1677114021,354101316,0.321555,0.547213,0.440235,0.552872,-0.227966,-0.158723,0.785602
1677114021,364586695,0.322365,0.547340,0.438529,0.553130,-0.227055,-0.158990,0.785631
1677114021,374335573,0.323014,0.547335,0.436866,0.552665,-0.226054,-0.159114,0.786221
1677114021,383951834,0.323773,0.547430,0.435127,0.552399,-0.225075,-0.158661,0.786780
1677114021,393938682,0.324349,0.547578,0.433371,0.552144,-0.223892,-0.158407,0.787348
1677114021,404076859,0.325051,0.547669,0.431628,0.551512,-0.223647,-0.157523,0.788038
1677114021,414155127,0.325587,0.547900,0.429865,0.551620,-0.222955,-0.157189,0.788224
1677114021,424924956,0.326078,0.547992,0.428103,0.551615,-0.222452,-0.156600,0.788488
1677114021,434618852,0.326749,0.548018,0.426341,0.551637,-0.222490,-0.155746,0.788631
1677114021,444203995,0.327228,0.548024,0.424594,0.551880,-0.221465,-0.156245,0.788650
1677114021,453877778,0.328004,0.547978,0.422881,0.552394,-0.221039,-0.156395,0.788380
1677114021,464369382,0.328743,0.547758,0.421155,0.552497,-0.219541,-0.156936,0.788619
1677114021,474598642,0.329491,0.547590,0.419419,0.553415,-0.218219,-0.158435,0.788043
1677114021,484827420,0.330308,0.547377,0.417658,0.554198,-0.216494,-0.159825,0.787687
1677114021,494810823,0.331169,0.546953,0.415958,0.554509,-0.215142,-0.161012,0.787597
1677114021,503967894,0.332036,0.546809,0.414173,0.555866,-0.213916,-0.162850,0.786595
1677114021,514737188,0.332779,0.546414,0.412394,0.556269,-0.211881,-0.164282,0.786564
1677114021,524382327,0.333572,0.546114,0.410597,0.557099,-0.210418,-0.165225,0.786171
1677114021,534260935,0.334411,0.545998,0.408668,0.558559,-0.208943,-0.165849,0.785397
1677114021,544308333,0.334896,0.545699,0.406771,0.558783,-0.207534,-0.167765,0.785204
1677114021,554481975,0.335578,0.545446,0.404779,0.559354,-0.206346,-0.168474,0.784959
1677114021,564961178,0.336092,0.545336,0.402766,0.560066,-0.204311,-0.169496,0.784764
1677114021,574111780,0.336827,0.545166,0.400782,0.561036,-0.203372,-0.169525,0.784309
1677114021,584232694,0.337677,0.545134,0.398700,0.563035,-0.200661,-0.168736,0.783744
1677114021,594249473,0.338408,0.545057,0.396587,0.563901,-0.199751,-0.170111,0.783057
1677114021,604735118,0.339233,0.544890,0.394547,0.564316,-0.198531,-0.171057,0.782861
1677114021,615114149,0.339947,0.544615,0.392578,0.564284,-0.197233,-0.173079,0.782769
1677114021,624840731,0.340729,0.544353,0.390663,0.564882,-0.195608,-0.174656,0.782395
1677114021,634296353,0.341527,0.544004,0.388791,0.565421,-0.194153,-0.176409,0.781975
1677114021,645236277,0.342190,0.543582,0.386966,0.565936,-0.192541,-0.178325,0.781565
1677114021,654325389,0.343137,0.543351,0.385167,0.567698,-0.191773,-0.179174,0.780281
1677114021,664549164,0.343818,0.542952,0.383422,0.568410,-0.190689,-0.180614,0.779696
1677114021,674121562,0.344440,0.542654,0.381712,0.569333,-0.189788,-0.182182,0.778878
1677114021,684653362,0.345102,0.542417,0.380000,0.570214,-0.188481,-0.182893,0.778384
1677114021,694824984,0.345855,0.542323,0.378305,0.571519,-0.187797,-0.183342,0.777486
1677114021,704102232,0.346303,0.542158,0.376647,0.571673,-0.186178,-0.184280,0.777540
1677114021,714393956,0.347060,0.542106,0.374989,0.572250,-0.186190,-0.184230,0.777124
1677114021,724482898,0.347469,0.542116,0.373351,0.572527,-0.185363,-0.185379,0.776845
1677114021,734533007,0.347982,0.542016,0.371761,0.572013,-0.184581,-0.185414,0.777401
1677114021,744762112,0.348392,0.542102,0.370109,0.571822,-0.183732,-0.186017,0.777599
1677114021,754471234,0.349316,0.542420,0.368412,0.572902,-0.184077,-0.184908,0.776987
1677114021,764227759,0.349831,0.542656,0.366760,0.573085,-0.184068,-0.185383,0.776741
1677114021,775014446,0.350294,0.542924,0.365095,0.573477,-0.182768,-0.184814,0.776894
1677114021,784115328,0.350835,0.543201,0.363474,0.573210,-0.182640,-0.184675,0.777154
1677114021,794057149,0.351374,0.543592,0.361779,0.573449,-0.181898,-0.184368,0.777224
1677114021,804572871,0.351876,0.544034,0.360070,0.572800,-0.181188,-0.184423,0.777856
1677114021,814289877,0.352410,0.544530,0.358374,0.572207,-0.180642,-0.184546,0.778390
1677114021,824660908,0.353019,0.545082,0.356609,0.571878,-0.180042,-0.184250,0.778841
1677114021,834049068,0.353671,0.545543,0.354938,0.571206,-0.179798,-0.183689,0.779522
1677114021,844819654,0.354115,0.546039,0.353300,0.571042,-0.179568,-0.184357,0.779538
1677114021,853946012,0.354527,0.546407,0.351716,0.570853,-0.178995,-0.184459,0.779783
1677114021,864347385,0.354985,0.546649,0.350188,0.570851,-0.178794,-0.184134,0.779908
1677114021,875116593,0.355434,0.546957,0.348698,0.571525,-0.178475,-0.183812,0.779564
1677114021,884049438,0.355847,0.547145,0.347217,0.571637,-0.178395,-0.183834,0.779494
1677114021,894273410,0.356160,0.547455,0.345761,0.572464,-0.177434,-0.183790,0.779117
1677114021,904489187,0.356584,0.547711,0.344296,0.573095,-0.177450,-0.183762,0.778656
1677114021,914994630,0.356925,0.547937,0.342831,0.573627,-0.176841,-0.183768,0.778402
1677114021,924299262,0.357330,0.548173,0.341425,0.574352,-0.176745,-0.183665,0.777912
1677114021,934569289,0.357743,0.548343,0.340023,0.574689,-0.176638,-0.184015,0.777605
1677114021,944225729,0.358158,0.548501,0.338608,0.575211,-0.176476,-0.184199,0.777212
1677114021,954983057,0.358648,0.548746,0.337168,0.575873,-0.176303,-0.184696,0.776643
1677114021,964337455,0.359034,0.548866,0.335759,0.576153,-0.175246,-0.184962,0.776612
1677114021,974358479,0.359607,0.549062,0.334347,0.577054,-0.175593,-0.185140,0.775821
1677114021,984011701,0.359993,0.549276,0.332972,0.577612,-0.175319,-0.185771,0.775317
1677114021,994275766,0.360228,0.549580,0.331600,0.578917,-0.174267,-0.186803,0.774332
1677114022,5378751,0.360523,0.550021,0.330186,0.580704,-0.173531,-0.187352,0.773026
1677114022,14328771,0.360672,0.550360,0.328750,0.582215,-0.171997,-0.187843,0.772113
1677114022,25286385,0.361355,0.549991,0.327312,0.579899,-0.174286,-0.185946,0.773800
1677114022,34352078,0.361790,0.550245,0.325817,0.580246,-0.173810,-0.185125,0.773843
1677114022,44158045,0.362204,0.550704,0.324262,0.581083,-0.173251,-0.185120,0.773341
1677114022,54076084,0.362633,0.551072,0.322722,0.581009,-0.172560,-0.185088,0.773559
1677114022,64840620,0.363038,0.551578,0.321149,0.581206,-0.171858,-0.185721,0.773416
1677114022,74084659,0.363573,0.551913,0.319559,0.580966,-0.172024,-0.186044,0.773482
1677114022,85136757,0.363937,0.552400,0.318009,0.581226,-0.170415,-0.186657,0.773495
1677114022,95165343,0.364429,0.552658,0.316538,0.581254,-0.169992,-0.186897,0.773509
1677114022,104238418,0.364938,0.553161,0.315060,0.582562,-0.169268,-0.187153,0.772621
1677114022,114015504,0.365329,0.553489,0.313608,0.583052,-0.168815,-0.187959,0.772155
1677114022,124353989,0.365622,0.553839,0.312139,0.583420,-0.167582,-0.188786,0.771944
1677114022,134096172,0.366065,0.554221,0.310689,0.583950,-0.166893,-0.188927,0.771658
1677114022,144316045,0.366623,0.554620,0.309254,0.584690,-0.166720,-0.188412,0.771260
1677114022,154837154,0.366945,0.554925,0.307801,0.584087,-0.166346,-0.189373,0.771563
1677114022,164536487,0.367268,0.555447,0.306354,0.584526,-0.165144,-0.189321,0.771501
1677114022,174076350,0.367760,0.555894,0.304903,0.584561,-0.165892,-0.189460,0.771280
1677114022,184127083,0.368042,0.556409,0.303505,0.584688,-0.165334,-0.189869,0.771204
1677114022,194540085,0.368293,0.556872,0.302118,0.584541,-0.164787,-0.190215,0.771346
1677114022,204466683,0.368627,0.557498,0.300766,0.585289,-0.164505,-0.190003,0.770892
1677114022,214680379,0.368839,0.557913,0.299452,0.585176,-0.164163,-0.189668,0.771132
1677114022,223904353,0.368963,0.558243,0.298168,0.584769,-0.164250,-0.190243,0.771281
1677114022,233988411,0.369226,0.558531,0.296877,0.584172,-0.165522,-0.191020,0.771270
1677114022,244070172,0.369441,0.558997,0.295642,0.585458,-0.165183,-0.190388,0.770523
1677114022,253962913,0.369521,0.559297,0.294423,0.586063,-0.163957,-0.189939,0.770436
1677114022,263873714,0.369532,0.559329,0.293266,0.585364,-0.163165,-0.190002,0.771119
1677114022,273952941,0.369829,0.559912,0.291902,0.587216,-0.161177,-0.188870,0.770407
1677114022,284184674,0.370086,0.560170,0.290686,0.587894,-0.160794,-0.188437,0.770076
1677114022,294297732,0.370268,0.560497,0.289417,0.588957,-0.160012,-0.188583,0.769391
1677114022,303925225,0.370898,0.560278,0.288109,0.586347,-0.164456,-0.190223,0.770044
1677114022,314196214,0.371193,0.560610,0.286825,0.587157,-0.164412,-0.190488,0.769370
1677114022,324069965,0.371505,0.560820,0.285527,0.587260,-0.164127,-0.190254,0.769410
1677114022,334079990,0.371879,0.561165,0.284220,0.587517,-0.164470,-0.189988,0.769206
1677114022,344305888,0.371690,0.561749,0.282773,0.587785,-0.159856,-0.189904,0.769995
1677114022,354456762,0.371885,0.562067,0.281396,0.587170,-0.159286,-0.189861,0.770592
1677114022,364253506,0.372071,0.562430,0.280061,0.586768,-0.159056,-0.189877,0.770942
1677114022,374052165,0.372288,0.562704,0.278738,0.586004,-0.159353,-0.189605,0.771528
1677114022,383872642,0.372393,0.563123,0.277414,0.586022,-0.158989,-0.189457,0.771626
1677114022,393967497,0.372613,0.563472,0.276124,0.585721,-0.159582,-0.189223,0.771790
1677114022,404422732,0.372647,0.563839,0.274923,0.585891,-0.159062,-0.189195,0.771775
1677114022,414489812,0.372740,0.564124,0.273701,0.586509,-0.158865,-0.188950,0.771406
1677114022,424213664,0.372708,0.564312,0.272529,0.586672,-0.158649,-0.188988,0.771317
1677114022,434314345,0.372720,0.564582,0.271396,0.587471,-0.158377,-0.189147,0.770726
1677114022,444938364,0.372787,0.564702,0.270247,0.587797,-0.158012,-0.188392,0.770737
1677114022,454094665,0.372821,0.564816,0.269082,0.587774,-0.158032,-0.188101,0.770821
1677114022,463932227,0.372711,0.565155,0.267881,0.588613,-0.156425,-0.188198,0.770485
1677114022,474661527,0.372294,0.565487,0.266599,0.588624,-0.152992,-0.188836,0.771010
1677114022,484586920,0.372717,0.565691,0.265453,0.588848,-0.154901,-0.188280,0.770593
1677114022,494217603,0.373046,0.565912,0.264285,0.589076,-0.155945,-0.188067,0.770261
1677114022,504280406,0.373140,0.566040,0.263161,0.588778,-0.155487,-0.187849,0.770634
1677114022,514375538,0.373187,0.566188,0.262016,0.588572,-0.154791,-0.187694,0.770969
1677114022,524056808,0.373112,0.566344,0.260859,0.588280,-0.153583,-0.188086,0.771338
1677114022,534450957,0.373188,0.566373,0.259735,0.587577,-0.153306,-0.187877,0.771980
1677114022,545090096,0.373646,0.566789,0.258467,0.588240,-0.156360,-0.187941,0.770846
1677114022,553956342,0.373706,0.566858,0.257316,0.587821,-0.156252,-0.187986,0.771176
1677114022,564165267,0.373829,0.567042,0.256183,0.588330,-0.156507,-0.188011,0.770731
1677114022,574648300,0.373900,0.567168,0.255026,0.588586,-0.156344,-0.187726,0.770638
1677114022,584004843,0.374520,0.566898,0.253850,0.586648,-0.160141,-0.187016,0.771508
1677114022,594192370,0.374548,0.567311,0.252679,0.587537,-0.159610,-0.187071,0.770928
1677114022,604680508,0.374427,0.567887,0.251515,0.589095,-0.156610,-0.186744,0.770434
1677114022,614931524,0.374446,0.568523,0.250357,0.590924,-0.153470,-0.185704,0.769915
1677114022,624835968,0.374505,0.569155,0.249169,0.592308,-0.151245,-0.185762,0.769278
1677114022,634299801,0.375162,0.569146,0.247890,0.589288,-0.155642,-0.188582,0.770034
1677114022,645249717,0.375500,0.569492,0.246731,0.589292,-0.154607,-0.188456,0.770270
1677114022,654114068,0.375919,0.569775,0.245589,0.589205,-0.153387,-0.188072,0.770674
1677114022,664533747,0.376451,0.570191,0.244470,0.590223,-0.152885,-0.187761,0.770070
1677114022,675377943,0.376606,0.570388,0.243446,0.590084,-0.150490,-0.188520,0.770464
1677114022,684789347,0.376984,0.570709,0.242411,0.590787,-0.149442,-0.188859,0.770045
1677114022,694847638,0.377383,0.570931,0.241454,0.591364,-0.148763,-0.188932,0.769716
1677114022,704083808,0.377714,0.571360,0.240464,0.592406,-0.147853,-0.189413,0.768971
1677114022,713779423,0.378052,0.571759,0.239492,0.593309,-0.146975,-0.189682,0.768377
1677114022,723895143,0.378378,0.572195,0.238552,0.594006,-0.145876,-0.189562,0.768078
1677114022,734420227,0.378767,0.572640,0.237587,0.594186,-0.145577,-0.189234,0.768076
1677114022,744823945,0.379005,0.573287,0.236646,0.594851,-0.144518,-0.189353,0.767732
1677114022,753929863,0.379543,0.574430,0.235461,0.597043,-0.144598,-0.188915,0.766121
1677114022,764258331,0.379552,0.574886,0.234574,0.595950,-0.142901,-0.189230,0.767213
1677114022,774054995,0.379988,0.575455,0.233681,0.595540,-0.142779,-0.188159,0.767817
1677114022,783942754,0.380060,0.576324,0.232603,0.595446,-0.140029,-0.188439,0.768328
1677114022,794323103,0.380418,0.577046,0.231728,0.595491,-0.140089,-0.187805,0.768437
1677114022,804081577,0.380730,0.577659,0.230836,0.595040,-0.140316,-0.187677,0.768776
1677114022,813994669,0.381292,0.578211,0.229867,0.594180,-0.142558,-0.187561,0.769057
1677114022,824100839,0.381526,0.578889,0.228943,0.594415,-0.141464,-0.187318,0.769136
1677114022,835080026,0.381982,0.579771,0.227995,0.595708,-0.141005,-0.186969,0.768305
1677114022,843919379,0.382263,0.580415,0.227079,0.596034,-0.139385,-0.186439,0.768477
1677114022,854032558,0.382514,0.581031,0.226182,0.595916,-0.137784,-0.186559,0.768827
1677114022,864497710,0.382950,0.581796,0.225253,0.596732,-0.137325,-0.186345,0.768328
1677114022,874517882,0.383125,0.582437,0.224344,0.596620,-0.135805,-0.186950,0.768538
1677114022,885876218,0.383553,0.583238,0.223418,0.597514,-0.135554,-0.186873,0.767907
1677114022,894802509,0.383753,0.583729,0.222556,0.597017,-0.134146,-0.186410,0.768652
1677114022,904219395,0.384101,0.584467,0.221665,0.597677,-0.133958,-0.185710,0.768342
1677114022,913810660,0.384409,0.585230,0.220781,0.598534,-0.133962,-0.184908,0.767867
1677114022,924328860,0.384433,0.586006,0.219895,0.599028,-0.132692,-0.184249,0.767861
1677114022,934333467,0.384531,0.586877,0.218948,0.600056,-0.132106,-0.182981,0.767462
1677114022,944328180,0.384606,0.587649,0.218061,0.600561,-0.132012,-0.181082,0.767534
1677114022,954819163,0.384513,0.588468,0.217191,0.600983,-0.132130,-0.179106,0.767647
1677114022,964845465,0.384377,0.589405,0.216267,0.601916,-0.132150,-0.176114,0.767605
1677114022,974910290,0.384159,0.590481,0.215385,0.602696,-0.132879,-0.172680,0.767647
1677114022,983887363,0.383715,0.591542,0.214539,0.602961,-0.133056,-0.169013,0.768225
1677114022,993885456,0.383386,0.592700,0.213653,0.603443,-0.134654,-0.164318,0.768586
1677114023,4189739,0.382797,0.593993,0.212716,0.603535,-0.135403,-0.160300,0.769231
1677114023,14772761,0.382306,0.595138,0.211758,0.602814,-0.137271,-0.156229,0.770301
1677114023,24892680,0.381958,0.596522,0.210766,0.602969,-0.138824,-0.152052,0.770738
1677114023,35384847,0.381723,0.597793,0.209753,0.602544,-0.140464,-0.148743,0.771419
1677114023,43780529,0.381564,0.599080,0.208719,0.602578,-0.141285,-0.146517,0.771667
1677114023,54309853,0.381641,0.600208,0.207703,0.602159,-0.141738,-0.144388,0.772313
1677114023,64068273,0.381856,0.601233,0.206691,0.601655,-0.141655,-0.143447,0.772896
1677114023,74285455,0.382188,0.602150,0.205635,0.601132,-0.140774,-0.143194,0.773510
1677114023,85057313,0.382715,0.603084,0.204637,0.601575,-0.139308,-0.143345,0.773403
1677114023,95171445,0.383095,0.603724,0.203671,0.601199,-0.136420,-0.144427,0.774009
1677114023,104299378,0.383757,0.604622,0.202703,0.602805,-0.133958,-0.145402,0.773007
1677114023,113832243,0.384456,0.605340,0.201729,0.603852,-0.131852,-0.146744,0.772298
1677114023,124217221,0.385199,0.606002,0.200752,0.604715,-0.129452,-0.147813,0.771825
1677114023,134203778,0.385743,0.606822,0.199762,0.605586,-0.126232,-0.150128,0.771228
1677114023,144108703,0.386459,0.607469,0.198749,0.605731,-0.124209,-0.151484,0.771178
1677114023,154460265,0.387094,0.608322,0.197690,0.606244,-0.122409,-0.153556,0.770652
1677114023,163986888,0.387767,0.609075,0.196593,0.606376,-0.120590,-0.154354,0.770676
1677114023,173993453,0.388316,0.609905,0.195503,0.606322,-0.119108,-0.155436,0.770731
1677114023,184256556,0.388715,0.610803,0.194356,0.606373,-0.117709,-0.156588,0.770672
1677114023,194205595,0.389132,0.611681,0.193193,0.606367,-0.117119,-0.157243,0.770634
1677114023,204378127,0.389452,0.612604,0.192014,0.606570,-0.115627,-0.156980,0.770753
1677114023,214011557,0.389675,0.613456,0.190872,0.606280,-0.114551,-0.156942,0.771150
1677114023,224513329,0.390009,0.614395,0.189697,0.606505,-0.114066,-0.156396,0.771155
1677114023,234386705,0.390303,0.615371,0.188528,0.606811,-0.113871,-0.156403,0.770942
1677114023,244826642,0.390494,0.616226,0.187389,0.606557,-0.112999,-0.156389,0.771273
1677114023,254513053,0.390900,0.617493,0.186162,0.608124,-0.112772,-0.156405,0.770069
1677114023,264528453,0.391137,0.618082,0.185141,0.606903,-0.112281,-0.156604,0.771062
1677114023,274905577,0.391574,0.619060,0.184047,0.607379,-0.111369,-0.156434,0.770854
1677114023,284573167,0.391953,0.619990,0.182970,0.607530,-0.109862,-0.156580,0.770922
1677114023,294140498,0.392345,0.620825,0.181933,0.607421,-0.107934,-0.156429,0.771310
1677114023,303895462,0.392830,0.621822,0.180896,0.608125,-0.106537,-0.156714,0.770892
1677114023,314781796,0.393327,0.622604,0.179960,0.608363,-0.105242,-0.156482,0.770930
1677114023,324429992,0.393702,0.623155,0.179074,0.607849,-0.104275,-0.157192,0.771322
1677114023,334461517,0.394083,0.623833,0.178263,0.608328,-0.102919,-0.157414,0.771080
1677114023,344554913,0.394462,0.624390,0.177509,0.608620,-0.101980,-0.157553,0.770947
1677114023,354041889,0.394881,0.624951,0.176807,0.609058,-0.101513,-0.157093,0.770756
1677114023,364027667,0.395192,0.625563,0.176128,0.609640,-0.101583,-0.157837,0.770135
1677114023,373896977,0.395300,0.626071,0.175539,0.609586,-0.099783,-0.157839,0.770412
1677114023,383932054,0.395600,0.626622,0.174948,0.609597,-0.099660,-0.157680,0.770452
1677114023,394520337,0.395897,0.627377,0.174344,0.610521,-0.098923,-0.157068,0.769940
1677114023,405096658,0.396210,0.628091,0.173717,0.610907,-0.098533,-0.156688,0.769762
1677114023,414736080,0.396446,0.628864,0.173104,0.611235,-0.097641,-0.156114,0.769732
1677114023,424411062,0.396833,0.629624,0.172516,0.611531,-0.097883,-0.155472,0.769596
1677114023,434167196,0.397093,0.630138,0.171994,0.610872,-0.097369,-0.154633,0.770353
1677114023,444629677,0.397297,0.630885,0.171435,0.611418,-0.096695,-0.154755,0.769980
1677114023,454247104,0.397543,0.631415,0.170915,0.611093,-0.096368,-0.154771,0.770276
1677114023,464335818,0.397780,0.631853,0.170426,0.610923,-0.095760,-0.154533,0.770534
1677114023,474975928,0.398102,0.632443,0.169918,0.611421,-0.094863,-0.153983,0.770360
1677114023,484819466,0.398485,0.632928,0.169425,0.611461,-0.094544,-0.153563,0.770451
1677114023,494597842,0.398813,0.633569,0.168906,0.612121,-0.093885,-0.153676,0.769985
1677114023,504140710,0.399237,0.634249,0.168360,0.612636,-0.093174,-0.153231,0.769751
1677114023,514554117,0.399603,0.634793,0.167814,0.612605,-0.092171,-0.152609,0.770020
1677114023,524591726,0.399786,0.635323,0.167273,0.611817,-0.090180,-0.152698,0.770863
1677114023,534965140,0.400220,0.635988,0.166684,0.611678,-0.089597,-0.152285,0.771124
1677114023,544988721,0.400527,0.636678,0.166084,0.611482,-0.088488,-0.152359,0.771393
1677114023,554233594,0.401026,0.637279,0.165512,0.610714,-0.088595,-0.152222,0.772015
1677114023,563964220,0.401369,0.637792,0.164974,0.609786,-0.087851,-0.152305,0.772817
1677114023,574100273,0.401813,0.638438,0.164440,0.609714,-0.087374,-0.151918,0.773004
1677114023,584078987,0.402279,0.638915,0.163940,0.609047,-0.087887,-0.152092,0.773437
1677114023,594535788,0.402548,0.639217,0.163540,0.608053,-0.086792,-0.152023,0.774356
1677114023,604623184,0.403005,0.639530,0.163153,0.607917,-0.086801,-0.151480,0.774568
1677114023,613771270,0.403246,0.639709,0.163018,0.609702,-0.086324,-0.150706,0.773369
1677114023,624416760,0.403284,0.639657,0.162945,0.611559,-0.086071,-0.150225,0.772023
1677114023,634976441,0.403433,0.639565,0.162843,0.611911,-0.086558,-0.149545,0.771822
1677114023,644072077,0.403615,0.639894,0.162569,0.612233,-0.085800,-0.149002,0.771756
1677114023,654328497,0.404015,0.640170,0.162305,0.612158,-0.086396,-0.148220,0.771899
1677114023,664649739,0.404214,0.640335,0.162193,0.612837,-0.085951,-0.147142,0.771617
1677114023,674938493,0.404365,0.640391,0.162159,0.613544,-0.085664,-0.146099,0.771285
1677114023,685095704,0.404625,0.640699,0.162059,0.614660,-0.085539,-0.144996,0.770618
1677114023,694618638,0.404846,0.641025,0.161919,0.614980,-0.085052,-0.144357,0.770537
1677114023,704045905,0.405310,0.641371,0.161768,0.615350,-0.085190,-0.143001,0.770479
1677114023,714090334,0.405618,0.641649,0.161655,0.615786,-0.085152,-0.142150,0.770292
1677114023,724644340,0.405813,0.641958,0.161556,0.616203,-0.084052,-0.140924,0.770305
1677114023,734706976,0.406152,0.642431,0.161424,0.617079,-0.084402,-0.139550,0.769816
1677114023,743815864,0.406346,0.642764,0.161295,0.616996,-0.084158,-0.138649,0.770071
1677114023,754448350,0.406541,0.643328,0.161110,0.617567,-0.083623,-0.137291,0.769915
1677114023,764967852,0.406691,0.643862,0.160985,0.618088,-0.083089,-0.135939,0.769795
1677114023,774307315,0.406897,0.644331,0.160909,0.618073,-0.083136,-0.134332,0.770084
1677114023,784530344,0.407190,0.645063,0.160819,0.618809,-0.083129,-0.132265,0.769851
1677114023,794988608,0.407444,0.645799,0.160706,0.619194,-0.083243,-0.130405,0.769847
1677114023,804422523,0.407703,0.646475,0.160605,0.619139,-0.083558,-0.128317,0.770208
1677114023,813840363,0.407765,0.647112,0.160582,0.619279,-0.083104,-0.126709,0.770411
1677114023,824117814,0.408031,0.647797,0.160498,0.619644,-0.083175,-0.124545,0.770462
1677114023,834158416,0.408137,0.648328,0.160445,0.619080,-0.082570,-0.122989,0.771230
1677114023,845139075,0.408463,0.649097,0.160401,0.619766,-0.082972,-0.121344,0.770897
1677114023,854862773,0.408559,0.649786,0.160371,0.620204,-0.081905,-0.120318,0.770819
1677114023,865184856,0.408977,0.650447,0.160308,0.620990,-0.081856,-0.117945,0.770558
1677114023,874648816,0.409199,0.650983,0.160296,0.620823,-0.081029,-0.116830,0.770950
1677114023,884884649,0.409534,0.651707,0.160230,0.621517,-0.080542,-0.115502,0.770642
1677114023,895568187,0.409907,0.652180,0.160206,0.621377,-0.080436,-0.114016,0.770987
1677114023,904032124,0.410282,0.652774,0.160172,0.621532,-0.079701,-0.112539,0.771155
1677114023,914620473,0.410612,0.653388,0.160143,0.622071,-0.079273,-0.111474,0.770919
1677114023,924652132,0.410848,0.654005,0.160093,0.622500,-0.078260,-0.110827,0.770770
1677114023,933989146,0.411298,0.654492,0.160035,0.622550,-0.077802,-0.108974,0.771040
1677114023,944139856,0.411657,0.654966,0.160013,0.622786,-0.077494,-0.107986,0.771019
1677114023,953997645,0.411915,0.655438,0.160001,0.623093,-0.076670,-0.107491,0.770923
1677114023,964521138,0.412231,0.655900,0.160009,0.623308,-0.075347,-0.106270,0.771049
1677114023,974575175,0.412724,0.656410,0.159958,0.623660,-0.074811,-0.104538,0.771054
1677114023,984831741,0.412994,0.656932,0.159920,0.623941,-0.073730,-0.104122,0.770986
1677114023,995110080,0.413377,0.657505,0.159912,0.624446,-0.073158,-0.102917,0.770793
1677114024,4903990,0.413781,0.658171,0.159881,0.624983,-0.072117,-0.100802,0.770736
1677114024,14689703,0.414062,0.658666,0.159842,0.624587,-0.071163,-0.099047,0.771373
1677114024,23905088,0.414236,0.659180,0.159841,0.624316,-0.069953,-0.097202,0.771937
1677114024,34013988,0.414436,0.659897,0.159822,0.624818,-0.069686,-0.095704,0.771743
1677114024,44364938,0.414617,0.660516,0.159779,0.624977,-0.068165,-0.092871,0.772096
1677114024,53897582,0.414917,0.661096,0.159795,0.624847,-0.067748,-0.090528,0.772516
1677114024,64041364,0.415052,0.661708,0.159796,0.625117,-0.066477,-0.088817,0.772606
1677114024,74796254,0.415333,0.662178,0.159829,0.624977,-0.065500,-0.087136,0.772995
1677114024,84234926,0.415770,0.662742,0.159829,0.625028,-0.064844,-0.085620,0.773178
1677114024,93928834,0.416247,0.663262,0.159830,0.625136,-0.063507,-0.084275,0.773350
1677114024,103868755,0.416630,0.663855,0.159809,0.625688,-0.061843,-0.084077,0.773059
1677114024,113865253,0.417221,0.664201,0.159801,0.625695,-0.060333,-0.082648,0.773327
1677114024,123665924,0.417653,0.664722,0.159740,0.626320,-0.058476,-0.082612,0.772968
1677114024,133824807,0.418239,0.665307,0.159664,0.627264,-0.057708,-0.082132,0.772311
1677114024,144996131,0.418582,0.665726,0.159563,0.627510,-0.055293,-0.081390,0.772367
1677114024,154113262,0.419064,0.666280,0.159442,0.628462,-0.054002,-0.079738,0.771855
1677114024,163953429,0.419500,0.666837,0.159319,0.629441,-0.053107,-0.078025,0.771295
1677114024,174012208,0.419689,0.667364,0.159182,0.630039,-0.051468,-0.076875,0.771033
1677114024,183952087,0.419877,0.667777,0.159097,0.630077,-0.050202,-0.075643,0.771208
1677114024,194382860,0.420114,0.668462,0.158989,0.631405,-0.048896,-0.073889,0.770375
1677114024,204705068,0.420346,0.668965,0.158883,0.631947,-0.047847,-0.072529,0.770126
1677114024,214243691,0.420568,0.669432,0.158787,0.632427,-0.046516,-0.071015,0.769954
1677114024,223982279,0.420792,0.669775,0.158703,0.632451,-0.045247,-0.070226,0.770082
1677114024,233810705,0.421176,0.670383,0.158618,0.633793,-0.044254,-0.069250,0.769124
1677114024,244110458,0.421636,0.670792,0.158515,0.634442,-0.043716,-0.068775,0.768662
1677114024,253943819,0.422104,0.671234,0.158390,0.635078,-0.042174,-0.067597,0.768328
1677114024,264253794,0.422486,0.671820,0.158283,0.636357,-0.041004,-0.067956,0.767301
1677114024,274333713,0.422839,0.672101,0.158267,0.636120,-0.039488,-0.067825,0.767589
1677114024,283756627,0.423365,0.672587,0.158259,0.636434,-0.038603,-0.067620,0.767391
1677114024,294066801,0.423777,0.673011,0.158292,0.636356,-0.037672,-0.067645,0.767499
1677114024,303899466,0.424079,0.673376,0.158382,0.635835,-0.036793,-0.068465,0.767901
1677114024,314341021,0.424530,0.673696,0.158508,0.635643,-0.036236,-0.067813,0.768145
1677114024,324682017,0.424708,0.674034,0.158633,0.635153,-0.034713,-0.068458,0.768563
1677114024,334642757,0.425130,0.674477,0.158696,0.634911,-0.034669,-0.068387,0.768771
1677114024,344709332,0.425330,0.674951,0.158804,0.634496,-0.033754,-0.069006,0.769099
1677114024,354294657,0.425590,0.675309,0.158909,0.633448,-0.033268,-0.068949,0.769989
1677114024,363939745,0.425897,0.676068,0.158937,0.634313,-0.033517,-0.068488,0.769307
1677114024,373977201,0.425882,0.676493,0.159017,0.633442,-0.032997,-0.069109,0.769991
1677114024,384171238,0.425959,0.677149,0.159000,0.633600,-0.032962,-0.069148,0.769859
1677114024,394725094,0.426078,0.677791,0.159030,0.633796,-0.033354,-0.068732,0.769718
1677114024,404891008,0.426097,0.678454,0.159037,0.633648,-0.033182,-0.068801,0.769841
1677114024,414712053,0.426206,0.679062,0.159051,0.633138,-0.033581,-0.068786,0.770245
1677114024,424207740,0.426234,0.679754,0.159066,0.632652,-0.033143,-0.069393,0.770609
1677114024,433874577,0.426279,0.680521,0.159063,0.632523,-0.032838,-0.069808,0.770690
1677114024,444308202,0.426309,0.681256,0.159089,0.632614,-0.032558,-0.070094,0.770601
1677114024,455003828,0.426387,0.681953,0.159109,0.632419,-0.032785,-0.069750,0.770783
1677114024,465164445,0.426340,0.682579,0.159172,0.632026,-0.032227,-0.069114,0.771186
1677114024,474510171,0.426433,0.683266,0.159204,0.631938,-0.033199,-0.068325,0.771287
1677114024,483884302,0.426251,0.683854,0.159224,0.631698,-0.032454,-0.067486,0.771589
1677114024,495101140,0.426107,0.684537,0.159273,0.631646,-0.032675,-0.066976,0.771667
1677114024,504304890,0.425839,0.685218,0.159281,0.631774,-0.032085,-0.066452,0.771633
1677114024,514319429,0.425830,0.685686,0.159283,0.631272,-0.032630,-0.064642,0.772174
1677114024,524849166,0.425669,0.686307,0.159286,0.631242,-0.033119,-0.063648,0.772260
1677114024,535201936,0.425341,0.686818,0.159264,0.630965,-0.032475,-0.062873,0.772577
1677114024,545326886,0.425312,0.687468,0.159300,0.631698,-0.033203,-0.061579,0.772051
1677114024,554409504,0.425188,0.687962,0.159348,0.631716,-0.033340,-0.060962,0.772079
1677114024,564292337,0.425090,0.688318,0.159372,0.630954,-0.033691,-0.061026,0.772683
1677114024,574221175,0.425112,0.688993,0.159352,0.631345,-0.033874,-0.060578,0.772390
1677114024,584818351,0.425002,0.689449,0.159364,0.631028,-0.033594,-0.060689,0.772652
1677114024,595083727,0.424923,0.689685,0.159424,0.630299,-0.033471,-0.060566,0.773262
1677114024,603920022,0.424815,0.690312,0.159409,0.630846,-0.033827,-0.061116,0.772758
1677114024,614546327,0.424618,0.690810,0.159431,0.630819,-0.033380,-0.061317,0.772783
1677114024,624319068,0.424579,0.691326,0.159447,0.630827,-0.033838,-0.060941,0.772786
1677114024,634042542,0.424387,0.691841,0.159454,0.630948,-0.033996,-0.061119,0.772667
1677114024,644205128,0.424082,0.692603,0.159437,0.632026,-0.033398,-0.061192,0.771805
1677114024,654314292,0.423971,0.693121,0.159447,0.631750,-0.033947,-0.060530,0.772059
1677114024,664524793,0.423528,0.693369,0.159521,0.630857,-0.033005,-0.060301,0.772848
1677114024,673861669,0.423205,0.693773,0.159585,0.630763,-0.033245,-0.060055,0.772934
1677114024,684054909,0.422926,0.694303,0.159656,0.631033,-0.033321,-0.059580,0.772746
1677114024,693842299,0.422687,0.694797,0.159737,0.630867,-0.034053,-0.059581,0.772851
1677114024,703918493,0.422295,0.695247,0.159781,0.630309,-0.033337,-0.059506,0.773343
1677114024,714308725,0.421986,0.695709,0.159866,0.630245,-0.032920,-0.058987,0.773452
1677114024,724203442,0.421712,0.696274,0.159941,0.630416,-0.032717,-0.058433,0.773363
1677114024,734016842,0.421349,0.696751,0.160002,0.630305,-0.032041,-0.057960,0.773518
1677114024,744923753,0.421045,0.697123,0.160052,0.629745,-0.031506,-0.057194,0.774053
1677114024,754473440,0.420770,0.697732,0.160086,0.630425,-0.031294,-0.056365,0.773569
1677114024,764329365,0.420356,0.698037,0.160175,0.630047,-0.031531,-0.056259,0.773874
1677114024,774476697,0.419952,0.698343,0.160252,0.629817,-0.031695,-0.055727,0.774093
1677114024,784798041,0.419604,0.698458,0.160345,0.629199,-0.031955,-0.055103,0.774630
1677114024,793937091,0.419310,0.698628,0.160401,0.629049,-0.032863,-0.055038,0.774718
1677114024,804292318,0.419031,0.699096,0.160382,0.630038,-0.032688,-0.054846,0.773935
1677114024,814480394,0.418903,0.699289,0.160378,0.630018,-0.033055,-0.054663,0.773949
1677114024,824200783,0.418628,0.699353,0.160405,0.629334,-0.031977,-0.054855,0.774536
1677114024,833847292,0.418526,0.699659,0.160393,0.630094,-0.031593,-0.054949,0.773927
1677114024,844695307,0.418209,0.699689,0.160424,0.629819,-0.029883,-0.055408,0.774187
1677114024,854464170,0.418098,0.700093,0.160388,0.631151,-0.028438,-0.054948,0.773189
1677114024,864718117,0.417859,0.700175,0.160360,0.631312,-0.026695,-0.054781,0.773131
1677114024,874891167,0.417685,0.700311,0.160363,0.631914,-0.025563,-0.054204,0.772718
1677114024,884503178,0.417401,0.700587,0.160333,0.633351,-0.024548,-0.054106,0.771580
1677114024,894398408,0.417092,0.700704,0.160348,0.634299,-0.023859,-0.053979,0.770832
1677114024,904270868,0.416837,0.700730,0.160305,0.634593,-0.024068,-0.053784,0.770597
1677114024,914635322,0.416586,0.700782,0.160301,0.635377,-0.024091,-0.052890,0.770012
1677114024,924246948,0.416323,0.700844,0.160304,0.635752,-0.024169,-0.052189,0.769747
1677114024,934074416,0.416011,0.700899,0.160274,0.635776,-0.024248,-0.051663,0.769761
1677114024,945132341,0.415622,0.701101,0.160254,0.636498,-0.023267,-0.050760,0.769254
1677114024,954388616,0.415207,0.701216,0.160220,0.636815,-0.022209,-0.050087,0.769067
1677114024,963997313,0.414865,0.701346,0.160212,0.637390,-0.021568,-0.048943,0.768683
1677114024,974078931,0.414528,0.701517,0.160204,0.638156,-0.021262,-0.047896,0.768121
1677114024,984495610,0.414112,0.701704,0.160193,0.638701,-0.020276,-0.046487,0.767782
1677114024,995594750,0.413699,0.701893,0.160233,0.639541,-0.019424,-0.044760,0.767207
1677114025,5004765,0.413147,0.702022,0.160204,0.640092,-0.018683,-0.044081,0.766805
1677114025,14425093,0.412792,0.702065,0.160242,0.640595,-0.018286,-0.041841,0.766520
1677114025,23931591,0.412224,0.702207,0.160192,0.641305,-0.017571,-0.041256,0.765975
1677114025,33780610,0.411990,0.702086,0.160177,0.641142,-0.017864,-0.038901,0.766227
1677114025,43819817,0.411331,0.702103,0.160128,0.641530,-0.015704,-0.037864,0.766002
1677114025,54291427,0.411098,0.702163,0.160051,0.641973,-0.015409,-0.035993,0.765727
1677114025,64833459,0.410711,0.702268,0.159981,0.642552,-0.014481,-0.034753,0.765317
1677114025,74983395,0.410269,0.702249,0.159974,0.642703,-0.013657,-0.034323,0.765225
1677114025,83985263,0.410107,0.702278,0.159970,0.643475,-0.013539,-0.032804,0.764644
1677114025,94276467,0.409866,0.702163,0.159956,0.643728,-0.012715,-0.031952,0.764481
1677114025,104048618,0.409654,0.702198,0.159961,0.644480,-0.011662,-0.031543,0.763881
1677114025,114055739,0.409540,0.702171,0.159935,0.645311,-0.010160,-0.031369,0.763208
1677114025,124287284,0.409548,0.702176,0.159919,0.646277,-0.008540,-0.031582,0.762402
1677114025,134718022,0.409646,0.702100,0.159943,0.647230,-0.006373,-0.031736,0.761607
1677114025,144771577,0.409659,0.702001,0.159968,0.648232,-0.003414,-0.033138,0.760714
1677114025,154024562,0.409894,0.702033,0.159999,0.649451,-0.001185,-0.033689,0.759656
1677114025,164201981,0.410114,0.701951,0.160046,0.650163,0.001147,-0.034346,0.759017
1677114025,173963242,0.410088,0.702010,0.160062,0.650701,0.004360,-0.035040,0.758513
1677114025,184084168,0.410165,0.702117,0.160099,0.651393,0.005633,-0.034927,0.757915
1677114025,194344775,0.410044,0.702034,0.160171,0.651571,0.007087,-0.034519,0.757769
1677114025,204233869,0.409720,0.701987,0.160246,0.652198,0.008853,-0.033592,0.757252
1677114025,214126864,0.409545,0.701964,0.160308,0.653144,0.008960,-0.032253,0.756493
1677114025,224073226,0.409221,0.701919,0.160375,0.654060,0.009516,-0.030509,0.755768
1677114025,233808417,0.408854,0.701711,0.160434,0.654109,0.009771,-0.029191,0.755774
1677114025,244266330,0.408528,0.701672,0.160491,0.654850,0.009842,-0.027914,0.755179
1677114025,254474519,0.408234,0.701626,0.160528,0.655269,0.009785,-0.026628,0.754863
1677114025,264957335,0.407866,0.701607,0.160545,0.655378,0.010031,-0.025629,0.754800
1677114025,274228371,0.407786,0.701806,0.160538,0.656003,0.008957,-0.024041,0.754322
1677114025,283792660,0.407348,0.701785,0.160486,0.655553,0.008970,-0.023366,0.754734
1677114025,294665755,0.407027,0.701857,0.160485,0.655581,0.008808,-0.021768,0.754760
1677114025,304135058,0.406597,0.701848,0.160502,0.655306,0.009258,-0.020213,0.755036
1677114025,314164945,0.406168,0.701918,0.160506,0.655560,0.008963,-0.018963,0.754851
1677114025,324430640,0.405769,0.701929,0.160544,0.655425,0.008433,-0.017557,0.755009
1677114025,333775928,0.405353,0.701933,0.160578,0.655571,0.008565,-0.015963,0.754916
1677114025,344622285,0.405108,0.701926,0.160648,0.655920,0.007655,-0.014450,0.754653
1677114025,353921199,0.404847,0.701816,0.160687,0.656021,0.007238,-0.013369,0.754589
1677114025,363779299,0.404500,0.701854,0.160705,0.656946,0.007578,-0.012613,0.753794
1677114025,373955191,0.404345,0.701802,0.160692,0.657093,0.007190,-0.012073,0.753678
1677114025,384182130,0.404213,0.701791,0.160668,0.657423,0.006833,-0.011316,0.753406
1677114025,394298030,0.404050,0.701670,0.160662,0.657506,0.006383,-0.011271,0.753338
1677114025,403839332,0.403846,0.701651,0.160639,0.657988,0.006408,-0.011363,0.752915
1677114025,413990305,0.403722,0.701448,0.160617,0.658038,0.005991,-0.011038,0.752880
1677114025,423850206,0.403543,0.701331,0.160575,0.658468,0.006361,-0.010651,0.752507
1677114025,433850669,0.403427,0.701220,0.160528,0.659308,0.005609,-0.010325,0.751781
1677114025,444416783,0.403242,0.701056,0.160457,0.659967,0.005511,-0.009727,0.751211
1677114025,454343867,0.402979,0.700810,0.160368,0.660207,0.005762,-0.009113,0.751006
1677114025,464350826,0.402859,0.700687,0.160289,0.661220,0.004849,-0.008211,0.750131
1677114025,474688218,0.402599,0.700422,0.160145,0.661578,0.005033,-0.007620,0.749821
1677114025,484141954,0.402366,0.700072,0.160030,0.662020,0.004558,-0.007071,0.749439
1677114025,494587816,0.402260,0.699826,0.159919,0.662958,0.004046,-0.006091,0.748621
1677114025,504311831,0.401975,0.699496,0.159834,0.663670,0.004859,-0.005530,0.747989
1677114025,513843887,0.401838,0.699227,0.159721,0.664667,0.005376,-0.004624,0.747106
1677114025,523795835,0.401886,0.699005,0.159625,0.665698,0.005393,-0.003444,0.746194
1677114025,533838875,0.401772,0.698757,0.159476,0.666220,0.006215,-0.003211,0.745722
1677114025,544317234,0.401714,0.698636,0.159349,0.666722,0.006959,-0.002883,0.745269
1677114025,554115811,0.401652,0.698505,0.159243,0.666951,0.007474,-0.003038,0.745058
1677114025,564218144,0.401613,0.698377,0.159155,0.667403,0.007558,-0.003274,0.744651
1677114025,573922369,0.401644,0.698298,0.159134,0.668015,0.007547,-0.002827,0.744104
1677114025,583793483,0.401529,0.698170,0.159116,0.668672,0.008106,-0.002792,0.743508
1677114025,593768259,0.401447,0.697881,0.159161,0.668714,0.008735,-0.002204,0.743465
1677114025,604212067,0.401356,0.697790,0.159235,0.669521,0.009396,-0.001672,0.742731
1677114025,614132185,0.401262,0.697509,0.159410,0.669974,0.010073,-0.001096,0.742315
1677114025,623829994,0.401137,0.697257,0.159628,0.671036,0.010380,-0.001120,0.741351
1677114025,633794282,0.401040,0.697002,0.159957,0.672909,0.010889,-0.000574,0.739645
1677114025,644167984,0.400979,0.696498,0.160270,0.674532,0.010981,-0.000484,0.738164
1677114025,654086430,0.400911,0.695958,0.160641,0.676841,0.011314,-0.000337,0.736042
1677114025,664014632,0.400963,0.695463,0.161037,0.679427,0.010777,0.000211,0.733664
1677114025,674115735,0.400857,0.694894,0.161394,0.681660,0.011507,0.000028,0.731578
1677114025,684486626,0.400790,0.694288,0.161771,0.683711,0.012249,0.000283,0.729650
1677114025,694135460,0.400907,0.693806,0.162127,0.685792,0.012551,0.000955,0.727689
1677114025,704491521,0.400939,0.693362,0.162481,0.687519,0.013380,0.000690,0.726042
1677114025,715556887,0.400998,0.692984,0.162863,0.688778,0.014005,0.000416,0.724837
1677114025,725365040,0.401020,0.692705,0.163192,0.689776,0.014940,-0.000064,0.723869
1677114025,735322857,0.401109,0.692533,0.163529,0.690566,0.015493,-0.000451,0.723104
1677114025,744649551,0.401200,0.692269,0.163850,0.690859,0.015732,-0.000874,0.722818
1677114025,754712472,0.401290,0.692230,0.164213,0.692381,0.016509,-0.000593,0.721343
1677114025,764078223,0.401286,0.691927,0.164562,0.693437,0.018318,0.000196,0.720284
1677114025,774064018,0.401275,0.691565,0.164902,0.694033,0.019303,0.000559,0.719685
1677114025,784330467,0.401179,0.691483,0.165249,0.695044,0.019617,0.000061,0.718700
1677114025,794400365,0.401207,0.691311,0.165589,0.695215,0.019931,0.000917,0.718525
1677114025,804750844,0.401146,0.691318,0.165887,0.695852,0.020237,0.001011,0.717899
1677114025,814532369,0.400962,0.691233,0.166194,0.696144,0.020932,0.001144,0.717596
1677114025,824524140,0.400991,0.691170,0.166520,0.696362,0.021355,0.002201,0.717369
1677114025,833964263,0.400927,0.690983,0.166896,0.696774,0.021499,0.002710,0.716963
1677114025,845235775,0.400895,0.690813,0.167292,0.697815,0.021586,0.003289,0.715945
1677114025,854475616,0.400796,0.690593,0.167704,0.699173,0.022066,0.003754,0.714602
1677114025,864846478,0.400697,0.690336,0.168107,0.700529,0.022217,0.003971,0.713267
1677114025,874578521,0.400739,0.690070,0.168521,0.701723,0.022055,0.004730,0.712093
1677114025,884186801,0.400615,0.689633,0.168913,0.702124,0.022672,0.004775,0.711677
1677114025,894488648,0.400689,0.689489,0.169337,0.703688,0.022233,0.004828,0.710145
1677114025,904015610,0.400737,0.689076,0.169776,0.704154,0.022284,0.005173,0.709678
1677114025,914302651,0.400572,0.688808,0.170201,0.705223,0.023446,0.004610,0.708583
1677114025,924510908,0.400656,0.688586,0.170663,0.706307,0.023791,0.004834,0.707489
1677114025,934356306,0.400719,0.688272,0.171133,0.707084,0.024420,0.005176,0.706689
1677114025,944330459,0.400856,0.688116,0.171582,0.708201,0.024684,0.005171,0.705561
1677114025,954002184,0.400830,0.687869,0.172097,0.708687,0.025827,0.004766,0.705034
1677114025,964202813,0.400967,0.687685,0.172613,0.709609,0.025673,0.004578,0.704113
1677114025,973975986,0.400981,0.687531,0.173163,0.710874,0.026470,0.004244,0.702808
1677114025,984456490,0.400943,0.687120,0.173775,0.712003,0.027091,0.003569,0.701645
1677114025,995076999,0.401069,0.686669,0.174448,0.713781,0.027318,0.003787,0.699825
1677114026,4892321,0.401099,0.686009,0.175172,0.715121,0.027704,0.003464,0.698443
1677114026,14788932,0.401114,0.685500,0.175942,0.717331,0.028413,0.003198,0.696146
1677114026,23970817,0.401214,0.684863,0.176695,0.719010,0.029109,0.003186,0.694382
1677114026,33830607,0.401353,0.684380,0.177484,0.721143,0.029835,0.003430,0.692135
1677114026,43941992,0.401431,0.683910,0.178290,0.723184,0.030621,0.002959,0.689970
1677114026,54417101,0.401695,0.683441,0.179109,0.724673,0.030921,0.003294,0.688391
1677114026,64524203,0.401824,0.683077,0.179955,0.726431,0.031669,0.002604,0.686504
1677114026,74499567,0.401889,0.682593,0.180759,0.727550,0.032677,0.001608,0.685274
1677114026,83782512,0.402082,0.682318,0.181625,0.729417,0.033683,0.002067,0.683236
1677114026,94245129,0.402057,0.681884,0.182448,0.730538,0.035338,0.001245,0.681956
1677114026,104597627,0.402324,0.681557,0.183280,0.731853,0.035870,0.001693,0.680515
1677114026,114370409,0.402509,0.681479,0.184159,0.733909,0.036296,0.001782,0.678275
1677114026,124897471,0.402527,0.681100,0.185004,0.734395,0.037670,0.001467,0.677675
1677114026,134760123,0.402661,0.680957,0.185888,0.735916,0.038522,0.002188,0.675973
1677114026,144421544,0.402727,0.680740,0.186766,0.737085,0.039803,0.002501,0.674622
1677114026,153861342,0.402697,0.680482,0.187689,0.738316,0.040942,0.002184,0.673208
1677114026,164328620,0.402812,0.680244,0.188652,0.739771,0.042151,0.003277,0.671529
1677114026,174103881,0.402820,0.680007,0.189651,0.741575,0.043223,0.003555,0.669467
1677114026,184531816,0.402917,0.679601,0.190650,0.743016,0.044188,0.004428,0.667799
1677114026,194555528,0.402970,0.679323,0.191663,0.744826,0.045257,0.004695,0.665706
1677114026,204166220,0.403085,0.679070,0.192659,0.746131,0.046158,0.005432,0.664175
1677114026,214565877,0.403279,0.679039,0.193703,0.747847,0.046906,0.006476,0.662180
1677114026,224731734,0.403294,0.678870,0.194720,0.748671,0.048505,0.006735,0.661131
1677114026,234764898,0.403385,0.678762,0.195723,0.749331,0.050048,0.007669,0.660257
1677114026,244017059,0.403415,0.678745,0.196736,0.749653,0.051518,0.007855,0.659776
1677114026,254255717,0.403572,0.678694,0.197733,0.749731,0.052287,0.008623,0.659617
1677114026,264662618,0.403608,0.678698,0.198821,0.750207,0.053282,0.008832,0.658994
1677114026,275162088,0.403628,0.678673,0.199920,0.750940,0.054257,0.009294,0.658072
1677114026,284206213,0.403669,0.678501,0.201059,0.751627,0.054665,0.009784,0.657246
1677114026,294439860,0.403711,0.678163,0.202163,0.752076,0.055291,0.010862,0.656663
1677114026,304043894,0.403680,0.678094,0.203335,0.754045,0.055446,0.011143,0.654384
1677114026,314533377,0.403777,0.677703,0.204435,0.754929,0.055256,0.012343,0.653358
1677114026,324418123,0.403813,0.677340,0.205606,0.755726,0.055146,0.012894,0.652435
1677114026,334162365,0.403762,0.677089,0.206726,0.756603,0.055697,0.013634,0.651356
1677114026,344359631,0.403824,0.676976,0.207866,0.757220,0.055313,0.014221,0.650658
1677114026,354192590,0.403845,0.676991,0.209033,0.757950,0.055153,0.014496,0.649816
1677114026,364280972,0.403785,0.676814,0.210150,0.757779,0.055709,0.015063,0.649954
1677114026,374199094,0.403820,0.676881,0.211396,0.758366,0.055672,0.015773,0.649256
1677114026,385218291,0.403785,0.676694,0.212613,0.758270,0.055702,0.015864,0.649363
1677114026,394374094,0.403704,0.676531,0.213883,0.758660,0.056167,0.016022,0.648864
1677114026,404776799,0.403672,0.676280,0.215175,0.759061,0.056576,0.016638,0.648343
1677114026,414432942,0.403650,0.676186,0.216557,0.760497,0.056622,0.017036,0.646643
1677114026,424186453,0.403693,0.676085,0.217941,0.762007,0.055914,0.017343,0.644917
1677114026,434387437,0.403521,0.676118,0.219337,0.764198,0.055718,0.016827,0.642351
1677114026,444128273,0.403370,0.676247,0.220747,0.766516,0.055031,0.016154,0.639659
1677114026,453979661,0.403399,0.675075,0.221919,0.763580,0.056185,0.018629,0.642995
1677114026,464332726,0.403393,0.674809,0.223249,0.764069,0.055330,0.019057,0.642475
1677114026,474748866,0.403235,0.674794,0.224608,0.764945,0.055308,0.019015,0.641435
1677114026,484242924,0.403156,0.674529,0.225894,0.764984,0.054950,0.019496,0.641405
1677114026,494090947,0.402958,0.674460,0.227223,0.765437,0.055292,0.019945,0.640821
1677114026,504060919,0.402746,0.674488,0.228527,0.766221,0.055595,0.020248,0.639848
1677114026,514413109,0.402638,0.674687,0.229876,0.767729,0.055212,0.020663,0.638057
1677114026,524286452,0.402473,0.674624,0.231186,0.768258,0.055183,0.020802,0.637418
1677114026,533904866,0.402396,0.673360,0.232308,0.765431,0.055508,0.021756,0.640750
1677114026,544389130,0.402347,0.672981,0.233588,0.765694,0.054946,0.022265,0.640467
1677114026,554213827,0.402330,0.672697,0.234815,0.766418,0.054057,0.022488,0.639669
1677114026,563796727,0.402201,0.672399,0.236091,0.767210,0.053596,0.022212,0.638767
1677114026,573753585,0.402273,0.672010,0.237332,0.767491,0.052660,0.022460,0.638499
1677114026,583823177,0.402427,0.671555,0.238532,0.767707,0.051131,0.022453,0.638363
1677114026,593803466,0.402429,0.671079,0.239737,0.767789,0.050448,0.021302,0.638358
1677114026,604353059,0.402518,0.670906,0.241031,0.769288,0.051482,0.022760,0.636418
1677114026,614372984,0.402720,0.669826,0.242183,0.767655,0.051249,0.022453,0.638416
1677114026,624012972,0.402872,0.669440,0.243354,0.767608,0.051788,0.021987,0.638446
1677114026,633908424,0.403072,0.669157,0.244637,0.767921,0.051386,0.020487,0.638152
1677114026,644311730,0.403166,0.668864,0.245871,0.768187,0.051986,0.018666,0.637838
1677114026,654283673,0.403359,0.669078,0.247212,0.770409,0.051485,0.016268,0.635259
1677114026,664579829,0.403628,0.667722,0.248316,0.767132,0.053134,0.016110,0.639082
1677114026,674347305,0.404205,0.668026,0.249801,0.769953,0.052858,0.016368,0.635697
1677114026,685030020,0.404629,0.667495,0.251116,0.770550,0.052834,0.015957,0.634986
1677114026,693933575,0.404882,0.667049,0.252439,0.771507,0.053814,0.014954,0.633765
1677114026,704037202,0.405324,0.666648,0.253747,0.772647,0.054189,0.014657,0.632350
1677114026,713945426,0.405462,0.666235,0.255053,0.773822,0.055855,0.013508,0.630791
1677114026,724065717,0.405909,0.664671,0.256098,0.771524,0.055307,0.011850,0.633681
1677114026,734551694,0.406179,0.664004,0.257255,0.771404,0.056062,0.010866,0.633779
1677114026,744377297,0.406572,0.663747,0.258509,0.772262,0.056074,0.010234,0.632742
1677114026,753886055,0.406924,0.663464,0.259706,0.772883,0.056025,0.009342,0.632002
1677114026,764468499,0.407135,0.663204,0.260905,0.773387,0.056430,0.008605,0.631359
1677114026,774130277,0.407396,0.663127,0.262096,0.774368,0.056732,0.007707,0.630140
1677114026,783913081,0.407535,0.662658,0.263174,0.773884,0.057481,0.007270,0.630671
1677114026,794126041,0.407780,0.662338,0.264261,0.774030,0.057476,0.007278,0.630492
1677114026,804702350,0.408010,0.662137,0.265305,0.774706,0.057263,0.007408,0.629680
1677114026,814184094,0.408085,0.661763,0.266347,0.775000,0.057250,0.007102,0.629323
1677114026,824329047,0.408292,0.661306,0.267243,0.775175,0.056723,0.007135,0.629154
1677114026,833905878,0.408329,0.660860,0.268142,0.775692,0.057272,0.007365,0.628464
1677114026,844014657,0.408201,0.660073,0.268950,0.775369,0.057744,0.006771,0.628827
1677114026,854941453,0.408212,0.659737,0.269768,0.776067,0.058951,0.007487,0.627844
1677114026,865136213,0.408450,0.659791,0.270727,0.777640,0.059222,0.008145,0.625862
1677114026,874479246,0.408338,0.659250,0.271505,0.776951,0.060399,0.007637,0.626611
1677114026,884078607,0.409138,0.658948,0.272437,0.777205,0.055846,0.006978,0.626726
1677114026,894131964,0.409467,0.659102,0.273354,0.777737,0.055168,0.006802,0.626127
1677114026,903849227,0.409524,0.658716,0.274115,0.776905,0.055103,0.006642,0.627166
1677114026,914184852,0.409674,0.658485,0.274940,0.776928,0.054575,0.006444,0.627186
1677114026,924644822,0.409943,0.658139,0.275734,0.776817,0.053279,0.006455,0.627436
1677114026,934220430,0.410316,0.657702,0.276508,0.777166,0.051348,0.007371,0.627155
1677114026,944497806,0.410463,0.657224,0.277321,0.777624,0.050060,0.007117,0.626693
1677114026,954126314,0.409792,0.657137,0.278404,0.780388,0.054553,0.007456,0.622867
1677114026,964511808,0.409782,0.656727,0.279218,0.781383,0.054165,0.007785,0.621647
1677114026,974097240,0.409827,0.656421,0.279956,0.782081,0.053772,0.008593,0.620793
1677114026,984552290,0.409901,0.656200,0.280675,0.782425,0.052547,0.009047,0.620458
1677114026,994626234,0.409919,0.656140,0.281376,0.782753,0.051743,0.009154,0.620110
1677114027,4309464,0.409873,0.655958,0.281986,0.781987,0.051148,0.009703,0.621117
1677114027,14515265,0.409807,0.656019,0.282668,0.782099,0.050562,0.009746,0.621023
1677114027,24193080,0.409754,0.656032,0.283257,0.781514,0.050139,0.010183,0.621786
1677114027,34421804,0.409676,0.656072,0.283880,0.781280,0.049624,0.010846,0.622110
1677114027,44176665,0.409586,0.656245,0.284505,0.781423,0.049343,0.011524,0.621941
1677114027,54797123,0.409466,0.656246,0.285038,0.781123,0.048848,0.011600,0.622355
1677114027,64390582,0.409291,0.656270,0.285634,0.781512,0.048866,0.012365,0.621850
1677114027,74263076,0.409240,0.656170,0.286122,0.781372,0.048072,0.013023,0.622075
1677114027,84378922,0.409113,0.656174,0.286648,0.781897,0.047431,0.013347,0.621458
1677114027,94275362,0.409012,0.656132,0.287147,0.782050,0.046951,0.014021,0.621286
1677114027,104044415,0.408947,0.656024,0.287577,0.781589,0.046407,0.014844,0.621888
1677114027,114341654,0.408795,0.656163,0.288127,0.781935,0.045878,0.014787,0.621494
1677114027,124525232,0.408804,0.656139,0.288584,0.781333,0.045255,0.015403,0.622281
1677114027,134330804,0.408599,0.656305,0.289193,0.781854,0.045507,0.015329,0.621610
1677114027,145074968,0.408586,0.656410,0.289738,0.782115,0.045031,0.015578,0.621310
1677114027,154778856,0.408530,0.656665,0.290391,0.783016,0.045116,0.016330,0.620149
1677114027,164349041,0.408190,0.656559,0.290955,0.782624,0.046476,0.015952,0.620552
1677114027,173959015,0.408329,0.657100,0.291668,0.784177,0.045793,0.017337,0.618602
1677114027,184100811,0.408136,0.657286,0.292322,0.784504,0.046239,0.017475,0.618150
1677114027,194287001,0.407984,0.657723,0.293063,0.785474,0.046714,0.017764,0.616874
1677114027,204849080,0.407848,0.658033,0.293773,0.785861,0.046792,0.018446,0.616354
1677114027,214163379,0.407729,0.658315,0.294468,0.786109,0.046570,0.018816,0.616043
1677114027,223816774,0.407523,0.658873,0.295250,0.787146,0.046360,0.018623,0.614740
1677114027,233772163,0.407441,0.657522,0.295722,0.781943,0.046273,0.020058,0.621307
1677114027,244125249,0.407239,0.657737,0.296423,0.781621,0.046240,0.020518,0.621698
1677114027,254559276,0.406956,0.657864,0.297159,0.781169,0.046275,0.021154,0.622243
1677114027,264575148,0.406721,0.658102,0.297908,0.781289,0.046242,0.022460,0.622049
1677114027,274724429,0.406442,0.658152,0.298572,0.780781,0.046568,0.023732,0.622615
1677114027,284857414,0.406257,0.658312,0.299239,0.780868,0.045892,0.025294,0.622494
1677114027,293986984,0.405957,0.658435,0.299822,0.780716,0.045336,0.026310,0.622684
1677114027,303944781,0.405571,0.658634,0.300402,0.780851,0.045221,0.027066,0.622491
1677114027,314260004,0.405391,0.658833,0.300903,0.780913,0.044172,0.028516,0.622423
1677114027,323940472,0.405064,0.658932,0.301278,0.780234,0.043682,0.028960,0.623288
1677114027,334049100,0.404982,0.659171,0.301699,0.780235,0.042628,0.030448,0.623290
1677114027,344878574,0.404797,0.659406,0.302042,0.780068,0.041872,0.030239,0.623559
1677114027,355138161,0.404734,0.659527,0.302357,0.779925,0.041318,0.031185,0.623728
