secs,nsecs,tx,ty,tz,rx,ry,rz,rw
1677113810,218285772,0.456250,0.517455,0.473734,0.678410,0.051088,0.200911,0.704830
1677113810,227923121,0.456157,0.518374,0.473603,0.677699,0.051188,0.201439,0.705355
1677113810,239144095,0.455974,0.519160,0.473437,0.676189,0.051236,0.202539,0.706485
1677113810,249001854,0.455816,0.520024,0.473255,0.675078,0.050803,0.204405,0.707041
1677113810,258766290,0.455503,0.520791,0.473010,0.674247,0.050474,0.205573,0.707519
1677113810,268588600,0.455304,0.521764,0.472822,0.674028,0.049403,0.208214,0.707031
1677113810,278640798,0.455095,0.522427,0.472528,0.672846,0.048939,0.211258,0.707286
1677113810,287694611,0.454740,0.523176,0.472151,0.672042,0.048752,0.213687,0.707334
1677113810,297714428,0.454476,0.523977,0.471718,0.670971,0.047289,0.216024,0.707740
1677113810,308104139,0.454081,0.524932,0.471190,0.669865,0.046903,0.218896,0.707930
1677113810,318164338,0.453748,0.526050,0.470665,0.668476,0.046069,0.222781,0.708086
1677113810,328039144,0.453287,0.526985,0.469985,0.666097,0.045555,0.225666,0.709447
1677113810,337886437,0.452820,0.528268,0.469232,0.664452,0.045209,0.229831,0.709674
1677113810,347985197,0.452338,0.529327,0.468358,0.661777,0.044735,0.234047,0.710825
1677113810,358358615,0.451762,0.530473,0.467338,0.659655,0.044862,0.238275,0.711384
1677113810,368570348,0.451128,0.531371,0.466141,0.656503,0.045430,0.242041,0.712991
1677113810,378397202,0.450888,0.532687,0.465122,0.655795,0.043918,0.246774,0.712114
1677113810,388400252,0.450763,0.533999,0.464059,0.655660,0.042240,0.251050,0.710844
1677113810,398780430,0.450890,0.535371,0.462985,0.656341,0.040148,0.255302,0.708819
1677113810,407985613,0.450379,0.535657,0.461365,0.653280,0.044732,0.257602,0.710539
1677113810,418341239,0.450482,0.536523,0.460066,0.653587,0.045535,0.259425,0.709542
1677113810,428018410,0.450886,0.537390,0.458826,0.654406,0.046485,0.261266,0.708048
1677113810,438350780,0.451310,0.538002,0.457511,0.655017,0.048867,0.261773,0.707135
1677113810,448291844,0.451991,0.538824,0.456237,0.656247,0.051413,0.262526,0.705533
1677113810,457930398,0.452778,0.539504,0.454873,0.656587,0.054249,0.262443,0.705035
1677113810,468471898,0.453552,0.540662,0.453474,0.657508,0.057198,0.262784,0.703816
1677113810,478106764,0.454228,0.541715,0.451925,0.657167,0.060933,0.262487,0.703931
1677113810,488469259,0.454860,0.543065,0.450289,0.657104,0.064630,0.262518,0.703649
1677113810,498447123,0.455522,0.544382,0.448573,0.655999,0.068100,0.262703,0.704283
1677113810,508800123,0.455855,0.546322,0.446717,0.657803,0.071019,0.261880,0.702617
1677113810,518357565,0.456599,0.547212,0.444989,0.654685,0.073454,0.262205,0.705153
1677113810,527891958,0.457162,0.548274,0.443144,0.652824,0.075858,0.262283,0.706593
1677113810,537935985,0.457767,0.549600,0.441370,0.652041,0.077531,0.263336,0.706743
1677113810,548274856,0.458210,0.550588,0.439563,0.651049,0.079593,0.263517,0.707361
1677113810,558313664,0.458785,0.551291,0.437795,0.649811,0.080340,0.263112,0.708564
1677113810,568482901,0.459204,0.552315,0.436162,0.650073,0.081709,0.264754,0.707555
1677113810,578252503,0.459354,0.553006,0.434480,0.649769,0.084562,0.266180,0.706964
1677113810,588631293,0.459480,0.553882,0.432824,0.650556,0.086685,0.267680,0.705415
1677113810,597719800,0.459455,0.554669,0.431173,0.652146,0.086673,0.267664,0.703953
1677113810,607461895,0.459642,0.555337,0.429620,0.652738,0.087449,0.269620,0.702560
1677113810,618308679,0.459556,0.555874,0.427985,0.653105,0.089136,0.270722,0.701583
1677113810,628651132,0.459614,0.556219,0.426425,0.652737,0.089740,0.272475,0.701169
1677113810,638248070,0.459579,0.556905,0.424784,0.653018,0.089922,0.274354,0.700151
1677113810,647579971,0.459455,0.557464,0.423047,0.652445,0.090255,0.276104,0.699955
1677113810,658068339,0.459370,0.558086,0.421289,0.651339,0.090207,0.278145,0.700183
1677113810,668092724,0.459275,0.558790,0.419463,0.650104,0.090644,0.280581,0.700302
1677113810,677951417,0.459078,0.559625,0.417570,0.649890,0.090819,0.282165,0.699841
1677113810,688191293,0.459166,0.560273,0.415696,0.648320,0.090796,0.284656,0.700292
1677113810,698225377,0.459019,0.560923,0.413708,0.647662,0.091774,0.285306,0.700509
1677113810,708164570,0.458916,0.561675,0.411731,0.647166,0.093152,0.286626,0.700246
1677113810,717969477,0.459009,0.562373,0.409842,0.646727,0.093775,0.287571,0.700181
1677113810,728333124,0.459083,0.563048,0.407913,0.646301,0.094870,0.288593,0.700006
1677113810,737818215,0.459064,0.563828,0.406021,0.646546,0.097051,0.289873,0.698951
1677113810,747808001,0.459212,0.564299,0.404172,0.646070,0.098423,0.291052,0.698710
1677113810,758087145,0.459207,0.564987,0.402240,0.646969,0.099746,0.291615,0.697454
1677113810,768036136,0.459260,0.565888,0.400266,0.649101,0.099140,0.291377,0.695656
1677113810,777730586,0.459316,0.566374,0.398233,0.648339,0.100413,0.292467,0.695728
1677113810,787666031,0.458977,0.566411,0.395954,0.644476,0.105323,0.294471,0.697743
1677113810,797955628,0.458988,0.567560,0.393891,0.644313,0.106015,0.296312,0.697009
1677113810,808093644,0.458954,0.568609,0.391694,0.642973,0.107142,0.297471,0.697580
1677113810,818259847,0.458834,0.570021,0.389547,0.642054,0.108488,0.299041,0.697547
1677113810,829056304,0.458731,0.571254,0.387357,0.640346,0.110390,0.300322,0.698268
1677113810,838038549,0.458666,0.572453,0.385252,0.638491,0.112386,0.301470,0.699153
1677113810,848355563,0.458688,0.573591,0.383201,0.636960,0.113782,0.302454,0.699898
1677113810,858084241,0.458686,0.574586,0.381101,0.634771,0.117677,0.304188,0.700491
1677113810,867686736,0.458661,0.575649,0.379066,0.633634,0.119311,0.304831,0.700964
1677113810,877924105,0.458624,0.576681,0.376979,0.633095,0.119361,0.304780,0.701465
1677113810,888403586,0.458839,0.577447,0.374910,0.631398,0.119520,0.304281,0.703181
1677113810,899285203,0.458936,0.578493,0.372898,0.630880,0.119909,0.305003,0.703267
1677113810,908430606,0.458975,0.579459,0.370886,0.629923,0.120770,0.306154,0.703478
1677113810,917986291,0.458828,0.580490,0.368903,0.629225,0.122440,0.307093,0.703405
1677113810,927887247,0.458579,0.581309,0.366855,0.627470,0.124678,0.308207,0.704092
1677113810,937667963,0.458536,0.582292,0.364963,0.626059,0.124866,0.310091,0.704487
1677113810,948770449,0.457985,0.583257,0.362882,0.623619,0.128120,0.313322,0.704638
1677113810,959220871,0.457528,0.584242,0.360801,0.621643,0.129631,0.315174,0.705281
1677113810,968710436,0.457107,0.585395,0.358723,0.620201,0.129875,0.317316,0.705545
1677113810,978787026,0.456782,0.586242,0.356576,0.617229,0.129949,0.319646,0.707085
1677113810,988080965,0.456425,0.587221,0.354420,0.615133,0.129735,0.321831,0.707958
1677113810,998305168,0.455971,0.588241,0.352233,0.613366,0.130242,0.323905,0.708452
1677113811,8234456,0.455744,0.589070,0.350031,0.610751,0.131092,0.325912,0.709633
1677113811,18487905,0.455359,0.589920,0.347860,0.609535,0.132038,0.326120,0.710408
1677113811,27971534,0.455427,0.590867,0.345809,0.608014,0.132982,0.328470,0.710452
1677113811,38442993,0.455402,0.591720,0.343762,0.606725,0.134894,0.329703,0.710622
1677113811,48569296,0.455290,0.592720,0.341684,0.606282,0.137255,0.330449,0.710202
1677113811,58257605,0.455476,0.593822,0.339684,0.605656,0.137596,0.331418,0.710219
1677113811,68582505,0.455225,0.594905,0.337460,0.603593,0.141444,0.332329,0.710793
1677113811,78047984,0.455060,0.596162,0.335290,0.602055,0.143788,0.333568,0.711047
1677113811,88449592,0.454978,0.597444,0.333124,0.600617,0.145515,0.334802,0.711332
1677113811,98674818,0.454850,0.598455,0.330975,0.598752,0.147530,0.335854,0.711993
1677113811,108566549,0.454742,0.599337,0.328860,0.597443,0.148947,0.336066,0.712696
1677113811,117930766,0.454620,0.600329,0.326768,0.597502,0.150186,0.336354,0.712251
1677113811,127448987,0.454779,0.601031,0.324792,0.597164,0.150325,0.336938,0.712229
1677113811,137669744,0.454913,0.601547,0.322799,0.596731,0.151288,0.336785,0.712460
1677113811,148362357,0.455006,0.602189,0.320915,0.597027,0.153033,0.337396,0.711551
1677113811,158487622,0.455187,0.602926,0.319043,0.597516,0.154454,0.337912,0.710587
1677113811,168384725,0.455170,0.603618,0.317158,0.598063,0.156794,0.337566,0.709779
1677113811,178450007,0.455267,0.604214,0.315349,0.598096,0.158349,0.337302,0.709531
1677113811,187900044,0.455248,0.604798,0.313548,0.597777,0.160985,0.337635,0.709048
1677113811,198043821,0.454841,0.605404,0.311695,0.598545,0.164803,0.337357,0.707654
1677113811,207579643,0.455093,0.606447,0.309801,0.598858,0.164910,0.338731,0.706707
1677113811,218099003,0.455095,0.606940,0.307932,0.598950,0.165737,0.338644,0.706477
1677113811,228604260,0.455198,0.607232,0.306071,0.598280,0.167090,0.339216,0.706452
1677113811,238613991,0.455318,0.607780,0.304195,0.598834,0.167703,0.339556,0.705673
1677113811,248343172,0.455424,0.608494,0.302331,0.600375,0.167638,0.339693,0.704312
1677113811,258092359,0.455392,0.608851,0.300406,0.600462,0.170251,0.339620,0.703647
1677113811,268263516,0.455379,0.609672,0.298391,0.601515,0.173338,0.340062,0.701778
1677113811,278171696,0.455712,0.609917,0.296664,0.600876,0.173841,0.340048,0.702207
1677113811,288768080,0.455731,0.610362,0.294889,0.601127,0.175859,0.339494,0.701757
1677113811,298019182,0.455886,0.610881,0.293085,0.601572,0.177139,0.339356,0.701121
1677113811,309170200,0.455768,0.611116,0.291172,0.600093,0.181076,0.340345,0.700904
1677113811,318539193,0.456023,0.611631,0.289400,0.600268,0.181559,0.341050,0.700285
1677113811,327842962,0.455768,0.612698,0.287368,0.603191,0.181993,0.340859,0.697750
1677113811,337740276,0.455736,0.613199,0.285402,0.603284,0.183213,0.340981,0.697290
1677113811,348037626,0.455803,0.613539,0.283464,0.602716,0.183856,0.341558,0.697329
1677113811,358470300,0.455802,0.614068,0.281537,0.602902,0.184329,0.341630,0.697009
1677113811,368822687,0.455716,0.614465,0.279616,0.602318,0.185794,0.341367,0.697254
1677113811,378333980,0.455743,0.615232,0.277806,0.604063,0.186354,0.343105,0.694737
1677113811,388161892,0.456332,0.615012,0.276176,0.603575,0.183146,0.342903,0.696112
1677113811,398086944,0.455980,0.615381,0.274468,0.604948,0.185217,0.343917,0.693869
1677113811,408173328,0.455785,0.615479,0.272741,0.604879,0.186641,0.343886,0.693563
1677113811,418309546,0.455507,0.616533,0.270978,0.605782,0.189011,0.346698,0.690727
1677113811,428193358,0.455385,0.617005,0.269231,0.604979,0.190318,0.346958,0.690941
1677113811,438556338,0.455364,0.617646,0.267476,0.603859,0.191435,0.347086,0.691548
1677113811,448319237,0.455314,0.618317,0.265733,0.602603,0.192956,0.346944,0.692292
1677113811,457657511,0.455256,0.619160,0.264029,0.601913,0.193936,0.346958,0.692611
1677113811,467756439,0.455361,0.619241,0.262285,0.598974,0.194786,0.344831,0.695975
1677113811,477814163,0.455168,0.620327,0.260789,0.600631,0.195407,0.345256,0.694159
1677113811,488463670,0.455074,0.621022,0.259381,0.602324,0.196203,0.345248,0.692470
1677113811,498412318,0.455315,0.620821,0.258156,0.603015,0.196455,0.344933,0.691953
1677113811,508636370,0.455482,0.620509,0.257076,0.606179,0.197656,0.345289,0.688661
1677113811,517918364,0.455677,0.619950,0.256118,0.611046,0.198309,0.345129,0.684238
1677113811,527689803,0.455928,0.619000,0.255202,0.615742,0.198590,0.345221,0.679887
1677113811,538464471,0.456752,0.618210,0.254386,0.621078,0.194427,0.344854,0.676414
1677113811,547945255,0.456879,0.617426,0.253308,0.625546,0.193262,0.344746,0.672675
1677113811,558171682,0.456986,0.616932,0.252110,0.628777,0.191912,0.345534,0.669638
1677113811,568353459,0.457000,0.616653,0.250705,0.630214,0.190860,0.346141,0.668274
1677113811,578146532,0.456725,0.616659,0.249172,0.630124,0.191037,0.346212,0.668270
1677113811,587615373,0.456342,0.617083,0.247556,0.628280,0.193314,0.347627,0.668617
1677113811,598224215,0.456217,0.617900,0.245958,0.626667,0.194340,0.347744,0.669771
1677113811,607806854,0.456334,0.618850,0.244438,0.625207,0.194505,0.346603,0.671677
1677113811,618022596,0.456546,0.619797,0.242885,0.623280,0.196157,0.346081,0.673255
1677113811,628844406,0.456608,0.620677,0.241354,0.622476,0.198730,0.343832,0.674396
1677113811,638329671,0.457606,0.621810,0.239907,0.621015,0.198799,0.345842,0.674695
1677113811,648265224,0.457427,0.622292,0.238340,0.620855,0.202676,0.342394,0.675447
1677113811,658140576,0.457444,0.623021,0.236871,0.621253,0.205748,0.340883,0.674916
1677113811,667601875,0.457772,0.623556,0.235474,0.620660,0.206077,0.340528,0.675540
1677113811,678052898,0.457541,0.624124,0.233955,0.620703,0.207975,0.339540,0.675416
1677113811,688119770,0.457428,0.624756,0.232515,0.619949,0.208306,0.339764,0.675894
1677113811,698486683,0.457296,0.625298,0.231024,0.618560,0.207926,0.340566,0.676879
1677113811,707910258,0.456982,0.625990,0.229555,0.617571,0.207670,0.341752,0.677263
1677113811,717913012,0.456405,0.626765,0.228026,0.616849,0.208450,0.343020,0.677040
1677113811,727675326,0.456043,0.627581,0.226605,0.615110,0.208530,0.345967,0.677098
1677113811,738347275,0.455268,0.628434,0.225107,0.614400,0.206784,0.344442,0.679053
1677113811,749183622,0.454776,0.629351,0.223580,0.611628,0.207029,0.346139,0.680616
1677113811,759196512,0.454023,0.630685,0.221999,0.609802,0.207939,0.347182,0.681445
1677113811,768584378,0.453572,0.631908,0.220482,0.606383,0.208207,0.348286,0.683846
1677113811,778673819,0.452781,0.633136,0.218835,0.603362,0.209833,0.347550,0.686391
1677113811,788554529,0.453194,0.634906,0.217300,0.597767,0.209027,0.352701,0.688900
1677113811,799060365,0.452546,0.636537,0.215653,0.594382,0.211081,0.352969,0.691063
1677113811,807841271,0.451826,0.638142,0.214001,0.590477,0.213218,0.352298,0.694090
1677113811,818612601,0.450959,0.640032,0.212308,0.586938,0.215852,0.351848,0.696502
1677113811,828588381,0.450332,0.641796,0.210627,0.581941,0.217872,0.352059,0.699951
1677113811,837643107,0.449690,0.643491,0.208949,0.575723,0.220637,0.352873,0.703806
1677113811,847804438,0.448850,0.645736,0.207222,0.571972,0.222349,0.353899,0.705808
1677113811,857788260,0.447894,0.647705,0.205453,0.566995,0.224407,0.354402,0.708913
1677113811,867891369,0.447004,0.649627,0.203721,0.560820,0.226635,0.356009,0.712303
1677113811,877772701,0.445950,0.651693,0.201974,0.555121,0.228316,0.357679,0.715387
1677113811,888294421,0.444978,0.653601,0.200231,0.548286,0.229543,0.359466,0.719358
1677113811,899464532,0.443688,0.655638,0.198415,0.543030,0.230719,0.360295,0.722548
1677113811,907756923,0.442594,0.657645,0.196767,0.537670,0.231321,0.362089,0.725460
1677113811,917582206,0.441561,0.659312,0.195258,0.532066,0.232509,0.363859,0.728321
1677113811,927729966,0.440469,0.660899,0.193904,0.527948,0.233588,0.365370,0.730214
1677113811,937836063,0.439516,0.662342,0.192721,0.524404,0.234438,0.367705,0.731322
1677113811,948284418,0.438486,0.663612,0.191584,0.522173,0.235084,0.369754,0.731678
1677113811,957841663,0.437541,0.664662,0.190523,0.519570,0.235902,0.372809,0.731717
1677113811,968181990,0.436527,0.665590,0.189464,0.517400,0.236210,0.375387,0.731838
1677113811,978379848,0.435512,0.666612,0.188395,0.515777,0.235843,0.378502,0.731497
1677113811,988197973,0.434525,0.667388,0.187278,0.512831,0.235901,0.381410,0.732040
1677113811,997785632,0.433447,0.668463,0.186076,0.511203,0.235089,0.384201,0.731980
1677113812,8431378,0.432428,0.669576,0.184886,0.508850,0.234678,0.387140,0.732202
1677113812,18634240,0.431522,0.670473,0.183725,0.505570,0.234852,0.389367,0.733238
1677113812,27694015,0.430736,0.671430,0.182623,0.502900,0.234899,0.390966,0.734207
1677113812,37805451,0.430127,0.672457,0.181558,0.500563,0.235179,0.392551,0.734868
1677113812,48254895,0.429463,0.673446,0.180475,0.498705,0.236236,0.393105,0.735496
1677113812,57759991,0.429079,0.674326,0.179485,0.496243,0.236522,0.393728,0.736735
1677113812,67920595,0.428684,0.675200,0.178447,0.493376,0.237281,0.394283,0.738118
1677113812,77889244,0.428139,0.676228,0.177359,0.491729,0.237567,0.393825,0.739369
1677113812,88552587,0.427701,0.677280,0.176291,0.489171,0.237624,0.394400,0.740740
1677113812,98768484,0.427143,0.678252,0.175156,0.486635,0.238036,0.394095,0.742438
1677113812,108751332,0.426717,0.679301,0.174047,0.484135,0.238436,0.395013,0.743456
1677113812,118130914,0.426311,0.680225,0.173010,0.481811,0.239454,0.395638,0.744305
1677113812,127594617,0.425888,0.681005,0.172064,0.480322,0.239938,0.395467,0.745202
1677113812,137661957,0.425711,0.681661,0.171430,0.480544,0.241254,0.395361,0.744690
1677113812,147957544,0.425921,0.681920,0.171394,0.483612,0.243090,0.394259,0.742688
1677113812,157794780,0.426240,0.682035,0.171510,0.487667,0.244167,0.392931,0.740384
1677113812,168143782,0.426259,0.682408,0.171289,0.490737,0.243997,0.392415,0.738683
1677113812,178501892,0.426177,0.682647,0.170902,0.490272,0.243340,0.392843,0.738982
1677113812,187711529,0.426053,0.682857,0.170591,0.489630,0.243842,0.393783,0.738741
1677113812,197532891,0.425921,0.683177,0.170432,0.492257,0.244513,0.393710,0.736809
1677113812,207496517,0.425901,0.683421,0.170382,0.495130,0.245123,0.393414,0.734837
1677113812,217745086,0.425877,0.683643,0.170278,0.496115,0.245500,0.393578,0.733959
1677113812,227536256,0.425707,0.684126,0.169960,0.496877,0.245661,0.393788,0.733277
1677113812,237860834,0.425692,0.684482,0.169751,0.496672,0.246249,0.393542,0.733351
1677113812,248021779,0.425630,0.684870,0.169639,0.497789,0.247943,0.392200,0.732741
1677113812,257448261,0.425868,0.685190,0.169642,0.498648,0.249317,0.390743,0.732469
1677113812,267613884,0.425887,0.685686,0.169529,0.500329,0.250768,0.388355,0.732098
1677113812,277757389,0.425850,0.686445,0.169254,0.501374,0.252468,0.386718,0.731665
1677113812,287828791,0.425828,0.687082,0.169030,0.501188,0.253980,0.384817,0.732271
1677113812,299393161,0.425808,0.687906,0.168827,0.501618,0.255387,0.383354,0.732254
1677113812,308869953,0.425645,0.688587,0.168702,0.502709,0.257291,0.381578,0.731767
1677113812,318239593,0.425377,0.689282,0.168544,0.504470,0.259624,0.380055,0.730523
1677113812,327947052,0.425160,0.689775,0.168337,0.505042,0.261468,0.379196,0.729916
1677113812,337725933,0.424820,0.690503,0.168046,0.507048,0.262975,0.378400,0.728396
1677113812,348305082,0.424533,0.690939,0.167815,0.507913,0.264849,0.377478,0.727592
1677113812,358161008,0.424393,0.691298,0.167669,0.508296,0.266164,0.377036,0.727073
1677113812,368382240,0.424182,0.691637,0.167485,0.509018,0.267359,0.375470,0.726940
1677113812,377945684,0.423800,0.692199,0.167267,0.511205,0.268427,0.373480,0.726036
1677113812,388045174,0.423673,0.692742,0.167091,0.512839,0.269147,0.372235,0.725257
1677113812,399020791,0.423631,0.692951,0.166933,0.513484,0.270179,0.369778,0.725673
1677113812,407869698,0.423702,0.693378,0.166796,0.515076,0.270668,0.367838,0.725349
1677113812,418354352,0.423688,0.693628,0.166605,0.516301,0.272182,0.364819,0.725436
1677113812,428545680,0.423666,0.693980,0.166390,0.518150,0.273132,0.361519,0.725413
1677113812,437709941,0.423763,0.694422,0.166228,0.519471,0.273914,0.359345,0.725253
1677113812,448546521,0.423645,0.694741,0.166035,0.519978,0.275241,0.356889,0.725600
1677113812,457869233,0.423376,0.695189,0.165799,0.520932,0.276089,0.355277,0.725385
1677113812,467816497,0.422968,0.695465,0.165654,0.521178,0.276777,0.354295,0.725426
1677113812,478147945,0.422364,0.695542,0.165539,0.521750,0.277291,0.353444,0.725233
1677113812,488134327,0.421766,0.695649,0.165453,0.522477,0.276892,0.354040,0.724572
1677113812,498683882,0.421130,0.695686,0.165388,0.523829,0.275627,0.354981,0.723617
1677113812,507701781,0.420428,0.695426,0.165361,0.524037,0.274832,0.355400,0.723563
1677113812,518161480,0.419779,0.695335,0.165265,0.525211,0.273567,0.356490,0.722655
1677113812,527834111,0.419088,0.695217,0.165211,0.526966,0.272519,0.356540,0.721748
1677113812,537825476,0.418570,0.695039,0.165177,0.527750,0.271786,0.356427,0.721507
1677113812,547754869,0.417981,0.695051,0.165068,0.529369,0.271136,0.355255,0.721143
1677113812,558364565,0.417538,0.695161,0.164993,0.529944,0.271169,0.354868,0.720899
1677113812,568183063,0.417108,0.695236,0.164884,0.530609,0.270962,0.352809,0.721498
1677113812,578158073,0.416814,0.695350,0.164852,0.531102,0.270756,0.351207,0.721994
1677113812,587646434,0.416590,0.695486,0.164823,0.531492,0.270036,0.349177,0.722961
1677113812,598399476,0.416248,0.695547,0.164789,0.531905,0.269986,0.347132,0.723660
1677113812,608145433,0.415983,0.695817,0.164742,0.533278,0.269206,0.345334,0.723800
1677113812,618019226,0.415701,0.695777,0.164692,0.533846,0.268982,0.342608,0.724760
1677113812,628704712,0.415487,0.695934,0.164668,0.535012,0.268330,0.340372,0.725195
1677113812,637977497,0.415183,0.696016,0.164598,0.535754,0.268277,0.337337,0.726085
1677113812,647804587,0.415014,0.696220,0.164586,0.536490,0.267309,0.334569,0.727178
1677113812,657699874,0.414769,0.696462,0.164583,0.536947,0.267111,0.331373,0.728377
1677113812,667574371,0.414539,0.696941,0.164562,0.537932,0.265834,0.328309,0.729503
1677113812,677581311,0.414155,0.697371,0.164568,0.538477,0.265421,0.325136,0.730671
1677113812,688607156,0.413771,0.697836,0.164575,0.538811,0.264372,0.322018,0.732185
1677113812,698636027,0.413387,0.698345,0.164620,0.539367,0.262789,0.319944,0.733254
1677113812,708738708,0.412736,0.698739,0.164634,0.539957,0.261731,0.316927,0.734507
1677113812,718552538,0.412197,0.699086,0.164719,0.540152,0.259853,0.315611,0.735596
1677113812,727804484,0.411390,0.699433,0.164779,0.541055,0.257976,0.313847,0.736348
1677113812,737507528,0.410519,0.699831,0.164857,0.541631,0.256831,0.313296,0.736559
1677113812,747597037,0.409684,0.700206,0.164946,0.542388,0.254317,0.312656,0.737146
1677113812,758003386,0.408842,0.700646,0.164981,0.543383,0.251737,0.312151,0.737513
1677113812,767881409,0.408033,0.700791,0.165034,0.543346,0.250106,0.311471,0.738382
1677113812,777938725,0.407282,0.700935,0.165126,0.543831,0.248024,0.310060,0.739321
1677113812,787946528,0.406724,0.701276,0.165089,0.544645,0.245727,0.309361,0.739781
1677113812,798543071,0.405993,0.701529,0.165015,0.546216,0.244012,0.307110,0.740128
1677113812,808047578,0.405497,0.701894,0.164919,0.547715,0.241904,0.305010,0.740580
1677113812,818006110,0.405019,0.702128,0.164785,0.548947,0.240464,0.302909,0.741000
1677113812,827725776,0.404495,0.702328,0.164621,0.550110,0.239241,0.300711,0.741428
1677113812,837830958,0.404017,0.702644,0.164452,0.551923,0.237511,0.298524,0.741521
1677113812,848076186,0.403485,0.702782,0.164309,0.553379,0.236178,0.296334,0.741739
1677113812,858063888,0.402946,0.703085,0.164096,0.555868,0.234226,0.294205,0.741345
1677113812,867857016,0.402461,0.703172,0.163910,0.557898,0.231997,0.291998,0.741394
1677113812,877824206,0.401947,0.703252,0.163750,0.559804,0.230305,0.290070,0.741241
1677113812,888135159,0.401441,0.703545,0.163578,0.562056,0.228306,0.288820,0.740643
1677113812,898459970,0.400813,0.703769,0.163378,0.563921,0.226590,0.287148,0.740402
1677113812,908976819,0.400182,0.703948,0.163180,0.565503,0.224741,0.285596,0.740360
1677113812,918381965,0.399593,0.704048,0.163040,0.567117,0.222997,0.284360,0.740129
1677113812,928381881,0.398911,0.704071,0.162886,0.568672,0.221174,0.282481,0.740202
1677113812,937713670,0.398390,0.704256,0.162758,0.570110,0.218878,0.281536,0.740138
1677113812,948154951,0.397641,0.704498,0.162686,0.572103,0.217061,0.280001,0.739717
1677113812,958070387,0.397075,0.704774,0.162581,0.573557,0.215009,0.279217,0.739487
1677113812,968446835,0.396364,0.704930,0.162499,0.574788,0.213186,0.277775,0.739603
1677113812,978133913,0.395648,0.705164,0.162356,0.575892,0.211282,0.276721,0.739685
1677113812,987758824,0.395160,0.705366,0.162254,0.577317,0.208512,0.276117,0.739585
1677113812,997550439,0.394632,0.705334,0.162224,0.578633,0.205892,0.274192,0.740007
1677113813,7542397,0.394175,0.705363,0.162172,0.579833,0.203994,0.272422,0.740248
1677113813,17807700,0.393861,0.705406,0.162149,0.580896,0.201480,0.270095,0.740955
1677113813,27662529,0.393496,0.705712,0.162093,0.582806,0.198840,0.266979,0.741297
1677113813,38818914,0.393369,0.705958,0.162093,0.583565,0.196070,0.264569,0.742302
1677113813,48992970,0.393046,0.706168,0.162099,0.584378,0.194084,0.261327,0.743332
1677113813,58434156,0.392851,0.706416,0.162159,0.584983,0.191740,0.259086,0.744248
1677113813,68168264,0.392464,0.706576,0.162228,0.585406,0.189834,0.256256,0.745382
1677113813,77853299,0.392117,0.706902,0.162329,0.586142,0.187335,0.254075,0.746183
1677113813,88575449,0.391701,0.707180,0.162442,0.586809,0.185255,0.252011,0.746878
1677113813,98695301,0.391402,0.707383,0.162569,0.587612,0.182267,0.249705,0.747756
1677113813,108590083,0.390966,0.707437,0.162720,0.588292,0.179819,0.246894,0.748746
1677113813,118257766,0.390619,0.707436,0.162867,0.588860,0.177333,0.244592,0.749648
1677113813,127867659,0.390270,0.707504,0.163026,0.589393,0.173597,0.242189,0.750882
1677113813,137696987,0.389889,0.707574,0.163136,0.589877,0.170290,0.239898,0.751994
1677113813,147845093,0.389451,0.707613,0.163229,0.590076,0.167573,0.237992,0.753054
1677113813,158244177,0.388918,0.707675,0.163355,0.590700,0.164971,0.235131,0.754037
1677113813,168434041,0.388586,0.707784,0.163551,0.591218,0.162052,0.233614,0.754735
1677113813,178727426,0.388111,0.707870,0.163749,0.591583,0.159435,0.231180,0.755755
1677113813,187816850,0.387657,0.707989,0.163893,0.592080,0.156483,0.229134,0.756606
1677113813,198652279,0.387133,0.708095,0.164026,0.592333,0.153734,0.227068,0.757593
1677113813,207659940,0.386752,0.708070,0.164141,0.592179,0.150677,0.225498,0.758796
1677113813,218145503,0.386140,0.708107,0.164249,0.593529,0.147451,0.223052,0.759097
1677113813,228330314,0.385744,0.707904,0.164426,0.593669,0.143584,0.221564,0.760164
1677113813,238394084,0.385203,0.707851,0.164522,0.594935,0.139469,0.219751,0.760467
1677113813,247849243,0.384668,0.707681,0.164575,0.595835,0.136035,0.218492,0.760747
1677113813,257766449,0.384173,0.707388,0.164567,0.596936,0.132516,0.216618,0.761041
1677113813,268160567,0.383772,0.707116,0.164521,0.598643,0.129916,0.215347,0.760509
1677113813,277789054,0.383580,0.706641,0.164472,0.600149,0.126694,0.213474,0.760394
1677113813,288209586,0.383475,0.706211,0.164389,0.602365,0.123833,0.210992,0.759805
1677113813,298735054,0.383454,0.705938,0.164296,0.605323,0.120821,0.208133,0.758727
1677113813,307971969,0.383332,0.705535,0.164143,0.607366,0.119258,0.204081,0.758442
1677113813,318076041,0.383477,0.705222,0.163947,0.608985,0.117315,0.200561,0.758386
1677113813,327960153,0.383792,0.704855,0.163751,0.610240,0.116085,0.197244,0.758437
1677113813,337732282,0.384169,0.704454,0.163582,0.611870,0.114710,0.192875,0.758456
1677113813,348369223,0.384662,0.704247,0.163416,0.614719,0.111754,0.187914,0.757839
1677113813,358207289,0.385068,0.704067,0.163232,0.616349,0.110079,0.182748,0.758024
1677113813,368060588,0.385524,0.704105,0.163016,0.617445,0.108878,0.178263,0.758373
1677113813,377801586,0.386182,0.704137,0.162831,0.618593,0.107603,0.173858,0.758642
1677113813,388617138,0.386767,0.703955,0.162689,0.619362,0.108220,0.169646,0.758881
1677113813,397923564,0.387370,0.703797,0.162505,0.620800,0.108507,0.164587,0.758778
1677113813,408633159,0.388119,0.703772,0.162277,0.622278,0.108291,0.160661,0.758440
1677113813,418185379,0.388689,0.703555,0.162047,0.622989,0.109178,0.156266,0.758647
1677113813,428296706,0.389338,0.703306,0.161839,0.624251,0.109431,0.152567,0.758327
1677113813,438060759,0.389922,0.703160,0.161652,0.625923,0.108438,0.148489,0.757900
1677113813,448680195,0.390565,0.702948,0.161464,0.626669,0.107326,0.145442,0.758032
1677113813,457992466,0.390969,0.702827,0.161208,0.627741,0.106250,0.142016,0.757947
1677113813,467669230,0.391400,0.702558,0.160959,0.628673,0.105575,0.139566,0.757724
1677113813,477483809,0.391845,0.702370,0.160763,0.630518,0.104223,0.137506,0.756754
1677113813,487749381,0.392198,0.701997,0.160552,0.631848,0.102479,0.135079,0.756320
1677113813,497809759,0.392395,0.701753,0.160321,0.633415,0.100812,0.132858,0.755626
1677113813,507606972,0.392628,0.701598,0.160169,0.634761,0.099200,0.131868,0.754883
1677113813,517606611,0.392857,0.701322,0.159994,0.635868,0.097320,0.130788,0.754384
1677113813,527772859,0.392981,0.701144,0.159827,0.637950,0.095722,0.129536,0.753045
1677113813,537679018,0.393199,0.700852,0.159661,0.639272,0.093446,0.128447,0.752396
1677113813,547833216,0.393249,0.700594,0.159432,0.640082,0.091528,0.126210,0.752322
1677113813,557746993,0.393452,0.700634,0.159229,0.640836,0.090035,0.125387,0.751998
1677113813,568082162,0.393763,0.700540,0.159054,0.641289,0.088168,0.123920,0.752076
1677113813,577931537,0.393958,0.700371,0.158951,0.642587,0.087519,0.121515,0.751436
1677113813,588263018,0.394503,0.700194,0.158898,0.644127,0.085459,0.119243,0.750719
1677113813,598006723,0.394979,0.700057,0.158817,0.645467,0.083521,0.116315,0.750245
1677113813,607792187,0.395426,0.700037,0.158729,0.646390,0.081919,0.113028,0.750130
1677113813,617853439,0.395879,0.700033,0.158670,0.646609,0.080652,0.109974,0.750532
1677113813,628066496,0.396437,0.700271,0.158663,0.647261,0.078215,0.106568,0.750719
1677113813,638480534,0.396908,0.700632,0.158627,0.647066,0.076474,0.103018,0.751561
1677113813,648415659,0.397386,0.700865,0.158626,0.645566,0.074308,0.099411,0.753552
1677113813,658080830,0.397946,0.701459,0.158669,0.644523,0.071164,0.096233,0.755159
1677113813,668095465,0.398328,0.701863,0.158683,0.643278,0.068679,0.092320,0.756937
1677113813,677995613,0.398736,0.702172,0.158790,0.642210,0.067302,0.089471,0.758309
1677113813,688193768,0.399054,0.702417,0.158839,0.642023,0.066301,0.086684,0.758878
1677113813,698042231,0.399391,0.702594,0.158845,0.642485,0.064351,0.084097,0.758947
1677113813,708601920,0.399528,0.702658,0.158890,0.642512,0.062699,0.081106,0.759387
1677113813,718515660,0.399689,0.702685,0.158926,0.642794,0.060593,0.079025,0.759539
1677113813,727841478,0.399769,0.702796,0.158969,0.643616,0.059531,0.077959,0.759037
1677113813,737696742,0.399799,0.702917,0.159038,0.644674,0.058349,0.077314,0.758297
1677113813,747957319,0.399669,0.702814,0.159145,0.645266,0.056979,0.075987,0.758031
1677113813,757882087,0.399463,0.702760,0.159221,0.645992,0.055773,0.075357,0.757565
1677113813,768574402,0.399425,0.702692,0.159311,0.646686,0.053748,0.075707,0.757084
1677113813,778208831,0.399306,0.702613,0.159310,0.647081,0.051031,0.074892,0.757016
1677113813,789095104,0.399156,0.702612,0.159377,0.647306,0.048339,0.073719,0.757115
1677113813,798110090,0.398987,0.702685,0.159435,0.647429,0.046026,0.072300,0.757291
1677113813,807749508,0.398877,0.702798,0.159493,0.647402,0.044735,0.071749,0.757444
1677113813,817711904,0.398793,0.702768,0.159583,0.647336,0.043432,0.071380,0.757611
1677113813,828050821,0.398606,0.702916,0.159680,0.648117,0.042541,0.070822,0.757046
1677113813,838745405,0.398448,0.702770,0.159737,0.647856,0.041297,0.070379,0.757379
1677113813,848388790,0.398231,0.702785,0.159770,0.648602,0.039919,0.069508,0.756896
1677113813,858160951,0.398063,0.702766,0.159776,0.649124,0.038521,0.069197,0.756549
1677113813,867977967,0.397888,0.702672,0.159782,0.650002,0.036948,0.068681,0.755920
1677113813,877909602,0.397709,0.702444,0.159794,0.650356,0.035447,0.067853,0.755762
1677113813,888368954,0.397453,0.702140,0.159740,0.650483,0.034734,0.067125,0.755751
1677113813,898433368,0.397367,0.702069,0.159663,0.651805,0.032898,0.066651,0.754736
1677113813,909259933,0.397142,0.701841,0.159550,0.652714,0.031850,0.065793,0.754069
1677113813,918002967,0.397061,0.701480,0.159464,0.653279,0.030329,0.065105,0.753703
1677113813,927760345,0.396883,0.701400,0.159379,0.654992,0.029364,0.064073,0.752342
1677113813,937954076,0.396790,0.700955,0.159265,0.655114,0.028647,0.063086,0.752347
1677113813,948321129,0.396739,0.700684,0.159144,0.655898,0.027963,0.062071,0.751773
1677113813,958970725,0.396769,0.700571,0.159018,0.657230,0.026945,0.060556,0.750770
1677113813,968469212,0.396790,0.700124,0.158903,0.657567,0.026999,0.059005,0.750597
1677113813,978557594,0.396903,0.699874,0.158785,0.658795,0.026584,0.057221,0.749672
1677113813,988383633,0.397120,0.699553,0.158676,0.660309,0.025854,0.055295,0.748509
1677113813,997839091,0.397347,0.699118,0.158539,0.661687,0.025265,0.052918,0.747483
1677113814,7825085,0.397575,0.698585,0.158457,0.663169,0.024292,0.050079,0.746397
1677113814,19053748,0.397917,0.698161,0.158407,0.665238,0.022462,0.047546,0.744777
1677113814,28364608,0.398107,0.697725,0.158369,0.666239,0.020585,0.043878,0.744162
1677113814,38139143,0.398342,0.697636,0.158323,0.667668,0.018998,0.041137,0.743079
1677113814,48677283,0.398578,0.697573,0.158328,0.668135,0.018410,0.039726,0.742751
1677113814,57984554,0.398668,0.697594,0.158363,0.668423,0.018787,0.038235,0.742560
1677113814,67732210,0.398786,0.697528,0.158418,0.668563,0.018264,0.037092,0.742505
1677113814,78093775,0.398851,0.697530,0.158511,0.669098,0.017791,0.036444,0.742066
1677113814,88531666,0.398847,0.697429,0.158602,0.669950,0.016509,0.035306,0.741383
1677113814,98005161,0.398842,0.697237,0.158732,0.670721,0.015538,0.035062,0.740718
1677113814,107992390,0.398902,0.697157,0.158838,0.672236,0.013719,0.034473,0.739407
1677113814,118149464,0.398894,0.696786,0.159034,0.672461,0.012701,0.034062,0.739240
1677113814,127866878,0.398922,0.696780,0.159173,0.673567,0.011776,0.033254,0.738284
1677113814,138012791,0.399090,0.696653,0.159310,0.673783,0.011123,0.032590,0.738127
1677113814,147593497,0.399232,0.696635,0.159468,0.674024,0.011656,0.032236,0.737914
1677113814,157905339,0.399547,0.696572,0.159585,0.674504,0.010987,0.031078,0.737535
1677113814,167681934,0.399644,0.696398,0.159738,0.675259,0.011586,0.029429,0.736902
1677113814,177740482,0.399986,0.696048,0.159942,0.676282,0.010552,0.028137,0.736030
1677113814,187764326,0.400068,0.695665,0.160178,0.678157,0.010602,0.026452,0.734365
1677113814,197618415,0.400326,0.695165,0.160467,0.680082,0.009658,0.025785,0.732619
1677113814,207723026,0.400390,0.694615,0.160722,0.681765,0.009153,0.025028,0.731086
1677113814,217815472,0.400359,0.694255,0.160987,0.683782,0.008459,0.024280,0.729233
1677113814,228755020,0.400394,0.693903,0.161238,0.684691,0.007395,0.024189,0.728395
1677113814,238734088,0.400397,0.693660,0.161438,0.685419,0.006596,0.024782,0.727697
1677113814,248476625,0.400405,0.693469,0.161688,0.685861,0.005417,0.024976,0.727284
1677113814,257429229,0.400345,0.693251,0.161894,0.686542,0.004627,0.024596,0.726659
1677113814,268049154,0.400430,0.692982,0.162169,0.687663,0.003790,0.024786,0.725597
1677113814,277885305,0.400578,0.692665,0.162343,0.688764,0.003533,0.024471,0.724564
1677113814,288276345,0.400722,0.692302,0.162509,0.689911,0.003745,0.023382,0.723507
1677113814,298030784,0.401104,0.692053,0.162712,0.691624,0.003251,0.022169,0.721910
1677113814,308681092,0.401328,0.691574,0.162931,0.692716,0.004252,0.020409,0.720909
1677113814,318407105,0.401743,0.691118,0.163199,0.694203,0.004340,0.019108,0.719513
1677113814,327734314,0.401968,0.690699,0.163552,0.696349,0.004649,0.017516,0.717475
1677113814,337647041,0.402103,0.690100,0.163953,0.697836,0.005100,0.016599,0.716047
1677113814,347912409,0.402342,0.689626,0.164360,0.699280,0.004523,0.016383,0.714646
1677113814,358011872,0.402328,0.689358,0.164812,0.701046,0.004316,0.016050,0.712923
1677113814,368165155,0.402317,0.688941,0.165271,0.701881,0.003487,0.015876,0.712109
1677113814,378384754,0.402271,0.688598,0.165733,0.703085,0.002501,0.015804,0.710926
1677113814,387885229,0.402243,0.688390,0.166260,0.704726,0.001771,0.016098,0.709295
1677113814,397947836,0.402198,0.687981,0.166779,0.705372,0.000861,0.016255,0.708650
1677113814,407637626,0.402295,0.687922,0.167396,0.707349,-0.000449,0.016946,0.706662
1677113814,418163347,0.402187,0.687470,0.167977,0.707491,-0.000729,0.016267,0.706534
1677113814,427986517,0.402294,0.687300,0.168630,0.708470,-0.001444,0.016373,0.705550
1677113814,438125417,0.402350,0.687059,0.169268,0.709155,-0.002007,0.015637,0.704876
1677113814,447992804,0.402561,0.686846,0.169915,0.710102,-0.002468,0.015758,0.703918
1677113814,457593085,0.402622,0.686399,0.170575,0.710758,-0.002069,0.014792,0.703278
1677113814,467768873,0.402816,0.686041,0.171328,0.712538,-0.002283,0.014129,0.701488
1677113814,477960496,0.403159,0.685469,0.172055,0.714255,-0.003123,0.013388,0.699751
1677113814,487824103,0.403303,0.684781,0.172829,0.715964,-0.002641,0.012222,0.698025
1677113814,498286732,0.403631,0.684179,0.173638,0.718404,-0.003214,0.011423,0.695525
1677113814,508351464,0.403791,0.683512,0.174498,0.720526,-0.002580,0.010486,0.693344
1677113814,518284199,0.404044,0.682979,0.175367,0.722724,-0.002716,0.009983,0.691059
1677113814,527924718,0.404101,0.682450,0.176241,0.724151,-0.002051,0.009164,0.689578
1677113814,537726509,0.404327,0.682116,0.177184,0.725524,-0.002556,0.009402,0.688128
1677113814,548071503,0.404405,0.681770,0.178088,0.726365,-0.002722,0.009703,0.687235
1677113814,558419447,0.404349,0.681455,0.179019,0.727071,-0.002797,0.009850,0.686486
1677113814,568120873,0.404396,0.681191,0.179988,0.728255,-0.003756,0.010487,0.685216
1677113814,578257390,0.404381,0.680782,0.180975,0.729292,-0.004537,0.011092,0.684098
1677113814,587936417,0.404199,0.680246,0.181956,0.730198,-0.004311,0.011837,0.683120
1677113814,597892280,0.404162,0.679808,0.182983,0.731847,-0.005160,0.011991,0.681344
1677113814,607717063,0.404214,0.679434,0.184032,0.733496,-0.006087,0.012515,0.679551
1677113814,617733420,0.404121,0.678979,0.185063,0.734446,-0.005801,0.012882,0.678521
1677113814,627758734,0.404228,0.678522,0.186067,0.735103,-0.006326,0.013565,0.677791
1677113814,638044434,0.404206,0.678283,0.187102,0.736317,-0.006185,0.013699,0.676470
1677113814,647720237,0.404308,0.677905,0.188048,0.737043,-0.006670,0.013919,0.675669
1677113814,657523207,0.404337,0.677672,0.189065,0.738187,-0.006482,0.014041,0.674419
1677113814,667919659,0.404490,0.677256,0.190109,0.738850,-0.007169,0.014513,0.673675
1677113814,677836617,0.404451,0.676888,0.191114,0.739785,-0.006721,0.014430,0.672655
1677113814,688019506,0.404583,0.676541,0.192189,0.740932,-0.007204,0.015296,0.671367
1677113814,697853329,0.404599,0.676066,0.193271,0.741880,-0.007487,0.015467,0.670312
1677113814,707819468,0.404569,0.675666,0.194358,0.743029,-0.007382,0.016020,0.669027
1677113814,718050063,0.404557,0.675350,0.195514,0.744469,-0.007918,0.016324,0.667411
1677113814,727700292,0.404589,0.674875,0.196631,0.744817,-0.008190,0.017394,0.666992
1677113814,737663342,0.404483,0.674485,0.197716,0.745356,-0.008355,0.017867,0.666375
1677113814,747877822,0.404470,0.674222,0.198860,0.746182,-0.009128,0.018810,0.665414
1677113814,758289325,0.404475,0.674008,0.200009,0.747128,-0.009616,0.019775,0.664317
1677113814,768647454,0.404368,0.673400,0.201121,0.747080,-0.009618,0.020648,0.664344
1677113814,778042864,0.404313,0.673120,0.202349,0.748877,-0.010068,0.021315,0.662289
1677113814,788168682,0.404265,0.672539,0.203552,0.750022,-0.010216,0.021842,0.660973
1677113814,797758107,0.404265,0.671919,0.204777,0.751194,-0.009906,0.023024,0.659606
1677113814,807718654,0.404318,0.671408,0.206035,0.752475,-0.009966,0.024104,0.658104
1677113814,817943287,0.404280,0.670927,0.207254,0.753649,-0.009544,0.024816,0.656739
1677113814,828205068,0.404350,0.670574,0.208454,0.754528,-0.009326,0.026100,0.655682
1677113814,838264788,0.404379,0.670256,0.209617,0.755269,-0.009797,0.026236,0.654816
1677113814,848064318,0.404408,0.669836,0.210755,0.755060,-0.009897,0.026775,0.655034
1677113814,857396792,0.404553,0.669660,0.211909,0.755162,-0.010738,0.027490,0.654873
1677113814,867678926,0.404547,0.669536,0.213059,0.755450,-0.010609,0.027507,0.654542
1677113814,878081880,0.404714,0.669465,0.214217,0.755796,-0.011375,0.027344,0.654137
1677113814,888537621,0.404839,0.669018,0.215276,0.755167,-0.011252,0.027390,0.654863
1677113814,898159543,0.405049,0.668879,0.216457,0.756105,-0.011370,0.027097,0.653790
1677113814,908416180,0.405315,0.668543,0.217608,0.756476,-0.011062,0.027510,0.653349
1677113814,918473820,0.405476,0.668319,0.218835,0.757440,-0.010170,0.027353,0.652252
1677113814,927784257,0.405704,0.668346,0.220111,0.759060,-0.009319,0.027275,0.650382
1677113814,937673923,0.405908,0.668179,0.221362,0.759950,-0.008338,0.027031,0.649365
1677113814,948180138,0.406174,0.667216,0.222537,0.757979,-0.007223,0.027616,0.651654
1677113814,958594195,0.406402,0.667147,0.223788,0.758509,-0.006553,0.027819,0.651036
1677113814,967897517,0.406540,0.666943,0.224979,0.758410,-0.006001,0.027555,0.651168
1677113814,977562135,0.406716,0.666785,0.226142,0.758289,-0.005971,0.027838,0.651297
1677113814,987992868,0.406859,0.666660,0.227328,0.758825,-0.006380,0.027878,0.650667
1677113814,997748740,0.406993,0.666419,0.228508,0.759239,-0.006574,0.028775,0.650143
1677113815,7633887,0.406984,0.666107,0.229690,0.759738,-0.006731,0.029206,0.649539
1677113815,18513912,0.406849,0.665704,0.230887,0.760128,-0.006797,0.029569,0.649065
1677113815,27922500,0.406874,0.665429,0.232055,0.760703,-0.007511,0.030592,0.648335
1677113815,37770321,0.406737,0.665146,0.233244,0.761246,-0.007710,0.031450,0.647654
1677113815,47925176,0.406574,0.664914,0.234413,0.761503,-0.008107,0.032047,0.647317
1677113815,58096434,0.406519,0.664766,0.235554,0.761642,-0.008805,0.033302,0.647082
1677113815,67837473,0.406467,0.664582,0.236663,0.761347,-0.009504,0.034235,0.647371
1677113815,77838280,0.406327,0.664463,0.237764,0.761276,-0.009845,0.034644,0.647427
1677113815,88139669,0.406253,0.664249,0.238818,0.761246,-0.010251,0.034846,0.647445
1677113815,97670515,0.406423,0.664182,0.239952,0.761825,-0.011415,0.035877,0.646688
1677113815,107899152,0.406491,0.663793,0.240946,0.761520,-0.011442,0.037279,0.646967
1677113815,117956524,0.406827,0.663567,0.242048,0.762391,-0.012555,0.039516,0.645787
1677113815,127753242,0.406993,0.663165,0.243031,0.762530,-0.012585,0.040829,0.645540
1677113815,137880126,0.406389,0.663219,0.244203,0.765039,-0.009775,0.037816,0.642799
1677113815,148484977,0.406518,0.662572,0.245185,0.764955,-0.011078,0.036974,0.642926
1677113815,158112465,0.406426,0.662389,0.246203,0.765778,-0.010517,0.036668,0.641973
1677113815,168249893,0.406517,0.662237,0.247193,0.765944,-0.010726,0.037268,0.641736
1677113815,177940128,0.406545,0.662165,0.248129,0.765829,-0.011115,0.037305,0.641865
1677113815,188180314,0.406625,0.662056,0.249105,0.765794,-0.011681,0.037376,0.641892
1677113815,197798925,0.406734,0.661912,0.250058,0.765449,-0.012256,0.037024,0.642314
1677113815,207768484,0.406846,0.661764,0.251051,0.765369,-0.012035,0.037704,0.642374
1677113815,218410770,0.406920,0.661741,0.252055,0.765908,-0.012157,0.037299,0.641752
1677113815,228319193,0.407207,0.661568,0.253021,0.765922,-0.012457,0.037870,0.641696
1677113815,237611715,0.407348,0.661377,0.253927,0.766518,-0.012438,0.037317,0.641017
1677113815,248033579,0.407435,0.661076,0.254793,0.766723,-0.011044,0.037194,0.640805
1677113815,258528481,0.407820,0.660865,0.255769,0.767753,-0.011284,0.037388,0.639554
1677113815,267863931,0.408041,0.660569,0.256643,0.768316,-0.011042,0.036278,0.638946
1677113815,277633872,0.408319,0.660448,0.257513,0.769233,-0.010563,0.035533,0.637892
1677113815,287975563,0.408653,0.660314,0.258415,0.769724,-0.010142,0.034940,0.637339
1677113815,298404091,0.408905,0.660143,0.259220,0.769211,-0.009108,0.034355,0.638005
1677113815,308269267,0.409243,0.660181,0.260140,0.768874,-0.008806,0.034127,0.638428
1677113815,318631582,0.409577,0.660368,0.261042,0.768266,-0.008823,0.033877,0.639173
1677113815,327956543,0.409811,0.660388,0.261929,0.767369,-0.008936,0.033428,0.640271
1677113815,337603502,0.410094,0.660406,0.262908,0.767221,-0.009315,0.033383,0.640445
1677113815,347743882,0.410337,0.660340,0.263837,0.767587,-0.009158,0.033611,0.639998
1677113815,357721531,0.410500,0.659944,0.264821,0.768141,-0.009021,0.033898,0.639319
1677113815,367933873,0.410616,0.659588,0.265781,0.769339,-0.008722,0.033829,0.637885
1677113815,378241601,0.410824,0.659168,0.266727,0.770418,-0.008886,0.034342,0.636552
1677113815,387989101,0.410915,0.658889,0.267699,0.771517,-0.008852,0.034301,0.635222
1677113815,398120220,0.411169,0.658721,0.268614,0.771843,-0.009131,0.034893,0.634790
1677113815,408178247,0.411367,0.658506,0.269573,0.771205,-0.009589,0.034820,0.635562
1677113815,417869000,0.411564,0.658542,0.270521,0.770255,-0.010336,0.034443,0.636721
1677113815,428365454,0.411688,0.658754,0.271494,0.769957,-0.010154,0.033938,0.637112
1677113815,438508798,0.411933,0.658838,0.272550,0.769705,-0.010466,0.034226,0.637396
1677113815,448271191,0.412201,0.658842,0.273578,0.769786,-0.010741,0.034488,0.637279
1677113815,457773695,0.412214,0.658676,0.274594,0.770516,-0.009908,0.034470,0.636411
1677113815,467695864,0.412373,0.658415,0.275600,0.771354,-0.009938,0.035189,0.635355
1677113815,477655454,0.412403,0.658059,0.276501,0.772085,-0.009400,0.036197,0.634418
1677113815,487839686,0.412367,0.657868,0.277451,0.773292,-0.009227,0.036724,0.632918
1677113815,497831984,0.412362,0.657389,0.278251,0.772876,-0.009211,0.037367,0.633390
1677113815,508233777,0.412489,0.657383,0.279194,0.773848,-0.010342,0.038081,0.632141
1677113815,518323477,0.412546,0.657251,0.279982,0.773665,-0.011206,0.038465,0.632327
1677113815,527918432,0.412565,0.657273,0.280806,0.774060,-0.011889,0.038235,0.631845
1677113815,537743836,0.412641,0.656991,0.281492,0.773022,-0.012300,0.038424,0.633096
1677113815,547702842,0.412794,0.656892,0.282189,0.772963,-0.012390,0.038402,0.633166
1677113815,558407415,0.412784,0.656690,0.282865,0.772988,-0.011321,0.038020,0.633180
1677113815,568198034,0.412816,0.656509,0.283497,0.773509,-0.009998,0.037469,0.632598
1677113815,578319505,0.412997,0.655947,0.283997,0.773094,-0.008857,0.037613,0.633113
1677113815,588812590,0.413163,0.655532,0.284566,0.773613,-0.008068,0.036956,0.632529
1677113815,597861598,0.414289,0.655433,0.285488,0.775668,-0.013692,0.036688,0.629926
1677113815,607605014,0.414682,0.654890,0.286014,0.775094,-0.014526,0.036463,0.630626
1677113815,618110991,0.414894,0.654665,0.286528,0.775060,-0.014675,0.035825,0.630701
1677113815,628164376,0.415263,0.654398,0.287036,0.774921,-0.015960,0.035858,0.630839
1677113815,637911579,0.415348,0.654215,0.287491,0.775432,-0.015715,0.035184,0.630254
1677113815,647947445,0.415088,0.654069,0.288053,0.777120,-0.012284,0.035443,0.628234
1677113815,658218099,0.415332,0.653800,0.288564,0.778451,-0.012622,0.035234,0.626589
1677113815,667527558,0.415575,0.653691,0.289127,0.780315,-0.012742,0.034546,0.624302
1677113815,678273149,0.415838,0.653698,0.289729,0.782521,-0.013021,0.034014,0.621558
1677113815,688668253,0.415934,0.653620,0.290259,0.783583,-0.012002,0.032665,0.620312
1677113815,698795954,0.416267,0.653741,0.290873,0.784913,-0.011578,0.032361,0.618652
1677113815,708377484,0.416630,0.652045,0.291210,0.779669,-0.011342,0.031929,0.625275
1677113815,718300838,0.417000,0.651927,0.291801,0.779372,-0.010938,0.031499,0.625674
1677113815,728171866,0.417230,0.651952,0.292448,0.779374,-0.010018,0.031256,0.625699
1677113815,737642513,0.417492,0.652009,0.293046,0.779402,-0.009451,0.030851,0.625693
1677113815,747623518,0.417762,0.651899,0.293622,0.779275,-0.009220,0.030875,0.625853
1677113815,758043338,0.417923,0.651746,0.294227,0.779365,-0.009413,0.029875,0.625787
1677113815,768269777,0.418079,0.651490,0.294850,0.779445,-0.009420,0.029549,0.625702
1677113815,778516766,0.418255,0.651299,0.295504,0.780012,-0.009366,0.029692,0.624990
1677113815,787908093,0.418458,0.650934,0.296118,0.780265,-0.010051,0.029966,0.624650
1677113815,797864891,0.418547,0.650677,0.296748,0.781019,-0.009572,0.030297,0.623698
1677113815,807639773,0.418700,0.650474,0.297361,0.781446,-0.009829,0.030667,0.623142
1677113815,818005720,0.418822,0.650293,0.297958,0.781733,-0.010089,0.030786,0.622771
1677113815,828154506,0.419084,0.650045,0.298475,0.781114,-0.010919,0.031290,0.623509
1677113815,838486968,0.419405,0.650028,0.298990,0.780766,-0.012127,0.031756,0.623898
1677113815,847869934,0.419745,0.649986,0.299470,0.780326,-0.013412,0.032216,0.624399
1677113815,858060199,0.419990,0.649946,0.299841,0.779947,-0.013926,0.032339,0.624854
1677113815,867894789,0.420351,0.649747,0.300150,0.779337,-0.014790,0.032468,0.625589
1677113815,877744231,0.420879,0.649594,0.300479,0.779303,-0.016483,0.032700,0.625577
1677113815,888396318,0.421433,0.649285,0.300695,0.778955,-0.017938,0.032597,0.625975
1677113815,897807904,0.422036,0.648935,0.300986,0.779058,-0.019483,0.032117,0.625826
1677113815,908287284,0.420583,0.649518,0.301749,0.783991,-0.008761,0.028062,0.620076
1677113815,918416395,0.420886,0.649388,0.302169,0.785076,-0.007536,0.027453,0.618745
1677113815,928531647,0.421139,0.649311,0.302607,0.785853,-0.006045,0.026677,0.617808
1677113815,937944690,0.421410,0.649138,0.302986,0.785951,-0.004889,0.025562,0.617741
1677113815,948055753,0.421333,0.648940,0.303270,0.785399,-0.001759,0.024495,0.618502
1677113815,959131019,0.421428,0.649114,0.303639,0.786054,-0.000015,0.023635,0.617706
1677113815,968329962,0.421290,0.648850,0.303836,0.785209,0.002826,0.022629,0.618811
1677113815,978638787,0.421183,0.648775,0.304061,0.785003,0.005187,0.021722,0.619090
1677113815,987902681,0.421188,0.648801,0.304328,0.785171,0.006263,0.021598,0.618871
1677113815,997881978,0.420960,0.648622,0.304493,0.784577,0.008239,0.020726,0.619630
1677113816,7885700,0.420910,0.648690,0.304726,0.784614,0.008880,0.020677,0.619576
1677113816,18614644,0.420871,0.648768,0.304994,0.784809,0.009366,0.020881,0.619316
1677113816,28534820,0.420856,0.648810,0.305249,0.784800,0.009325,0.021421,0.619308
1677113816,37468105,0.420864,0.648815,0.305497,0.784747,0.008978,0.022244,0.619352
1677113816,48880262,0.420675,0.648770,0.305684,0.784449,0.009872,0.023008,0.619688
1677113816,57668380,0.420510,0.648850,0.305952,0.785010,0.009876,0.023903,0.618943
1677113816,67927454,0.420422,0.648867,0.306172,0.785362,0.009870,0.025080,0.618450
