secs,nsecs,tx,ty,tz,rx,ry,rz,rw
1677113830,347365511,0.296479,0.542606,0.502896,0.553273,-0.247794,-0.259582,0.751734
1677113830,357553573,0.296498,0.542198,0.502712,0.554354,-0.247183,-0.260488,0.750825
1677113830,368038543,0.296740,0.541744,0.502485,0.555829,-0.247166,-0.260832,0.749620
1677113830,378388432,0.296931,0.541354,0.502223,0.557324,-0.246210,-0.261822,0.748478
1677113830,387911607,0.297236,0.541055,0.501858,0.558917,-0.245374,-0.263504,0.746973
1677113830,397640585,0.297633,0.540465,0.501521,0.559626,-0.244674,-0.264708,0.746246
1677113830,407781501,0.298163,0.540278,0.501079,0.561834,-0.243642,-0.266633,0.744237
1677113830,417328151,0.298699,0.539888,0.500669,0.562935,-0.242807,-0.268976,0.742833
1677113830,427350201,0.299178,0.539532,0.500304,0.563627,-0.241599,-0.272382,0.741460
1677113830,437335606,0.299861,0.539284,0.499860,0.564995,-0.240377,-0.275143,0.739795
1677113830,447348961,0.300419,0.538881,0.499458,0.565334,-0.239240,-0.278507,0.738644
1677113830,457702106,0.301084,0.538638,0.499006,0.565922,-0.237237,-0.281123,0.737849
1677113830,467736149,0.301785,0.538533,0.498462,0.566504,-0.236428,-0.284172,0.736493
1677113830,477737662,0.302224,0.538521,0.497948,0.566272,-0.234843,-0.287441,0.735909
1677113830,487397175,0.302733,0.538703,0.497366,0.566252,-0.233960,-0.289977,0.735210
1677113830,497684443,0.303102,0.538879,0.496811,0.565906,-0.232902,-0.291253,0.735309
1677113830,508201712,0.303389,0.539097,0.496208,0.564600,-0.233020,-0.292428,0.735809
1677113830,517851314,0.303674,0.539582,0.495577,0.564063,-0.234015,-0.292739,0.735781
1677113830,527983260,0.303778,0.540047,0.494933,0.562497,-0.235079,-0.292342,0.736798
1677113830,537169587,0.303771,0.540596,0.494291,0.560700,-0.236636,-0.291685,0.737928
1677113830,547532807,0.303689,0.541078,0.493653,0.558470,-0.238140,-0.289764,0.739890
1677113830,557378823,0.303628,0.541898,0.492930,0.556840,-0.239946,-0.287779,0.741309
1677113830,567576178,0.303493,0.542714,0.492146,0.554930,-0.242295,-0.285670,0.742791
1677113830,578664250,0.303219,0.543450,0.491402,0.552190,-0.243997,-0.283218,0.745211
1677113830,588358711,0.303170,0.544123,0.490628,0.549882,-0.247504,-0.280310,0.746859
1677113830,597870904,0.302794,0.544651,0.489931,0.547916,-0.249701,-0.278291,0.748326
1677113830,608487336,0.302428,0.544970,0.489366,0.546962,-0.251284,-0.276187,0.749273
1677113830,617823546,0.302206,0.544862,0.488933,0.546625,-0.253906,-0.274227,0.749355
1677113830,627515799,0.301954,0.544769,0.488502,0.547382,-0.255363,-0.273038,0.748741
1677113830,638072540,0.301703,0.544422,0.488106,0.548105,-0.256583,-0.272912,0.747840
1677113830,647880781,0.301732,0.543984,0.487738,0.549012,-0.258507,-0.273113,0.746438
1677113830,658909025,0.301919,0.543602,0.487239,0.550594,-0.259272,-0.273795,0.744755
1677113830,668397506,0.301989,0.542859,0.486771,0.550475,-0.259033,-0.275104,0.744444
1677113830,677682367,0.302498,0.542377,0.486148,0.551558,-0.259190,-0.276439,0.743092
1677113830,687773540,0.303015,0.541768,0.485508,0.551963,-0.259006,-0.278158,0.742213
1677113830,698038551,0.303450,0.541202,0.484796,0.552011,-0.257895,-0.280354,0.741738
1677113830,707658585,0.303934,0.540706,0.483962,0.552132,-0.256207,-0.282059,0.741587
1677113830,718067497,0.304567,0.540272,0.483075,0.552344,-0.255713,-0.283653,0.740991
1677113830,728611756,0.305277,0.539981,0.482132,0.552739,-0.255452,-0.285159,0.740208
1677113830,737679014,0.305763,0.539417,0.481206,0.552057,-0.254667,-0.286762,0.740368
1677113830,747485253,0.306190,0.539063,0.480176,0.552088,-0.253140,-0.288928,0.740027
1677113830,757621776,0.306809,0.538583,0.479241,0.552014,-0.253458,-0.290004,0.739552
1677113830,768440201,0.307619,0.538174,0.478243,0.552626,-0.254574,-0.290909,0.738356
1677113830,777526862,0.308162,0.537760,0.477181,0.552337,-0.254914,-0.292756,0.737724
1677113830,787439877,0.308828,0.537410,0.476056,0.552926,-0.255083,-0.293714,0.736843
1677113830,797873628,0.309378,0.537128,0.474830,0.553119,-0.254435,-0.295064,0.736382
1677113830,807831120,0.310183,0.536955,0.473472,0.553777,-0.254680,-0.295879,0.735476
1677113830,817622371,0.310667,0.536767,0.472112,0.553564,-0.253462,-0.297476,0.735413
1677113830,827943542,0.311429,0.536518,0.470657,0.553119,-0.253055,-0.298193,0.735597
1677113830,837480685,0.312186,0.536472,0.469126,0.553404,-0.252623,-0.299064,0.735178
1677113830,848072253,0.312839,0.536316,0.467521,0.552647,-0.252437,-0.300460,0.735241
1677113830,858134209,0.313477,0.536290,0.465888,0.552386,-0.251637,-0.301288,0.735374
1677113830,868254669,0.314300,0.536272,0.464201,0.552202,-0.251899,-0.301499,0.735335
1677113830,877549186,0.315165,0.536802,0.462280,0.554393,-0.249816,-0.301213,0.734514
1677113830,887285941,0.315523,0.536476,0.460778,0.552131,-0.249695,-0.301803,0.736015
1677113830,898640843,0.315982,0.536531,0.459105,0.551792,-0.249543,-0.302717,0.735946
1677113830,908669267,0.316560,0.536583,0.457410,0.552260,-0.249508,-0.302492,0.735699
1677113830,918484978,0.317202,0.536676,0.455684,0.552952,-0.249785,-0.301995,0.735289
1677113830,928635073,0.317904,0.536583,0.453868,0.552211,-0.251247,-0.301949,0.735367
1677113830,937870244,0.318344,0.536881,0.452065,0.552944,-0.249779,-0.301629,0.735447
1677113830,947581775,0.319016,0.537441,0.450127,0.554001,-0.249224,-0.301543,0.734875
1677113830,957205711,0.319811,0.537975,0.448105,0.554419,-0.248916,-0.301219,0.734798
1677113830,967432672,0.320735,0.538553,0.446001,0.554495,-0.248488,-0.300216,0.735296
1677113830,977779954,0.321324,0.539032,0.443863,0.552813,-0.247269,-0.301323,0.736519
1677113830,988315512,0.322393,0.539709,0.441671,0.552932,-0.246551,-0.300739,0.736909
1677113830,998221991,0.323288,0.540255,0.439444,0.552323,-0.245530,-0.301265,0.737492
1677113831,7288013,0.324259,0.540821,0.437178,0.552243,-0.244656,-0.302168,0.737472
1677113831,17449565,0.325393,0.541348,0.434904,0.552476,-0.243911,-0.302235,0.737517
1677113831,27797089,0.326587,0.542147,0.432467,0.553623,-0.243034,-0.303137,0.736576
1677113831,37558368,0.327346,0.542539,0.430165,0.552259,-0.241211,-0.304733,0.737540
1677113831,47717899,0.328459,0.543214,0.427733,0.552557,-0.240374,-0.305277,0.737365
1677113831,58381296,0.329214,0.543805,0.425265,0.551719,-0.238462,-0.305940,0.738338
1677113831,68318558,0.330040,0.544687,0.422730,0.551694,-0.236968,-0.306058,0.738789
1677113831,77938444,0.330801,0.545522,0.420191,0.550953,-0.236360,-0.305824,0.739633
1677113831,87290251,0.331364,0.546450,0.417628,0.549804,-0.235444,-0.305153,0.741055
1677113831,97480283,0.331980,0.547525,0.414994,0.549261,-0.235053,-0.303436,0.742286
1677113831,107872713,0.332461,0.548614,0.412362,0.548189,-0.235415,-0.302214,0.743462
1677113831,118187363,0.332973,0.549761,0.409716,0.547556,-0.235641,-0.300166,0.744685
1677113831,127855814,0.333340,0.550782,0.407055,0.546318,-0.235202,-0.298229,0.746510
1677113831,137443974,0.333711,0.551674,0.404419,0.544622,-0.235129,-0.296669,0.748391
1677113831,147882518,0.334330,0.552677,0.401741,0.542768,-0.238716,-0.296473,0.748680
1677113831,157970200,0.334711,0.553704,0.399075,0.541997,-0.238833,-0.296988,0.748997
1677113831,167707414,0.335228,0.554519,0.396463,0.541240,-0.238779,-0.296884,0.749602
1677113831,177885153,0.335768,0.555267,0.393869,0.540758,-0.238360,-0.297418,0.749872
1677113831,188196597,0.336367,0.555938,0.391265,0.540259,-0.238170,-0.298459,0.749878
1677113831,197800754,0.337174,0.556473,0.388653,0.539984,-0.238132,-0.298655,0.750010
1677113831,207692390,0.337941,0.557158,0.386027,0.540313,-0.237521,-0.299438,0.749655
1677113831,218118796,0.338519,0.557601,0.383395,0.539047,-0.237146,-0.301186,0.749985
1677113831,227585013,0.339140,0.558115,0.380735,0.538160,-0.236813,-0.302944,0.750019
1677113831,237882736,0.339707,0.558718,0.378040,0.537388,-0.236053,-0.305174,0.749908
1677113831,247916872,0.341216,0.559269,0.375208,0.538367,-0.236825,-0.303869,0.749492
1677113831,257519842,0.341900,0.559858,0.372469,0.538174,-0.235045,-0.305351,0.749589
1677113831,267343027,0.342671,0.560397,0.369701,0.538066,-0.234110,-0.306965,0.749299
1677113831,278092334,0.343747,0.561072,0.366879,0.539365,-0.233615,-0.307481,0.748308
1677113831,288368675,0.344360,0.561502,0.364155,0.538825,-0.231004,-0.308696,0.749008
1677113831,297908493,0.345341,0.561992,0.361378,0.538900,-0.230143,-0.309368,0.748941
1677113831,308202475,0.346259,0.562571,0.358590,0.539324,-0.229190,-0.310359,0.748518
1677113831,318422385,0.347159,0.563075,0.355816,0.539566,-0.227988,-0.310965,0.748459
1677113831,327837765,0.347979,0.563554,0.353115,0.539385,-0.227184,-0.311979,0.748412
1677113831,337869372,0.348709,0.564070,0.350401,0.539842,-0.225963,-0.313251,0.747920
1677113831,347404314,0.349356,0.564433,0.347820,0.539712,-0.224948,-0.314691,0.747716
1677113831,357678188,0.350142,0.564840,0.345278,0.540073,-0.224774,-0.315515,0.747160
1677113831,367833749,0.350906,0.565063,0.342764,0.539713,-0.224382,-0.316123,0.747281
1677113831,378564362,0.351510,0.565476,0.340211,0.539487,-0.223350,-0.317493,0.747173
1677113831,388501782,0.352191,0.566075,0.337677,0.540276,-0.222031,-0.318745,0.746462
1677113831,397395543,0.352795,0.566810,0.335159,0.543175,-0.217045,-0.318923,0.745749
1677113831,407967607,0.353516,0.566412,0.332771,0.539849,-0.218780,-0.318794,0.747709
1677113831,417350822,0.354243,0.566540,0.330423,0.540018,-0.219403,-0.319192,0.747234
1677113831,427427032,0.354738,0.566923,0.328143,0.541491,-0.219466,-0.320900,0.745416
1677113831,438140023,0.355012,0.566763,0.325977,0.540943,-0.219124,-0.321758,0.745544
1677113831,447456120,0.355530,0.566878,0.323792,0.541974,-0.219644,-0.322348,0.744387
1677113831,458249287,0.355883,0.567025,0.321641,0.542839,-0.219412,-0.323213,0.743450
1677113831,468041562,0.356270,0.567063,0.319486,0.543589,-0.218994,-0.323849,0.742748
1677113831,477550341,0.356665,0.567202,0.317426,0.544643,-0.218082,-0.324617,0.741908
1677113831,487450967,0.356981,0.567209,0.315379,0.545014,-0.216961,-0.325459,0.741596
1677113831,498311038,0.357616,0.567301,0.313342,0.546269,-0.217348,-0.326048,0.740299
1677113831,507770856,0.357952,0.567380,0.311410,0.546921,-0.216011,-0.327272,0.739668
1677113831,517606808,0.358288,0.567410,0.309523,0.547482,-0.215231,-0.328735,0.738832
1677113831,528264272,0.358666,0.567331,0.307705,0.547844,-0.214613,-0.329084,0.738588
1677113831,537652925,0.358964,0.567423,0.305911,0.548478,-0.214148,-0.330617,0.737567
1677113831,547417882,0.359449,0.567443,0.304175,0.549141,-0.214274,-0.330804,0.736953
1677113831,557679977,0.359560,0.567603,0.302530,0.549417,-0.213401,-0.332470,0.736251
1677113831,568074761,0.359903,0.567710,0.300926,0.549901,-0.213133,-0.332646,0.735887
1677113831,577785723,0.360002,0.567758,0.299409,0.549710,-0.211635,-0.332649,0.736460
1677113831,588393270,0.360163,0.567841,0.297916,0.549250,-0.210263,-0.332906,0.737080
1677113831,597975161,0.360784,0.568513,0.296190,0.550661,-0.210404,-0.332799,0.736035
1677113831,607621089,0.361128,0.568811,0.294665,0.550471,-0.209960,-0.333112,0.736163
1677113831,617304439,0.361467,0.569140,0.293218,0.550670,-0.209281,-0.333612,0.735981
1677113831,627556089,0.361919,0.569321,0.291800,0.550245,-0.210418,-0.333939,0.735826
1677113831,637676395,0.362362,0.569622,0.290378,0.550455,-0.210328,-0.334107,0.735618
1677113831,648143462,0.362785,0.569894,0.289085,0.550477,-0.210818,-0.334682,0.735200
1677113831,657762334,0.362902,0.570255,0.287781,0.550295,-0.209520,-0.335715,0.735236
1677113831,667722195,0.363237,0.570437,0.286511,0.549755,-0.210024,-0.336204,0.735273
1677113831,677405443,0.363737,0.570513,0.285306,0.549068,-0.212034,-0.336407,0.735116
1677113831,687428147,0.363928,0.571078,0.283977,0.549793,-0.210466,-0.337042,0.734735
1677113831,697971889,0.364221,0.571359,0.282753,0.549563,-0.211052,-0.337525,0.734517
1677113831,707442082,0.364540,0.571832,0.281426,0.549796,-0.210234,-0.337376,0.734645
1677113831,717453798,0.364506,0.572388,0.280256,0.549997,-0.207550,-0.337469,0.735215
1677113831,727585468,0.365082,0.572725,0.279029,0.549584,-0.209224,-0.337650,0.734966
1677113831,737610211,0.364966,0.573616,0.277817,0.550483,-0.206018,-0.338325,0.734889
1677113831,747438008,0.365354,0.574205,0.276608,0.550614,-0.206282,-0.338074,0.734832
1677113831,757342199,0.365764,0.574707,0.275410,0.550020,-0.206903,-0.337832,0.735214
1677113831,767788159,0.366042,0.575181,0.274217,0.548478,-0.207809,-0.338614,0.735750
1677113831,778340428,0.366363,0.575923,0.273054,0.549354,-0.206945,-0.338032,0.735608
1677113831,788166700,0.366516,0.576489,0.271998,0.549055,-0.206243,-0.338532,0.735798
1677113831,798116445,0.366049,0.577161,0.270948,0.548017,-0.202572,-0.340419,0.736720
1677113831,807459659,0.366584,0.577263,0.269900,0.546480,-0.205421,-0.340088,0.737226
1677113831,817219376,0.367329,0.577847,0.268533,0.546153,-0.208171,-0.340395,0.736555
1677113831,827901570,0.367597,0.578885,0.267333,0.548279,-0.205871,-0.340097,0.735759
1677113831,838470468,0.367592,0.579725,0.266241,0.549441,-0.202721,-0.340158,0.735739
1677113831,848616851,0.367987,0.580135,0.265026,0.547564,-0.204710,-0.340153,0.736590
1677113831,858067175,0.368314,0.581019,0.263765,0.548263,-0.204673,-0.340298,0.736012
1677113831,868048190,0.368545,0.581628,0.262563,0.547370,-0.204306,-0.339998,0.736917
1677113831,877272615,0.368863,0.582582,0.261232,0.547315,-0.204390,-0.339991,0.736938
1677113831,887359828,0.369160,0.583547,0.259919,0.546926,-0.203665,-0.339776,0.737526
1677113831,897796263,0.369437,0.584637,0.258492,0.545733,-0.202803,-0.339885,0.738597
1677113831,908359329,0.370006,0.585777,0.256952,0.545093,-0.202698,-0.339046,0.739483
1677113831,918595136,0.370339,0.587166,0.255412,0.544547,-0.201298,-0.339269,0.740165
1677113831,928261284,0.370843,0.588257,0.253820,0.542321,-0.201462,-0.339219,0.741776
1677113831,938269593,0.371478,0.589726,0.252181,0.542596,-0.200533,-0.338253,0.742267
1677113831,947924341,0.371751,0.590921,0.250696,0.540984,-0.198922,-0.338308,0.743851
1677113831,957759072,0.372335,0.592035,0.249109,0.538951,-0.199463,-0.337166,0.745698
1677113831,967699654,0.372837,0.593394,0.247465,0.537988,-0.198663,-0.336249,0.747020
1677113831,977678082,0.373191,0.594716,0.245888,0.536305,-0.198022,-0.336397,0.748332
1677113831,988418941,0.373452,0.596069,0.244342,0.535299,-0.196585,-0.336029,0.749596
1677113831,998390020,0.373653,0.597463,0.242779,0.534015,-0.195544,-0.336598,0.750528
1677113832,7677114,0.374024,0.598771,0.241222,0.533048,-0.195519,-0.336203,0.751399
1677113832,17060228,0.374463,0.600319,0.239555,0.532535,-0.195503,-0.336021,0.751848
1677113832,27677978,0.374838,0.601507,0.237970,0.530144,-0.195309,-0.335347,0.753886
1677113832,38093491,0.375272,0.602942,0.236285,0.528883,-0.195010,-0.334824,0.755080
1677113832,48122578,0.375829,0.604384,0.234586,0.527387,-0.195006,-0.333999,0.756492
1677113832,57629894,0.376219,0.605634,0.232918,0.525755,-0.193746,-0.332855,0.758454
1677113832,67325235,0.376286,0.607530,0.231216,0.525040,-0.190949,-0.334947,0.758737
1677113832,77549179,0.376684,0.608833,0.229628,0.523390,-0.191888,-0.335000,0.759616
1677113832,87414242,0.376970,0.610154,0.228020,0.522254,-0.191057,-0.334581,0.760791
1677113832,97584669,0.377297,0.611474,0.226362,0.521325,-0.190219,-0.334025,0.761882
1677113832,108388308,0.377642,0.612814,0.224680,0.520404,-0.189040,-0.333249,0.763144
1677113832,118172123,0.377992,0.614253,0.222917,0.519404,-0.188077,-0.332877,0.764225
1677113832,127913797,0.378400,0.615579,0.221156,0.517875,-0.187076,-0.332131,0.765831
1677113832,137385140,0.378859,0.617003,0.219359,0.516842,-0.185464,-0.331407,0.767233
1677113832,147184970,0.379422,0.618612,0.217476,0.516180,-0.185470,-0.331782,0.767515
1677113832,157339359,0.379938,0.619928,0.215688,0.515572,-0.184274,-0.331253,0.768440
1677113832,168159697,0.380395,0.621164,0.213980,0.514717,-0.183135,-0.331125,0.769340
1677113832,178180319,0.380725,0.622316,0.212338,0.513851,-0.182005,-0.331308,0.770108
1677113832,188308529,0.380885,0.623428,0.210787,0.512961,-0.180393,-0.332157,0.770715
1677113832,197566065,0.381195,0.624462,0.209210,0.512108,-0.179962,-0.332674,0.771159
1677113832,207621723,0.381687,0.625627,0.207568,0.512559,-0.179606,-0.332283,0.771111
1677113832,217220295,0.382121,0.626732,0.205937,0.512455,-0.179527,-0.332162,0.771251
1677113832,227675219,0.382402,0.627810,0.204323,0.511951,-0.178444,-0.332616,0.771642
1677113832,238470602,0.382622,0.628940,0.202725,0.511673,-0.176722,-0.332637,0.772213
1677113832,247966574,0.383057,0.629956,0.201106,0.511000,-0.176550,-0.332514,0.772751
1677113832,258318893,0.383470,0.631082,0.199482,0.511285,-0.175816,-0.332041,0.772932
1677113832,268038334,0.383604,0.632054,0.197979,0.510598,-0.174642,-0.332790,0.773331
1677113832,278002254,0.383775,0.632930,0.196506,0.510325,-0.173609,-0.333074,0.773621
1677113832,287393705,0.384239,0.633886,0.194977,0.511341,-0.173573,-0.332136,0.773361
1677113832,298231516,0.384468,0.634651,0.193580,0.511241,-0.173719,-0.332287,0.773331
1677113832,308223300,0.384424,0.635479,0.192205,0.511037,-0.172221,-0.333088,0.773456
1677113832,317754080,0.384823,0.636244,0.190787,0.511641,-0.172318,-0.332294,0.773376
1677113832,327548688,0.385207,0.637130,0.189371,0.512599,-0.171838,-0.332086,0.772938
1677113832,337600737,0.385226,0.637802,0.188113,0.511566,-0.170371,-0.333014,0.773548
1677113832,347483316,0.385785,0.638642,0.186755,0.512169,-0.170767,-0.332735,0.773181
1677113832,357603116,0.385906,0.639294,0.185553,0.511154,-0.169226,-0.333357,0.773924
1677113832,368111917,0.386286,0.640031,0.184303,0.510704,-0.169203,-0.333973,0.773960
1677113832,377732946,0.386715,0.640682,0.183137,0.510074,-0.169387,-0.334137,0.774264
1677113832,388362936,0.387028,0.641252,0.182083,0.509229,-0.169138,-0.334352,0.774782
1677113832,398883915,0.387433,0.641737,0.181038,0.508610,-0.169605,-0.334068,0.775209
1677113832,408562010,0.387653,0.642272,0.180049,0.508153,-0.169546,-0.334299,0.775422
1677113832,417467991,0.387911,0.642744,0.179115,0.508136,-0.168885,-0.333922,0.775740
1677113832,427576961,0.388093,0.643324,0.178178,0.508673,-0.168123,-0.334247,0.775413
1677113832,437737707,0.388206,0.643718,0.177371,0.508647,-0.166872,-0.334404,0.775633
1677113832,447822152,0.388655,0.644040,0.176539,0.509041,-0.167673,-0.334060,0.775350
1677113832,458695192,0.388870,0.644403,0.175817,0.509301,-0.167230,-0.334278,0.775181
1677113832,468146565,0.389152,0.644739,0.175148,0.509909,-0.167211,-0.334585,0.774653
1677113832,477737437,0.389438,0.644940,0.174499,0.509831,-0.167653,-0.334907,0.774469
1677113832,487407424,0.389618,0.645204,0.173885,0.510126,-0.166861,-0.335047,0.774385
1677113832,498063310,0.389949,0.645522,0.173272,0.510398,-0.166930,-0.334941,0.774237
1677113832,507884881,0.390099,0.645827,0.172717,0.510057,-0.166917,-0.335666,0.774150
1677113832,518566159,0.390274,0.646045,0.172281,0.509958,-0.166888,-0.335482,0.774302
1677113832,528821238,0.390372,0.646132,0.172137,0.511379,-0.168937,-0.334605,0.773299
1677113832,537808662,0.390081,0.646148,0.172216,0.513577,-0.170573,-0.333416,0.771995
1677113832,547460234,0.389914,0.646340,0.172117,0.515349,-0.172272,-0.331742,0.771158
1677113832,557181217,0.389769,0.646707,0.171835,0.515714,-0.172569,-0.330322,0.771457
1677113832,567250438,0.389897,0.647201,0.171496,0.516594,-0.174371,-0.328298,0.771327
1677113832,577208693,0.389616,0.647606,0.171377,0.517352,-0.175018,-0.326683,0.771358
1677113832,587717707,0.389427,0.647932,0.171311,0.518802,-0.177275,-0.324392,0.770836
1677113832,597823702,0.389247,0.648502,0.171147,0.520309,-0.179128,-0.322537,0.770170
1677113832,607749314,0.389157,0.648957,0.170914,0.520224,-0.180636,-0.320330,0.770796
1677113832,617266990,0.389125,0.649496,0.170705,0.520662,-0.182340,-0.318241,0.770964
1677113832,627393563,0.388875,0.649929,0.170580,0.520762,-0.183620,-0.316466,0.771324
1677113832,637616973,0.388702,0.650536,0.170454,0.522193,-0.185088,-0.314396,0.770852
1677113832,648435671,0.388802,0.651048,0.170229,0.523188,-0.187074,-0.311507,0.770870
1677113832,658296344,0.388692,0.651772,0.169948,0.524557,-0.187819,-0.309857,0.770424
1677113832,667672340,0.388749,0.652348,0.169747,0.525653,-0.189357,-0.307626,0.770194
1677113832,677514864,0.388706,0.652893,0.169609,0.527059,-0.190038,-0.304934,0.770136
1677113832,687334841,0.388729,0.653431,0.169456,0.528973,-0.191158,-0.302839,0.769373
1677113832,697512231,0.388826,0.653934,0.169257,0.530247,-0.191534,-0.300574,0.769290
1677113832,707611100,0.389068,0.654351,0.169014,0.531506,-0.191868,-0.298354,0.769203
1677113832,718324557,0.389228,0.654746,0.168849,0.532490,-0.192701,-0.297662,0.768582
1677113832,727696975,0.389642,0.655070,0.168685,0.533800,-0.193418,-0.296016,0.768128
1677113832,737367879,0.390212,0.655335,0.168486,0.535202,-0.194624,-0.294603,0.767392
1677113832,747698241,0.390759,0.655736,0.168269,0.536374,-0.195051,-0.294293,0.766583
1677113832,757828119,0.391278,0.655743,0.168139,0.536520,-0.195605,-0.293822,0.766520
1677113832,767890438,0.391759,0.655947,0.167967,0.538109,-0.195869,-0.293941,0.765293
1677113832,778434084,0.392210,0.656053,0.167828,0.539598,-0.195519,-0.293619,0.764457
1677113832,788079944,0.392716,0.656058,0.167684,0.540646,-0.195760,-0.293538,0.763686
1677113832,797287756,0.393270,0.656155,0.167468,0.541890,-0.195543,-0.293212,0.762984
1677113832,807673697,0.393779,0.656116,0.167327,0.543311,-0.195036,-0.292472,0.762388
1677113832,817331938,0.394247,0.656163,0.167252,0.544669,-0.194387,-0.292256,0.761666
1677113832,828418665,0.394828,0.656179,0.167161,0.545902,-0.194185,-0.292051,0.760913
1677113832,838377936,0.395455,0.656259,0.167054,0.546868,-0.193751,-0.292036,0.760336
1677113832,848665427,0.396280,0.656355,0.166947,0.547953,-0.193736,-0.291495,0.759766
1677113832,857578513,0.396890,0.656402,0.166855,0.548902,-0.193093,-0.291721,0.759158
1677113832,867909586,0.397404,0.656442,0.166804,0.549453,-0.191750,-0.291490,0.759188
1677113832,877316988,0.398066,0.656544,0.166677,0.550243,-0.191664,-0.291202,0.758748
1677113832,887230124,0.398604,0.656608,0.166625,0.550656,-0.191159,-0.290867,0.758705
1677113832,897461789,0.399144,0.656915,0.166574,0.551796,-0.190811,-0.290561,0.758081
1677113832,908201235,0.399504,0.656991,0.166546,0.551922,-0.189562,-0.289674,0.758642
1677113832,917608432,0.400123,0.657154,0.166494,0.552301,-0.190123,-0.288230,0.758776
1677113832,927288257,0.400672,0.657384,0.166500,0.553085,-0.190152,-0.286930,0.758690
1677113832,937835059,0.400846,0.657435,0.166580,0.552278,-0.188828,-0.286924,0.759610
1677113832,947911436,0.401608,0.657791,0.166541,0.553293,-0.189468,-0.285612,0.759207
1677113832,957191114,0.402166,0.657921,0.166509,0.552980,-0.189390,-0.284757,0.759775
1677113832,967664983,0.402541,0.658247,0.166472,0.553061,-0.188443,-0.284396,0.760087
1677113832,978028029,0.403132,0.658619,0.166396,0.553847,-0.188347,-0.283104,0.760021
1677113832,987845025,0.403559,0.658968,0.166354,0.554478,-0.187865,-0.281546,0.760259
1677113832,998063853,0.404058,0.659368,0.166291,0.554837,-0.187842,-0.279405,0.760791
1677113833,7551815,0.404432,0.659832,0.166200,0.555658,-0.187454,-0.277266,0.761070
1677113833,17722014,0.404700,0.660324,0.166110,0.556227,-0.187568,-0.275478,0.761276
1677113833,27401720,0.405060,0.660589,0.166090,0.556762,-0.187601,-0.272174,0.762065
1677113833,37784718,0.405304,0.661081,0.166004,0.557805,-0.187173,-0.270380,0.762046
1677113833,47520563,0.405659,0.661389,0.165872,0.558283,-0.187025,-0.268479,0.762405
1677113833,57997851,0.406083,0.661629,0.165733,0.559139,-0.186663,-0.266298,0.762631
1677113833,68112995,0.406551,0.661892,0.165584,0.560372,-0.186330,-0.264418,0.762461
1677113833,78061650,0.406975,0.662100,0.165440,0.561759,-0.185425,-0.262456,0.762339
1677113833,87613898,0.407438,0.662352,0.165258,0.563616,-0.184687,-0.260687,0.761755
1677113833,97657753,0.407766,0.662438,0.165117,0.564920,-0.183234,-0.258923,0.761741
1677113833,107558452,0.408081,0.662422,0.164996,0.566123,-0.182098,-0.257204,0.761703
1677113833,117986091,0.408579,0.662529,0.164813,0.568165,-0.181401,-0.254913,0.761118
1677113833,128398509,0.408997,0.662402,0.164691,0.569575,-0.180393,-0.253093,0.760912
1677113833,137691738,0.409556,0.662269,0.164568,0.571199,-0.179612,-0.251058,0.760553
1677113833,147354275,0.410020,0.662205,0.164409,0.573045,-0.177869,-0.250468,0.759768
1677113833,157668375,0.410941,0.662086,0.164296,0.575270,-0.176836,-0.248675,0.758916
1677113833,168527412,0.411589,0.661998,0.164198,0.576427,-0.174037,-0.248647,0.758695
1677113833,177231735,0.412598,0.661999,0.164048,0.578322,-0.172061,-0.247851,0.757964
1677113833,187338952,0.413589,0.662020,0.163950,0.579659,-0.169460,-0.246690,0.757907
1677113833,198676090,0.414618,0.662237,0.163847,0.581418,-0.167089,-0.245468,0.757483
1677113833,207670148,0.415579,0.662313,0.163778,0.582023,-0.164456,-0.243459,0.758242
1677113833,217333695,0.416341,0.662773,0.163637,0.583205,-0.161203,-0.242088,0.758472
1677113833,227550786,0.417298,0.663316,0.163497,0.584648,-0.158527,-0.238726,0.758990
1677113833,237255734,0.418319,0.664084,0.163385,0.586115,-0.156057,-0.234696,0.759627
1677113833,247411989,0.419081,0.664928,0.163352,0.586840,-0.152755,-0.230546,0.761008
1677113833,258198266,0.419668,0.665599,0.163435,0.586929,-0.149757,-0.226040,0.762885
1677113833,267901493,0.420302,0.666472,0.163474,0.588199,-0.147534,-0.221609,0.763640
1677113833,278198174,0.420959,0.667161,0.163567,0.589119,-0.144938,-0.216373,0.764927
1677113833,287943572,0.421551,0.667743,0.163645,0.588815,-0.141763,-0.212187,0.766927
1677113833,297533823,0.422382,0.668450,0.163740,0.588792,-0.138684,-0.208606,0.768488
1677113833,307824376,0.423170,0.669009,0.163869,0.588343,-0.134917,-0.205554,0.770323
1677113833,318709679,0.424194,0.669647,0.163912,0.588783,-0.131596,-0.202340,0.771412
1677113833,328549492,0.425155,0.670209,0.163967,0.588810,-0.128071,-0.200315,0.772512
1677113833,338025425,0.426343,0.670921,0.163955,0.589332,-0.124881,-0.197541,0.773350
1677113833,347996906,0.427291,0.671676,0.163941,0.589844,-0.120502,-0.195617,0.774143
1677113833,357306526,0.428274,0.672468,0.163924,0.590676,-0.116289,-0.192436,0.774950
1677113833,367929622,0.429234,0.673336,0.163914,0.591985,-0.112448,-0.189013,0.775360
1677113833,377789118,0.429897,0.674029,0.163918,0.592834,-0.107453,-0.185102,0.776362
1677113833,388317021,0.430582,0.674878,0.163923,0.594883,-0.103053,-0.180596,0.776453
1677113833,397875550,0.431038,0.675575,0.163925,0.596523,-0.097767,-0.176167,0.776896
1677113833,407615070,0.431599,0.676319,0.163889,0.598069,-0.093183,-0.171566,0.777300
1677113833,417155896,0.432211,0.677133,0.163815,0.599434,-0.088677,-0.167746,0.777610
1677113833,427777944,0.433055,0.677901,0.163699,0.600486,-0.085260,-0.163484,0.778088
1677113833,437892420,0.433585,0.678549,0.163567,0.600674,-0.080262,-0.160324,0.779131
1677113833,448174087,0.433993,0.678522,0.163692,0.598158,-0.073318,-0.155997,0.782622
1677113833,457390035,0.434989,0.679961,0.163439,0.602405,-0.073139,-0.153631,0.779844
1677113833,467464014,0.435102,0.679752,0.163716,0.599464,-0.066214,-0.150625,0.783308
1677113833,477456756,0.435849,0.680435,0.163741,0.600736,-0.063803,-0.147314,0.783163
1677113833,487281205,0.436256,0.680941,0.163824,0.600797,-0.060272,-0.145468,0.783741
1677113833,497167111,0.436910,0.681603,0.163920,0.602010,-0.057973,-0.143579,0.783332
1677113833,507192166,0.437512,0.682207,0.164045,0.602919,-0.054132,-0.141639,0.783260
1677113833,517619440,0.438218,0.682860,0.164157,0.603501,-0.049902,-0.140308,0.783333
1677113833,527206788,0.439084,0.683755,0.164198,0.604443,-0.045854,-0.139735,0.782956
1677113833,537291430,0.439875,0.684521,0.164188,0.604388,-0.041177,-0.139675,0.783269
1677113833,547116247,0.440708,0.685118,0.164193,0.604238,-0.037372,-0.139866,0.783542
1677113833,557280001,0.441448,0.685695,0.164123,0.604806,-0.034073,-0.140410,0.783156
1677113833,567541871,0.442197,0.686146,0.164058,0.605077,-0.031216,-0.140008,0.783138
1677113833,578203054,0.442759,0.686603,0.163966,0.604625,-0.028772,-0.140045,0.783574
1677113833,587773266,0.443127,0.687208,0.163898,0.604425,-0.026499,-0.139531,0.783900
1677113833,597519285,0.443246,0.687908,0.163911,0.604097,-0.024255,-0.138659,0.784380
1677113833,607903799,0.443149,0.688683,0.163944,0.603915,-0.022390,-0.136802,0.784902
1677113833,617326628,0.443061,0.689539,0.163994,0.603630,-0.021780,-0.133185,0.785760
1677113833,627575307,0.442410,0.690707,0.163983,0.603839,-0.020280,-0.129975,0.786176
1677113833,637692351,0.441811,0.691559,0.164051,0.602877,-0.019834,-0.124420,0.787823
1677113833,647792388,0.440957,0.692519,0.164057,0.602901,-0.020599,-0.119047,0.788615
1677113833,657630903,0.439908,0.693419,0.164057,0.603132,-0.021543,-0.112956,0.789309
1677113833,667374496,0.438931,0.694036,0.164073,0.602544,-0.023482,-0.105888,0.790682
1677113833,677533984,0.437587,0.694695,0.164062,0.602149,-0.024097,-0.099610,0.791779
1677113833,687206594,0.436525,0.695378,0.164045,0.601690,-0.026164,-0.092791,0.792890
1677113833,697895627,0.435288,0.696038,0.164073,0.601340,-0.028422,-0.087361,0.793694
1677113833,707953822,0.434190,0.696396,0.164165,0.600386,-0.030476,-0.081159,0.794998
1677113833,717679873,0.433098,0.696977,0.164229,0.600499,-0.031888,-0.075544,0.795410
1677113833,728091528,0.432156,0.697545,0.164243,0.600079,-0.033498,-0.070407,0.796132
1677113833,737688713,0.431558,0.698668,0.164129,0.602604,-0.035350,-0.065358,0.794574
1677113833,747781731,0.430322,0.698589,0.164208,0.599728,-0.033482,-0.062951,0.797021
1677113833,757646753,0.429513,0.698981,0.164113,0.599621,-0.032434,-0.060317,0.797348
1677113833,768157294,0.429298,0.700293,0.163771,0.604302,-0.033442,-0.056863,0.794020
1677113833,777976773,0.428554,0.700611,0.163627,0.605194,-0.031670,-0.056197,0.793460
1677113833,787728076,0.428181,0.700575,0.163641,0.605106,-0.030942,-0.054059,0.793705
1677113833,798448069,0.428042,0.700976,0.163621,0.606776,-0.031251,-0.052794,0.792502
1677113833,807683412,0.427835,0.701108,0.163546,0.607156,-0.030299,-0.052233,0.792285
1677113833,818137690,0.427571,0.701354,0.163471,0.607578,-0.029749,-0.053217,0.791917
1677113833,827900921,0.427623,0.701680,0.163440,0.608571,-0.029305,-0.052527,0.791216
1677113833,837538334,0.427566,0.701701,0.163437,0.608142,-0.028714,-0.052724,0.791555
1677113833,847355494,0.427446,0.701814,0.163440,0.608075,-0.028400,-0.053398,0.791572
1677113833,857876055,0.427267,0.701981,0.163474,0.608680,-0.027405,-0.053346,0.791146
1677113833,867853605,0.426910,0.702282,0.163400,0.609413,-0.025216,-0.052965,0.790680
1677113833,878186903,0.426599,0.702761,0.163289,0.609676,-0.022955,-0.051449,0.790646
1677113833,889022197,0.426295,0.703418,0.163182,0.610466,-0.022068,-0.049232,0.790202
1677113833,897739487,0.425711,0.703728,0.163175,0.610251,-0.020565,-0.046642,0.790567
1677113833,907835466,0.425122,0.704212,0.163194,0.611407,-0.019701,-0.042876,0.789908
1677113833,918034212,0.424245,0.704635,0.163100,0.612200,-0.017480,-0.038960,0.789549
1677113833,928220235,0.423308,0.704973,0.163012,0.612090,-0.016804,-0.035442,0.789815
1677113833,937635955,0.422353,0.705288,0.162972,0.612594,-0.017500,-0.032163,0.789549
1677113833,947702776,0.421346,0.705258,0.163022,0.612518,-0.017837,-0.028195,0.789752
1677113833,957478103,0.420538,0.705348,0.163095,0.613049,-0.018961,-0.024060,0.789451
1677113833,968129551,0.419762,0.705776,0.163084,0.613937,-0.019670,-0.020941,0.788832
1677113833,978141999,0.419057,0.706189,0.163019,0.613678,-0.019947,-0.018326,0.789091
1677113833,988283533,0.418371,0.706440,0.163013,0.612289,-0.019732,-0.015717,0.790232
1677113833,998397868,0.417781,0.706951,0.163053,0.612424,-0.019992,-0.013077,0.790168
1677113834,7920057,0.417321,0.707320,0.163134,0.612414,-0.021444,-0.010478,0.790176
1677113834,17145469,0.416570,0.707467,0.163211,0.611736,-0.021781,-0.008531,0.790716
1677113834,27174421,0.415956,0.707604,0.163182,0.611107,-0.022736,-0.006086,0.791198
1677113834,37264436,0.415312,0.707827,0.163068,0.611175,-0.023210,-0.003318,0.791148
1677113834,47615915,0.414473,0.707984,0.162910,0.611886,-0.023170,-0.001677,0.790604
1677113834,58218698,0.413925,0.707995,0.162850,0.612395,-0.024437,0.000992,0.790173
1677113834,68327351,0.413239,0.708030,0.162741,0.612766,-0.023679,0.003118,0.789903
1677113834,78059606,0.412656,0.708090,0.162637,0.613017,-0.023188,0.004246,0.789718
1677113834,87207305,0.412188,0.708218,0.162557,0.613190,-0.022785,0.005408,0.789588
1677113834,97425850,0.411696,0.708356,0.162530,0.613662,-0.021654,0.005944,0.789249
1677113834,107868474,0.411426,0.708386,0.162513,0.614070,-0.020696,0.007612,0.788943
1677113834,118318805,0.410995,0.708561,0.162490,0.614925,-0.020529,0.007693,0.788281
1677113834,127785668,0.410602,0.708597,0.162393,0.615366,-0.020563,0.008112,0.787932
1677113834,137630990,0.410108,0.708579,0.162258,0.616033,-0.020121,0.008792,0.787414
1677113834,148254325,0.409616,0.708475,0.162160,0.616740,-0.019393,0.009389,0.786872
1677113834,157644019,0.409105,0.708283,0.161999,0.617058,-0.017633,0.010362,0.786652
1677113834,167920235,0.408682,0.708182,0.161866,0.617955,-0.016617,0.010698,0.785965
1677113834,177220868,0.408335,0.707920,0.161793,0.618343,-0.015419,0.011585,0.785671
1677113834,188091842,0.408071,0.707755,0.161743,0.619006,-0.014816,0.011614,0.785161
1677113834,198679964,0.407819,0.707703,0.161706,0.620234,-0.013011,0.011505,0.784225
1677113834,207801618,0.407630,0.707660,0.161628,0.621334,-0.010672,0.011483,0.783389
1677113834,217509028,0.407466,0.707741,0.161527,0.622676,-0.008783,0.010834,0.782356
1677113834,227736143,0.407258,0.707712,0.161424,0.623483,-0.006891,0.010074,0.781741
1677113834,237915009,0.407045,0.707453,0.161360,0.623564,-0.005853,0.009121,0.781697
1677113834,247711460,0.406849,0.707412,0.161220,0.625187,-0.005210,0.008905,0.780407
1677113834,257701228,0.406440,0.707178,0.161065,0.626340,-0.003379,0.008743,0.779494
1677113834,267973928,0.406103,0.706861,0.160914,0.627339,-0.002142,0.009331,0.778687
1677113834,277140788,0.405691,0.706772,0.160724,0.629080,-0.000331,0.010294,0.777272
1677113834,287127401,0.405142,0.706647,0.160558,0.630110,0.001763,0.011039,0.776425
1677113834,297337606,0.404756,0.706435,0.160440,0.630296,0.002960,0.012671,0.776246
1677113834,307436258,0.404187,0.706455,0.160350,0.631346,0.003809,0.013340,0.775377
1677113834,318235744,0.403710,0.706239,0.160337,0.631562,0.004287,0.014978,0.775169
1677113834,328058879,0.403120,0.706133,0.160338,0.632228,0.004999,0.016400,0.774593
1677113834,337578314,0.402489,0.706143,0.160338,0.633134,0.006033,0.018037,0.773809
1677113834,347894193,0.401866,0.706119,0.160286,0.633980,0.007704,0.020248,0.773046
1677113834,357331561,0.401325,0.705912,0.160259,0.634482,0.007830,0.022432,0.772572
1677113834,367721297,0.400682,0.705753,0.160186,0.635736,0.008069,0.024328,0.771481
1677113834,378253098,0.400149,0.705529,0.160121,0.636852,0.007673,0.026529,0.770491
1677113834,387821410,0.399468,0.705163,0.159959,0.637723,0.008557,0.028112,0.769705
1677113834,397406373,0.399153,0.704879,0.159802,0.639199,0.007965,0.030511,0.768394
1677113834,407571933,0.398687,0.704533,0.159646,0.640837,0.007841,0.031202,0.767003
1677113834,417612365,0.398461,0.704130,0.159474,0.642034,0.007426,0.032141,0.765966
1677113834,428413902,0.398246,0.703739,0.159312,0.642834,0.008068,0.032401,0.765278
1677113834,438222950,0.398330,0.703489,0.159166,0.643910,0.007933,0.032738,0.764359
1677113834,448028588,0.398308,0.703127,0.159044,0.644661,0.008370,0.031372,0.763778
1677113834,457687559,0.398418,0.702854,0.158920,0.645547,0.009528,0.030217,0.763063
1677113834,468009573,0.398836,0.702722,0.158783,0.647507,0.009704,0.029123,0.761441
1677113834,477446226,0.399086,0.702222,0.158699,0.647986,0.012259,0.028049,0.761037
1677113834,487304460,0.399411,0.701897,0.158535,0.649618,0.013815,0.025795,0.759697
1677113834,497524220,0.399860,0.701483,0.158348,0.651193,0.015544,0.024085,0.758371
1677113834,507922396,0.400242,0.700962,0.158042,0.652288,0.017600,0.021686,0.757457
1677113834,517571208,0.400734,0.700421,0.157779,0.653426,0.018870,0.018926,0.756518
1677113834,527982058,0.401258,0.699991,0.157500,0.654675,0.020768,0.016432,0.755447
1677113834,537452408,0.401891,0.699645,0.157297,0.655870,0.022909,0.014427,0.754388
1677113834,548018543,0.402439,0.699233,0.157081,0.656344,0.025922,0.011895,0.753923
1677113834,557467572,0.403059,0.698955,0.156907,0.656841,0.028183,0.009489,0.753442
1677113834,568141983,0.403549,0.698768,0.156786,0.657574,0.030606,0.006995,0.752735
1677113834,577864945,0.404108,0.698574,0.156794,0.658311,0.031742,0.004722,0.752061
1677113834,587941655,0.404518,0.698316,0.156797,0.659470,0.033217,0.002597,0.750992
1677113834,597758348,0.404831,0.698159,0.156791,0.661739,0.034947,0.000605,0.748920
1677113834,607431682,0.405051,0.697773,0.156805,0.663427,0.036599,-0.001131,0.747344
1677113834,617422129,0.405454,0.697463,0.156781,0.665884,0.036919,-0.001892,0.745139
1677113834,627669246,0.405704,0.696927,0.156695,0.667441,0.037120,-0.003089,0.743730
1677113834,637771134,0.405780,0.696389,0.156542,0.668722,0.038047,-0.004872,0.742522
1677113834,647261869,0.406073,0.696145,0.156369,0.670359,0.037881,-0.005745,0.741047
1677113834,657270297,0.406185,0.695924,0.156120,0.670633,0.038693,-0.007229,0.740744
1677113834,667319140,0.406480,0.695873,0.155928,0.670596,0.039358,-0.007905,0.740736
1677113834,677252625,0.406786,0.695721,0.155826,0.670184,0.039893,-0.008824,0.741070
1677113834,687245145,0.406912,0.695488,0.155847,0.670549,0.041198,-0.010468,0.740647
1677113834,697268658,0.407282,0.695416,0.155977,0.672327,0.040296,-0.011355,0.739070
1677113834,707491557,0.407426,0.695033,0.156155,0.674036,0.040815,-0.012523,0.737463
1677113834,717786144,0.407603,0.694488,0.156439,0.676499,0.041833,-0.012701,0.735144
1677113834,727741856,0.407670,0.693968,0.156651,0.679429,0.041978,-0.013190,0.732421
1677113834,737311750,0.407815,0.693531,0.156785,0.682553,0.041906,-0.012838,0.729521
1677113834,747507652,0.407815,0.692879,0.156859,0.684083,0.041711,-0.013217,0.728091
1677113834,757610496,0.407822,0.692455,0.156848,0.685727,0.041967,-0.013210,0.726528
1677113834,767914875,0.407881,0.692208,0.156725,0.686241,0.042176,-0.012931,0.726035
1677113834,777808103,0.407924,0.692152,0.156512,0.685697,0.042453,-0.013086,0.726530
1677113834,787739440,0.408073,0.692267,0.156374,0.685463,0.042378,-0.013269,0.726752
1677113834,797898045,0.408165,0.692287,0.156266,0.685858,0.042560,-0.013732,0.726360
1677113834,807733033,0.408200,0.692065,0.156256,0.686317,0.043409,-0.014211,0.725867
1677113834,817666237,0.408352,0.691874,0.156297,0.687013,0.043328,-0.014569,0.725206
1677113834,828321472,0.408552,0.691790,0.156245,0.687544,0.043282,-0.014441,0.724708
1677113834,837431299,0.408591,0.691548,0.156179,0.687381,0.043801,-0.014630,0.724828
1677113834,847710652,0.408646,0.691318,0.156107,0.687513,0.043781,-0.015143,0.724693
1677113834,858165407,0.408623,0.691237,0.156038,0.688980,0.043713,-0.015967,0.723285
1677113834,868246091,0.408672,0.690998,0.155978,0.690147,0.043467,-0.016376,0.722177
1677113834,877542015,0.408803,0.690633,0.155888,0.690666,0.043412,-0.016395,0.721684
1677113834,887172054,0.408974,0.690505,0.155857,0.691800,0.043153,-0.016767,0.720604
1677113834,897616390,0.409036,0.690336,0.155818,0.692065,0.044163,-0.017655,0.720266
1677113834,907147971,0.409270,0.690218,0.155778,0.692068,0.044295,-0.018599,0.720232
1677113834,917552390,0.409537,0.690074,0.155760,0.691731,0.044238,-0.019637,0.720531
1677113834,927985570,0.409783,0.690170,0.155747,0.692515,0.044459,-0.021173,0.719721
1677113834,937472321,0.410014,0.690077,0.155775,0.693108,0.045115,-0.022689,0.719062
1677113834,947383464,0.410394,0.689940,0.155793,0.693613,0.045134,-0.023417,0.718551
1677113834,957686014,0.410534,0.689729,0.155736,0.693690,0.045813,-0.025045,0.718379
1677113834,967347994,0.410629,0.689491,0.155711,0.693978,0.046466,-0.026732,0.717998
1677113834,977326542,0.410868,0.689208,0.155721,0.695289,0.047197,-0.027085,0.716667
1677113834,987753677,0.411029,0.688780,0.155840,0.696650,0.047678,-0.028165,0.715271
1677113834,997523536,0.411250,0.688241,0.156003,0.697904,0.047522,-0.029278,0.714013
1677113835,7543386,0.411506,0.687719,0.156201,0.699319,0.046875,-0.030266,0.712629
1677113835,17599525,0.411634,0.687241,0.156374,0.700412,0.046946,-0.031579,0.711493
1677113835,27615931,0.411869,0.686975,0.156479,0.701504,0.046822,-0.032567,0.710380
1677113835,37336861,0.411964,0.686740,0.156588,0.701945,0.047166,-0.033932,0.709857
1677113835,48373667,0.412248,0.686525,0.156599,0.701909,0.046631,-0.034399,0.709906
1677113835,57644137,0.412382,0.686260,0.156650,0.702110,0.046919,-0.034870,0.709665
1677113835,67427185,0.412435,0.685977,0.156671,0.702595,0.046959,-0.035813,0.709135
1677113835,77517865,0.412505,0.685746,0.156724,0.703733,0.047207,-0.036233,0.707968
1677113835,87834243,0.412542,0.685360,0.156783,0.704351,0.046967,-0.036895,0.707335
1677113835,98577278,0.412465,0.684967,0.156943,0.705510,0.047194,-0.037515,0.706131
1677113835,107793991,0.412596,0.684585,0.157130,0.707819,0.046051,-0.037640,0.703885
1677113835,118137293,0.412515,0.683913,0.157403,0.710098,0.046036,-0.037890,0.701574
1677113835,128356594,0.412452,0.682937,0.157642,0.712004,0.046405,-0.037438,0.699640
1677113835,137552921,0.412473,0.682174,0.157898,0.714974,0.046253,-0.036978,0.696639
1677113835,147706234,0.412397,0.681363,0.158090,0.717221,0.046212,-0.037391,0.694305
1677113835,157510970,0.412374,0.680642,0.158274,0.719018,0.046045,-0.037734,0.692437
1677113835,167385917,0.412377,0.680047,0.158378,0.719984,0.046405,-0.038016,0.691393
1677113835,177751281,0.412454,0.679589,0.158465,0.720321,0.046423,-0.038216,0.691030
1677113835,187744428,0.412435,0.679377,0.158576,0.720797,0.046980,-0.038981,0.690453
1677113835,197505295,0.412588,0.679031,0.158706,0.720652,0.046575,-0.039481,0.690603
1677113835,207231278,0.412672,0.678680,0.158932,0.721221,0.047295,-0.039559,0.689955
1677113835,217219713,0.412678,0.678335,0.159315,0.722642,0.047989,-0.040067,0.688390
1677113835,227285348,0.412691,0.677690,0.159724,0.723718,0.048930,-0.039949,0.687199
1677113835,237446045,0.412770,0.677164,0.160219,0.725686,0.049236,-0.039776,0.685108
1677113835,247845312,0.412774,0.676589,0.160757,0.727611,0.049482,-0.040138,0.683024
1677113835,257926867,0.412763,0.675881,0.161332,0.728775,0.049838,-0.040060,0.681761
1677113835,267827025,0.412853,0.675284,0.161912,0.729903,0.049259,-0.040252,0.680585
1677113835,277330696,0.412973,0.674646,0.162450,0.730598,0.048150,-0.040555,0.679899
1677113835,287633130,0.412981,0.674043,0.163052,0.731073,0.047593,-0.041192,0.679390
1677113835,297672496,0.413124,0.673603,0.163701,0.732136,0.046914,-0.041067,0.678299
1677113835,307715740,0.413377,0.673110,0.164421,0.733124,0.045885,-0.041207,0.677293
1677113835,318064294,0.413303,0.672384,0.165138,0.733399,0.046610,-0.042355,0.676875
1677113835,327815372,0.413462,0.671783,0.165936,0.734546,0.047005,-0.042398,0.675600
1677113835,337535529,0.413688,0.671303,0.166821,0.736519,0.046546,-0.043255,0.673426
1677113835,347803518,0.413832,0.670510,0.167715,0.737703,0.046963,-0.043961,0.672053
1677113835,357876241,0.413979,0.669781,0.168657,0.739434,0.047526,-0.044151,0.670096
1677113835,367292007,0.414282,0.669013,0.169610,0.741217,0.047032,-0.044298,0.668149
1677113835,377634478,0.414448,0.668240,0.170549,0.742553,0.046657,-0.045260,0.666626
1677113835,388057535,0.414593,0.667501,0.171480,0.743488,0.046832,-0.045854,0.665529
1677113835,398052792,0.414686,0.666809,0.172393,0.743978,0.047123,-0.046512,0.664916
1677113835,407470260,0.415015,0.666491,0.173321,0.745163,0.046058,-0.046863,0.663637
1677113835,417773444,0.415117,0.665767,0.174221,0.744509,0.046309,-0.047298,0.664323
1677113835,427402258,0.415342,0.665556,0.175205,0.745595,0.045743,-0.047629,0.663119
1677113835,437850288,0.415504,0.664923,0.176154,0.745267,0.045303,-0.047976,0.663493
1677113835,447557972,0.415484,0.664447,0.177187,0.745874,0.045763,-0.049218,0.662688
1677113835,458135488,0.415728,0.663819,0.178248,0.746247,0.045500,-0.049100,0.662295
1677113835,468041066,0.415951,0.663380,0.179375,0.747651,0.045085,-0.049596,0.660701
1677113835,477666056,0.416290,0.662740,0.180511,0.748260,0.045036,-0.049279,0.660038
1677113835,487235791,0.416428,0.662199,0.181721,0.749232,0.045710,-0.050214,0.658818
1677113835,497811702,0.416626,0.661634,0.182941,0.749984,0.046421,-0.050725,0.657872
1677113835,507440564,0.416974,0.661008,0.184171,0.750385,0.046071,-0.051164,0.657406
1677113835,517791693,0.417191,0.660360,0.185458,0.750526,0.046284,-0.052034,0.657161
1677113835,527949054,0.417475,0.659944,0.186782,0.751203,0.046030,-0.052151,0.656396
1677113835,537644540,0.417465,0.659424,0.188109,0.751103,0.046754,-0.053454,0.656354
1677113835,548405416,0.417727,0.659117,0.189482,0.751534,0.045903,-0.053320,0.655931
1677113835,557307656,0.417759,0.658668,0.190834,0.751230,0.045993,-0.053317,0.656274
1677113835,567990482,0.417780,0.658443,0.192249,0.751772,0.045161,-0.053522,0.655694
1677113835,577962793,0.417804,0.658057,0.193666,0.751891,0.044462,-0.052157,0.655716
1677113835,587626283,0.417618,0.657755,0.195097,0.752463,0.044097,-0.051604,0.655127
1677113835,598298209,0.417404,0.657441,0.196594,0.753291,0.044114,-0.049758,0.654317
1677113835,607587743,0.416988,0.656936,0.198002,0.753251,0.043986,-0.048866,0.654439
1677113835,617233296,0.416291,0.656425,0.199497,0.753444,0.045089,-0.048371,0.654178
1677113835,627244583,0.415660,0.655735,0.200905,0.753043,0.046008,-0.046752,0.654693
1677113835,637573272,0.416289,0.656143,0.202638,0.756965,0.039876,-0.043520,0.650784
1677113835,647444941,0.416024,0.655815,0.204138,0.757765,0.038252,-0.041539,0.650079
1677113835,658044353,0.415648,0.655458,0.205609,0.758272,0.037440,-0.039813,0.649644
1677113835,667960442,0.415320,0.655317,0.207169,0.759379,0.036361,-0.038510,0.648489
1677113835,677454080,0.415021,0.655007,0.208664,0.759752,0.035589,-0.037124,0.648176
1677113835,687518930,0.414839,0.654789,0.210184,0.760440,0.034266,-0.035577,0.647526
1677113835,698037265,0.414604,0.654545,0.211706,0.761009,0.033411,-0.034444,0.646964
1677113835,707536363,0.414418,0.654270,0.213222,0.761507,0.032848,-0.032794,0.646493
1677113835,718243947,0.414281,0.654101,0.214754,0.762314,0.031776,-0.031982,0.645636
1677113835,728144528,0.414065,0.653884,0.216244,0.762861,0.031651,-0.031242,0.645032
1677113835,737518870,0.414068,0.653542,0.217629,0.762492,0.030571,-0.029865,0.645585
1677113835,747939955,0.414070,0.653500,0.219063,0.762893,0.030026,-0.028195,0.645211
1677113835,757474757,0.414388,0.653198,0.220312,0.761657,0.028174,-0.025777,0.646854
1677113835,767567196,0.413871,0.653427,0.221920,0.762112,0.029226,-0.028290,0.646166
1677113835,777410803,0.413763,0.653349,0.223357,0.761741,0.029178,-0.027807,0.646627
1677113835,787481127,0.413634,0.653209,0.224811,0.761641,0.028964,-0.027518,0.646767
1677113835,797973696,0.413506,0.653240,0.226346,0.762725,0.028925,-0.026479,0.645533
1677113835,807207587,0.413269,0.652997,0.227826,0.763484,0.028889,-0.026147,0.644650
1677113835,817236639,0.413007,0.652554,0.229310,0.763883,0.029105,-0.025292,0.644202
1677113835,827895499,0.412907,0.652526,0.230863,0.766095,0.028556,-0.023545,0.641661
1677113835,838090120,0.412547,0.652235,0.232278,0.766861,0.029009,-0.022935,0.640747
1677113835,848076491,0.412264,0.652085,0.233675,0.767383,0.029204,-0.021692,0.640156
1677113835,858154321,0.412122,0.652135,0.235033,0.767974,0.028660,-0.020558,0.639509
1677113835,867738152,0.411830,0.652103,0.236330,0.767390,0.028800,-0.019837,0.640227
1677113835,877727592,0.411563,0.652215,0.237612,0.766581,0.028942,-0.019066,0.641212
1677113835,887774365,0.411391,0.652480,0.238906,0.766166,0.028793,-0.017951,0.641746
1677113835,897692628,0.411047,0.652676,0.240164,0.765535,0.029257,-0.017195,0.642499
1677113835,907870343,0.410750,0.652882,0.241455,0.765340,0.027840,-0.017462,0.642786
1677113835,918585394,0.410520,0.652813,0.242697,0.765092,0.027012,-0.016744,0.643136
1677113835,928164008,0.410277,0.652942,0.243993,0.766094,0.026892,-0.015399,0.641981
1677113835,938081078,0.409910,0.652892,0.245230,0.766389,0.026830,-0.014905,0.641643
1677113835,947527439,0.409358,0.652866,0.246358,0.766226,0.028679,-0.014083,0.641777
1677113835,957266067,0.408934,0.652942,0.247501,0.765999,0.029243,-0.014277,0.642018
1677113835,967343851,0.408492,0.653027,0.248586,0.765356,0.030730,-0.013564,0.642730
1677113835,978259722,0.408357,0.653180,0.249699,0.764952,0.030601,-0.012720,0.643235
1677113835,988516150,0.408813,0.653482,0.251037,0.765895,0.026171,-0.012803,0.642305
1677113835,998369701,0.408724,0.653639,0.252164,0.765723,0.026178,-0.012773,0.642511
1677113836,7550801,0.408563,0.653698,0.253328,0.765707,0.026801,-0.013481,0.642489
1677113836,17200679,0.408511,0.653764,0.254480,0.766292,0.027194,-0.014110,0.641761
1677113836,27378928,0.408477,0.653551,0.255612,0.766298,0.028035,-0.014749,0.641704
1677113836,37560622,0.408495,0.653560,0.256811,0.767161,0.028981,-0.015045,0.640623
1677113836,47724049,0.408545,0.653483,0.257971,0.767411,0.029706,-0.015955,0.640269
1677113836,57561141,0.408526,0.653360,0.259142,0.767328,0.030864,-0.016462,0.640301
1677113836,67283866,0.408423,0.653579,0.260350,0.768040,0.032194,-0.017439,0.639355
1677113836,77670662,0.408338,0.653552,0.261485,0.767831,0.033035,-0.017884,0.639550
1677113836,88322046,0.408203,0.653597,0.262604,0.767556,0.033673,-0.018026,0.639843
1677113836,97278724,0.408097,0.653548,0.263703,0.767290,0.033583,-0.017936,0.640169
1677113836,107736813,0.407874,0.653608,0.264866,0.767747,0.033488,-0.018120,0.639621
1677113836,118179728,0.407668,0.653482,0.265960,0.768065,0.032449,-0.017887,0.639299
1677113836,127221913,0.407374,0.653356,0.267061,0.768741,0.031632,-0.017771,0.638530
1677113836,137781871,0.407002,0.653182,0.268122,0.769188,0.031084,-0.017319,0.638031
1677113836,148273510,0.406638,0.653103,0.269185,0.769747,0.030673,-0.016202,0.637405
1677113836,157951469,0.406275,0.653113,0.270171,0.770076,0.029817,-0.015929,0.637055
1677113836,167501258,0.406030,0.653128,0.271147,0.769925,0.028500,-0.015193,0.637316
1677113836,177790260,0.405620,0.653244,0.272190,0.769973,0.028505,-0.014130,0.637283
1677113836,187143078,0.405311,0.653316,0.273135,0.769714,0.027387,-0.013507,0.637658
1677113836,197823153,0.404880,0.653550,0.274076,0.769943,0.026993,-0.012882,0.637412
1677113836,207639888,0.404483,0.653499,0.274922,0.769424,0.026274,-0.012265,0.638080
1677113836,218411915,0.404271,0.653638,0.275755,0.769919,0.024755,-0.011242,0.637562
1677113836,227343611,0.403893,0.653562,0.276493,0.769776,0.024387,-0.010321,0.637764
1677113836,237703703,0.403509,0.653484,0.277250,0.769917,0.024197,-0.009912,0.637608
1677113836,247540228,0.403262,0.653497,0.277951,0.770291,0.024025,-0.008636,0.637181
1677113836,258344756,0.402998,0.653554,0.278691,0.770838,0.023544,-0.008606,0.636538
1677113836,268465609,0.402244,0.653596,0.279294,0.770702,0.027701,-0.007405,0.636551
1677113836,277658600,0.402082,0.653493,0.279956,0.770945,0.027652,-0.007255,0.636260
1677113836,287352243,0.402168,0.653326,0.280555,0.771155,0.026852,-0.006357,0.636050
1677113836,297362458,0.401982,0.653175,0.281064,0.771136,0.027606,-0.006418,0.636039
1677113836,308426070,0.402756,0.653254,0.281802,0.772648,0.021790,-0.007065,0.634421
1677113836,317421504,0.402667,0.653286,0.282261,0.772506,0.022190,-0.007246,0.634578
1677113836,328104347,0.402602,0.653495,0.282763,0.772272,0.022705,-0.007379,0.634843
1677113836,337374250,0.402595,0.653676,0.283183,0.771687,0.023239,-0.007102,0.635538
1677113836,347680867,0.402560,0.653771,0.283587,0.770777,0.023538,-0.007405,0.636627
1677113836,357448540,0.402438,0.654063,0.284054,0.770919,0.024194,-0.007929,0.636425
1677113836,367829819,0.401790,0.654180,0.284334,0.770049,0.029162,-0.007064,0.637278
1677113836,377781992,0.402510,0.654238,0.284943,0.771103,0.023844,-0.007275,0.636223
1677113836,388805099,0.402346,0.654071,0.285342,0.770920,0.024044,-0.008091,0.636427
1677113836,397793333,0.402450,0.654113,0.285839,0.771795,0.023155,-0.007423,0.635406
1677113836,407557802,0.402347,0.653925,0.286214,0.771509,0.023380,-0.007303,0.635747
1677113836,417455974,0.402316,0.653944,0.286701,0.771704,0.022692,-0.007784,0.635530
1677113836,427548174,0.402423,0.653877,0.287159,0.771282,0.022111,-0.007501,0.636065
1677113836,437287405,0.402367,0.653932,0.287696,0.771028,0.022330,-0.007667,0.636364
1677113836,448103135,0.402482,0.653943,0.288227,0.770517,0.021745,-0.007772,0.637001
1677113836,458432990,0.402411,0.654035,0.288793,0.770207,0.022329,-0.008065,0.637352
1677113836,467801557,0.402502,0.654232,0.289424,0.770439,0.022088,-0.008392,0.637076
1677113836,477320910,0.402596,0.654325,0.290094,0.770159,0.021982,-0.007945,0.637424
1677113836,487884461,0.401817,0.654863,0.291025,0.772292,0.027091,-0.008874,0.634628
1677113836,499025783,0.401736,0.655134,0.291808,0.773133,0.027843,-0.009239,0.633566
1677113836,507910652,0.401780,0.655251,0.292565,0.773774,0.027917,-0.009086,0.632781
1677113836,517212345,0.401763,0.655626,0.293442,0.775565,0.027980,-0.009930,0.630569
1677113836,527749251,0.401739,0.655879,0.294273,0.776993,0.028214,-0.010475,0.628790
1677113836,537160847,0.401831,0.654158,0.294859,0.771997,0.029103,-0.009268,0.634892
1677113836,548243914,0.401890,0.654104,0.295716,0.772566,0.029185,-0.009283,0.634195
1677113836,557392225,0.401776,0.653823,0.296456,0.772362,0.030311,-0.009452,0.634388
1677113836,567205904,0.401791,0.653752,0.297213,0.772935,0.030348,-0.009545,0.633687
1677113836,577518826,0.401964,0.653669,0.297907,0.773098,0.029814,-0.008608,0.633527
1677113836,588212041,0.401902,0.653624,0.298528,0.772952,0.030001,-0.009079,0.633689
1677113836,597846525,0.401951,0.653500,0.299165,0.772010,0.029550,-0.009113,0.634858
1677113836,607776107,0.402028,0.653601,0.299758,0.771587,0.028963,-0.008946,0.635401
1677113836,617577747,0.402135,0.653787,0.300372,0.771511,0.028345,-0.008548,0.635526
1677113836,627262247,0.402154,0.653567,0.300833,0.770069,0.027701,-0.008531,0.637302
1677113836,637499231,0.402230,0.653695,0.301294,0.770268,0.026950,-0.008301,0.637097
1677113836,647867101,0.402309,0.653553,0.301676,0.769767,0.026044,-0.007945,0.637744
1677113836,657957826,0.402355,0.653434,0.302022,0.769742,0.025110,-0.008001,0.637811
1677113836,668229552,0.402496,0.653175,0.302328,0.769334,0.024004,-0.007687,0.638349
1677113836,677505160,0.402645,0.653162,0.302651,0.769738,0.023041,-0.007173,0.637903
1677113836,687173166,0.402781,0.652945,0.302820,0.769139,0.022197,-0.006741,0.638660
1677113836,697096021,0.402654,0.652786,0.303027,0.768982,0.022661,-0.007428,0.638825
1677113836,707290480,0.402931,0.652642,0.303094,0.768736,0.021090,-0.007217,0.639178
