secs,nsecs,tx,ty,tz,rx,ry,rz,rw
1677114883,991472554,0.389891,0.539639,0.439033,0.728260,-0.037561,0.057333,0.681864
1677114884,1522071,0.389860,0.539830,0.438994,0.728365,-0.037026,0.057682,0.681752
1677114884,11626700,0.389875,0.540109,0.438920,0.728660,-0.037014,0.057925,0.681417
1677114884,20874792,0.389811,0.540246,0.438829,0.728407,-0.036703,0.058596,0.681647
1677114884,31225052,0.389811,0.540468,0.438687,0.728348,-0.036654,0.059576,0.681628
1677114884,41187796,0.389624,0.540674,0.438399,0.728205,-0.035958,0.060142,0.681768
1677114884,51304540,0.389559,0.540857,0.438105,0.727936,-0.036323,0.061029,0.681957
1677114884,61358869,0.389472,0.541250,0.437698,0.728202,-0.036503,0.062200,0.681557
1677114884,70818551,0.389208,0.541426,0.437168,0.727814,-0.036289,0.062571,0.681949
1677114884,81342662,0.389179,0.541705,0.436639,0.727794,-0.036967,0.063470,0.681851
1677114884,90682004,0.389186,0.541915,0.436012,0.727641,-0.037415,0.064686,0.681875
1677114884,101036063,0.389086,0.542078,0.435351,0.727626,-0.037317,0.065212,0.681847
1677114884,111601956,0.389122,0.542149,0.434630,0.727548,-0.037394,0.065853,0.681864
1677114884,120921894,0.389123,0.542356,0.433873,0.728233,-0.037349,0.066230,0.681099
1677114884,131085416,0.389277,0.542506,0.433071,0.728851,-0.037455,0.067074,0.680349
1677114884,140686658,0.389346,0.542621,0.432240,0.729574,-0.036988,0.067489,0.679558
1677114884,151077393,0.389343,0.542558,0.431291,0.729877,-0.036200,0.067606,0.679263
1677114884,160945629,0.389461,0.542592,0.430338,0.730454,-0.035794,0.068350,0.678589
1677114884,172436837,0.389505,0.542572,0.429329,0.731267,-0.035481,0.068861,0.677679
1677114884,181353153,0.389528,0.542594,0.428254,0.732003,-0.034837,0.069692,0.676832
1677114884,190884031,0.389538,0.542636,0.427188,0.733101,-0.035222,0.070134,0.675576
1677114884,201209629,0.389561,0.542669,0.425996,0.734059,-0.035513,0.071085,0.674420
1677114884,211104301,0.389480,0.542787,0.424777,0.735108,-0.035611,0.072390,0.673133
1677114884,221743989,0.389490,0.542812,0.423446,0.735642,-0.036601,0.074035,0.672317
1677114884,231203418,0.389284,0.542886,0.422014,0.736339,-0.037128,0.075197,0.671396
1677114884,241321448,0.389050,0.543088,0.420479,0.737321,-0.037322,0.076510,0.670157
1677114884,250735160,0.388984,0.543122,0.418893,0.737373,-0.038661,0.078004,0.669852
1677114884,261176776,0.388961,0.543440,0.417352,0.738300,-0.039700,0.079896,0.668546
1677114884,271385914,0.388874,0.543689,0.415745,0.738815,-0.039801,0.081774,0.667743
1677114884,281298104,0.388809,0.543993,0.414090,0.739059,-0.039470,0.083226,0.667313
1677114884,291239072,0.388929,0.544231,0.412434,0.738766,-0.039568,0.084432,0.667481
1677114884,301403965,0.388987,0.544753,0.410762,0.739250,-0.038926,0.084942,0.666918
1677114884,311450555,0.389112,0.545147,0.409077,0.739026,-0.038152,0.085181,0.667180
1677114884,321332019,0.389387,0.545627,0.407423,0.739003,-0.037981,0.085267,0.667204
1677114884,331430120,0.389542,0.545936,0.405675,0.738248,-0.036352,0.085012,0.668163
1677114884,341007194,0.390017,0.546352,0.404079,0.738271,-0.036186,0.085041,0.668142
1677114884,350836468,0.390427,0.546753,0.402463,0.738496,-0.035331,0.084164,0.668050
1677114884,361045552,0.390855,0.547053,0.400863,0.738748,-0.034118,0.083436,0.667927
1677114884,371801535,0.391269,0.547307,0.399268,0.739002,-0.032386,0.082751,0.667817
1677114884,381087096,0.391638,0.547588,0.397703,0.739556,-0.030486,0.081866,0.667402
1677114884,391611885,0.392079,0.547844,0.396176,0.740242,-0.028995,0.081429,0.666761
1677114884,401468058,0.392460,0.548011,0.394612,0.740485,-0.027247,0.081365,0.666573
1677114884,410856586,0.392732,0.548447,0.393073,0.741623,-0.025513,0.081130,0.665404
1677114884,420810824,0.393039,0.548709,0.391493,0.741959,-0.024300,0.081420,0.665039
1677114884,430891697,0.393237,0.549092,0.389907,0.742653,-0.023617,0.080856,0.664358
1677114884,440625731,0.393534,0.549342,0.388301,0.742589,-0.023369,0.081218,0.664394
1677114884,450606899,0.393622,0.549626,0.386680,0.742544,-0.022308,0.080807,0.664531
1677114884,461416039,0.393890,0.549987,0.385138,0.742809,-0.022331,0.080575,0.664262
1677114884,470881311,0.394113,0.550258,0.383576,0.742673,-0.021579,0.080570,0.664439
1677114884,480937307,0.394442,0.550626,0.382090,0.742941,-0.021015,0.081190,0.664082
1677114884,491114418,0.394451,0.550893,0.380502,0.742842,-0.019202,0.080287,0.664358
1677114884,500802639,0.394818,0.551337,0.379025,0.743203,-0.018405,0.080945,0.663896
1677114884,511392770,0.395039,0.551619,0.377492,0.742869,-0.017371,0.080856,0.664309
1677114884,521895171,0.395424,0.551995,0.376008,0.742793,-0.016805,0.081375,0.664345
1677114884,531295057,0.395604,0.552442,0.374524,0.742952,-0.015887,0.081252,0.664205
1677114884,541101995,0.395701,0.552843,0.372967,0.743014,-0.015017,0.080553,0.664241
1677114884,551125744,0.395930,0.553192,0.371421,0.742689,-0.014788,0.080496,0.664616
1677114884,560857486,0.396129,0.553498,0.369828,0.742463,-0.014280,0.080648,0.664861
1677114884,571105912,0.396373,0.553947,0.368302,0.743034,-0.014294,0.080237,0.664273
1677114884,581364123,0.396522,0.554080,0.366671,0.742739,-0.013755,0.079671,0.664682
1677114884,591698132,0.396924,0.554380,0.365154,0.743064,-0.013606,0.080457,0.664226
1677114884,601182794,0.397252,0.554658,0.363628,0.743467,-0.013074,0.080516,0.663779
1677114884,611514928,0.397494,0.554921,0.362072,0.743624,-0.011636,0.080298,0.663656
1677114884,620919128,0.397771,0.555226,0.360546,0.743801,-0.010458,0.079584,0.663563
1677114884,630909593,0.398076,0.555500,0.358976,0.743326,-0.009109,0.079147,0.664168
1677114884,640690804,0.398488,0.555917,0.357456,0.743052,-0.007989,0.079315,0.664469
1677114884,651580180,0.398841,0.556334,0.355891,0.742472,-0.007062,0.079046,0.665160
1677114884,661466987,0.399198,0.556889,0.354345,0.742379,-0.006342,0.078708,0.665311
1677114884,671456364,0.399386,0.557526,0.352769,0.742252,-0.005001,0.078434,0.665496
1677114884,680890933,0.399705,0.557908,0.351171,0.741041,-0.004760,0.078629,0.666823
1677114884,690727655,0.399849,0.558466,0.349587,0.740534,-0.004334,0.078703,0.667380
1677114884,700714050,0.399955,0.559015,0.347974,0.740145,-0.004146,0.078866,0.667793
1677114884,710752488,0.400013,0.559389,0.346401,0.739222,-0.004120,0.079273,0.668767
1677114884,721771432,0.400077,0.559935,0.344877,0.739384,-0.004001,0.079973,0.668506
1677114884,731152239,0.400127,0.560163,0.343384,0.738709,-0.003576,0.081409,0.669081
1677114884,740895060,0.400318,0.560455,0.342019,0.739246,-0.004674,0.081707,0.668444
1677114884,750954804,0.400273,0.560647,0.340601,0.739749,-0.003688,0.081825,0.667879
1677114884,760910742,0.400463,0.560773,0.339302,0.740127,-0.003081,0.082881,0.667332
1677114884,771311712,0.400607,0.561036,0.337970,0.740915,-0.002115,0.082866,0.666464
1677114884,781885029,0.400904,0.561333,0.336690,0.740972,-0.001719,0.083308,0.666346
1677114884,791249422,0.401148,0.561764,0.335352,0.740557,-0.000696,0.083868,0.666740
1677114884,801361046,0.401317,0.562231,0.333967,0.739614,0.000221,0.083469,0.667835
1677114884,811285645,0.401511,0.562888,0.332623,0.738995,0.000766,0.083460,0.668520
1677114884,821152217,0.401795,0.563425,0.331243,0.737770,0.001030,0.083910,0.669816
1677114884,830882443,0.401861,0.564023,0.329870,0.737172,0.002045,0.083770,0.670489
1677114884,841365870,0.402067,0.564461,0.328523,0.736465,0.002343,0.083984,0.671238
1677114884,850997874,0.402217,0.564867,0.327183,0.736351,0.002827,0.084230,0.671330
1677114884,861443132,0.402282,0.565223,0.325869,0.736705,0.003535,0.083770,0.670996
1677114884,871293543,0.402576,0.565428,0.324595,0.736692,0.003580,0.084533,0.670914
1677114884,881368787,0.402622,0.565656,0.323310,0.737008,0.004849,0.084309,0.670588
1677114884,891143212,0.402767,0.565882,0.322064,0.737310,0.005696,0.084303,0.670250
1677114884,901316376,0.403118,0.566170,0.320882,0.737642,0.005267,0.084959,0.669805
1677114884,911530813,0.403228,0.566539,0.319625,0.737937,0.006185,0.084905,0.669479
1677114884,921102374,0.403257,0.566762,0.318328,0.737359,0.007551,0.085040,0.670084
1677114884,931678106,0.403508,0.567207,0.317120,0.737360,0.007345,0.085696,0.670002
1677114884,941175908,0.403441,0.567542,0.315823,0.736850,0.009072,0.086313,0.670463
1677114884,951240179,0.403460,0.568018,0.314564,0.736815,0.009497,0.086330,0.670492
1677114884,960914396,0.403454,0.568420,0.313248,0.736249,0.010176,0.086971,0.671021
1677114884,971781016,0.403495,0.568823,0.311946,0.735493,0.010576,0.087647,0.671756
1677114884,981487508,0.403493,0.569516,0.310692,0.735806,0.011186,0.088429,0.671301
1677114884,991600112,0.403984,0.569672,0.309372,0.734191,0.009235,0.088856,0.673040
1677114885,986275,0.404030,0.570108,0.308150,0.734086,0.009561,0.089250,0.673097
1677114885,10964773,0.404103,0.570435,0.306900,0.733881,0.010184,0.089568,0.673270
1677114885,20831448,0.404209,0.570730,0.305719,0.733971,0.010995,0.090276,0.673065
1677114885,31053252,0.404325,0.571038,0.304503,0.734439,0.011376,0.090291,0.672546
1677114885,41375316,0.404476,0.571162,0.303296,0.734239,0.012092,0.090661,0.672702
1677114885,51152576,0.404619,0.571442,0.302040,0.734241,0.012928,0.091387,0.672585
1677114885,61534850,0.404751,0.571807,0.300778,0.734139,0.013915,0.092258,0.672558
1677114885,71198825,0.404925,0.572135,0.299529,0.733770,0.014235,0.092456,0.672927
1677114885,81454206,0.405014,0.572716,0.298245,0.733798,0.015427,0.092908,0.672808
1677114885,90927741,0.405129,0.573235,0.296915,0.733219,0.016422,0.092807,0.673429
1677114885,101241465,0.405289,0.573774,0.295629,0.732810,0.017558,0.093123,0.673802
1677114885,111515649,0.405429,0.574315,0.294311,0.732139,0.019181,0.093554,0.674427
1677114885,121763539,0.405636,0.574952,0.293016,0.732007,0.019972,0.093235,0.674592
1677114885,131424790,0.405822,0.575483,0.291685,0.731557,0.021443,0.093059,0.675059
1677114885,141112386,0.405990,0.575998,0.290356,0.731202,0.023057,0.092922,0.675409
1677114885,150890987,0.406225,0.576630,0.289115,0.731407,0.024033,0.093219,0.675112
1677114885,161187632,0.406436,0.577165,0.287851,0.731105,0.025535,0.093929,0.675285
1677114885,171251909,0.406488,0.577694,0.286583,0.730694,0.027240,0.094316,0.675610
1677114885,181339073,0.406540,0.578353,0.285299,0.730472,0.028252,0.095073,0.675703
1677114885,191891193,0.406469,0.578983,0.283965,0.729736,0.029522,0.096492,0.676242
1677114885,201143854,0.406335,0.579695,0.282542,0.728919,0.030107,0.097448,0.676960
1677114885,211113185,0.406154,0.580481,0.281074,0.728028,0.030565,0.098787,0.677704
1677114885,221440062,0.406060,0.581215,0.279523,0.726582,0.031115,0.100911,0.678917
1677114885,231322706,0.405789,0.582094,0.277934,0.725621,0.032111,0.101807,0.679764
1677114885,241036506,0.405773,0.582915,0.276315,0.724285,0.032301,0.103090,0.680985
1677114885,251194463,0.405646,0.583808,0.274704,0.723021,0.033411,0.103834,0.682160
1677114885,261651583,0.405696,0.584871,0.273117,0.722270,0.033582,0.104102,0.682906
1677114885,271230700,0.405426,0.586066,0.271568,0.722394,0.035309,0.103024,0.682852
1677114885,281998693,0.405214,0.586453,0.269487,0.717220,0.040460,0.104598,0.687763
1677114885,290865523,0.405576,0.587951,0.268032,0.718170,0.039626,0.104956,0.686764
1677114885,301614720,0.405747,0.588931,0.266348,0.716513,0.041249,0.105555,0.688306
1677114885,311455425,0.405842,0.590105,0.264617,0.715540,0.043162,0.106066,0.689123
1677114885,321573262,0.405857,0.591142,0.262879,0.714226,0.045101,0.106214,0.690337
1677114885,331125504,0.406013,0.592030,0.261130,0.712421,0.046076,0.106650,0.692069
1677114885,340713309,0.406001,0.592956,0.259438,0.710977,0.047754,0.107179,0.693357
1677114885,350855208,0.405955,0.593924,0.257723,0.709481,0.048811,0.107457,0.694772
1677114885,361090351,0.405933,0.594788,0.256079,0.707592,0.049405,0.108404,0.696507
1677114885,370963913,0.405818,0.595828,0.254418,0.706194,0.050146,0.109783,0.697655
1677114885,381621561,0.405999,0.596491,0.252681,0.702965,0.048814,0.110540,0.700884
1677114885,391800006,0.405556,0.597598,0.251157,0.702100,0.050635,0.111915,0.701404
1677114885,401571020,0.405141,0.598960,0.249591,0.701927,0.052141,0.113510,0.701210
1677114885,411122342,0.405007,0.599565,0.248097,0.698983,0.052778,0.115503,0.703773
1677114885,421025398,0.404808,0.600356,0.246600,0.696403,0.053513,0.117048,0.706016
1677114885,430827720,0.404645,0.601276,0.245158,0.694308,0.053978,0.118674,0.707771
1677114885,441304386,0.404515,0.602134,0.243774,0.691789,0.054644,0.120441,0.709884
1677114885,451366695,0.404353,0.603111,0.242358,0.689663,0.055612,0.121647,0.711670
1677114885,461728396,0.404204,0.604015,0.241009,0.686556,0.055596,0.122246,0.714567
1677114885,471410186,0.404062,0.605191,0.239664,0.684289,0.056584,0.123900,0.716376
1677114885,481401315,0.404035,0.606107,0.238359,0.680865,0.056693,0.124856,0.719458
1677114885,490877840,0.403854,0.607186,0.237121,0.677960,0.058185,0.126065,0.721867
1677114885,501145910,0.403801,0.608233,0.235915,0.674721,0.059185,0.127220,0.724613
1677114885,511210170,0.403758,0.609297,0.234827,0.672036,0.060279,0.128848,0.726727
1677114885,521937580,0.403596,0.610278,0.233744,0.669829,0.061714,0.129620,0.728504
1677114885,531807657,0.403587,0.611068,0.232777,0.667521,0.062692,0.131010,0.730289
1677114885,541497733,0.403819,0.611791,0.231871,0.665470,0.061436,0.132034,0.732081
1677114885,550979315,0.403662,0.612436,0.231047,0.663992,0.063314,0.133520,0.732993
1677114885,560937481,0.403444,0.613215,0.230315,0.663274,0.064474,0.134408,0.733379
1677114885,570709054,0.403373,0.613612,0.229570,0.660658,0.064684,0.135376,0.735541
1677114885,581499324,0.403268,0.614137,0.228816,0.658136,0.064993,0.136720,0.737524
1677114885,591402035,0.403278,0.615773,0.228081,0.658568,0.065078,0.140065,0.736502
1677114885,601543400,0.402766,0.616753,0.227169,0.655657,0.068389,0.142263,0.738375
1677114885,611380809,0.402130,0.616726,0.226286,0.649809,0.070360,0.141435,0.743501
1677114885,621344513,0.402158,0.617846,0.225568,0.647513,0.069436,0.143232,0.745245
1677114885,631237365,0.402188,0.619334,0.224885,0.646763,0.068498,0.145804,0.745484
1677114885,641371421,0.402085,0.620364,0.224172,0.644071,0.069059,0.148216,0.747285
1677114885,651818615,0.401907,0.621478,0.223487,0.642259,0.069335,0.150364,0.748389
1677114885,661563980,0.401641,0.622299,0.222828,0.639469,0.069945,0.152500,0.750287
1677114885,671142981,0.401272,0.623159,0.222155,0.637448,0.070542,0.154513,0.751538
1677114885,681201109,0.401069,0.623797,0.221569,0.634860,0.070081,0.157372,0.753177
1677114885,691149020,0.400685,0.624496,0.220936,0.633126,0.069974,0.159603,0.754177
1677114885,701420106,0.400403,0.625084,0.220349,0.631056,0.069420,0.162344,0.755376
1677114885,712163032,0.400141,0.625693,0.219755,0.629478,0.069166,0.165095,0.756120
1677114885,721951124,0.399903,0.626261,0.219187,0.627259,0.069477,0.167880,0.757321
1677114885,730901285,0.399611,0.626929,0.218602,0.625556,0.069633,0.169497,0.758354
1677114885,741170100,0.399536,0.627632,0.217998,0.623033,0.069792,0.172089,0.759831
1677114885,751045647,0.399322,0.628629,0.217343,0.621323,0.070617,0.174102,0.760697
1677114885,760795897,0.399137,0.629411,0.216672,0.618505,0.071241,0.175092,0.762705
1677114885,771443561,0.399054,0.630082,0.216079,0.615281,0.071810,0.176400,0.764955
1677114885,781213966,0.399063,0.630758,0.215480,0.611797,0.072413,0.178474,0.767208
1677114885,791310586,0.398901,0.631656,0.214822,0.610640,0.073297,0.179284,0.767856
1677114885,801284824,0.398835,0.632503,0.214212,0.609207,0.073787,0.180668,0.768623
1677114885,810742453,0.398795,0.633097,0.213586,0.606307,0.074563,0.182325,0.770448
1677114885,820726154,0.398661,0.633921,0.212915,0.604095,0.075440,0.183850,0.771736
1677114885,830716720,0.398587,0.634725,0.212205,0.601040,0.076200,0.185968,0.773537
1677114885,840867037,0.398429,0.635735,0.211404,0.598515,0.076960,0.187215,0.775118
1677114885,851245850,0.398282,0.636663,0.210545,0.594878,0.078004,0.188679,0.777455
1677114885,861819267,0.398151,0.637988,0.209653,0.591949,0.078765,0.190711,0.779116
1677114885,871400748,0.398124,0.639078,0.208755,0.587428,0.079751,0.192868,0.781901
1677114885,881092709,0.397884,0.640329,0.207809,0.583889,0.080912,0.194427,0.784044
1677114885,890828840,0.397715,0.641455,0.206922,0.580346,0.081893,0.196426,0.786072
1677114885,900794423,0.397521,0.642403,0.206084,0.577277,0.082622,0.198665,0.787691
1677114885,910910151,0.397178,0.643304,0.205335,0.575648,0.083664,0.200452,0.788320
1677114885,921395591,0.397006,0.644018,0.204681,0.574036,0.083836,0.203212,0.788771
1677114885,931657858,0.396735,0.644490,0.204107,0.571815,0.084608,0.205930,0.789596
1677114885,941343715,0.396327,0.645063,0.203478,0.570456,0.085244,0.208180,0.789920
1677114885,950941454,0.395924,0.645757,0.202790,0.569777,0.085478,0.210542,0.789759
1677114885,960734728,0.395705,0.646330,0.202148,0.568012,0.084996,0.213355,0.790328
1677114885,970934705,0.395452,0.646776,0.201526,0.565851,0.084683,0.215593,0.791304
1677114885,980629908,0.395114,0.647402,0.200823,0.564151,0.085064,0.217560,0.791938
1677114885,991222379,0.394904,0.648065,0.200138,0.562108,0.085676,0.219932,0.792669
1677114886,1913306,0.394749,0.648769,0.199425,0.560195,0.085613,0.221761,0.793520
1677114886,11528927,0.394377,0.648602,0.198761,0.554138,0.087759,0.221971,0.797470
1677114886,21577440,0.394309,0.650314,0.197954,0.556057,0.087117,0.225011,0.795350
1677114886,31557717,0.394277,0.650852,0.197317,0.552853,0.087577,0.226732,0.797042
1677114886,41454743,0.393829,0.650720,0.196652,0.548101,0.089663,0.225581,0.800412
1677114886,51549985,0.393670,0.651259,0.196001,0.546566,0.090407,0.226289,0.801178
1677114886,61492305,0.393601,0.651956,0.195450,0.545998,0.091296,0.228237,0.800911
1677114886,71514626,0.393575,0.652317,0.195006,0.544861,0.091450,0.229262,0.801375
1677114886,81284512,0.393445,0.652728,0.194549,0.544219,0.092597,0.230493,0.801327
1677114886,91131228,0.393339,0.653043,0.194138,0.543026,0.093454,0.231737,0.801678
1677114886,100950911,0.393211,0.653427,0.193685,0.542034,0.094124,0.232507,0.802048
1677114886,111359197,0.393117,0.653883,0.193181,0.541238,0.094492,0.233770,0.802175
1677114886,122403485,0.393138,0.654326,0.192712,0.540244,0.094445,0.235032,0.802482
1677114886,131997794,0.393053,0.654777,0.192239,0.539202,0.095191,0.236133,0.802771
1677114886,141653842,0.392994,0.655155,0.191750,0.538002,0.095841,0.237059,0.803225
1677114886,152952204,0.392905,0.655641,0.191263,0.537046,0.096596,0.238130,0.803458
1677114886,162632496,0.392851,0.656023,0.190745,0.535540,0.097252,0.238851,0.804170
1677114886,172185272,0.392886,0.656501,0.190252,0.533802,0.097841,0.240486,0.804766
1677114886,180798023,0.392709,0.656872,0.189689,0.531539,0.099665,0.241135,0.805845
1677114886,190761839,0.392692,0.657620,0.189090,0.530644,0.099982,0.242260,0.806058
1677114886,200732588,0.392579,0.658060,0.188484,0.528434,0.101069,0.242570,0.807280
1677114886,210991476,0.392588,0.658534,0.187965,0.526158,0.102151,0.243991,0.808203
1677114886,221156499,0.392611,0.659051,0.187484,0.524530,0.102917,0.245282,0.808773
1677114886,231071585,0.392616,0.659497,0.187047,0.523281,0.103359,0.245756,0.809381
1677114886,240957584,0.392582,0.659734,0.186635,0.521729,0.104039,0.245889,0.810255
1677114886,251390021,0.392650,0.660223,0.186270,0.521126,0.104604,0.247223,0.810164
1677114886,262354353,0.392701,0.660482,0.185953,0.519931,0.105189,0.248026,0.810611
1677114886,271027041,0.392656,0.660940,0.185588,0.519583,0.106237,0.248921,0.810423
1677114886,282049124,0.392559,0.661293,0.185182,0.518472,0.107866,0.249470,0.810750
1677114886,292511055,0.392658,0.661779,0.184754,0.516891,0.108682,0.251032,0.811169
1677114886,301972571,0.392690,0.662200,0.184346,0.514415,0.109583,0.252219,0.812253
1677114886,311742623,0.392657,0.662678,0.183850,0.512113,0.110527,0.253095,0.813306
1677114886,322070005,0.392566,0.663462,0.183242,0.511076,0.111216,0.254168,0.813530
1677114886,331534193,0.392447,0.664041,0.182644,0.509115,0.112692,0.255115,0.814260
1677114886,341468706,0.392413,0.664530,0.182156,0.506854,0.113265,0.255831,0.815366
1677114886,351166438,0.392368,0.664998,0.181661,0.504655,0.113883,0.256728,0.816361
1677114886,361047655,0.392394,0.665655,0.181164,0.503693,0.114068,0.258167,0.816475
1677114886,371694285,0.392290,0.666118,0.180717,0.502456,0.115319,0.259169,0.816744
1677114886,381930960,0.392334,0.666374,0.180387,0.501362,0.115651,0.259442,0.817282
1677114886,391824591,0.392241,0.666652,0.179997,0.500509,0.117972,0.260199,0.817233
1677114886,401607225,0.392436,0.667145,0.179733,0.500694,0.118616,0.261521,0.816605
1677114886,411145707,0.392414,0.667337,0.179463,0.499826,0.120450,0.261397,0.816907
1677114886,420968464,0.392633,0.667783,0.179182,0.499640,0.120672,0.261842,0.816846
1677114886,430986336,0.392746,0.668291,0.178877,0.499757,0.122088,0.262305,0.816415
1677114886,441518481,0.392945,0.668693,0.178564,0.499201,0.122780,0.262295,0.816654
1677114886,451103533,0.393099,0.669142,0.178278,0.498561,0.123888,0.262164,0.816920
1677114886,460812978,0.393174,0.669587,0.177960,0.498018,0.125235,0.261846,0.817148
1677114886,471519310,0.393358,0.670047,0.177724,0.497210,0.125975,0.261861,0.817522
1677114886,481871246,0.393452,0.670378,0.177511,0.496312,0.126904,0.261550,0.818023
1677114886,491297576,0.393632,0.670766,0.177352,0.496232,0.127449,0.261897,0.817876
1677114886,501413245,0.393913,0.670904,0.177291,0.495525,0.127751,0.262300,0.818128
1677114886,512125353,0.393913,0.671153,0.177117,0.496599,0.128725,0.261659,0.817529
1677114886,521128720,0.394161,0.671335,0.177067,0.496576,0.129355,0.262292,0.817240
1677114886,531647324,0.394230,0.671610,0.176848,0.497470,0.130011,0.261799,0.816751
1677114886,541566692,0.394431,0.671625,0.176711,0.496329,0.130975,0.261760,0.817303
1677114886,551042350,0.394628,0.671871,0.176460,0.496188,0.131752,0.261548,0.817332
1677114886,560885665,0.394859,0.672243,0.176155,0.496492,0.132144,0.261333,0.817153
1677114886,571528304,0.395058,0.672433,0.175927,0.495887,0.132868,0.260310,0.817729
1677114886,581856331,0.395300,0.672672,0.175731,0.495444,0.133915,0.259958,0.817939
1677114886,591797654,0.395546,0.672810,0.175597,0.495006,0.134440,0.259154,0.818373
1677114886,601751339,0.395746,0.673069,0.175419,0.495734,0.135506,0.258899,0.817837
1677114886,611297368,0.395988,0.673090,0.175370,0.495872,0.135790,0.258383,0.817869
1677114886,621165958,0.396166,0.673222,0.175253,0.497101,0.136247,0.258262,0.817085
1677114886,631553092,0.396358,0.673249,0.175147,0.497884,0.136884,0.258607,0.816392
1677114886,641736809,0.396426,0.673177,0.175058,0.498267,0.137440,0.258534,0.816089
1677114886,652105774,0.396381,0.673302,0.174791,0.499183,0.138401,0.258690,0.815316
1677114886,662351953,0.396414,0.673308,0.174530,0.498853,0.139014,0.258960,0.815329
1677114886,672023964,0.396471,0.673532,0.174119,0.499506,0.138800,0.259185,0.814894
1677114886,681284816,0.396522,0.673640,0.173775,0.499069,0.139690,0.259752,0.814829
1677114886,690821501,0.396545,0.673731,0.173428,0.499074,0.140518,0.259520,0.814757
1677114886,701266947,0.396719,0.673636,0.173357,0.499898,0.141440,0.258987,0.814262
1677114886,711127487,0.396941,0.673595,0.173383,0.502277,0.142505,0.258383,0.812803
1677114886,721731528,0.397126,0.673484,0.173416,0.503351,0.143749,0.257703,0.812135
1677114886,731627144,0.397341,0.673730,0.173257,0.504999,0.143845,0.257732,0.811085
1677114886,741144837,0.397442,0.673726,0.173065,0.505600,0.144125,0.256676,0.810996
1677114886,751485146,0.397514,0.673827,0.172891,0.507543,0.145081,0.256464,0.809678
1677114886,761074942,0.397775,0.673725,0.172832,0.509213,0.145540,0.256433,0.808556
1677114886,771519917,0.397951,0.673675,0.172669,0.510803,0.146504,0.256301,0.807420
1677114886,781162636,0.398055,0.673592,0.172469,0.512223,0.147264,0.255361,0.806679
1677114886,792276512,0.398251,0.673675,0.172207,0.513947,0.148294,0.254965,0.805518
1677114886,801502476,0.398496,0.673684,0.172024,0.515299,0.149361,0.253885,0.804798
1677114886,811256999,0.398777,0.673739,0.171844,0.516780,0.150369,0.252354,0.804142
1677114886,821141966,0.399063,0.673831,0.171681,0.518056,0.151720,0.250771,0.803562
1677114886,831704300,0.399423,0.673913,0.171559,0.519008,0.152699,0.249218,0.803246
1677114886,842419656,0.399772,0.674141,0.171406,0.520465,0.153897,0.247791,0.802515
1677114886,851392153,0.400071,0.674201,0.171304,0.521312,0.155213,0.245967,0.802274
1677114886,861713178,0.400429,0.674408,0.171158,0.522745,0.155874,0.244670,0.801610
1677114886,871573426,0.400571,0.674595,0.170937,0.524015,0.157397,0.243230,0.800920
1677114886,881624562,0.400800,0.674719,0.170763,0.524788,0.158532,0.242464,0.800423
1677114886,891384542,0.401024,0.675027,0.170547,0.526486,0.159045,0.242406,0.799222
1677114886,901343226,0.401034,0.675191,0.170331,0.528202,0.160273,0.241500,0.798119
1677114886,911476710,0.401173,0.675309,0.170163,0.529949,0.161150,0.241550,0.796768
1677114886,921612677,0.401301,0.675217,0.169982,0.531076,0.161841,0.240984,0.796048
1677114886,931529233,0.401338,0.675304,0.169747,0.532748,0.162657,0.240414,0.794936
1677114886,941416163,0.401315,0.675594,0.169512,0.535309,0.163564,0.239839,0.793201
1677114886,951328585,0.401563,0.675423,0.169372,0.535762,0.163512,0.239134,0.793119
1677114886,961063776,0.401683,0.675693,0.169144,0.538111,0.164363,0.238842,0.791439
1677114886,971896820,0.401823,0.675653,0.169030,0.538785,0.165280,0.237959,0.791055
1677114886,982501594,0.401937,0.675878,0.168869,0.540492,0.165411,0.236960,0.790163
1677114886,991886620,0.402012,0.676045,0.168742,0.541405,0.165869,0.236289,0.789643
1677114887,1447992,0.401962,0.676276,0.168611,0.542945,0.166122,0.235240,0.788845
1677114887,11167027,0.401962,0.676496,0.168516,0.544343,0.166407,0.235153,0.787847
1677114887,21211849,0.401872,0.676519,0.168459,0.545312,0.166326,0.234542,0.787376
1677114887,31113713,0.401822,0.676572,0.168354,0.546070,0.166069,0.234689,0.786860
1677114887,41101020,0.401757,0.676663,0.168232,0.546954,0.165415,0.235220,0.786226
1677114887,51838195,0.401547,0.676680,0.168042,0.548094,0.165125,0.234964,0.785569
1677114887,61652029,0.401418,0.676701,0.167885,0.549467,0.164774,0.235167,0.784622
1677114887,71539181,0.401172,0.676749,0.167709,0.551074,0.165414,0.234887,0.783444
1677114887,81743037,0.401018,0.676982,0.167496,0.553399,0.165240,0.234285,0.782020
1677114887,90911176,0.400926,0.677016,0.167335,0.554141,0.165552,0.233841,0.781562
1677114887,101056094,0.400821,0.677244,0.167133,0.555740,0.165356,0.233074,0.780696
1677114887,111522932,0.400745,0.677539,0.166931,0.557084,0.165827,0.233084,0.779635
1677114887,121818489,0.400505,0.677735,0.166756,0.558366,0.166401,0.232386,0.778803
1677114887,131563250,0.400418,0.678010,0.166566,0.559644,0.166215,0.232610,0.777859
1677114887,141580253,0.400175,0.678351,0.166352,0.561643,0.165849,0.232300,0.776587
1677114887,151543949,0.399915,0.678550,0.166121,0.563113,0.166032,0.232212,0.775509
1677114887,161599400,0.399677,0.678651,0.165956,0.564361,0.166091,0.232026,0.774644
1677114887,170892636,0.399442,0.678758,0.165778,0.565650,0.166060,0.231807,0.773776
1677114887,181089187,0.399193,0.678940,0.165592,0.566831,0.166083,0.231272,0.773067
1677114887,191380970,0.398931,0.679035,0.165442,0.567748,0.165845,0.230440,0.772693
1677114887,201442939,0.398873,0.679354,0.165287,0.569098,0.165260,0.230782,0.771723
1677114887,211194728,0.398683,0.679560,0.165149,0.570612,0.164685,0.230004,0.770960
1677114887,221495139,0.398474,0.679728,0.164994,0.571805,0.164452,0.228944,0.770441
1677114887,231362004,0.398295,0.680118,0.164848,0.573840,0.163390,0.228142,0.769391
1677114887,241788920,0.397924,0.680448,0.164670,0.575439,0.163167,0.226797,0.768641
1677114887,251658887,0.397583,0.680714,0.164485,0.576488,0.162956,0.226045,0.768122
1677114887,261461993,0.397204,0.680952,0.164300,0.577659,0.162272,0.225228,0.767627
1677114887,271640350,0.396829,0.681267,0.164111,0.579347,0.161298,0.224854,0.766669
1677114887,281194287,0.396439,0.681441,0.163894,0.580706,0.160194,0.224462,0.765986
1677114887,291014817,0.396028,0.681445,0.163718,0.581933,0.159206,0.224184,0.765343
1677114887,300957579,0.395507,0.681646,0.163427,0.584569,0.157805,0.223117,0.763934
1677114887,310959143,0.395167,0.681690,0.163188,0.586224,0.156401,0.223034,0.762978
1677114887,321108849,0.394752,0.681712,0.162898,0.588403,0.155305,0.222113,0.761793
1677114887,331276166,0.394342,0.681938,0.162570,0.591332,0.154487,0.220911,0.760039
1677114887,340945799,0.394115,0.681903,0.162285,0.592776,0.153328,0.219759,0.759482
1677114887,351174496,0.393808,0.682097,0.161990,0.594449,0.152969,0.218293,0.758669
1677114887,361093104,0.393655,0.682357,0.161742,0.595615,0.152315,0.217350,0.758157
1677114887,371372160,0.393260,0.682721,0.161485,0.597367,0.152538,0.215547,0.757248
1677114887,381697492,0.392848,0.683285,0.161250,0.599239,0.152797,0.214530,0.756004
1677114887,391783622,0.392637,0.683787,0.161102,0.600373,0.151804,0.214258,0.755382
1677114887,401562515,0.392239,0.684157,0.160950,0.601002,0.151711,0.214077,0.754951
1677114887,411386137,0.391817,0.684381,0.160797,0.601784,0.151268,0.213465,0.754591
1677114887,421072797,0.391562,0.684675,0.160688,0.603394,0.149956,0.213248,0.753627
1677114887,431433613,0.391305,0.684909,0.160606,0.604770,0.148981,0.213165,0.752741
1677114887,441514126,0.391024,0.684995,0.160514,0.605427,0.148198,0.212020,0.752691
1677114887,451379588,0.390742,0.685276,0.160408,0.606633,0.147787,0.210778,0.752149
1677114887,461125573,0.390678,0.685568,0.160355,0.607821,0.146374,0.209316,0.751875
1677114887,471341966,0.390681,0.686004,0.160290,0.609104,0.145404,0.208127,0.751354
1677114887,480932506,0.390674,0.686418,0.160189,0.609753,0.144803,0.206793,0.751312
1677114887,491316295,0.390497,0.686751,0.160066,0.610350,0.144512,0.204029,0.751639
1677114887,501578332,0.390486,0.687205,0.159945,0.611154,0.143807,0.202435,0.751552
1677114887,511258858,0.390484,0.687734,0.159825,0.612526,0.142830,0.200559,0.751124
1677114887,521132943,0.390410,0.688107,0.159686,0.613477,0.142377,0.198668,0.750937
1677114887,531705549,0.390367,0.688435,0.159541,0.614089,0.141285,0.196832,0.751126
1677114887,541239323,0.390292,0.688991,0.159426,0.615711,0.140382,0.195980,0.750189
1677114887,551179761,0.390196,0.689315,0.159301,0.616803,0.139119,0.194329,0.749957
1677114887,561258981,0.390010,0.689626,0.159200,0.618084,0.138112,0.192898,0.749458
1677114887,571442407,0.389793,0.689968,0.159078,0.619289,0.136880,0.191401,0.749073
1677114887,581658968,0.389590,0.690283,0.158949,0.620015,0.135452,0.190549,0.748950
1677114887,592097826,0.389311,0.690847,0.158768,0.621775,0.133564,0.189632,0.748062
1677114887,601541618,0.389037,0.691221,0.158570,0.622862,0.132176,0.188675,0.747646
1677114887,611604360,0.388795,0.691425,0.158447,0.623639,0.130683,0.188017,0.747426
1677114887,621356036,0.388520,0.691888,0.158268,0.625581,0.128848,0.187183,0.746330
1677114887,631132909,0.388397,0.692238,0.158126,0.626315,0.126489,0.186802,0.746214
1677114887,641610692,0.388126,0.692707,0.157947,0.627490,0.124623,0.185616,0.745837
1677114887,652093051,0.387971,0.693011,0.157849,0.628338,0.122445,0.184338,0.745800
1677114887,662551448,0.387943,0.693386,0.157806,0.630096,0.119563,0.182976,0.745120
1677114887,671389726,0.387783,0.693765,0.157726,0.631678,0.117006,0.181123,0.744639
1677114887,681287311,0.387641,0.694133,0.157624,0.632699,0.114175,0.178812,0.744770
1677114887,691406633,0.387613,0.694600,0.157533,0.633554,0.111426,0.177281,0.744825
1677114887,701292341,0.387489,0.694936,0.157490,0.634299,0.109779,0.175690,0.744813
1677114887,711788902,0.387501,0.695269,0.157480,0.635629,0.107549,0.174163,0.744363
1677114887,721816577,0.387538,0.695461,0.157464,0.636776,0.105102,0.172353,0.744153
1677114887,731883160,0.387600,0.695640,0.157475,0.638181,0.102602,0.170519,0.743721
1677114887,741298677,0.387604,0.695634,0.157518,0.639041,0.101035,0.168706,0.743611
1677114887,751625307,0.387751,0.695733,0.157567,0.640179,0.098495,0.167235,0.743305
1677114887,761155349,0.387760,0.695923,0.157530,0.641558,0.096046,0.165134,0.742906
1677114887,771618353,0.387830,0.695943,0.157432,0.641807,0.094172,0.163250,0.743347
1677114887,782380910,0.387889,0.695811,0.157304,0.642003,0.093009,0.161433,0.743721
1677114887,792100490,0.388109,0.695850,0.157252,0.643570,0.090746,0.159569,0.743048
1677114887,801554889,0.388279,0.695785,0.157265,0.644503,0.089536,0.158097,0.742701
1677114887,811296725,0.388399,0.695774,0.157215,0.645300,0.087566,0.155672,0.742756
1677114887,822614844,0.388476,0.695909,0.157131,0.645916,0.085846,0.153462,0.742881
1677114887,831300756,0.388539,0.696015,0.157032,0.646456,0.084654,0.151432,0.742965
1677114887,841110821,0.388736,0.695932,0.156987,0.647060,0.083513,0.150098,0.742839
1677114887,851494869,0.389034,0.695861,0.157000,0.648548,0.081615,0.148853,0.742002
1677114887,861465800,0.389199,0.695614,0.156925,0.649627,0.079629,0.146323,0.741778
1677114887,871366373,0.389271,0.695475,0.156782,0.650776,0.077827,0.143834,0.741448
1677114887,881405309,0.389420,0.695334,0.156594,0.651275,0.076089,0.141881,0.741567
1677114887,891127081,0.389506,0.695353,0.156441,0.652941,0.074213,0.139932,0.740662
1677114887,901628859,0.389665,0.695082,0.156316,0.653837,0.071898,0.137991,0.740463
1677114887,911604068,0.389859,0.694782,0.156189,0.654193,0.069844,0.136863,0.740555
1677114887,921831612,0.389840,0.694835,0.156022,0.655696,0.068205,0.134948,0.739729
1677114887,931312228,0.389918,0.694734,0.155851,0.656479,0.066492,0.133756,0.739407
1677114887,941216489,0.389976,0.694551,0.155706,0.657225,0.065327,0.132614,0.739055
1677114887,951250445,0.390129,0.694301,0.155626,0.657899,0.063087,0.131688,0.738814
1677114887,961126930,0.390147,0.694224,0.155552,0.658877,0.060939,0.130074,0.738409
1677114887,971684381,0.390169,0.694144,0.155455,0.659232,0.058391,0.128898,0.738504
1677114887,982022940,0.390181,0.694191,0.155311,0.659904,0.055624,0.127868,0.738297
1677114887,991872879,0.390171,0.694141,0.155196,0.660560,0.054025,0.127886,0.737826
1677114888,1772901,0.390136,0.693850,0.155113,0.660942,0.052200,0.127573,0.737669
1677114888,11655434,0.390144,0.693771,0.155069,0.662146,0.049034,0.126845,0.736932
1677114888,22005214,0.390017,0.693783,0.154988,0.663016,0.047211,0.126702,0.736293
1677114888,31397179,0.389925,0.693817,0.154867,0.663857,0.045536,0.126879,0.735610
1677114888,41788308,0.389796,0.693545,0.154764,0.664038,0.044317,0.126633,0.735564
1677114888,51259554,0.389762,0.693493,0.154745,0.665093,0.043010,0.127019,0.734621
1677114888,61708357,0.389805,0.693391,0.154693,0.665502,0.040794,0.127042,0.734373
1677114888,71582099,0.389698,0.693439,0.154557,0.665748,0.039643,0.126805,0.734254
1677114888,81540958,0.389708,0.693503,0.154417,0.665867,0.037775,0.126511,0.734295
1677114888,91714003,0.389713,0.693263,0.154278,0.665425,0.036668,0.126126,0.734818
1677114888,101395085,0.389822,0.693029,0.154151,0.665839,0.034766,0.125129,0.734706
1677114888,111800186,0.389997,0.693028,0.154023,0.667427,0.033572,0.124927,0.733354
1677114888,121938165,0.390078,0.692662,0.153889,0.667948,0.033130,0.124063,0.733045
1677114888,131489108,0.390230,0.692486,0.153741,0.669440,0.031578,0.122258,0.732056
1677114888,141603131,0.390446,0.692188,0.153651,0.670523,0.029981,0.120922,0.731354
1677114888,152058220,0.390665,0.692004,0.153528,0.672048,0.028982,0.119646,0.730203
1677114888,161311907,0.390883,0.691727,0.153393,0.673411,0.028151,0.118163,0.729221
1677114888,171736835,0.391157,0.691600,0.153279,0.675316,0.027198,0.116846,0.727706
1677114888,181199533,0.391346,0.691341,0.153135,0.676533,0.026341,0.114846,0.726924
1677114888,191644988,0.391647,0.691133,0.153005,0.677511,0.025541,0.113806,0.726205
1677114888,201459799,0.391828,0.690927,0.152846,0.678465,0.025140,0.111848,0.725633
1677114888,211261098,0.392115,0.690779,0.152787,0.679926,0.024310,0.110126,0.724556
1677114888,221240581,0.392474,0.690481,0.152721,0.680456,0.024197,0.109426,0.724169
1677114888,231244701,0.392647,0.690427,0.152691,0.682091,0.024139,0.107408,0.722933
1677114888,241242968,0.392918,0.690211,0.152658,0.682925,0.023088,0.105412,0.722474
1677114888,251675208,0.393199,0.690182,0.152625,0.683878,0.022352,0.104291,0.721758
1677114888,261978196,0.393477,0.689924,0.152651,0.684124,0.021355,0.103002,0.721740
1677114888,271535955,0.393619,0.689830,0.152591,0.685418,0.020726,0.101510,0.720741
1677114888,281609250,0.393729,0.689580,0.152565,0.686143,0.019982,0.100420,0.720225
1677114888,291302356,0.393798,0.689381,0.152509,0.686650,0.018892,0.099291,0.719928
1677114888,301542585,0.393834,0.689427,0.152492,0.687169,0.018080,0.098969,0.719498
1677114888,311064865,0.393799,0.689337,0.152442,0.686987,0.017480,0.098851,0.719703
1677114888,321051965,0.393787,0.689239,0.152417,0.686878,0.016252,0.098613,0.719868
1677114888,331517961,0.393618,0.689102,0.152402,0.686876,0.015710,0.098538,0.719892
1677114888,341650425,0.393636,0.688990,0.152407,0.687584,0.013906,0.098593,0.719245
1677114888,351031073,0.393562,0.688861,0.152416,0.688692,0.012076,0.098121,0.718283
1677114888,360830270,0.393549,0.688398,0.152407,0.688772,0.010445,0.098018,0.718246
1677114888,371461841,0.393398,0.688314,0.152433,0.690854,0.008792,0.096702,0.716444
1677114888,381682973,0.393428,0.687988,0.152431,0.691595,0.007126,0.096111,0.715827
1677114888,392038372,0.393492,0.687726,0.152394,0.692328,0.006041,0.095655,0.715189
1677114888,401718362,0.393457,0.687588,0.152358,0.693039,0.005985,0.095003,0.714588
1677114888,411665896,0.393539,0.687467,0.152313,0.693637,0.005897,0.094174,0.714118
1677114888,420848941,0.393692,0.687351,0.152308,0.694178,0.005609,0.093281,0.713711
1677114888,430941671,0.393867,0.687201,0.152285,0.694822,0.005149,0.091872,0.713271
1677114888,441181870,0.394070,0.686978,0.152294,0.695591,0.005116,0.090853,0.712652
1677114888,451309250,0.394187,0.686695,0.152291,0.696161,0.005079,0.088895,0.712342
1677114888,462310842,0.394364,0.686639,0.152298,0.697585,0.005194,0.087273,0.711148
1677114888,471952238,0.394699,0.686423,0.152324,0.698220,0.004382,0.085891,0.710698
1677114888,481179749,0.394777,0.686277,0.152243,0.699166,0.005585,0.084256,0.709956
1677114888,491076760,0.395190,0.686136,0.152230,0.700172,0.004918,0.082947,0.709123
1677114888,500974884,0.395380,0.685928,0.152181,0.701014,0.005515,0.080809,0.708533
1677114888,510914393,0.395584,0.685704,0.152118,0.701476,0.006176,0.078917,0.708283
1677114888,521067150,0.395921,0.685737,0.152139,0.702644,0.006344,0.077262,0.707306
1677114888,531010816,0.396190,0.685501,0.152138,0.702887,0.006582,0.075285,0.707276
1677114888,540899070,0.396484,0.685356,0.152143,0.703719,0.006497,0.073322,0.706655
1677114888,550939519,0.396737,0.685021,0.152116,0.704268,0.007083,0.071522,0.706287
1677114888,560858367,0.397000,0.684805,0.152087,0.705425,0.007658,0.070306,0.705248
1677114888,571173954,0.397265,0.684538,0.152023,0.706297,0.007851,0.068364,0.704563
1677114888,581888828,0.397434,0.684336,0.151978,0.707028,0.008767,0.066980,0.703952
1677114888,591740721,0.397692,0.684276,0.151936,0.707812,0.009197,0.065814,0.703268
1677114888,601891306,0.397880,0.684112,0.151911,0.707783,0.009361,0.064353,0.703431
1677114888,612902614,0.398097,0.684087,0.151880,0.708364,0.009426,0.063376,0.702933
1677114888,622874520,0.398339,0.684034,0.151868,0.708878,0.009241,0.062133,0.702528
1677114888,632215825,0.398416,0.683950,0.151834,0.709254,0.009874,0.061011,0.702238
1677114888,642709727,0.398526,0.683797,0.151826,0.709145,0.010042,0.059898,0.702442
1677114888,651807683,0.398713,0.683837,0.151863,0.709846,0.009825,0.059637,0.701759
1677114888,661504225,0.398735,0.683676,0.151856,0.709859,0.010397,0.058832,0.701806
1677114888,671077691,0.398894,0.683615,0.151892,0.710599,0.009109,0.057815,0.701159
1677114888,681240198,0.398817,0.683283,0.151842,0.710705,0.009468,0.056729,0.701135
1677114888,691515217,0.398825,0.683143,0.151870,0.712271,0.008683,0.055952,0.699617
1677114888,701246229,0.398783,0.682784,0.151879,0.713306,0.007696,0.054874,0.698659
1677114888,711881533,0.398817,0.682477,0.151863,0.714124,0.006803,0.054529,0.697859
1677114888,722072776,0.398776,0.682355,0.151851,0.714644,0.006533,0.054633,0.697321
1677114888,731471543,0.398735,0.682388,0.151787,0.714868,0.006146,0.054488,0.697106
1677114888,741408559,0.398637,0.682457,0.151713,0.714438,0.005764,0.054369,0.697559
1677114888,751388634,0.398494,0.682445,0.151684,0.714165,0.005445,0.054545,0.697828
1677114888,761207047,0.398387,0.682415,0.151713,0.714509,0.004781,0.054959,0.697447
1677114888,771612329,0.398165,0.682309,0.151758,0.714832,0.004458,0.055089,0.697109
1677114888,781776198,0.398044,0.682166,0.151800,0.715027,0.003679,0.055123,0.696911
1677114888,791840168,0.398024,0.682087,0.151898,0.715748,0.002555,0.055357,0.696157
1677114888,801311230,0.397934,0.681832,0.151932,0.716367,0.002209,0.054961,0.695552
1677114888,812049819,0.397942,0.681635,0.152075,0.717712,0.001638,0.054698,0.694187
1677114888,822020703,0.398004,0.681315,0.152204,0.718714,0.001424,0.054621,0.693156
1677114888,831703212,0.397962,0.680937,0.152288,0.719059,0.002325,0.053872,0.692854
1677114888,841581005,0.398111,0.680853,0.152425,0.720004,0.002604,0.053527,0.691898
1677114888,851678102,0.398355,0.680794,0.152492,0.720185,0.002719,0.052945,0.691754
1677114888,861541287,0.398673,0.680949,0.152595,0.720771,0.002705,0.052294,0.691193
1677114888,871394286,0.398819,0.680844,0.152646,0.720436,0.003824,0.051216,0.691617
1677114888,881202687,0.399069,0.680801,0.152727,0.720852,0.004513,0.050312,0.691245
1677114888,891508216,0.399240,0.680580,0.152856,0.721168,0.004923,0.048501,0.691042
1677114888,901802006,0.399517,0.680462,0.152966,0.722027,0.005644,0.048088,0.690168
1677114888,912031007,0.399695,0.680214,0.153124,0.722726,0.006244,0.047013,0.689505
1677114888,921287138,0.399921,0.680045,0.153296,0.723878,0.006450,0.046172,0.688351
1677114888,931645582,0.400183,0.679888,0.153441,0.724517,0.006610,0.045736,0.687706
1677114888,941809852,0.400265,0.679799,0.153571,0.724874,0.007794,0.045385,0.687340
1677114888,951793750,0.400444,0.679746,0.153698,0.725102,0.007928,0.044510,0.687156
1677114888,961490555,0.400647,0.679779,0.153846,0.725549,0.007684,0.043763,0.686735
1677114888,971633870,0.400834,0.679663,0.154007,0.725704,0.008121,0.043675,0.686571
1677114888,981599452,0.400934,0.679507,0.154225,0.726320,0.008156,0.043046,0.685959
1677114888,991901078,0.401037,0.679455,0.154507,0.728143,0.008894,0.043163,0.684007
1677114889,2295097,0.401150,0.679224,0.154779,0.729154,0.009551,0.043336,0.682910
1677114889,11822672,0.401169,0.679135,0.155078,0.730112,0.010614,0.043184,0.681879
1677114889,21272446,0.401412,0.679065,0.155366,0.730542,0.010289,0.043257,0.681418
1677114889,31542944,0.401410,0.679233,0.155641,0.731063,0.011003,0.042719,0.680883
1677114889,41988001,0.401513,0.679327,0.155939,0.731134,0.010885,0.042314,0.680833
1677114889,51933395,0.401584,0.679474,0.156259,0.731399,0.010970,0.042184,0.680555
1677114889,61935645,0.401606,0.679449,0.156576,0.731364,0.011151,0.042261,0.680585
1677114889,71834145,0.401556,0.679295,0.156848,0.731122,0.011642,0.042042,0.680851
1677114889,81409881,0.401621,0.679205,0.157233,0.731421,0.011215,0.042202,0.680526
1677114889,91456650,0.401716,0.679103,0.157627,0.731971,0.010306,0.042559,0.679927
1677114889,101707876,0.401589,0.678859,0.157959,0.732252,0.010702,0.042413,0.679628
1677114889,111421311,0.401711,0.678762,0.158412,0.733218,0.009598,0.043137,0.678556
1677114889,122125857,0.401662,0.678620,0.158807,0.734016,0.009174,0.042958,0.677710
1677114889,132571768,0.401614,0.678387,0.159213,0.734428,0.009154,0.043373,0.677237
1677114889,142251377,0.401606,0.678210,0.159616,0.735111,0.008695,0.043426,0.676499
1677114889,151561326,0.401656,0.677997,0.159977,0.735449,0.008583,0.043885,0.676103
1677114889,161641168,0.401507,0.677813,0.160357,0.736102,0.008909,0.043179,0.675434
1677114889,171704874,0.401675,0.677611,0.160728,0.736424,0.008351,0.043735,0.675054
1677114889,181770902,0.401766,0.677368,0.161101,0.736605,0.007925,0.043358,0.674885
1677114889,192710701,0.401757,0.677131,0.161465,0.736901,0.008289,0.042914,0.674586
1677114889,201880361,0.401851,0.676832,0.161824,0.737175,0.008258,0.042709,0.674300
1677114889,212161869,0.401897,0.676646,0.162228,0.738113,0.008241,0.042391,0.673293
1677114889,221405217,0.402034,0.676368,0.162635,0.738874,0.007772,0.042230,0.672475
1677114889,231563247,0.401901,0.676062,0.163022,0.739671,0.008488,0.041366,0.671642
1677114889,241653633,0.401951,0.675600,0.163399,0.739841,0.008818,0.041318,0.671453
1677114889,252280690,0.401981,0.675304,0.163815,0.740496,0.008645,0.040801,0.670765
1677114889,262166619,0.402040,0.675055,0.164258,0.741037,0.008760,0.041097,0.670148
1677114889,271732067,0.402025,0.674771,0.164713,0.741384,0.008482,0.040623,0.669796
1677114889,281543402,0.401991,0.674529,0.165158,0.741573,0.008634,0.040604,0.669587
1677114889,291688962,0.401992,0.674290,0.165616,0.741735,0.008096,0.040358,0.669429
1677114889,301219714,0.401882,0.673921,0.166076,0.741441,0.008196,0.039992,0.669775
1677114889,311739292,0.401851,0.673618,0.166583,0.741593,0.007834,0.040030,0.669608
1677114889,321736717,0.401800,0.673262,0.167155,0.741806,0.007566,0.040534,0.669346
1677114889,332405888,0.401642,0.672925,0.167760,0.742443,0.007471,0.040233,0.668659
1677114889,341934224,0.401555,0.672475,0.168399,0.742968,0.006811,0.040273,0.668079
1677114889,351501904,0.401509,0.672057,0.169074,0.743955,0.006250,0.040434,0.666976
1677114889,361277690,0.401439,0.671476,0.169761,0.744447,0.005790,0.040573,0.666423
1677114889,371318247,0.401278,0.671143,0.170494,0.745715,0.005898,0.040239,0.665023
1677114889,381980702,0.401296,0.670537,0.171149,0.745370,0.005594,0.040624,0.665388
1677114889,392497479,0.401210,0.670289,0.171821,0.745933,0.005498,0.040272,0.664780
1677114889,401905251,0.401108,0.669917,0.172449,0.745712,0.005595,0.039574,0.665069
1677114889,411433048,0.401068,0.669815,0.173167,0.746361,0.005412,0.039359,0.664355
1677114889,421089400,0.400986,0.669403,0.173814,0.745863,0.005640,0.039137,0.664924
1677114889,431689303,0.400986,0.669260,0.174520,0.746456,0.005672,0.039376,0.664245
1677114889,441853963,0.400872,0.668935,0.175180,0.746387,0.005888,0.039124,0.664335
1677114889,452581026,0.400821,0.668590,0.175814,0.746293,0.005752,0.038583,0.664473
1677114889,462652910,0.400820,0.668472,0.176557,0.747065,0.005824,0.039032,0.663579
1677114889,471675444,0.400765,0.668093,0.177206,0.746901,0.005987,0.039027,0.663762
1677114889,481743790,0.400678,0.667732,0.177924,0.746879,0.006077,0.038513,0.663816
1677114889,491179580,0.400597,0.667424,0.178671,0.747053,0.006397,0.038280,0.663630
1677114889,501424290,0.400608,0.667235,0.179469,0.747653,0.006610,0.038264,0.662953
1677114889,511695207,0.400560,0.666815,0.180276,0.747100,0.007123,0.038334,0.663567
1677114889,522196306,0.400616,0.666663,0.181146,0.747450,0.007124,0.038263,0.663177
1677114889,532061086,0.400561,0.666418,0.182047,0.747255,0.007411,0.037933,0.663413
1677114889,541235466,0.400606,0.666188,0.183002,0.747145,0.007142,0.037871,0.663543
1677114889,551723125,0.400673,0.665770,0.184002,0.746782,0.006589,0.037836,0.663959
1677114889,561452910,0.400639,0.665407,0.185099,0.747046,0.006602,0.037671,0.663671
1677114889,571362587,0.400785,0.664881,0.186176,0.746952,0.005979,0.038186,0.663754
1677114889,582511648,0.400720,0.664372,0.187278,0.747067,0.006488,0.038093,0.663625
1677114889,591496402,0.400787,0.664054,0.188432,0.747716,0.006339,0.037998,0.662900
1677114889,602279449,0.400833,0.663593,0.189557,0.747450,0.006770,0.038166,0.663186
1677114889,611600576,0.400985,0.663287,0.190744,0.747732,0.006456,0.038179,0.662871
1677114889,621627565,0.401105,0.662987,0.191905,0.747803,0.006445,0.038151,0.662793
1677114889,631470758,0.401102,0.662702,0.193047,0.747779,0.007241,0.038178,0.662809
1677114889,641596368,0.401318,0.662541,0.194223,0.748099,0.006313,0.038147,0.662460
1677114889,652484035,0.401436,0.662235,0.195369,0.747640,0.006377,0.038473,0.662959
1677114889,662517613,0.401530,0.662028,0.196560,0.747495,0.005858,0.038194,0.663143
1677114889,671890324,0.401696,0.661789,0.197736,0.747220,0.005473,0.038507,0.663438
1677114889,681493081,0.401738,0.661486,0.198886,0.746846,0.005882,0.039186,0.663816
1677114889,691349545,0.401735,0.661241,0.200047,0.746948,0.006138,0.039175,0.663699
1677114889,701681135,0.401802,0.660937,0.201228,0.746994,0.006021,0.039366,0.663636
1677114889,712235952,0.401826,0.660777,0.202428,0.747560,0.006552,0.039928,0.662961
1677114889,721579206,0.401994,0.660497,0.203639,0.747666,0.006744,0.040737,0.662790
1677114889,732299647,0.402143,0.660290,0.204867,0.747726,0.006636,0.040881,0.662715
1677114889,741908816,0.402341,0.660097,0.206086,0.747646,0.006931,0.041053,0.662791
1677114889,751544383,0.402606,0.659882,0.207304,0.747467,0.007122,0.041370,0.662971
1677114889,761310982,0.402768,0.659733,0.208553,0.747541,0.007980,0.041179,0.662890
1677114889,771766078,0.403017,0.659763,0.209869,0.748502,0.008429,0.041230,0.661796
1677114889,781561138,0.403247,0.659881,0.211220,0.749871,0.009012,0.041276,0.660234
1677114889,791941223,0.403540,0.658529,0.212421,0.746151,0.008722,0.040930,0.664461
1677114889,802188695,0.403770,0.658372,0.213724,0.746367,0.008906,0.040859,0.664219
1677114889,811474618,0.404046,0.658065,0.214963,0.745803,0.008943,0.041294,0.664825
1677114889,821207491,0.404219,0.657709,0.216173,0.745084,0.008834,0.040882,0.665658
1677114889,831462244,0.404327,0.657695,0.217414,0.745462,0.008961,0.040777,0.665239
1677114889,841897141,0.404464,0.657403,0.218603,0.744616,0.009325,0.041305,0.666148
1677114889,851717803,0.404590,0.657213,0.219825,0.744114,0.009758,0.042114,0.666652
1677114889,862732034,0.404763,0.657119,0.221074,0.744073,0.009675,0.042698,0.666662
1677114889,871540296,0.404894,0.657121,0.222358,0.744635,0.009780,0.043284,0.665995
1677114889,881641274,0.404965,0.656989,0.223612,0.744732,0.010154,0.043423,0.665872
1677114889,891319152,0.405366,0.656530,0.224951,0.744621,0.007431,0.043005,0.666059
1677114889,901576001,0.405518,0.656227,0.226219,0.744390,0.007271,0.043266,0.666302
1677114889,912563960,0.405688,0.656075,0.227466,0.744663,0.007060,0.043628,0.665976
1677114889,921983690,0.405797,0.655860,0.228691,0.744768,0.007013,0.043696,0.665855
1677114889,932575327,0.405956,0.655524,0.229854,0.744312,0.006908,0.043942,0.666349
1677114889,941782045,0.406154,0.655480,0.231049,0.744925,0.006500,0.044178,0.665652
1677114889,951407444,0.406331,0.655182,0.232199,0.744395,0.006284,0.044235,0.666243
1677114889,961306177,0.406411,0.655050,0.233315,0.744339,0.006932,0.044515,0.666281
1677114889,971492730,0.406537,0.654931,0.234424,0.744356,0.006887,0.044209,0.666283
1677114889,982099368,0.406774,0.654711,0.235490,0.744126,0.006517,0.044202,0.666544
1677114889,992356142,0.406974,0.654642,0.236588,0.744628,0.006507,0.044308,0.665976
1677114890,1737280,0.407396,0.654408,0.237635,0.744607,0.005980,0.045584,0.665918
1677114890,11479150,0.407871,0.653975,0.238613,0.743771,0.005609,0.047576,0.666716
1677114890,21435036,0.408420,0.653638,0.239594,0.743150,0.003827,0.048469,0.667356
1677114890,31523929,0.407873,0.653958,0.240688,0.745130,0.006887,0.044251,0.665414
1677114890,42284172,0.408086,0.653887,0.241621,0.745057,0.007007,0.043855,0.665521
1677114890,52454849,0.408289,0.653993,0.242559,0.745441,0.007616,0.044005,0.665074
1677114890,61655821,0.408504,0.653826,0.243437,0.744712,0.007741,0.043602,0.665915
1677114890,71843694,0.408713,0.653902,0.244311,0.744757,0.008089,0.043680,0.665856
1677114890,81513919,0.408929,0.653822,0.245185,0.744375,0.008317,0.043436,0.666296
1677114890,91378930,0.408985,0.653921,0.246047,0.745059,0.008962,0.042599,0.665577
1677114890,101382649,0.409239,0.653678,0.246926,0.744736,0.009251,0.043076,0.665903
1677114890,112139016,0.409380,0.653597,0.247846,0.745754,0.009257,0.042238,0.664817
1677114890,122440751,0.409600,0.653330,0.248718,0.746107,0.009461,0.042372,0.664409
1677114890,131956104,0.409709,0.652949,0.249560,0.746235,0.009833,0.042025,0.664282
1677114890,141375734,0.409943,0.652731,0.250411,0.746800,0.009729,0.042007,0.663649
1677114890,151612345,0.410082,0.652479,0.251250,0.746999,0.010073,0.041686,0.663440
1677114890,161365699,0.410162,0.652470,0.252083,0.747701,0.011086,0.041323,0.662656
1677114890,171408748,0.410348,0.652312,0.252873,0.747163,0.011383,0.040930,0.663282
1677114890,181814289,0.410518,0.652371,0.253668,0.747189,0.011547,0.040444,0.663280
1677114890,192188296,0.410717,0.652219,0.254398,0.746242,0.011833,0.040201,0.664354
1677114890,202032523,0.410818,0.652181,0.255246,0.746297,0.012702,0.039648,0.664310
1677114890,211540655,0.410973,0.652046,0.256050,0.746363,0.012957,0.039269,0.664253
1677114890,222996701,0.411092,0.651792,0.256877,0.746387,0.013379,0.038884,0.664241
1677114890,231779841,0.411279,0.651553,0.257699,0.746661,0.012812,0.038298,0.663978
1677114890,241448949,0.411343,0.651296,0.258502,0.746933,0.013431,0.038104,0.663671
1677114890,252371171,0.411511,0.651141,0.259339,0.747604,0.012850,0.037922,0.662937
1677114890,262389800,0.411338,0.650899,0.260115,0.747786,0.014235,0.037383,0.662734
1677114890,272677608,0.411442,0.650751,0.260898,0.748011,0.014133,0.037862,0.662455
1677114890,281847151,0.411455,0.650627,0.261705,0.748266,0.014013,0.037642,0.662182
1677114890,292095930,0.411389,0.650549,0.262460,0.748313,0.014636,0.037861,0.662102
1677114890,301485735,0.411396,0.650443,0.263234,0.748091,0.014551,0.038060,0.662344
1677114890,312221128,0.411379,0.650237,0.263990,0.747356,0.014073,0.037913,0.663192
1677114890,322140690,0.411457,0.650240,0.264828,0.747226,0.013258,0.038515,0.663321
1677114890,332712877,0.411266,0.650135,0.265609,0.746762,0.013625,0.038176,0.663855
1677114890,342089167,0.411244,0.650218,0.266436,0.747323,0.013009,0.038213,0.663234
1677114890,351806718,0.411139,0.649960,0.267228,0.746977,0.012907,0.038359,0.663617
1677114890,361416079,0.411109,0.649782,0.268061,0.747314,0.012743,0.039030,0.663202
1677114890,371941789,0.410948,0.649573,0.268883,0.747687,0.013255,0.039501,0.662743
1677114890,382848987,0.410869,0.649388,0.269728,0.748469,0.013301,0.039766,0.661842
1677114890,392532111,0.410642,0.649155,0.270499,0.748612,0.014366,0.039704,0.661663
1677114890,402496784,0.411178,0.648935,0.271414,0.749083,0.010345,0.039469,0.661218
1677114890,411436880,0.410689,0.648930,0.272093,0.748315,0.013897,0.039983,0.661992
1677114890,422638214,0.410745,0.649040,0.272868,0.748333,0.013610,0.040023,0.661974
1677114890,431706939,0.410701,0.648993,0.273599,0.747716,0.013675,0.039274,0.662715
1677114890,441954866,0.410817,0.649088,0.274374,0.747759,0.013543,0.039580,0.662651
1677114890,452137425,0.410790,0.648929,0.275125,0.747347,0.014341,0.039472,0.663106
1677114890,461784265,0.410895,0.649053,0.275892,0.748095,0.014512,0.039955,0.662228
1677114890,471595987,0.410822,0.648961,0.276683,0.748198,0.015893,0.040253,0.662062
1677114890,481622270,0.410892,0.648886,0.277390,0.748379,0.016236,0.040310,0.661846
1677114890,491417682,0.411366,0.648618,0.278191,0.748745,0.013177,0.038752,0.661593
1677114890,501431618,0.411534,0.648536,0.278873,0.748836,0.013080,0.038891,0.661484
1677114890,511970633,0.411761,0.648579,0.279511,0.749042,0.013068,0.039289,0.661228
1677114890,521709170,0.411865,0.648547,0.280111,0.749002,0.013672,0.038613,0.661300
1677114890,532449796,0.412011,0.648483,0.280704,0.748585,0.014551,0.038329,0.661770
1677114890,541782129,0.412256,0.648434,0.281251,0.748210,0.015252,0.037628,0.662218
1677114890,552688472,0.412515,0.648453,0.281795,0.748400,0.016544,0.037367,0.661988
1677114890,561367181,0.412947,0.648328,0.282315,0.747887,0.017405,0.037045,0.662563
1677114890,571538755,0.412605,0.648444,0.282932,0.749059,0.023143,0.035565,0.661144
1677114890,581735604,0.412956,0.648485,0.283476,0.749414,0.024798,0.034568,0.660733
1677114890,591902146,0.413390,0.648555,0.284000,0.749595,0.026512,0.033840,0.660499
1677114890,602238245,0.413633,0.648463,0.284548,0.749222,0.028211,0.032009,0.660943
1677114890,612021378,0.414110,0.648472,0.285102,0.748769,0.029027,0.031124,0.661463
1677114890,621889702,0.414493,0.648577,0.285742,0.748917,0.030415,0.030481,0.661264
1677114890,631426828,0.414663,0.648639,0.286455,0.749249,0.032313,0.029064,0.660861
1677114890,641794230,0.415017,0.648768,0.287196,0.750001,0.033517,0.029065,0.659947
1677114890,651425404,0.415294,0.648847,0.287982,0.750994,0.033997,0.028466,0.658819
1677114890,661728573,0.415382,0.649000,0.288790,0.752212,0.035398,0.027860,0.657380
1677114890,672108125,0.415645,0.649021,0.289612,0.752952,0.035259,0.028054,0.656532
1677114890,681444746,0.415960,0.647730,0.290399,0.749386,0.034464,0.028938,0.660602
1677114890,691252828,0.415943,0.647437,0.291153,0.748958,0.034336,0.028903,0.661096
1677114890,701821610,0.416005,0.647151,0.291973,0.748451,0.033224,0.029291,0.661709
1677114890,712012513,0.415979,0.647039,0.292764,0.748184,0.032394,0.029872,0.662027
1677114890,722013217,0.415960,0.647009,0.293568,0.748173,0.031301,0.031001,0.662040
1677114890,732260226,0.415782,0.647087,0.294359,0.748288,0.030755,0.031746,0.661899
1677114890,742152480,0.415658,0.647013,0.295089,0.747887,0.029767,0.032844,0.662345
1677114890,751434099,0.415537,0.646881,0.295812,0.747452,0.028768,0.033952,0.662824
1677114890,761292963,0.415473,0.646891,0.296461,0.747460,0.027384,0.035265,0.662805
1677114890,771952379,0.415356,0.646743,0.297117,0.746932,0.026211,0.036476,0.663381
1677114890,781956980,0.415243,0.646762,0.297737,0.746864,0.024736,0.037073,0.663482
1677114890,792324829,0.415043,0.646642,0.298322,0.746271,0.024494,0.038236,0.664092
1677114890,802041833,0.414905,0.646613,0.298904,0.745866,0.023887,0.038960,0.664527
1677114890,811619361,0.414855,0.646583,0.299451,0.745454,0.023034,0.039983,0.664958
1677114890,822104545,0.414835,0.646621,0.300002,0.745354,0.022006,0.040669,0.665064
1677114890,831421806,0.414735,0.646482,0.300462,0.744693,0.021802,0.040651,0.665811
1677114890,841996966,0.414956,0.646307,0.300935,0.744367,0.020553,0.041755,0.666147
1677114890,852188268,0.415193,0.646138,0.301372,0.744132,0.019290,0.041920,0.666437
1677114890,862975249,0.415487,0.646328,0.301869,0.745017,0.018144,0.042287,0.665457
1677114890,871887180,0.415941,0.646170,0.302293,0.744314,0.017219,0.043725,0.666175
1677114890,881634323,0.416153,0.646113,0.302624,0.743883,0.016848,0.042909,0.666718
1677114890,891384612,0.416660,0.646110,0.303048,0.743411,0.015478,0.043457,0.667242
