secs,nsecs,tx,ty,tz,rx,ry,rz,rw
1677114832,205999472,0.377623,0.519288,0.449199,0.668255,-0.137225,-0.020946,0.730866
1677114832,216227093,0.377697,0.519692,0.448955,0.667929,-0.137347,-0.020114,0.731165
1677114832,226772001,0.377770,0.519987,0.448788,0.667534,-0.137519,-0.019168,0.731519
1677114832,236552385,0.377757,0.520293,0.448601,0.667312,-0.137253,-0.018819,0.731780
1677114832,246367690,0.377948,0.520656,0.448516,0.667672,-0.137532,-0.017754,0.731426
1677114832,255893620,0.378042,0.520840,0.448388,0.667345,-0.137051,-0.016867,0.731836
1677114832,265964648,0.378246,0.521120,0.448316,0.667604,-0.137147,-0.016199,0.731596
1677114832,276342104,0.378387,0.521344,0.448204,0.667573,-0.136799,-0.015828,0.731698
1677114832,286283102,0.378635,0.521677,0.448082,0.667872,-0.136763,-0.015399,0.731441
1677114832,296060000,0.378858,0.521939,0.447923,0.667514,-0.136147,-0.015051,0.731889
1677114832,305755634,0.379214,0.522284,0.447791,0.667472,-0.136059,-0.014417,0.731957
1677114832,315820911,0.379511,0.522656,0.447623,0.667540,-0.135586,-0.014464,0.731982
1677114832,326047161,0.379888,0.522997,0.447476,0.667783,-0.135007,-0.013867,0.731879
1677114832,336210788,0.380105,0.523314,0.447313,0.668045,-0.134406,-0.014333,0.731742
1677114832,345755695,0.380418,0.523580,0.447200,0.668239,-0.133714,-0.013973,0.731698
1677114832,355864646,0.380671,0.523873,0.447078,0.668803,-0.132999,-0.014113,0.731310
1677114832,366121431,0.380907,0.523955,0.446970,0.668634,-0.132525,-0.013815,0.731556
1677114832,375999004,0.381267,0.524202,0.446870,0.669043,-0.132475,-0.013459,0.731198
1677114832,385851956,0.381461,0.524498,0.446723,0.669491,-0.131882,-0.013538,0.730894
1677114832,395980079,0.381757,0.524763,0.446591,0.669466,-0.131897,-0.013442,0.730916
1677114832,406891198,0.382074,0.525167,0.446441,0.669705,-0.131592,-0.012675,0.730765
1677114832,417078862,0.382263,0.525414,0.446277,0.669230,-0.130873,-0.012285,0.731336
1677114832,426794557,0.382549,0.525769,0.446134,0.669138,-0.131050,-0.011960,0.731394
1677114832,436671830,0.382612,0.526148,0.445927,0.669033,-0.130062,-0.012207,0.731663
1677114832,445899806,0.382875,0.526488,0.445805,0.669146,-0.129871,-0.011451,0.731606
1677114832,456028751,0.383160,0.526912,0.445664,0.669566,-0.130039,-0.010756,0.731201
1677114832,466107804,0.383309,0.527097,0.445495,0.669119,-0.129781,-0.010690,0.731657
1677114832,476252182,0.383501,0.527371,0.445340,0.669164,-0.129241,-0.010459,0.731715
1677114832,486391355,0.383719,0.527674,0.445213,0.669356,-0.128638,-0.009877,0.731653
1677114832,496818863,0.383982,0.527877,0.445104,0.669324,-0.128270,-0.009340,0.731755
1677114832,506608457,0.384306,0.528213,0.444954,0.669824,-0.128088,-0.008793,0.731335
1677114832,516159238,0.384613,0.528381,0.444818,0.669229,-0.128181,-0.008594,0.731866
1677114832,525905527,0.384802,0.528732,0.444654,0.669283,-0.127182,-0.008327,0.731994
1677114832,535670299,0.385100,0.528997,0.444471,0.668978,-0.127534,-0.008334,0.732212
1677114832,545547465,0.385287,0.529251,0.444273,0.668537,-0.126771,-0.008009,0.732751
1677114832,556195437,0.385566,0.529578,0.444038,0.668431,-0.126811,-0.007485,0.732846
1677114832,566245511,0.385840,0.530040,0.443795,0.668738,-0.126624,-0.006947,0.732603
1677114832,575872994,0.385992,0.530168,0.443522,0.667615,-0.125792,-0.006447,0.733774
1677114832,586269875,0.386252,0.530646,0.443224,0.667662,-0.125444,-0.005884,0.733796
1677114832,595888015,0.386590,0.531033,0.442967,0.667303,-0.125289,-0.004641,0.734158
1677114832,605923718,0.386832,0.531268,0.442588,0.666287,-0.124696,-0.003998,0.735185
1677114832,616293539,0.387064,0.531335,0.442219,0.664122,-0.121422,-0.001260,0.737697
1677114832,626706732,0.387351,0.531791,0.441808,0.663494,-0.120369,0.000302,0.738435
1677114832,636560122,0.387548,0.532133,0.441342,0.662400,-0.119208,0.001334,0.739603
1677114832,646156971,0.387752,0.532444,0.440900,0.661100,-0.118755,0.002262,0.740836
1677114832,656530387,0.388017,0.532817,0.440439,0.659589,-0.118670,0.004021,0.742189
1677114832,666015282,0.388089,0.533369,0.439902,0.658568,-0.117724,0.005409,0.743236
1677114832,676785241,0.388182,0.533770,0.439391,0.656804,-0.117503,0.007280,0.744815
1677114832,686780630,0.388156,0.534406,0.438820,0.656150,-0.118931,0.007797,0.745159
1677114832,696684331,0.388176,0.534932,0.438228,0.654516,-0.118282,0.010783,0.746661
1677114832,705749424,0.388174,0.535471,0.437610,0.652324,-0.118254,0.013605,0.748535
1677114832,716864460,0.388280,0.536382,0.436930,0.651025,-0.117743,0.017811,0.749657
1677114832,726041963,0.388236,0.537209,0.436135,0.648577,-0.116917,0.021370,0.751812
1677114832,736186239,0.388118,0.538209,0.435223,0.646158,-0.115473,0.024991,0.754004
1677114832,746425420,0.388209,0.539155,0.434351,0.643621,-0.114878,0.028886,0.756122
1677114832,756680893,0.388272,0.540031,0.433386,0.641539,-0.113767,0.032116,0.757927
1677114832,766459224,0.388524,0.540682,0.432444,0.639575,-0.113052,0.035401,0.759546
1677114832,776510132,0.388506,0.541428,0.431503,0.639275,-0.112478,0.036049,0.759853
1677114832,786243221,0.388745,0.541525,0.430675,0.638390,-0.111654,0.037245,0.760660
1677114832,796414802,0.389000,0.541700,0.429848,0.639529,-0.110853,0.037421,0.759812
1677114832,806640432,0.389620,0.541557,0.429152,0.640476,-0.109543,0.039589,0.759094
1677114832,816886895,0.390090,0.541485,0.428430,0.642238,-0.108928,0.039345,0.757705
1677114832,826507290,0.390484,0.541493,0.427605,0.643858,-0.107951,0.038224,0.756527
1677114832,836711352,0.391012,0.541448,0.426711,0.644674,-0.106690,0.038267,0.756008
1677114832,846075701,0.391533,0.541630,0.425770,0.645716,-0.106340,0.037558,0.755204
1677114832,855976889,0.392205,0.541797,0.424709,0.645642,-0.106324,0.037685,0.755262
1677114832,866497797,0.392664,0.542150,0.423524,0.645422,-0.105120,0.037771,0.755615
1677114832,876453828,0.393247,0.542530,0.422248,0.644522,-0.102316,0.039800,0.756663
1677114832,886632194,0.393770,0.542826,0.420959,0.643378,-0.101740,0.040368,0.757683
1677114832,896354976,0.394217,0.543123,0.419662,0.642168,-0.100574,0.040892,0.758837
1677114832,906161617,0.394783,0.543351,0.418423,0.641259,-0.099692,0.042065,0.759657
1677114832,916368682,0.395237,0.543647,0.417165,0.641078,-0.098555,0.042315,0.759944
1677114832,926055577,0.395820,0.543956,0.415958,0.641624,-0.097650,0.043096,0.759557
1677114832,936301875,0.396368,0.544239,0.414746,0.642505,-0.096217,0.043969,0.758944
1677114832,946836488,0.396968,0.544145,0.413552,0.642002,-0.095071,0.044840,0.759463
1677114832,956207682,0.397372,0.544184,0.412314,0.642429,-0.093716,0.044551,0.759287
1677114832,967383597,0.398070,0.544153,0.411127,0.642853,-0.093005,0.046053,0.758926
1677114832,976693105,0.398582,0.544235,0.409908,0.644348,-0.092156,0.046675,0.757723
1677114832,986460135,0.399098,0.543981,0.408697,0.644745,-0.091385,0.047686,0.757416
1677114832,996018978,0.399601,0.543938,0.407419,0.646128,-0.090922,0.048093,0.756267
1677114833,6498063,0.400140,0.543752,0.406178,0.646348,-0.090027,0.049327,0.756106
1677114833,16237498,0.400738,0.543939,0.404867,0.647533,-0.089372,0.050779,0.755073
1677114833,26996529,0.401234,0.544088,0.403499,0.647959,-0.088066,0.051612,0.754805
1677114833,36417297,0.401911,0.544261,0.402118,0.648247,-0.087496,0.053023,0.754525
1677114833,46122532,0.402413,0.544326,0.400705,0.648259,-0.086144,0.053244,0.754655
1677114833,56009155,0.403106,0.544511,0.399413,0.649068,-0.085645,0.054444,0.753930
1677114833,66103678,0.403854,0.544637,0.398105,0.649710,-0.085320,0.055571,0.753332
1677114833,76598698,0.404568,0.544680,0.396814,0.649976,-0.084546,0.056596,0.753113
1677114833,86335142,0.405209,0.544751,0.395542,0.650673,-0.083378,0.057536,0.752571
1677114833,96868553,0.405846,0.544833,0.394297,0.651945,-0.082642,0.058045,0.751511
1677114833,106485454,0.406617,0.544659,0.393189,0.652761,-0.082193,0.059167,0.750764
1677114833,116040539,0.407288,0.544504,0.392110,0.654295,-0.081835,0.059518,0.749439
1677114833,126287143,0.408094,0.544220,0.391097,0.656077,-0.082292,0.060495,0.747751
1677114833,136308878,0.408678,0.543873,0.390047,0.658074,-0.081529,0.061181,0.746022
1677114833,145945419,0.409340,0.543521,0.389008,0.660242,-0.081395,0.062382,0.744018
1677114833,155971512,0.409779,0.543170,0.387836,0.662164,-0.080787,0.062830,0.742337
1677114833,166461483,0.410498,0.543018,0.386682,0.664319,-0.080715,0.064996,0.740230
1677114833,176844749,0.411019,0.542940,0.385395,0.666021,-0.080526,0.065729,0.738655
1677114833,186342655,0.411577,0.543025,0.384021,0.667204,-0.079665,0.067592,0.737511
1677114833,196147217,0.412127,0.543230,0.382626,0.667930,-0.079000,0.069323,0.736765
1677114833,206348106,0.412698,0.543532,0.381177,0.668001,-0.078400,0.071200,0.736585
1677114833,216081177,0.413240,0.543921,0.379622,0.667727,-0.078081,0.072772,0.736715
1677114833,226985512,0.413725,0.544380,0.378070,0.666914,-0.077519,0.074468,0.737340
1677114833,236662153,0.414331,0.544974,0.376517,0.666420,-0.078069,0.076443,0.737527
1677114833,246268970,0.414721,0.545544,0.374932,0.665517,-0.077102,0.077919,0.738290
1677114833,255921255,0.415130,0.546072,0.373371,0.664592,-0.076442,0.079673,0.739004
1677114833,266010755,0.415607,0.546711,0.371921,0.664440,-0.075645,0.081470,0.739026
1677114833,276140146,0.415938,0.547274,0.370493,0.664407,-0.074288,0.083115,0.739011
1677114833,286841402,0.416363,0.547771,0.369124,0.664676,-0.072947,0.084864,0.738703
1677114833,296795861,0.417200,0.547934,0.367793,0.664065,-0.075219,0.085470,0.738955
1677114833,306360353,0.417619,0.548126,0.366408,0.663951,-0.074004,0.086774,0.739028
1677114833,316827626,0.418273,0.548478,0.365056,0.664252,-0.073869,0.088418,0.738576
1677114833,325995211,0.418696,0.548782,0.363620,0.664049,-0.072916,0.088780,0.738810
1677114833,336223119,0.419222,0.549257,0.362188,0.664358,-0.072233,0.089411,0.738523
1677114833,346756693,0.419820,0.549598,0.360835,0.664180,-0.071767,0.090172,0.738636
1677114833,356748920,0.420388,0.549980,0.359408,0.664125,-0.070390,0.091068,0.738708
1677114833,366573030,0.420996,0.550298,0.358023,0.663939,-0.069089,0.091941,0.738890
1677114833,376288046,0.421635,0.550760,0.356701,0.664124,-0.068001,0.093026,0.738689
1677114833,385955382,0.422143,0.551208,0.355298,0.664065,-0.066363,0.093594,0.738819
1677114833,395879694,0.422770,0.551710,0.353942,0.663999,-0.065589,0.094523,0.738829
1677114833,406023085,0.423304,0.552232,0.352531,0.663715,-0.064239,0.095365,0.739095
1677114833,416728305,0.423812,0.552718,0.351161,0.663163,-0.063238,0.096056,0.739587
1677114833,426415985,0.424273,0.553175,0.349784,0.662691,-0.062478,0.096398,0.740030
1677114833,436587397,0.424710,0.553511,0.348476,0.662021,-0.061305,0.097298,0.740610
1677114833,446532106,0.425137,0.553964,0.347217,0.662247,-0.060579,0.098392,0.740323
1677114833,456279948,0.425404,0.554133,0.345935,0.661719,-0.059106,0.099221,0.740803
1677114833,466024912,0.425785,0.554470,0.344732,0.662224,-0.058760,0.100535,0.740202
1677114833,476533865,0.426000,0.554781,0.343469,0.662513,-0.057256,0.102305,0.739819
1677114833,486902012,0.426288,0.555058,0.342243,0.662900,-0.057175,0.103223,0.739351
1677114833,497005422,0.426637,0.555278,0.341032,0.662630,-0.056812,0.104966,0.739375
1677114833,506894717,0.426896,0.555645,0.339826,0.663043,-0.056402,0.106419,0.738829
1677114833,516396729,0.427098,0.555772,0.338558,0.662500,-0.055579,0.107253,0.739257
1677114833,526279586,0.427341,0.556142,0.337296,0.662831,-0.054980,0.108078,0.738885
1677114833,535697228,0.427610,0.556508,0.335982,0.663058,-0.053751,0.109216,0.738604
1677114833,546207012,0.427783,0.556841,0.334610,0.662915,-0.052286,0.109520,0.738793
1677114833,557060686,0.428177,0.557157,0.333224,0.662417,-0.051412,0.110283,0.739187
1677114833,566536452,0.428580,0.557535,0.331819,0.661899,-0.050369,0.110927,0.739627
1677114833,575837809,0.428828,0.558015,0.330391,0.661751,-0.048301,0.111324,0.739838
1677114833,586214520,0.429145,0.558288,0.328930,0.660995,-0.046923,0.110979,0.740653
1677114833,596210530,0.429592,0.558752,0.327516,0.661125,-0.045624,0.111664,0.740516
1677114833,605951983,0.430057,0.559181,0.326145,0.661447,-0.044555,0.112318,0.740194
1677114833,616546202,0.430411,0.559408,0.324728,0.661605,-0.043397,0.112056,0.740161
1677114833,626195584,0.430999,0.559674,0.323404,0.661744,-0.042764,0.113053,0.739922
1677114833,636610696,0.431362,0.559828,0.321981,0.661726,-0.040891,0.113093,0.740038
1677114833,645929883,0.431757,0.560004,0.320550,0.661546,-0.038931,0.113567,0.740232
1677114833,655874180,0.432217,0.560438,0.319127,0.662339,-0.037477,0.114107,0.739515
1677114833,666067514,0.432632,0.560664,0.317705,0.661856,-0.036182,0.114077,0.740017
1677114833,676562894,0.433101,0.560988,0.316318,0.661530,-0.035137,0.114529,0.740288
1677114833,686925089,0.433534,0.561384,0.314944,0.661366,-0.034073,0.115041,0.740405
1677114833,696523287,0.433896,0.561722,0.313574,0.661047,-0.032511,0.115586,0.740675
1677114833,706880366,0.434180,0.562024,0.312235,0.660423,-0.030943,0.115622,0.741294
1677114833,716188255,0.434617,0.562568,0.310959,0.660499,-0.029741,0.116920,0.741071
1677114833,726900815,0.435025,0.563097,0.309719,0.660208,-0.029138,0.117810,0.741213
1677114833,736372942,0.435360,0.563512,0.308447,0.659169,-0.027627,0.118955,0.742012
1677114833,746287915,0.435673,0.564045,0.307176,0.658612,-0.026077,0.120138,0.742372
1677114833,756422916,0.435906,0.564525,0.305905,0.657933,-0.024407,0.121324,0.742838
1677114833,767227282,0.436181,0.565228,0.304619,0.658287,-0.022971,0.122926,0.742307
1677114833,776060049,0.436526,0.565674,0.303314,0.657537,-0.022376,0.124088,0.742797
1677114833,786068899,0.436840,0.566196,0.301999,0.656598,-0.021196,0.125764,0.743380
1677114833,796026930,0.437192,0.566816,0.300602,0.655334,-0.020134,0.127332,0.744257
1677114833,806554926,0.437607,0.567714,0.299203,0.654676,-0.019298,0.129430,0.744496
1677114833,816624671,0.437805,0.568477,0.297681,0.653052,-0.017391,0.130374,0.745804
1677114833,826605669,0.438193,0.569355,0.296142,0.651677,-0.015820,0.132031,0.746750
1677114833,836734636,0.438593,0.570181,0.294673,0.650368,-0.014725,0.133025,0.747736
1677114833,846106806,0.438951,0.570861,0.293217,0.648877,-0.012654,0.134219,0.748855
1677114833,855903619,0.439190,0.571595,0.291779,0.648746,-0.009632,0.134884,0.748894
1677114833,865959684,0.439416,0.572211,0.290442,0.649015,-0.005571,0.135910,0.748516
1677114833,876711637,0.439623,0.572681,0.289109,0.649556,-0.001436,0.135890,0.748070
1677114833,886624220,0.441032,0.573130,0.287920,0.649440,-0.005643,0.136117,0.748110
1677114833,897073837,0.441685,0.573531,0.286739,0.649916,-0.003563,0.136488,0.747642
1677114833,906738332,0.442256,0.573898,0.285528,0.650152,-0.001460,0.135660,0.747594
1677114833,916019314,0.442939,0.574303,0.284359,0.650270,0.000210,0.135437,0.747533
1677114833,926122312,0.443754,0.574817,0.283225,0.650326,0.001154,0.135472,0.747477
1677114833,936032324,0.444326,0.575340,0.282025,0.649979,0.003476,0.135479,0.747771
1677114833,946551993,0.444990,0.575938,0.280853,0.649785,0.004585,0.135779,0.747879
1677114833,957191649,0.445399,0.576449,0.279671,0.649130,0.006458,0.135560,0.748473
1677114833,966701175,0.445997,0.577076,0.278578,0.649095,0.006926,0.136905,0.748254
1677114833,976385808,0.446214,0.577801,0.277440,0.650252,0.008424,0.137134,0.747192
1677114833,986004022,0.446678,0.578180,0.276452,0.650055,0.009130,0.138929,0.747023
1677114833,995981796,0.446911,0.578433,0.275448,0.649770,0.010434,0.140094,0.747037
1677114834,6883177,0.447148,0.579034,0.274468,0.650613,0.011020,0.141631,0.746004
1677114834,16039427,0.447334,0.579625,0.273533,0.651051,0.011874,0.143118,0.745324
1677114834,26375614,0.447469,0.580115,0.272505,0.650589,0.013017,0.144850,0.745375
1677114834,36637368,0.447667,0.580606,0.271506,0.649602,0.013172,0.146501,0.745909
1677114834,46449180,0.447714,0.581325,0.270459,0.649247,0.013622,0.147829,0.745949
1677114834,56288273,0.447842,0.581964,0.269460,0.648290,0.013790,0.149790,0.746387
1677114834,66131193,0.447586,0.582278,0.268308,0.645994,0.016488,0.151437,0.747988
1677114834,76346334,0.448409,0.582990,0.267396,0.645443,0.012063,0.153484,0.748131
1677114834,86747784,0.448498,0.583617,0.266526,0.645728,0.012785,0.155021,0.747556
1677114834,96814309,0.448477,0.584361,0.265610,0.646270,0.015040,0.156599,0.746717
1677114834,106195096,0.448541,0.584972,0.264707,0.646467,0.016941,0.157768,0.746259
1677114834,116627347,0.448767,0.585600,0.263801,0.646590,0.018036,0.158613,0.745947
1677114834,126442699,0.448889,0.586185,0.262865,0.646443,0.019667,0.158992,0.745954
1677114834,136073081,0.449175,0.586588,0.261976,0.645691,0.020310,0.159419,0.746496
1677114834,147021546,0.449325,0.587076,0.260999,0.645389,0.022432,0.160113,0.746547
1677114834,157000612,0.449657,0.587735,0.260079,0.645426,0.023189,0.161444,0.746206
1677114834,166816414,0.449863,0.588302,0.259072,0.645276,0.024404,0.162090,0.746157
1677114834,176511477,0.450090,0.588930,0.258101,0.644824,0.025571,0.163267,0.746252
1677114834,186642295,0.450271,0.589600,0.257073,0.644380,0.027060,0.164279,0.746361
1677114834,195818747,0.450320,0.590255,0.256036,0.643824,0.029441,0.165212,0.746544
1677114834,206333120,0.450371,0.590999,0.254981,0.643679,0.031682,0.165633,0.746485
1677114834,216798512,0.450585,0.591583,0.253970,0.642345,0.033689,0.166757,0.747295
1677114834,226593720,0.450716,0.592474,0.252942,0.642248,0.035732,0.167389,0.747142
1677114834,235833911,0.451157,0.593291,0.251866,0.641007,0.036815,0.168098,0.747996
1677114834,246384052,0.451472,0.593950,0.250796,0.638805,0.038374,0.169191,0.749553
1677114834,256663795,0.451603,0.594749,0.249684,0.637344,0.040408,0.169657,0.750584
1677114834,266122609,0.451684,0.596115,0.248419,0.638512,0.040825,0.169761,0.749544
1677114834,276393794,0.451905,0.596680,0.247344,0.636159,0.043183,0.171710,0.750968
1677114834,286395825,0.451983,0.597117,0.246271,0.633525,0.045193,0.172935,0.752793
1677114834,296274497,0.452220,0.597940,0.245150,0.632601,0.045626,0.174859,0.753100
1677114834,306125217,0.452181,0.598531,0.243976,0.631084,0.047232,0.175996,0.754008
1677114834,316208123,0.451999,0.599235,0.242844,0.629869,0.050080,0.178604,0.754226
1677114834,326043910,0.451913,0.599776,0.241676,0.628456,0.051919,0.179679,0.755025
1677114834,336139975,0.451949,0.600311,0.240542,0.627043,0.053180,0.180975,0.755802
1677114834,346752707,0.451908,0.600712,0.239438,0.625131,0.055162,0.182446,0.756890
1677114834,356398144,0.452305,0.602001,0.238400,0.626023,0.054949,0.186904,0.755078
1677114834,366539508,0.452342,0.602615,0.237315,0.625498,0.054991,0.188604,0.755087
1677114834,376757262,0.452108,0.603203,0.236176,0.624652,0.056256,0.190605,0.755192
1677114834,386842084,0.452050,0.603634,0.235109,0.622793,0.056666,0.193561,0.755945
1677114834,396157007,0.451879,0.604254,0.233970,0.621177,0.057468,0.196809,0.756374
1677114834,406415226,0.451758,0.604773,0.232844,0.618310,0.058393,0.200900,0.757576
1677114834,417015646,0.451412,0.605467,0.231590,0.616433,0.059953,0.204226,0.758095
1677114834,426633631,0.451086,0.606071,0.230386,0.614119,0.060727,0.207694,0.758969
1677114834,437173499,0.450811,0.606722,0.229187,0.611613,0.061932,0.212328,0.759612
1677114834,446189347,0.450486,0.607330,0.228024,0.609453,0.062471,0.216791,0.760044
1677114834,456350364,0.449981,0.607672,0.226896,0.607266,0.063497,0.220466,0.760651
1677114834,466236079,0.449653,0.607934,0.225824,0.605428,0.063711,0.225173,0.760720
1677114834,476227567,0.449330,0.608278,0.224814,0.604920,0.063449,0.229933,0.759722
1677114834,486189442,0.448932,0.608481,0.223767,0.604294,0.063995,0.234399,0.758809
1677114834,496317554,0.448531,0.608581,0.222756,0.603531,0.064269,0.238363,0.758158
1677114834,506314198,0.448366,0.608666,0.221839,0.602264,0.064384,0.242885,0.757720
1677114834,516147816,0.448119,0.608913,0.220846,0.601769,0.065267,0.246206,0.756966
1677114834,526253655,0.447984,0.609240,0.219875,0.600867,0.066664,0.249226,0.756572
1677114834,536419772,0.448007,0.609652,0.218910,0.599475,0.068081,0.252067,0.756609
1677114834,546887165,0.447997,0.610249,0.217861,0.597977,0.070633,0.254876,0.756619
1677114834,556281116,0.448090,0.610801,0.216845,0.595967,0.072808,0.256883,0.757320
1677114834,565966566,0.448234,0.611490,0.215815,0.594179,0.075732,0.259411,0.757576
1677114834,575718719,0.448330,0.612187,0.214830,0.592868,0.078218,0.260974,0.757814
1677114834,585697887,0.448562,0.612644,0.213927,0.590633,0.081013,0.262807,0.758632
1677114834,595863765,0.448794,0.613295,0.213047,0.589348,0.083430,0.265036,0.758593
1677114834,606150353,0.448845,0.613672,0.212109,0.586828,0.087267,0.266930,0.759451
1677114834,616120719,0.449005,0.614257,0.211236,0.585365,0.089489,0.268882,0.759633
1677114834,625768111,0.449085,0.614757,0.210344,0.583746,0.091925,0.270693,0.759944
1677114834,636246215,0.449284,0.615172,0.209547,0.581621,0.094505,0.273389,0.760292
1677114834,646125223,0.449432,0.615818,0.208769,0.580736,0.097385,0.276099,0.759626
1677114834,655922345,0.449609,0.616307,0.208002,0.578809,0.100356,0.278554,0.759814
1677114834,665772243,0.449696,0.617031,0.207155,0.577217,0.103725,0.281238,0.759583
1677114834,676165850,0.450119,0.617906,0.206382,0.574293,0.105347,0.285038,0.760159
1677114834,686728122,0.449959,0.618734,0.205476,0.571583,0.109453,0.287197,0.760809
1677114834,696318829,0.449777,0.619154,0.204530,0.566429,0.114518,0.289445,0.763063
1677114834,706346207,0.449911,0.620324,0.203733,0.564413,0.116544,0.292240,0.763185
1677114834,716077043,0.449995,0.621341,0.202946,0.561750,0.118974,0.294767,0.763803
1677114834,726021052,0.450092,0.622223,0.202223,0.558573,0.121486,0.297208,0.764790
1677114834,736536992,0.450283,0.623050,0.201623,0.555131,0.124017,0.300531,0.765592
1677114834,746540423,0.450216,0.624011,0.200988,0.553307,0.127040,0.303351,0.765304
1677114834,756635394,0.450348,0.624749,0.200451,0.550338,0.129304,0.306650,0.765751
1677114834,766870463,0.450264,0.625410,0.199931,0.547435,0.132293,0.309802,0.766052
1677114834,776616667,0.450159,0.626439,0.199348,0.546176,0.133988,0.313204,0.765273
1677114834,786253834,0.449934,0.627033,0.198783,0.543054,0.136486,0.316473,0.765708
1677114834,796213950,0.449807,0.627954,0.198224,0.540959,0.137608,0.320846,0.765170
1677114834,806536787,0.449918,0.628385,0.197798,0.535060,0.140056,0.326295,0.766568
1677114834,817068884,0.449704,0.629184,0.197219,0.532215,0.141629,0.330618,0.766407
1677114834,826949033,0.449527,0.629818,0.196659,0.528428,0.143340,0.334328,0.767100
1677114834,837298673,0.449330,0.630591,0.196064,0.525133,0.144826,0.338287,0.767348
1677114834,846067098,0.449079,0.631554,0.195470,0.522418,0.146898,0.342707,0.766845
1677114834,856216956,0.448372,0.632911,0.194538,0.522605,0.149606,0.345673,0.764861
1677114834,866501734,0.448204,0.633627,0.194008,0.518619,0.152459,0.349940,0.765070
1677114834,876811221,0.447943,0.634619,0.193444,0.515850,0.155651,0.354631,0.764139
1677114834,886517650,0.447696,0.635211,0.192927,0.511981,0.159010,0.358489,0.764249
1677114834,896606836,0.447467,0.636002,0.192432,0.509379,0.161885,0.362501,0.763492
1677114834,906460966,0.447116,0.636910,0.191914,0.507878,0.165030,0.366353,0.761978
1677114834,916326832,0.446857,0.637562,0.191415,0.505282,0.167779,0.369951,0.761365
1677114834,926080043,0.446534,0.638368,0.190837,0.502722,0.170494,0.374054,0.760451
1677114834,936293405,0.446189,0.639204,0.190246,0.499875,0.172486,0.378175,0.759840
1677114834,946481356,0.445855,0.640055,0.189608,0.496389,0.173928,0.382307,0.759729
1677114834,956887088,0.445485,0.640868,0.188949,0.492048,0.175942,0.386833,0.759798
1677114834,966982508,0.445056,0.641656,0.188215,0.488062,0.177785,0.390474,0.760078
1677114834,976441425,0.444617,0.642387,0.187505,0.483758,0.180390,0.394100,0.760344
1677114834,986306048,0.444310,0.643253,0.186847,0.480005,0.182904,0.398331,0.759917
1677114834,995938375,0.444045,0.643721,0.186329,0.476294,0.185856,0.401226,0.760013
1677114835,5949451,0.443855,0.644256,0.185936,0.474150,0.188216,0.403655,0.759486
1677114835,16281359,0.443853,0.644884,0.185689,0.472326,0.190082,0.406927,0.758411
1677114835,26545729,0.443867,0.645366,0.185418,0.470394,0.192263,0.409600,0.757623
1677114835,36714442,0.443883,0.645927,0.185091,0.468782,0.193922,0.411944,0.756928
1677114835,46335733,0.443900,0.646533,0.184655,0.466783,0.195717,0.414256,0.756439
1677114835,56280909,0.443944,0.646987,0.184206,0.464120,0.197360,0.415423,0.757011
1677114835,66344898,0.444118,0.647486,0.183709,0.461298,0.199415,0.416574,0.757565
1677114835,76618305,0.444272,0.648181,0.183204,0.458997,0.202392,0.417673,0.757568
1677114835,86791084,0.444475,0.649042,0.182639,0.457133,0.205144,0.418751,0.757359
1677114835,96620111,0.444663,0.649697,0.182120,0.454149,0.208438,0.418844,0.758203
1677114835,106257412,0.444769,0.650520,0.181537,0.451798,0.211473,0.418978,0.758693
1677114835,115782121,0.444936,0.651361,0.180937,0.448980,0.214172,0.419626,0.759251
1677114835,125878281,0.444874,0.652110,0.180342,0.447015,0.217186,0.419313,0.759727
1677114835,135971931,0.445096,0.652775,0.179879,0.444275,0.219353,0.420456,0.760079
1677114835,145971676,0.445126,0.653370,0.179372,0.442630,0.221367,0.420827,0.760250
1677114835,156749951,0.445246,0.653785,0.178970,0.440175,0.222711,0.421594,0.760858
1677114835,166214435,0.445158,0.654396,0.178393,0.438895,0.224769,0.422899,0.760268
1677114835,176378630,0.444930,0.654991,0.177758,0.437444,0.226745,0.424010,0.759898
1677114835,186205492,0.444752,0.655558,0.177090,0.435066,0.228435,0.425401,0.759980
1677114835,196109810,0.444466,0.656094,0.176352,0.431696,0.231072,0.427180,0.760106
1677114835,206482611,0.444021,0.656926,0.175532,0.429393,0.233226,0.428969,0.759745
1677114835,216677195,0.443538,0.657652,0.174777,0.426720,0.235336,0.430341,0.759825
1677114835,226374270,0.443314,0.658220,0.174494,0.426137,0.237589,0.431433,0.758831
1677114835,236682779,0.443457,0.658621,0.174694,0.427956,0.239564,0.432091,0.756809
1677114835,246132083,0.443530,0.658914,0.174869,0.429044,0.241197,0.432609,0.755377
1677114835,256264062,0.443409,0.659424,0.174715,0.428563,0.241472,0.433738,0.754915
1677114835,266173651,0.443219,0.659788,0.174474,0.426312,0.241778,0.434483,0.755662
1677114835,276870673,0.443094,0.660291,0.174399,0.426076,0.242606,0.435522,0.754932
1677114835,287121695,0.443109,0.660545,0.174578,0.425842,0.244044,0.436015,0.754315
1677114835,297026267,0.442992,0.660968,0.174625,0.426721,0.244818,0.436508,0.753282
1677114835,306346495,0.442879,0.661315,0.174613,0.425892,0.245048,0.437414,0.753151
1677114835,316515966,0.442753,0.661555,0.174595,0.424756,0.245368,0.438215,0.753223
1677114835,325996846,0.442622,0.661748,0.174623,0.424875,0.246267,0.438609,0.752633
1677114835,336336868,0.442498,0.662023,0.174586,0.425895,0.247406,0.439109,0.751390
1677114835,346640076,0.442421,0.662178,0.174551,0.426068,0.248287,0.438926,0.751108
1677114835,357090068,0.442458,0.662429,0.174455,0.425509,0.249179,0.439230,0.750952
1677114835,366619364,0.442478,0.662842,0.174339,0.426008,0.250242,0.439105,0.750389
1677114835,376150461,0.442455,0.663179,0.174227,0.427486,0.251780,0.437623,0.749899
1677114835,385968801,0.442669,0.663466,0.174219,0.428097,0.253155,0.436772,0.749584
1677114835,396080837,0.442733,0.663800,0.174134,0.429051,0.254882,0.436001,0.748902
1677114835,406560813,0.442726,0.663933,0.173985,0.429210,0.256665,0.434393,0.749136
1677114835,416451708,0.442718,0.664096,0.173856,0.429663,0.258256,0.433876,0.748628
1677114835,426773449,0.442859,0.664269,0.173783,0.430474,0.259279,0.434015,0.747728
1677114835,436720553,0.442749,0.664356,0.173666,0.432086,0.260671,0.433457,0.746638
1677114835,446660064,0.442765,0.664321,0.173572,0.432750,0.261133,0.433084,0.746308
1677114835,456051314,0.442856,0.664268,0.173535,0.433034,0.261143,0.432877,0.746260
1677114835,466043205,0.442851,0.664306,0.173526,0.433881,0.261628,0.432603,0.745756
1677114835,476076274,0.442762,0.664296,0.173460,0.434769,0.262496,0.431673,0.745473
1677114835,486332490,0.442670,0.664306,0.173418,0.435200,0.263286,0.430935,0.745370
1677114835,496689287,0.442555,0.664410,0.173379,0.435991,0.263660,0.430315,0.745134
1677114835,506699552,0.442397,0.664480,0.173347,0.436620,0.264301,0.429679,0.744905
1677114835,516460840,0.442301,0.664603,0.173336,0.437693,0.264720,0.429225,0.744389
1677114835,526248905,0.442136,0.664675,0.173215,0.438805,0.265352,0.428232,0.744080
1677114835,536366475,0.442057,0.664645,0.173171,0.439355,0.265696,0.427167,0.744245
1677114835,546080407,0.442061,0.664641,0.173138,0.439866,0.266096,0.426574,0.744140
1677114835,556062804,0.441909,0.664704,0.173018,0.441592,0.266857,0.425090,0.743696
1677114835,566327950,0.441779,0.664699,0.172913,0.442843,0.267778,0.423614,0.743462
1677114835,576031805,0.441752,0.664648,0.172786,0.443727,0.268512,0.422409,0.743356
1677114835,585924477,0.441674,0.664656,0.172677,0.445393,0.269315,0.421001,0.742868
1677114835,595961427,0.441628,0.664591,0.172595,0.447714,0.269894,0.418409,0.742727
1677114835,606605206,0.441686,0.664437,0.172533,0.449044,0.271039,0.415838,0.742951
1677114835,616385132,0.441836,0.664568,0.172395,0.450679,0.271504,0.414085,0.742770
1677114835,626601989,0.441763,0.664507,0.172213,0.451880,0.272705,0.410451,0.743617
1677114835,637015712,0.441794,0.664677,0.172036,0.453789,0.273378,0.407872,0.743626
1677114835,646420173,0.442083,0.664623,0.171960,0.454752,0.273197,0.405197,0.744567
1677114835,656383446,0.442225,0.664534,0.171870,0.456774,0.273350,0.401873,0.745074
1677114835,666520043,0.442338,0.664483,0.171766,0.458829,0.273109,0.398800,0.745551
1677114835,676389656,0.442322,0.664381,0.171601,0.460514,0.273270,0.395844,0.746028
1677114835,686958911,0.442197,0.664396,0.171475,0.462395,0.273049,0.393612,0.746126
1677114835,697097615,0.441988,0.664399,0.171342,0.463659,0.273006,0.392283,0.746058
1677114835,706594946,0.441488,0.664255,0.171185,0.464897,0.273339,0.390612,0.746042
1677114835,716240371,0.440854,0.664320,0.171000,0.467077,0.273536,0.390038,0.744908
1677114835,726486453,0.440243,0.664050,0.170924,0.468338,0.273013,0.389151,0.744772
1677114835,736559370,0.439546,0.663964,0.170833,0.470190,0.273375,0.389327,0.743379
1677114835,746334800,0.439011,0.663843,0.170758,0.471853,0.272246,0.389146,0.742834
1677114835,757061392,0.438266,0.663744,0.170621,0.473748,0.272368,0.387981,0.742192
1677114835,766647985,0.437862,0.663733,0.170525,0.475465,0.271125,0.386979,0.742073
1677114835,776746435,0.437457,0.663579,0.170418,0.477313,0.270682,0.384568,0.742301
1677114835,786524503,0.437226,0.663728,0.170281,0.479918,0.269930,0.382161,0.742138
1677114835,796152491,0.437154,0.663669,0.170147,0.481472,0.269248,0.378862,0.743070
1677114835,806654697,0.437133,0.663800,0.170014,0.483380,0.268651,0.375377,0.743816
1677114835,816736522,0.437057,0.663915,0.169868,0.485790,0.267963,0.371125,0.744628
1677114835,826604457,0.437053,0.664146,0.169732,0.488353,0.266927,0.367483,0.745129
1677114835,836853795,0.436816,0.664214,0.169621,0.490606,0.266215,0.363145,0.746030
1677114835,846235978,0.436641,0.664352,0.169487,0.492309,0.265187,0.360379,0.746615
1677114835,855984996,0.436113,0.664535,0.169310,0.495156,0.264653,0.357094,0.746501
1677114835,866164585,0.435681,0.664538,0.169192,0.497349,0.263259,0.354744,0.746656
1677114835,876863155,0.435248,0.664488,0.169102,0.499375,0.261303,0.352817,0.746904
1677114835,886574280,0.434552,0.664561,0.168945,0.502577,0.259353,0.350586,0.746487
1677114835,896404619,0.434030,0.664327,0.168839,0.503759,0.257732,0.349255,0.746875
1677114835,906219658,0.433472,0.664292,0.168679,0.506467,0.255017,0.347511,0.746789
1677114835,916333455,0.432736,0.664147,0.168473,0.509063,0.253845,0.345155,0.746515
1677114835,926433846,0.432276,0.663968,0.168302,0.511154,0.251536,0.343508,0.746628
1677114835,936462110,0.431792,0.663705,0.168151,0.512769,0.250244,0.341926,0.746681
1677114835,946924540,0.431210,0.663547,0.167980,0.515165,0.249092,0.339897,0.746344
1677114835,957061348,0.430658,0.663458,0.167799,0.518108,0.247307,0.337307,0.746074
1677114835,966607763,0.430196,0.663382,0.167595,0.520731,0.246076,0.335401,0.745515
1677114835,976635547,0.429736,0.663190,0.167369,0.523161,0.244748,0.332838,0.745399
1677114835,986919182,0.429302,0.663078,0.167066,0.525879,0.243120,0.330322,0.745138
1677114835,996848172,0.428727,0.663020,0.166759,0.529052,0.242097,0.327599,0.744427
1677114836,7092099,0.428347,0.662795,0.166494,0.531312,0.240750,0.325532,0.744161
1677114836,17214853,0.427946,0.662550,0.166249,0.534088,0.239356,0.323200,0.743640
1677114836,26722495,0.427538,0.662351,0.165953,0.537503,0.238010,0.320559,0.742754
1677114836,36641988,0.427194,0.662088,0.165636,0.540546,0.236776,0.317964,0.742055
1677114836,46841363,0.426910,0.661870,0.165347,0.543201,0.235022,0.315021,0.741930
1677114836,56376829,0.426503,0.661820,0.165068,0.546455,0.233953,0.311894,0.741198
1677114836,66434362,0.426210,0.661511,0.164869,0.547953,0.233160,0.309222,0.741462
1677114836,76976387,0.425925,0.661485,0.164675,0.550354,0.231378,0.306740,0.741272
1677114836,86792900,0.425542,0.661418,0.164491,0.551997,0.229812,0.304676,0.741390
1677114836,97461829,0.425016,0.661334,0.164315,0.553315,0.228782,0.302686,0.741541
1677114836,106592251,0.424479,0.661261,0.164197,0.555000,0.226800,0.301003,0.741575
1677114836,116947452,0.423988,0.661092,0.164094,0.556027,0.224885,0.300071,0.741767
1677114836,127097358,0.423333,0.661061,0.163998,0.558269,0.223004,0.298863,0.741138
1677114836,136547385,0.422864,0.660884,0.163932,0.559525,0.221175,0.297927,0.741116
1677114836,147073563,0.422306,0.660653,0.163841,0.560603,0.219592,0.295652,0.741683
1677114836,156452893,0.421883,0.660724,0.163686,0.562261,0.217669,0.294163,0.741587
1677114836,166504006,0.421425,0.660837,0.163538,0.564314,0.215552,0.291611,0.741653
1677114836,176260807,0.420993,0.660821,0.163391,0.565815,0.213770,0.288657,0.742181
1677114836,186013681,0.420611,0.660794,0.163217,0.567153,0.212397,0.286266,0.742480
1677114836,196263998,0.420133,0.660752,0.163030,0.568654,0.210973,0.283325,0.742867
1677114836,206868724,0.419747,0.660889,0.162866,0.570801,0.209092,0.280981,0.742642
1677114836,216760869,0.419254,0.660879,0.162746,0.572708,0.207167,0.277630,0.742973
1677114836,227112206,0.418836,0.661083,0.162597,0.575163,0.205281,0.275181,0.742511
1677114836,236847903,0.418410,0.661053,0.162454,0.576208,0.203990,0.272454,0.743062
1677114836,246624781,0.418095,0.661319,0.162297,0.578172,0.201529,0.269818,0.743170
1677114836,257167281,0.417655,0.661493,0.162147,0.579877,0.199824,0.266649,0.743446
1677114836,266489983,0.417231,0.661540,0.162027,0.580844,0.198476,0.263816,0.744062
1677114836,276768200,0.416675,0.661820,0.161849,0.583199,0.196508,0.260501,0.743910
1677114836,287080288,0.416266,0.662003,0.161681,0.584510,0.194325,0.258939,0.744000
1677114836,296905774,0.415575,0.662113,0.161509,0.585993,0.192750,0.256686,0.744025
1677114836,306633878,0.415104,0.662079,0.161414,0.587000,0.190260,0.255350,0.744331
1677114836,316210620,0.414447,0.662199,0.161322,0.588586,0.188565,0.254158,0.743918
1677114836,326136300,0.413729,0.662286,0.161279,0.590196,0.186727,0.251972,0.743849
1677114836,336293081,0.413365,0.662325,0.161298,0.590313,0.184095,0.251133,0.744696
1677114836,346595918,0.412638,0.662652,0.161222,0.591934,0.182088,0.248188,0.744890
1677114836,356749518,0.412205,0.662778,0.161245,0.591979,0.179833,0.246014,0.746122
1677114836,367148211,0.411684,0.663062,0.161233,0.593236,0.177432,0.242997,0.746687
1677114836,376705190,0.411158,0.663420,0.161177,0.594881,0.175225,0.239903,0.746900
1677114836,386307610,0.410583,0.663861,0.161036,0.596661,0.173113,0.236882,0.746937
1677114836,396202867,0.410097,0.664088,0.160903,0.597253,0.170782,0.233893,0.747942
1677114836,406428971,0.409622,0.664493,0.160701,0.598907,0.168397,0.231074,0.748036
1677114836,417435782,0.409200,0.664834,0.160507,0.600705,0.166312,0.228024,0.747997
1677114836,426492091,0.408592,0.664988,0.160351,0.601932,0.165322,0.224376,0.748333
1677114836,436487309,0.408200,0.665301,0.160181,0.603714,0.163243,0.221492,0.748213
1677114836,446056545,0.407763,0.665610,0.160022,0.604957,0.161364,0.218865,0.748389
1677114836,456332541,0.407365,0.665855,0.159861,0.605912,0.158940,0.216150,0.748924
1677114836,466176489,0.406870,0.666185,0.159735,0.607346,0.157239,0.213850,0.748782
1677114836,476101966,0.406367,0.666451,0.159683,0.608546,0.155584,0.211931,0.748699
1677114836,486194063,0.405949,0.666714,0.159597,0.609571,0.153194,0.210247,0.748833
1677114836,496158657,0.405383,0.666904,0.159481,0.610459,0.151270,0.208101,0.749100
1677114836,506928204,0.404862,0.667118,0.159370,0.611485,0.149326,0.206666,0.749051
1677114836,516459149,0.404466,0.667213,0.159270,0.611971,0.146975,0.205684,0.749389
1677114836,526819891,0.403815,0.667515,0.159124,0.613388,0.145231,0.203364,0.749203
1677114836,536127675,0.403308,0.667786,0.158994,0.614249,0.143301,0.201671,0.749328
1677114836,546255425,0.402936,0.668017,0.158925,0.614760,0.141485,0.200454,0.749580
1677114836,556669619,0.402437,0.668281,0.158846,0.615752,0.139791,0.197858,0.749773
1677114836,566998423,0.402072,0.668551,0.158799,0.616319,0.138172,0.196284,0.750021
1677114836,576243992,0.401675,0.668827,0.158729,0.616881,0.136416,0.193817,0.750522
1677114836,586421976,0.401372,0.669085,0.158743,0.617109,0.135273,0.192519,0.750876
1677114836,596116638,0.400968,0.669440,0.158738,0.617856,0.133727,0.190348,0.751091
1677114836,606339076,0.400654,0.669715,0.158809,0.617608,0.132040,0.189061,0.751919
1677114836,616514994,0.400196,0.670128,0.158897,0.617701,0.130718,0.187606,0.752437
1677114836,626770877,0.399896,0.670474,0.158991,0.617837,0.128695,0.187061,0.752810
1677114836,636303403,0.399308,0.670685,0.159043,0.618226,0.127566,0.184917,0.753212
1677114836,646573630,0.399137,0.670948,0.159137,0.618648,0.124826,0.184370,0.753459
1677114836,656266859,0.398772,0.671255,0.159198,0.618999,0.122418,0.182891,0.753926
1677114836,666283315,0.398410,0.671565,0.159202,0.619266,0.119578,0.180917,0.754639
1677114836,676526655,0.398028,0.671800,0.159210,0.619203,0.117160,0.179002,0.755526
1677114836,686788013,0.397755,0.672096,0.159228,0.619819,0.114342,0.177513,0.755804
1677114836,696436972,0.397522,0.672358,0.159257,0.620567,0.111646,0.175790,0.755996
1677114836,706327301,0.397244,0.672737,0.159271,0.621868,0.108370,0.172970,0.756054
1677114836,716003698,0.397130,0.673005,0.159307,0.622104,0.105326,0.170674,0.756812
1677114836,726268760,0.397015,0.673284,0.159327,0.622170,0.102512,0.167752,0.757797
1677114836,736467685,0.396974,0.673614,0.159357,0.622568,0.099850,0.164954,0.758438
1677114836,746754051,0.397005,0.673839,0.159292,0.622794,0.096836,0.161588,0.759368
1677114836,756695767,0.397064,0.674037,0.159225,0.623207,0.094564,0.158638,0.759938
1677114836,767193027,0.397132,0.674414,0.159111,0.624745,0.091889,0.155362,0.759679
1677114836,776526090,0.397120,0.674673,0.158954,0.625789,0.090037,0.151595,0.759803
1677114836,787013362,0.397189,0.675163,0.158754,0.627416,0.087742,0.148707,0.759300
1677114836,796459949,0.397150,0.675456,0.158465,0.628485,0.086370,0.145182,0.759256
1677114836,806365698,0.397218,0.675638,0.158169,0.629299,0.084781,0.141967,0.759368
1677114836,816994256,0.397206,0.675960,0.157915,0.631083,0.083849,0.138788,0.758579
1677114836,826648535,0.397256,0.676086,0.157685,0.632556,0.082735,0.135152,0.758130
1677114836,836508096,0.397497,0.676350,0.157449,0.634532,0.081168,0.132290,0.757152
1677114836,846180263,0.397650,0.676582,0.157246,0.635809,0.080341,0.129125,0.756716
1677114836,856120428,0.397817,0.676871,0.157009,0.636618,0.079870,0.126350,0.756554
1677114836,866265748,0.398036,0.677113,0.156835,0.636917,0.078817,0.123743,0.756843
1677114836,876640383,0.398023,0.677471,0.156696,0.637935,0.078525,0.120865,0.756482
1677114836,886456025,0.398098,0.677796,0.156616,0.638857,0.077389,0.118807,0.756147
1677114836,896928923,0.398080,0.677985,0.156502,0.639132,0.076683,0.117033,0.756263
1677114836,906212756,0.398047,0.678380,0.156433,0.640292,0.075807,0.115575,0.755594
1677114836,916143734,0.398024,0.678503,0.156376,0.640706,0.074941,0.113959,0.755575
1677114836,926045096,0.398075,0.678628,0.156327,0.640922,0.074671,0.113049,0.755555
1677114836,936111107,0.398130,0.678881,0.156290,0.641727,0.073589,0.110978,0.755284
1677114836,946495245,0.398157,0.679166,0.156249,0.642030,0.072796,0.108941,0.755401
1677114836,956326715,0.398235,0.679461,0.156178,0.642117,0.071775,0.107136,0.755682
1677114836,966717957,0.398240,0.679776,0.156128,0.642431,0.070819,0.105729,0.755704
1677114836,976118084,0.398197,0.680156,0.156055,0.643029,0.069779,0.104710,0.755434
1677114836,986377385,0.398122,0.680436,0.155998,0.643380,0.068714,0.104082,0.755320
1677114836,996397461,0.398026,0.680596,0.155890,0.643778,0.067156,0.102989,0.755271
1677114837,6751624,0.397974,0.680922,0.155782,0.645192,0.065629,0.102498,0.754265
1677114837,17410225,0.397874,0.681015,0.155633,0.645641,0.064642,0.101421,0.754111
1677114837,27369599,0.397890,0.681278,0.155490,0.646954,0.063263,0.100169,0.753269
1677114837,36590929,0.397868,0.681396,0.155351,0.647486,0.062982,0.098539,0.753051
1677114837,46632372,0.397944,0.681638,0.155217,0.648399,0.062095,0.097016,0.752536
1677114837,56593071,0.398086,0.682042,0.155042,0.649465,0.061257,0.096078,0.751806
1677114837,66484636,0.398235,0.682393,0.154860,0.650597,0.059966,0.094904,0.751080
1677114837,77032540,0.398253,0.682665,0.154682,0.651642,0.059598,0.093751,0.750347
1677114837,87074124,0.398303,0.682858,0.154514,0.652574,0.059064,0.092593,0.749723
1677114837,97392862,0.398316,0.683154,0.154323,0.654024,0.058820,0.091399,0.748625
1677114837,106950562,0.398385,0.683364,0.154125,0.655085,0.058658,0.090280,0.747845
1677114837,116476013,0.398511,0.683519,0.153948,0.655604,0.058963,0.089659,0.747441
1677114837,126178940,0.398626,0.683652,0.153792,0.656236,0.058791,0.087928,0.747105
1677114837,136472408,0.398920,0.683918,0.153658,0.656895,0.057914,0.087090,0.746693
1677114837,146234971,0.399110,0.684341,0.153546,0.658031,0.057461,0.085946,0.745860
1677114837,156483254,0.399154,0.684582,0.153463,0.658411,0.057434,0.084270,0.745718
1677114837,166836607,0.399231,0.684837,0.153366,0.658740,0.057308,0.083108,0.745567
1677114837,176508664,0.399356,0.685230,0.153312,0.659475,0.056477,0.082253,0.745076
1677114837,186464780,0.399320,0.685608,0.153246,0.659826,0.056208,0.081162,0.744904
1677114837,196634647,0.399412,0.685913,0.153224,0.659886,0.055387,0.081158,0.744913
1677114837,207330078,0.399430,0.686243,0.153187,0.660168,0.054271,0.080834,0.744781
1677114837,217272450,0.399337,0.686529,0.153135,0.660486,0.053475,0.080365,0.744608
1677114837,227526118,0.399265,0.686814,0.153082,0.660978,0.052399,0.080096,0.744276
1677114837,236647904,0.399165,0.687054,0.153028,0.661121,0.051683,0.079697,0.744242
1677114837,246883239,0.399167,0.687400,0.153013,0.661458,0.050456,0.079597,0.744038
1677114837,256655149,0.399142,0.687743,0.153009,0.661400,0.049744,0.079693,0.744127
1677114837,266623513,0.399084,0.688087,0.153001,0.661323,0.049163,0.079477,0.744256
1677114837,276892143,0.399156,0.688539,0.152981,0.661727,0.048087,0.079491,0.743967
1677114837,287340990,0.399170,0.688794,0.152967,0.661837,0.047719,0.079362,0.743906
1677114837,297375846,0.399083,0.689024,0.152966,0.661994,0.047807,0.078847,0.743816
1677114837,306651954,0.399147,0.689280,0.152936,0.662304,0.047132,0.078967,0.743570
1677114837,316292268,0.399221,0.689393,0.152912,0.662387,0.046077,0.078625,0.743598
1677114837,326191760,0.399176,0.689562,0.152905,0.662825,0.045704,0.078422,0.743253
1677114837,336263952,0.399279,0.689793,0.152933,0.663459,0.044135,0.078770,0.742745
1677114837,346713795,0.399210,0.689799,0.152959,0.662848,0.043388,0.078627,0.743349
1677114837,357000940,0.399187,0.689998,0.152990,0.662925,0.042394,0.078789,0.743320
1677114837,367042403,0.399138,0.690365,0.153010,0.663604,0.041422,0.078827,0.742765
1677114837,376596244,0.399057,0.690438,0.153051,0.663277,0.040740,0.078662,0.743112
1677114837,386512722,0.399029,0.690594,0.153076,0.663236,0.039757,0.078658,0.743203
1677114837,396386645,0.398947,0.690862,0.153088,0.663398,0.039013,0.078614,0.743102
1677114837,406708956,0.398826,0.691175,0.153084,0.663580,0.038087,0.078125,0.743039
1677114837,417359597,0.398734,0.691371,0.153045,0.663393,0.037417,0.078418,0.743209
1677114837,427570598,0.398587,0.691640,0.153010,0.663895,0.036319,0.078115,0.742848
1677114837,438081686,0.398501,0.691679,0.153004,0.663889,0.035603,0.078793,0.742816
1677114837,447082319,0.398309,0.691876,0.152946,0.665050,0.034550,0.078608,0.741846
1677114837,456803038,0.398085,0.692028,0.152887,0.665951,0.033229,0.078239,0.741137
1677114837,466282448,0.397881,0.692072,0.152766,0.665726,0.032642,0.078741,0.741312
1677114837,476412266,0.397646,0.692312,0.152680,0.666953,0.031514,0.078485,0.740284
1677114837,486774767,0.397545,0.692429,0.152582,0.668293,0.030057,0.078396,0.739144
1677114837,496678223,0.397427,0.692289,0.152552,0.669324,0.029200,0.078197,0.738267
1677114837,506285488,0.397278,0.692254,0.152478,0.670720,0.028923,0.077822,0.737049
1677114837,516389438,0.397219,0.692086,0.152397,0.671289,0.028142,0.076894,0.736659
1677114837,526222637,0.397117,0.692015,0.152358,0.672073,0.028140,0.075908,0.736046
1677114837,536476497,0.397320,0.692112,0.152347,0.673642,0.026896,0.075580,0.734691
1677114837,547102434,0.397394,0.692106,0.152338,0.674802,0.026506,0.074341,0.733766
1677114837,557552509,0.397514,0.691951,0.152322,0.675492,0.026154,0.073180,0.733260
1677114837,566792257,0.397622,0.691685,0.152276,0.675921,0.026106,0.071895,0.732994
1677114837,577120464,0.397704,0.691504,0.152203,0.677104,0.026063,0.070402,0.732048
1677114837,586130498,0.397878,0.691297,0.152149,0.678307,0.025637,0.069093,0.731073
1677114837,596186075,0.397978,0.691112,0.152118,0.679625,0.025661,0.067808,0.729969
1677114837,606496257,0.398055,0.690939,0.152034,0.680662,0.025406,0.066202,0.729158
1677114837,617523967,0.398057,0.690636,0.151920,0.681093,0.025840,0.064446,0.728897
1677114837,627237674,0.398255,0.690456,0.151862,0.682152,0.025250,0.063475,0.728013
1677114837,637171157,0.398372,0.690191,0.151791,0.683173,0.024800,0.061681,0.727224
1677114837,646617294,0.398539,0.690019,0.151728,0.684455,0.024638,0.060782,0.726099
1677114837,656306230,0.398625,0.689818,0.151665,0.685175,0.024545,0.059244,0.725550
1677114837,666671649,0.398741,0.689618,0.151600,0.685791,0.024564,0.058010,0.725067
1677114837,677759528,0.398864,0.689449,0.151536,0.686664,0.024492,0.056680,0.724348
1677114837,686713261,0.399041,0.689243,0.151495,0.687599,0.024688,0.055987,0.723508
1677114837,697154953,0.399167,0.688969,0.151459,0.688155,0.024688,0.054403,0.723100
1677114837,706661026,0.399293,0.688902,0.151415,0.689041,0.025008,0.052939,0.722354
1677114837,716446581,0.399472,0.688833,0.151369,0.689532,0.025125,0.051800,0.721963
1677114837,726133794,0.399661,0.688670,0.151325,0.689755,0.024856,0.050074,0.721881
1677114837,736520742,0.399830,0.688724,0.151309,0.690882,0.025502,0.049446,0.720823
1677114837,746920494,0.400048,0.688525,0.151270,0.691520,0.025228,0.047883,0.720327
1677114837,756598069,0.400181,0.688254,0.151256,0.692252,0.025609,0.046497,0.719701
1677114837,767261203,0.400312,0.687835,0.151233,0.692974,0.025700,0.044922,0.719102
1677114837,777090317,0.400547,0.687644,0.151216,0.694881,0.025489,0.043523,0.717354
1677114837,786396521,0.400796,0.687309,0.151203,0.696231,0.025432,0.041976,0.716138
1677114837,796633592,0.401131,0.687175,0.151193,0.698165,0.025246,0.040959,0.714318
1677114837,807276228,0.401301,0.686800,0.151142,0.698273,0.026279,0.039303,0.714269
1677114837,816991896,0.401441,0.686713,0.151127,0.698930,0.027175,0.037399,0.713694
1677114837,827359521,0.401775,0.686816,0.151101,0.699651,0.027579,0.036699,0.713008
1677114837,837230026,0.402012,0.686606,0.151069,0.699301,0.028276,0.035479,0.713386
1677114837,846704659,0.402250,0.686517,0.151068,0.700034,0.028562,0.034084,0.712724
1677114837,856306616,0.402466,0.686362,0.151098,0.700758,0.028807,0.032889,0.712058
1677114837,866266706,0.402601,0.686124,0.151105,0.701392,0.029352,0.031495,0.711475
1677114837,876403198,0.402861,0.685957,0.151121,0.702410,0.029023,0.030421,0.710529
1677114837,886564785,0.403101,0.685746,0.151146,0.703703,0.028775,0.029476,0.709300
1677114837,897130247,0.403311,0.685229,0.151088,0.703981,0.029237,0.028568,0.709041
1677114837,907326460,0.403431,0.685010,0.151086,0.705775,0.029390,0.026657,0.707325
1677114837,916406006,0.403619,0.684763,0.151091,0.707427,0.029640,0.025113,0.705718
1677114837,926185463,0.403798,0.684364,0.151098,0.708412,0.030134,0.023565,0.704762
1677114837,936900244,0.404121,0.684098,0.151087,0.709194,0.030547,0.022645,0.703987
1677114837,947424318,0.404370,0.683976,0.151080,0.709928,0.031165,0.021561,0.703254
1677114837,957867111,0.404601,0.683897,0.151074,0.710319,0.031438,0.020056,0.702892
1677114837,967728464,0.404777,0.683841,0.151017,0.710453,0.032099,0.018489,0.702769
1677114837,976850977,0.405055,0.683735,0.150953,0.710335,0.032013,0.017567,0.702916
1677114837,986669702,0.405118,0.683704,0.150880,0.710943,0.032700,0.016085,0.702305
1677114837,996488839,0.405241,0.683497,0.150763,0.711359,0.033356,0.015448,0.701867
1677114838,7048948,0.405283,0.683248,0.150670,0.712002,0.033623,0.014176,0.701228
1677114838,17571443,0.405432,0.683057,0.150561,0.712829,0.033342,0.013082,0.700423
1677114838,27595485,0.405560,0.682938,0.150464,0.714035,0.033454,0.012317,0.699201
1677114838,37743434,0.405608,0.682641,0.150275,0.714535,0.034086,0.011378,0.698676
1677114838,46282978,0.405738,0.682403,0.150163,0.715460,0.034185,0.010277,0.697741
1677114838,56333168,0.405787,0.681999,0.149965,0.715782,0.034817,0.009010,0.697397
1677114838,66576396,0.406034,0.681773,0.149803,0.716694,0.034440,0.008187,0.696488
1677114838,76389816,0.406088,0.681621,0.149607,0.717935,0.035152,0.007009,0.695187
1677114838,86920933,0.406218,0.681266,0.149472,0.718586,0.035296,0.005743,0.694518
1677114838,97219896,0.406395,0.681069,0.149357,0.719692,0.035218,0.004457,0.693385
1677114838,106565699,0.406529,0.680823,0.149291,0.720563,0.035914,0.003534,0.692450
1677114838,116446538,0.406617,0.680562,0.149221,0.721010,0.036633,0.002353,0.691952
1677114838,126780173,0.406748,0.680435,0.149180,0.721651,0.037317,0.001504,0.691249
1677114838,136437568,0.406938,0.680384,0.149213,0.722219,0.037316,0.000839,0.690656
1677114838,146779612,0.406953,0.680281,0.149274,0.722277,0.037828,-0.000239,0.690568
1677114838,157335945,0.407063,0.680221,0.149381,0.722642,0.037755,-0.000596,0.690190
1677114838,166829569,0.407140,0.680166,0.149504,0.723121,0.037754,-0.000824,0.689689
1677114838,176428071,0.407172,0.680036,0.149635,0.723696,0.037322,-0.001306,0.689108
1677114838,186649666,0.407149,0.679904,0.149779,0.724395,0.037346,-0.001560,0.688371
1677114838,196518775,0.407214,0.679758,0.149943,0.725181,0.036581,-0.001748,0.687584
1677114838,206634388,0.407146,0.679628,0.150073,0.725886,0.036669,-0.001928,0.686834
1677114838,216913948,0.407191,0.679405,0.150196,0.726182,0.036383,-0.001828,0.686537
1677114838,227919088,0.407321,0.679298,0.150289,0.726901,0.035852,-0.001835,0.685803
1677114838,237763607,0.407457,0.679105,0.150367,0.727295,0.035572,-0.001617,0.685400
1677114838,246561429,0.407428,0.678961,0.150459,0.727722,0.036278,-0.001908,0.684910
1677114838,256423572,0.407554,0.678926,0.150557,0.728590,0.036114,-0.002445,0.683993
1677114838,266548724,0.407562,0.678829,0.150619,0.729033,0.036523,-0.003153,0.683496
1677114838,277116169,0.407665,0.678769,0.150689,0.729369,0.037198,-0.003264,0.683100
1677114838,287078596,0.407855,0.678646,0.150764,0.729542,0.036821,-0.003698,0.682934
1677114838,297115110,0.407918,0.678545,0.150836,0.729946,0.037312,-0.004079,0.682473
1677114838,307133756,0.408109,0.678463,0.150944,0.730651,0.036958,-0.004320,0.681736
1677114838,316641958,0.408197,0.678320,0.150999,0.730769,0.036947,-0.004759,0.681607
1677114838,326420173,0.408172,0.678242,0.151034,0.730855,0.037320,-0.005676,0.681489
1677114838,336945024,0.408198,0.678259,0.151066,0.731029,0.037591,-0.006012,0.681284
1677114838,347865495,0.408263,0.678241,0.151103,0.731187,0.037456,-0.006062,0.681121
1677114838,357016523,0.408195,0.678103,0.151196,0.731249,0.037761,-0.006408,0.681034
1677114838,367453341,0.408252,0.677980,0.151363,0.732121,0.037079,-0.006630,0.680132
1677114838,376912195,0.408225,0.677693,0.151534,0.732879,0.037115,-0.006233,0.679317
1677114838,386725984,0.408196,0.677476,0.151768,0.734381,0.036679,-0.006304,0.677716
1677114838,396989457,0.408196,0.677181,0.151945,0.735183,0.036575,-0.005915,0.676856
1677114838,407220814,0.408151,0.676974,0.152118,0.735988,0.036613,-0.005689,0.675980
1677114838,417148801,0.408208,0.676841,0.152326,0.736826,0.036243,-0.005467,0.675089
1677114838,426705775,0.408243,0.676597,0.152540,0.737259,0.036306,-0.005230,0.674613
1677114838,436494100,0.408313,0.676518,0.152811,0.738056,0.035819,-0.004940,0.673769
1677114838,446611838,0.408285,0.676368,0.153059,0.738173,0.035754,-0.005094,0.673644
1677114838,456525602,0.408289,0.676367,0.153337,0.738503,0.035545,-0.005170,0.673293
1677114838,466462105,0.408218,0.676448,0.153641,0.738973,0.035193,-0.005712,0.672791
1677114838,476927892,0.408249,0.676349,0.153907,0.738708,0.034835,-0.005183,0.673105
1677114838,487200029,0.408248,0.676347,0.154173,0.738931,0.034471,-0.004659,0.672883
1677114838,497301692,0.408309,0.676343,0.154460,0.739706,0.033348,-0.004028,0.672091
1677114838,507357908,0.408149,0.675998,0.154715,0.739530,0.033555,-0.003753,0.672277
1677114838,516468416,0.408156,0.675863,0.155012,0.740554,0.032609,-0.003221,0.671198
1677114838,526275514,0.408021,0.675684,0.155282,0.741154,0.032917,-0.002513,0.670523
1677114838,536415800,0.408011,0.675575,0.155582,0.741579,0.032183,-0.002180,0.670089
1677114838,546976119,0.407956,0.675424,0.155863,0.741575,0.031914,-0.002038,0.670107
1677114838,556492107,0.407978,0.675328,0.156185,0.741581,0.031440,-0.001744,0.670124
1677114838,566798526,0.407984,0.675399,0.156511,0.742209,0.031101,-0.001798,0.669444
1677114838,577328960,0.408115,0.675400,0.156885,0.742841,0.030611,-0.001215,0.668767
1677114838,586563104,0.408103,0.675159,0.157210,0.742873,0.030447,-0.001727,0.668738
1677114838,596302416,0.408159,0.674965,0.157637,0.743764,0.030255,-0.001811,0.667755
1677114838,606769173,0.408192,0.674672,0.158096,0.744743,0.030445,-0.001875,0.666653
1677114838,617327667,0.408380,0.674150,0.158540,0.745145,0.029718,-0.001983,0.666238
1677114838,627166493,0.408407,0.673758,0.159035,0.746189,0.030370,-0.002065,0.665038
1677114838,637251904,0.408605,0.673436,0.159574,0.747387,0.029906,-0.002073,0.663713
1677114838,647219172,0.408735,0.673052,0.160133,0.748183,0.030056,-0.002180,0.662808
1677114838,656629000,0.408856,0.672789,0.160774,0.749003,0.029872,-0.003189,0.661886
1677114838,666538319,0.409127,0.672510,0.161382,0.749330,0.029500,-0.002819,0.661533
1677114838,676550394,0.409193,0.672238,0.162016,0.749587,0.029685,-0.003508,0.661230
1677114838,687099802,0.409364,0.672070,0.162675,0.750214,0.029192,-0.003903,0.660539
1677114838,697413377,0.409494,0.671620,0.163301,0.750089,0.029143,-0.003667,0.660684
1677114838,706756852,0.409571,0.671272,0.163941,0.750680,0.028894,-0.003842,0.660023
1677114838,716599162,0.409643,0.670980,0.164688,0.751586,0.028502,-0.004015,0.659007
1677114838,726499725,0.409667,0.670586,0.165396,0.752144,0.028584,-0.003580,0.658369
1677114838,736699814,0.409722,0.670197,0.166091,0.752635,0.028365,-0.003532,0.657817
1677114838,746717287,0.409792,0.669959,0.166806,0.753637,0.028173,-0.002978,0.656680
1677114838,757562160,0.409788,0.669632,0.167541,0.754053,0.027827,-0.003337,0.656216
1677114838,767020063,0.409816,0.669305,0.168248,0.753983,0.027619,-0.003300,0.656304
1677114838,776836980,0.409861,0.669144,0.168995,0.754499,0.027469,-0.003098,0.655719
1677114838,786709461,0.409893,0.668804,0.169717,0.754279,0.027625,-0.002637,0.655968
1677114838,796506531,0.409950,0.668678,0.170483,0.755062,0.027168,-0.003047,0.655083
1677114838,806687346,0.410025,0.668430,0.171210,0.755255,0.027625,-0.002578,0.654844
1677114838,816685758,0.410020,0.668127,0.171969,0.755271,0.028094,-0.002804,0.654804
1677114838,827386734,0.410126,0.668042,0.172762,0.756165,0.027966,-0.003360,0.653774
1677114838,837721022,0.410289,0.667754,0.173516,0.756359,0.028073,-0.003377,0.653545
1677114838,846628961,0.410383,0.667611,0.174292,0.757094,0.028846,-0.003795,0.652657
1677114838,856682793,0.410529,0.667198,0.175020,0.756736,0.029476,-0.004076,0.653044
1677114838,867055420,0.410630,0.667141,0.175873,0.757591,0.030105,-0.004555,0.652019
1677114838,878497536,0.410839,0.666865,0.176693,0.757507,0.030675,-0.004124,0.652093
1677114838,887811852,0.410937,0.666817,0.177570,0.758223,0.031092,-0.004664,0.651237
1677114838,897528546,0.411020,0.666555,0.178452,0.758123,0.031616,-0.004904,0.651326
1677114838,906869679,0.411094,0.666326,0.179375,0.758269,0.031795,-0.005177,0.651146
1677114838,916513694,0.411047,0.666134,0.180332,0.758542,0.032325,-0.005875,0.650796
1677114838,926821939,0.411082,0.666039,0.181362,0.759166,0.032429,-0.005603,0.650064
1677114838,936823654,0.411140,0.665822,0.182345,0.759526,0.032414,-0.005324,0.649647
1677114838,947325805,0.411179,0.665622,0.183435,0.760312,0.032129,-0.005260,0.648742
1677114838,957602777,0.411194,0.665293,0.184492,0.760705,0.032537,-0.004972,0.648263
1677114838,967229390,0.411190,0.665065,0.185603,0.761673,0.032917,-0.005192,0.647104
1677114838,976228564,0.411226,0.664746,0.186731,0.762064,0.033132,-0.005089,0.646633
1677114838,986808000,0.411243,0.664568,0.187824,0.762680,0.033563,-0.005181,0.645884
1677114838,996514971,0.411329,0.664294,0.188937,0.762663,0.033755,-0.004838,0.645896
1677114839,6660218,0.411390,0.664194,0.190080,0.763139,0.033829,-0.005117,0.645329
1677114839,16968422,0.411456,0.664074,0.191268,0.763556,0.033945,-0.005071,0.644829
1677114839,26664116,0.411444,0.663886,0.192469,0.763872,0.034133,-0.005183,0.644444
1677114839,36895925,0.411351,0.663614,0.193681,0.764143,0.035059,-0.004976,0.644074
1677114839,46418708,0.411431,0.663350,0.194895,0.764677,0.034356,-0.005140,0.643477
1677114839,57607483,0.411531,0.663201,0.196100,0.765643,0.034154,-0.004716,0.642342
1677114839,66866837,0.411451,0.662788,0.197263,0.765619,0.034886,-0.004611,0.642331
1677114839,76739612,0.411468,0.662675,0.198511,0.766293,0.034745,-0.004913,0.641532
1677114839,87185161,0.411416,0.662586,0.199715,0.766879,0.035162,-0.005180,0.640806
1677114839,96670222,0.411412,0.662482,0.200920,0.767050,0.035058,-0.005423,0.640606
1677114839,107648469,0.411420,0.662452,0.202167,0.767408,0.035026,-0.005484,0.640179
1677114839,116389110,0.411350,0.662373,0.203392,0.767439,0.035481,-0.005291,0.640117
1677114839,126519189,0.411350,0.662253,0.204593,0.767526,0.035062,-0.005141,0.640038
1677114839,136682045,0.411245,0.662174,0.205854,0.767957,0.034944,-0.005188,0.639527
1677114839,147439528,0.411105,0.661943,0.207058,0.767905,0.035231,-0.004956,0.639575
1677114839,157384324,0.410942,0.661817,0.208273,0.768203,0.035825,-0.004273,0.639189
1677114839,167228257,0.410702,0.661609,0.209477,0.768160,0.036700,-0.003918,0.639194
1677114839,176804788,0.410911,0.661743,0.210836,0.769692,0.034204,-0.003969,0.637486
1677114839,186799050,0.410736,0.661483,0.212005,0.769487,0.034778,-0.003460,0.637705
1677114839,196541026,0.410630,0.661358,0.213226,0.769770,0.034387,-0.003162,0.637387
1677114839,207058896,0.410590,0.661480,0.214448,0.770782,0.033707,-0.002946,0.636199
1677114839,217476859,0.410350,0.661278,0.215569,0.770428,0.034015,-0.002961,0.636612
1677114839,226978435,0.410230,0.661265,0.216703,0.770638,0.033643,-0.002380,0.636380
1677114839,237130637,0.410068,0.660984,0.217772,0.770079,0.033286,-0.001839,0.637077
1677114839,247137524,0.409785,0.660960,0.218909,0.770578,0.033730,-0.001357,0.636452
1677114839,256720113,0.409687,0.660934,0.220039,0.771092,0.032784,-0.000687,0.635879
1677114839,266932529,0.409396,0.660905,0.221183,0.771588,0.032412,-0.000731,0.635296
1677114839,277231127,0.409216,0.660680,0.222239,0.771304,0.032090,0.000536,0.635657
1677114839,287875061,0.408916,0.660564,0.223319,0.771290,0.032223,0.001213,0.635666
1677114839,297554667,0.408703,0.660689,0.224453,0.772179,0.032061,0.002232,0.634592
1677114839,307479352,0.408451,0.660820,0.225581,0.772958,0.032359,0.003155,0.633624
1677114839,316575700,0.408269,0.660912,0.226621,0.773452,0.032759,0.004330,0.632993
1677114839,326407188,0.408202,0.660098,0.227548,0.770804,0.031288,0.004785,0.636285
1677114839,336525601,0.408307,0.660122,0.228581,0.770943,0.030128,0.006464,0.636158
1677114839,347285817,0.408436,0.659933,0.229517,0.770218,0.029342,0.008434,0.637049
1677114839,356456770,0.408503,0.659667,0.230477,0.769333,0.028641,0.009443,0.638136
1677114839,366903361,0.407840,0.660001,0.231703,0.770645,0.030634,0.005806,0.636502
1677114839,377095968,0.407845,0.659888,0.232713,0.770174,0.030334,0.006371,0.637080
1677114839,387358408,0.407746,0.659935,0.233717,0.769981,0.030676,0.006900,0.637292
1677114839,397326865,0.407708,0.660124,0.234735,0.769982,0.030266,0.007202,0.637307
1677114839,407162885,0.407564,0.660167,0.235656,0.769061,0.030564,0.008057,0.638394
1677114839,416771471,0.407443,0.660345,0.236602,0.768331,0.030424,0.008800,0.639268
1677114839,427481396,0.407354,0.660417,0.237570,0.767631,0.029760,0.009684,0.640127
1677114839,437766008,0.407213,0.660675,0.238618,0.767849,0.028818,0.009679,0.639910
1677114839,447064267,0.407126,0.660649,0.239631,0.767541,0.028338,0.010800,0.640282
1677114839,456431005,0.407040,0.660627,0.240708,0.767637,0.027643,0.011564,0.640184
1677114839,466914944,0.406846,0.660556,0.241780,0.767967,0.027554,0.011791,0.639787
1677114839,477548352,0.406746,0.660497,0.242877,0.768323,0.027454,0.012638,0.639348
1677114839,486976548,0.406725,0.660358,0.243930,0.768295,0.026831,0.013187,0.639398
1677114839,497078985,0.406670,0.660415,0.245036,0.768835,0.026237,0.013192,0.638772
1677114839,507727457,0.406534,0.660346,0.246066,0.768638,0.026965,0.013921,0.638963
1677114839,516947686,0.406458,0.660334,0.247105,0.768453,0.027101,0.014072,0.639177
1677114839,526481439,0.406369,0.660459,0.248143,0.768494,0.027260,0.013966,0.639123
1677114839,536841750,0.406432,0.660576,0.249207,0.768606,0.026746,0.014232,0.639004
1677114839,547091472,0.406360,0.660731,0.250241,0.769064,0.026653,0.013784,0.638467
1677114839,556624378,0.406287,0.660713,0.251213,0.768929,0.027050,0.013862,0.638612
1677114839,567560279,0.406318,0.660764,0.252217,0.769277,0.027123,0.014230,0.638181
1677114839,577092053,0.406336,0.660832,0.253203,0.769823,0.027123,0.014409,0.637518
1677114839,587522080,0.406305,0.660867,0.254101,0.769999,0.027233,0.014231,0.637305
1677114839,596580660,0.406283,0.661004,0.255039,0.770794,0.027416,0.014194,0.636336
1677114839,606941261,0.406260,0.660988,0.255900,0.770867,0.027800,0.014487,0.636224
1677114839,616810084,0.406291,0.660896,0.256762,0.770936,0.027735,0.014696,0.636138
1677114839,626999922,0.406290,0.660692,0.257601,0.770661,0.027841,0.014586,0.636470
1677114839,636747975,0.406334,0.660723,0.258491,0.771166,0.027342,0.014497,0.635882
1677114839,646474929,0.406304,0.660643,0.259301,0.771104,0.027855,0.014969,0.635923
1677114839,656905075,0.406291,0.660703,0.260134,0.771472,0.027748,0.014560,0.635492
1677114839,667038378,0.406282,0.660704,0.260964,0.771516,0.027783,0.014139,0.635446
1677114839,677362353,0.406325,0.660687,0.261767,0.771376,0.027733,0.014303,0.635614
1677114839,687741061,0.406385,0.660626,0.262577,0.771320,0.027532,0.014418,0.635689
1677114839,697521881,0.406396,0.660650,0.263416,0.771663,0.027481,0.014132,0.635280
1677114839,707062317,0.406418,0.660517,0.264189,0.771637,0.027560,0.014397,0.635303
1677114839,716621077,0.406437,0.660487,0.265002,0.772126,0.027469,0.014248,0.634715
1677114839,726889731,0.406282,0.660163,0.265727,0.771486,0.028649,0.014118,0.635444
1677114839,736574880,0.406283,0.660107,0.266498,0.771955,0.028770,0.014180,0.634868
1677114839,746664738,0.406339,0.660024,0.267297,0.772231,0.028414,0.014068,0.634550
1677114839,757086723,0.406318,0.659763,0.268023,0.772015,0.028719,0.013823,0.634805
1677114839,767062631,0.406259,0.659618,0.268760,0.771915,0.029244,0.013971,0.634899
1677114839,777283847,0.406360,0.659627,0.269589,0.772242,0.028559,0.013880,0.634535
1677114839,786671734,0.406342,0.659504,0.270329,0.771929,0.028571,0.013998,0.634912
1677114839,796519638,0.406361,0.659334,0.271034,0.771383,0.028460,0.014329,0.635573
1677114839,806873215,0.406335,0.659181,0.271793,0.771175,0.028362,0.014539,0.635824
1677114839,817361907,0.406220,0.659123,0.272482,0.771425,0.029104,0.014778,0.635482
1677114839,827796380,0.406167,0.659034,0.273238,0.771995,0.029167,0.014738,0.634788
1677114839,837738300,0.406200,0.658696,0.273926,0.771844,0.029215,0.015113,0.634960
1677114839,847139352,0.406169,0.658399,0.274627,0.771919,0.029545,0.014780,0.634862
1677114839,856501856,0.406222,0.658214,0.275375,0.772381,0.029532,0.014927,0.634297
1677114839,866472812,0.406339,0.657956,0.276129,0.772630,0.029423,0.014546,0.634007
1677114839,876920520,0.406489,0.657765,0.276913,0.772910,0.029358,0.014364,0.633673
1677114839,887345124,0.406507,0.657614,0.277781,0.773170,0.030294,0.014065,0.633318
1677114839,897084689,0.406577,0.657288,0.278534,0.772625,0.031293,0.014057,0.633936
1677114839,907672978,0.406718,0.657174,0.279387,0.772848,0.031901,0.013951,0.633635
1677114839,916612034,0.406788,0.657090,0.280237,0.772920,0.032626,0.013576,0.633519
1677114839,926414871,0.406934,0.656935,0.281053,0.772529,0.032959,0.013550,0.633979
1677114839,936589726,0.406956,0.656812,0.281852,0.772121,0.033595,0.013112,0.634452
1677114839,947538160,0.407099,0.656666,0.282647,0.771568,0.033618,0.013330,0.635118
1677114839,957917094,0.407058,0.656530,0.283471,0.771384,0.033939,0.012904,0.635333
1677114839,967144450,0.407121,0.656349,0.284248,0.771367,0.034038,0.013306,0.635341
1677114839,977738533,0.407201,0.656129,0.285029,0.771273,0.033285,0.013636,0.635488
1677114839,987004339,0.407146,0.655824,0.285736,0.770925,0.033650,0.014340,0.635874
1677114839,996521504,0.406984,0.655641,0.286404,0.770793,0.033795,0.013692,0.636041
1677114840,7717730,0.407674,0.655635,0.287256,0.771540,0.028131,0.013948,0.635406
1677114840,17487321,0.407580,0.655860,0.287936,0.771625,0.028242,0.014728,0.635279
1677114840,27062417,0.407452,0.655940,0.288530,0.771086,0.028423,0.014879,0.635923
1677114840,36769796,0.407525,0.656068,0.289121,0.770656,0.027656,0.016225,0.636444
1677114840,47027219,0.406750,0.656106,0.289533,0.769229,0.032164,0.016789,0.637943
1677114840,56895946,0.406664,0.656142,0.290044,0.768878,0.031903,0.017070,0.638371
1677114840,66765861,0.406633,0.656337,0.290600,0.769479,0.031414,0.017743,0.637653
1677114840,76682567,0.406597,0.656453,0.291125,0.769819,0.031001,0.018020,0.637254
1677114840,86732668,0.406604,0.656512,0.291576,0.769894,0.030659,0.018201,0.637175
1677114840,96803310,0.406598,0.656466,0.291986,0.769560,0.030923,0.018684,0.637552
1677114840,107078754,0.406721,0.656707,0.292433,0.770245,0.030447,0.018831,0.636743
1677114840,116810378,0.406713,0.656893,0.292801,0.770723,0.030669,0.018324,0.636168
1677114840,126528384,0.407547,0.657067,0.293304,0.771863,0.025123,0.017393,0.635055
1677114840,136801425,0.406671,0.657576,0.293965,0.774022,0.030951,0.016166,0.632195
1677114840,147663551,0.406720,0.657813,0.294305,0.774517,0.031470,0.015919,0.631569
1677114840,156704833,0.406791,0.658155,0.294661,0.775365,0.031609,0.015472,0.630532
1677114840,167020103,0.406767,0.658257,0.294944,0.775239,0.032422,0.015055,0.630656
1677114840,177240619,0.406839,0.658453,0.295224,0.775474,0.032594,0.015003,0.630359
1677114840,186766060,0.406229,0.658381,0.295264,0.773890,0.037322,0.015251,0.632036
1677114840,197120545,0.406188,0.658586,0.295555,0.774202,0.037372,0.015033,0.631655
1677114840,207396142,0.406167,0.658737,0.295798,0.774590,0.037249,0.014769,0.631194
1677114840,216567770,0.406079,0.658870,0.296093,0.775087,0.037300,0.014231,0.630593
1677114840,226623894,0.406072,0.658983,0.296448,0.775485,0.036840,0.014324,0.630128
1677114840,237483587,0.406093,0.657444,0.296524,0.770083,0.037950,0.015793,0.636619
1677114840,246826674,0.406165,0.657474,0.296859,0.769818,0.037555,0.016498,0.636944
1677114840,256979334,0.405976,0.657570,0.297200,0.769470,0.038071,0.016133,0.637343
1677114840,267012756,0.406063,0.657873,0.297628,0.769997,0.037137,0.016685,0.636748
1677114840,277016107,0.405935,0.657878,0.297953,0.769668,0.037220,0.016373,0.637148
1677114840,287104966,0.405923,0.657750,0.298270,0.769095,0.036991,0.016996,0.637836
1677114840,297043086,0.405900,0.657703,0.298596,0.769387,0.036752,0.017126,0.637495
1677114840,307118404,0.406680,0.657551,0.299140,0.770631,0.030619,0.017263,0.636311
1677114840,316716440,0.406653,0.657343,0.299390,0.770638,0.030327,0.017474,0.636311
