secs,nsecs,tx,ty,tz,rx,ry,rz,rw
1677114307,979047463,0.252259,0.578655,0.553226,0.456018,-0.179021,-0.160882,0.856806
1677114307,989531642,0.252582,0.577598,0.552854,0.454007,-0.178997,-0.163345,0.857412
1677114307,999580191,0.253294,0.576954,0.552358,0.454163,-0.180125,-0.163886,0.856990
1677114308,9335909,0.253757,0.576292,0.551898,0.453578,-0.180482,-0.165060,0.857000
1677114308,19695120,0.254397,0.575636,0.551443,0.453123,-0.181384,-0.165141,0.857034
1677114308,29173525,0.254849,0.575022,0.551037,0.452602,-0.181401,-0.165569,0.857224
1677114308,39145925,0.255437,0.574513,0.550621,0.452575,-0.182201,-0.165534,0.857075
1677114308,49169123,0.255888,0.573922,0.550276,0.452198,-0.182907,-0.165911,0.857050
1677114308,59691913,0.256229,0.573441,0.549863,0.452404,-0.183427,-0.166651,0.856687
1677114308,69265451,0.256718,0.572808,0.549574,0.452176,-0.184682,-0.166395,0.856587
1677114308,79307395,0.257184,0.572225,0.549195,0.452319,-0.185535,-0.165864,0.856431
1677114308,89128179,0.257715,0.571795,0.548767,0.453144,-0.186502,-0.165389,0.855876
1677114308,99012509,0.258225,0.571354,0.548324,0.453581,-0.187371,-0.165288,0.855474
1677114308,109297803,0.258761,0.570896,0.547846,0.453770,-0.187786,-0.165121,0.855315
1677114308,120153466,0.259320,0.570463,0.547362,0.453786,-0.187788,-0.165165,0.855298
1677114308,130276606,0.260079,0.570183,0.546734,0.454648,-0.188336,-0.165132,0.854726
1677114308,140462887,0.260714,0.569732,0.546196,0.454223,-0.187510,-0.165342,0.855093
1677114308,150222592,0.261510,0.569442,0.545509,0.454751,-0.187557,-0.165804,0.854712
1677114308,159451646,0.262342,0.569065,0.544859,0.454764,-0.187260,-0.165954,0.854742
1677114308,168819366,0.263333,0.568728,0.544173,0.454939,-0.187787,-0.165929,0.854538
1677114308,179031967,0.264392,0.568405,0.543479,0.455302,-0.188807,-0.165806,0.854143
1677114308,189156866,0.264988,0.568125,0.542657,0.455072,-0.186766,-0.167452,0.854393
1677114308,200235074,0.265801,0.567744,0.541916,0.454979,-0.186775,-0.167888,0.854355
1677114308,209659714,0.266577,0.567369,0.541172,0.454597,-0.187373,-0.168688,0.854270
1677114308,219469110,0.267251,0.566861,0.540471,0.453651,-0.187781,-0.169208,0.854580
1677114308,229098314,0.267828,0.566326,0.539712,0.452794,-0.188135,-0.170201,0.854760
1677114308,238693499,0.268964,0.566268,0.538546,0.455406,-0.188169,-0.169104,0.853582
1677114308,249437166,0.269683,0.565942,0.537539,0.456121,-0.188100,-0.169335,0.853169
1677114308,259773254,0.270395,0.565544,0.536511,0.456351,-0.187762,-0.169522,0.853083
1677114308,269506905,0.271214,0.565276,0.535380,0.457220,-0.187710,-0.169847,0.852564
1677114308,279356193,0.271941,0.564901,0.534251,0.457279,-0.187538,-0.170757,0.852389
1677114308,289369073,0.272774,0.564531,0.533126,0.457399,-0.187151,-0.170941,0.852373
1677114308,298695967,0.273760,0.564341,0.531846,0.458688,-0.187187,-0.171095,0.851641
1677114308,309015745,0.274639,0.563926,0.530697,0.458544,-0.187187,-0.171458,0.851646
1677114308,320039330,0.275446,0.563659,0.529441,0.459302,-0.187343,-0.172484,0.850996
1677114308,329554720,0.276212,0.563364,0.528182,0.459944,-0.186524,-0.172917,0.850741
1677114308,339889469,0.277009,0.562994,0.526996,0.460559,-0.186650,-0.173343,0.850294
1677114308,349254378,0.277711,0.562783,0.525689,0.462488,-0.186377,-0.174175,0.849136
1677114308,359320464,0.278296,0.562515,0.524459,0.464145,-0.185995,-0.174899,0.848166
1677114308,368800559,0.279129,0.561863,0.523258,0.464407,-0.187663,-0.175270,0.847579
1677114308,378917753,0.279765,0.561474,0.522008,0.465848,-0.187636,-0.175716,0.846701
1677114308,389539636,0.280477,0.561275,0.520635,0.468248,-0.186617,-0.175297,0.845689
1677114308,399132154,0.280983,0.560930,0.519335,0.468874,-0.186330,-0.176516,0.845151
1677114308,409555647,0.281868,0.560224,0.518097,0.468454,-0.186655,-0.175715,0.845479
1677114308,419523323,0.282787,0.560313,0.516371,0.471668,-0.186621,-0.175979,0.843643
1677114308,429118545,0.283717,0.560066,0.514887,0.472379,-0.186254,-0.175631,0.843399
1677114308,438970267,0.284434,0.559756,0.513411,0.472260,-0.185887,-0.176870,0.843288
1677114308,449569686,0.285474,0.559614,0.511809,0.473563,-0.185399,-0.176352,0.842772
1677114308,460081984,0.286292,0.559363,0.510276,0.473725,-0.184308,-0.176821,0.842822
1677114308,469515433,0.287246,0.559207,0.508640,0.474298,-0.184535,-0.177709,0.842264
1677114308,478963442,0.288313,0.559105,0.506913,0.475190,-0.184405,-0.177763,0.841777
1677114308,488829478,0.289323,0.558964,0.505246,0.475409,-0.184923,-0.178749,0.841332
1677114308,499010534,0.290467,0.558813,0.503569,0.475919,-0.184998,-0.179101,0.840952
1677114308,509191474,0.291570,0.558701,0.501881,0.476661,-0.184881,-0.179976,0.840370
1677114308,519666415,0.292759,0.558461,0.500290,0.477066,-0.185226,-0.180587,0.839933
1677114308,529346699,0.293737,0.558299,0.498623,0.477854,-0.184254,-0.181963,0.839402
1677114308,539014742,0.294890,0.558159,0.496926,0.478862,-0.183767,-0.182780,0.838756
1677114308,549125564,0.296054,0.558106,0.495171,0.480167,-0.183056,-0.183337,0.838044
1677114308,559084056,0.297210,0.558181,0.493352,0.481396,-0.182112,-0.184091,0.837379
1677114308,569011676,0.298309,0.558187,0.491579,0.481823,-0.180570,-0.184382,0.837403
1677114308,579552374,0.299385,0.558278,0.489747,0.481962,-0.179565,-0.184951,0.837414
1677114308,589326652,0.300577,0.558553,0.487808,0.483040,-0.179310,-0.184893,0.836860
1677114308,599117998,0.301678,0.558628,0.485980,0.482363,-0.179056,-0.184614,0.837367
1677114308,609660815,0.302663,0.558925,0.484034,0.482257,-0.178483,-0.184365,0.837605
1677114308,619300116,0.303587,0.559302,0.482032,0.482200,-0.178318,-0.184428,0.837659
1677114308,628735385,0.304541,0.559575,0.480113,0.481516,-0.178213,-0.183599,0.838256
1677114308,638937739,0.305419,0.559975,0.478128,0.481469,-0.177695,-0.182688,0.838592
1677114308,649529852,0.306135,0.560476,0.476121,0.481757,-0.176339,-0.182659,0.838719
1677114308,659531378,0.307116,0.560782,0.474290,0.481630,-0.176648,-0.180810,0.839128
1677114308,669183913,0.307977,0.561138,0.472407,0.482213,-0.176362,-0.179527,0.839129
1677114308,679700617,0.308626,0.561505,0.470571,0.482836,-0.175333,-0.179181,0.839060
1677114308,689286596,0.309417,0.561780,0.468766,0.483481,-0.175708,-0.178692,0.838715
1677114308,699289564,0.310257,0.562142,0.466900,0.485288,-0.175208,-0.177541,0.838020
1677114308,709390370,0.310995,0.562306,0.465079,0.485768,-0.174700,-0.176617,0.838043
1677114308,719519363,0.311843,0.562649,0.463098,0.486939,-0.175207,-0.175938,0.837400
1677114308,729704916,0.312655,0.563033,0.461028,0.487639,-0.174978,-0.174580,0.837325
1677114308,739767476,0.313277,0.563551,0.458816,0.487936,-0.174022,-0.173681,0.837538
1677114308,749526716,0.314007,0.564124,0.456533,0.487475,-0.174018,-0.172141,0.838125
1677114308,759128439,0.314621,0.564775,0.454147,0.486654,-0.173239,-0.170262,0.839147
1677114308,768674554,0.315355,0.565534,0.451666,0.485901,-0.172788,-0.167587,0.840214
1677114308,778878804,0.316060,0.566564,0.449049,0.486155,-0.171673,-0.164377,0.840929
1677114308,789727967,0.316578,0.566971,0.446763,0.483134,-0.171286,-0.161107,0.843378
1677114308,799143845,0.316989,0.567861,0.444359,0.483188,-0.169802,-0.157909,0.844252
1677114308,809670438,0.317361,0.568442,0.442135,0.482604,-0.168682,-0.154384,0.845461
1677114308,819553720,0.317650,0.569246,0.439915,0.483141,-0.169213,-0.152368,0.845414
1677114308,829249545,0.318165,0.569741,0.437824,0.484134,-0.169626,-0.149252,0.845319
1677114308,838795455,0.318561,0.570158,0.435845,0.485101,-0.169587,-0.147264,0.845122
1677114308,849535727,0.319110,0.570451,0.433920,0.486327,-0.169628,-0.145455,0.844722
1677114308,858894213,0.319786,0.570682,0.431968,0.487909,-0.168854,-0.144293,0.844164
1677114308,868634143,0.320609,0.570804,0.430052,0.488984,-0.168788,-0.144151,0.843579
1677114308,879345080,0.321547,0.571088,0.428071,0.490795,-0.168054,-0.144860,0.842552
1677114308,888733306,0.322586,0.571081,0.426223,0.490910,-0.167115,-0.146279,0.842426
1677114308,899063530,0.323596,0.571214,0.424313,0.491782,-0.165255,-0.148928,0.841820
1677114308,909504439,0.324953,0.571325,0.422425,0.493196,-0.163596,-0.150377,0.841060
1677114308,919381010,0.326058,0.571256,0.420637,0.493336,-0.161432,-0.153702,0.840794
1677114308,929409514,0.327333,0.571310,0.418826,0.494696,-0.159616,-0.156474,0.839830
1677114308,939103666,0.328509,0.571275,0.417104,0.495563,-0.157526,-0.158902,0.839258
1677114308,948937065,0.329516,0.571196,0.415406,0.496003,-0.155867,-0.161620,0.838788
1677114308,958766308,0.330505,0.571241,0.413683,0.497347,-0.154081,-0.163225,0.838011
1677114308,969030430,0.331403,0.571375,0.411977,0.498887,-0.152635,-0.164356,0.837139
1677114308,979424650,0.332082,0.571439,0.410344,0.499752,-0.151725,-0.165306,0.836601
1677114308,989464742,0.332683,0.571479,0.408750,0.500485,-0.150853,-0.165387,0.836304
1677114308,999464656,0.333165,0.571576,0.407221,0.501119,-0.150431,-0.165316,0.836015
1677114309,9638193,0.333615,0.571717,0.405708,0.502056,-0.150491,-0.164891,0.835526
1677114309,19544955,0.333922,0.571798,0.404208,0.502633,-0.150367,-0.164825,0.835214
1677114309,28789946,0.334347,0.571957,0.402747,0.503773,-0.150678,-0.164200,0.834594
1677114309,39129192,0.334608,0.571934,0.401366,0.503965,-0.150534,-0.164273,0.834490
1677114309,49676602,0.335090,0.572102,0.399877,0.505079,-0.150669,-0.164003,0.833845
1677114309,59219491,0.335520,0.572137,0.398488,0.505386,-0.150858,-0.164461,0.833534
1677114309,69795745,0.335951,0.571960,0.397183,0.504826,-0.150417,-0.164661,0.833914
1677114309,79072828,0.336584,0.572195,0.395719,0.506773,-0.150235,-0.164910,0.832716
1677114309,88810279,0.336986,0.572075,0.394414,0.507018,-0.149508,-0.166237,0.832434
1677114309,98814290,0.337488,0.571901,0.393142,0.507600,-0.148993,-0.166903,0.832038
1677114309,108866483,0.337950,0.571750,0.391864,0.508244,-0.148873,-0.168331,0.831378
1677114309,119006315,0.338351,0.571607,0.390609,0.509245,-0.148319,-0.169530,0.830621
1677114309,129652159,0.338879,0.571381,0.389367,0.509986,-0.148826,-0.170117,0.829955
1677114309,140119600,0.339205,0.571279,0.388057,0.511214,-0.148662,-0.171334,0.828978
1677114309,149527106,0.339594,0.571126,0.386771,0.512334,-0.148221,-0.171266,0.828379
1677114309,159154435,0.339901,0.571087,0.385418,0.513365,-0.148357,-0.171661,0.827635
1677114309,168776418,0.340237,0.571133,0.383991,0.514524,-0.147798,-0.171154,0.827120
1677114309,179062249,0.340392,0.571082,0.382562,0.514498,-0.147158,-0.171324,0.827215
1677114309,189502921,0.340623,0.571307,0.381011,0.515262,-0.146704,-0.171408,0.826803
1677114309,199813670,0.340959,0.571570,0.379423,0.516044,-0.146484,-0.171028,0.826432
1677114309,209432034,0.341154,0.571701,0.377929,0.515759,-0.145895,-0.171332,0.826652
1677114309,218843789,0.341567,0.571810,0.376355,0.516055,-0.145873,-0.170956,0.826548
1677114309,229103007,0.341762,0.572024,0.374784,0.516439,-0.145155,-0.172000,0.826218
1677114309,239068064,0.342688,0.572344,0.373174,0.518038,-0.145571,-0.170240,0.825508
1677114309,249597252,0.343127,0.572586,0.371613,0.518614,-0.145494,-0.170873,0.825029
1677114309,259482785,0.343469,0.572762,0.370091,0.518567,-0.144097,-0.171391,0.825197
1677114309,269483861,0.343985,0.573090,0.368540,0.519361,-0.143074,-0.171030,0.824950
1677114309,279638243,0.344166,0.573441,0.367034,0.520023,-0.140140,-0.171632,0.824912
1677114309,289275068,0.344568,0.574048,0.365436,0.522372,-0.137024,-0.170483,0.824189
1677114309,298749466,0.345341,0.573864,0.364028,0.519209,-0.141929,-0.171763,0.825092
1677114309,309067160,0.345524,0.574087,0.362593,0.518989,-0.140886,-0.172675,0.825218
1677114309,319658855,0.345892,0.574296,0.361212,0.518999,-0.140800,-0.172653,0.825231
1677114309,329989380,0.346277,0.574559,0.359808,0.519690,-0.140765,-0.172526,0.824828
1677114309,339538108,0.346514,0.574774,0.358475,0.520215,-0.140020,-0.172436,0.824643
1677114309,348834725,0.346688,0.575005,0.357171,0.521056,-0.139515,-0.172877,0.824105
1677114309,358782048,0.346860,0.575124,0.355901,0.521687,-0.139324,-0.173056,0.823701
1677114309,368878599,0.347118,0.575353,0.354609,0.523072,-0.139699,-0.172897,0.822792
1677114309,379315999,0.347208,0.575360,0.353357,0.523266,-0.139576,-0.173009,0.822666
1677114309,389315234,0.347460,0.575577,0.352050,0.524625,-0.139916,-0.172785,0.821789
1677114309,399375155,0.347657,0.575850,0.350692,0.525906,-0.139702,-0.172475,0.821071
1677114309,409187198,0.347718,0.576224,0.349296,0.527062,-0.139064,-0.173195,0.820287
1677114309,419605550,0.347958,0.576454,0.347961,0.527334,-0.139088,-0.173137,0.820120
1677114309,429584046,0.348040,0.576754,0.346601,0.527413,-0.137766,-0.173685,0.820177
1677114309,439248221,0.348240,0.577036,0.345230,0.527134,-0.137306,-0.174029,0.820360
1677114309,449679552,0.348445,0.577275,0.343892,0.526738,-0.137300,-0.174401,0.820537
1677114309,460468917,0.348694,0.577677,0.342515,0.527607,-0.136700,-0.174326,0.820094
1677114309,469374607,0.348772,0.577804,0.341252,0.528046,-0.136280,-0.175009,0.819736
1677114309,479865619,0.348914,0.577902,0.340015,0.528409,-0.135720,-0.174931,0.819612
1677114309,489353432,0.348939,0.578188,0.338685,0.529403,-0.135615,-0.175636,0.818836
1677114309,499070663,0.348978,0.578319,0.337394,0.529920,-0.135757,-0.175602,0.818486
1677114309,509397522,0.349086,0.578512,0.336088,0.530606,-0.136151,-0.175472,0.818003
1677114309,519858304,0.349044,0.578493,0.334876,0.530359,-0.134997,-0.174637,0.818534
1677114309,529364207,0.349204,0.578751,0.333516,0.531366,-0.135642,-0.174385,0.817827
1677114309,538911125,0.349368,0.578887,0.332200,0.531783,-0.135292,-0.173734,0.817753
1677114309,549504501,0.349354,0.578945,0.330980,0.531680,-0.134442,-0.174097,0.817882
1677114309,558933669,0.349597,0.579064,0.329733,0.532004,-0.134552,-0.173975,0.817680
1677114309,568615924,0.349733,0.579085,0.328595,0.531884,-0.134666,-0.174649,0.817595
1677114309,578726996,0.349802,0.578906,0.327554,0.531237,-0.133852,-0.175254,0.818020
1677114309,589080164,0.349854,0.578720,0.326579,0.531164,-0.133182,-0.176099,0.817996
1677114309,600150723,0.349865,0.578532,0.325688,0.531432,-0.133003,-0.177293,0.817592
1677114309,609370354,0.349958,0.578253,0.324823,0.532030,-0.133116,-0.177724,0.817092
1677114309,619357214,0.349783,0.577854,0.324015,0.532127,-0.132260,-0.178935,0.816903
1677114309,629308831,0.350023,0.577626,0.323165,0.533867,-0.132617,-0.178423,0.815821
1677114309,638682520,0.349775,0.577244,0.322361,0.534309,-0.131461,-0.179459,0.815492
1677114309,649399639,0.349783,0.577025,0.321534,0.535569,-0.131222,-0.179616,0.814668
1677114309,659594123,0.349736,0.576650,0.320756,0.535828,-0.131147,-0.180012,0.814423
1677114309,669523912,0.349997,0.577024,0.319547,0.538432,-0.133631,-0.181170,0.812041
1677114309,679338984,0.349965,0.576813,0.318622,0.538649,-0.133517,-0.181756,0.811785
1677114309,689616775,0.350088,0.576782,0.317633,0.539486,-0.133257,-0.181620,0.811302
1677114309,698816830,0.350135,0.576733,0.316692,0.539824,-0.133329,-0.182467,0.810876
1677114309,708847037,0.350216,0.576511,0.315740,0.539463,-0.132915,-0.182652,0.811142
1677114309,719491657,0.350255,0.576352,0.314769,0.539371,-0.133176,-0.183607,0.810945
1677114309,730000863,0.350322,0.576136,0.313822,0.539677,-0.132648,-0.183943,0.810752
1677114309,739982779,0.350461,0.575992,0.312843,0.540581,-0.132788,-0.184024,0.810108
1677114309,749283367,0.350517,0.575813,0.311829,0.540707,-0.134612,-0.187259,0.808980
1677114309,759273141,0.350528,0.575653,0.310853,0.541672,-0.133495,-0.187228,0.808527
1677114309,769049228,0.350675,0.575346,0.309832,0.542146,-0.133616,-0.187007,0.808240
1677114309,778972201,0.350719,0.575222,0.308807,0.543054,-0.133113,-0.187473,0.807606
1677114309,789118335,0.350832,0.574967,0.307760,0.543544,-0.132348,-0.187313,0.807439
1677114309,799478848,0.350923,0.574743,0.306702,0.544112,-0.131446,-0.187480,0.807165
1677114309,809163362,0.351090,0.574658,0.305577,0.545212,-0.130849,-0.188309,0.806326
1677114309,818978291,0.351333,0.574391,0.304472,0.545816,-0.129680,-0.188218,0.806128
1677114309,828627449,0.351492,0.574303,0.303308,0.547102,-0.128188,-0.188988,0.805314
1677114309,838891817,0.351583,0.574048,0.302253,0.547845,-0.126421,-0.189964,0.804858
1677114309,849491518,0.351877,0.573872,0.301111,0.549098,-0.126331,-0.190749,0.803833
1677114309,859509195,0.352605,0.573169,0.299900,0.547271,-0.129910,-0.190317,0.804610
1677114309,869421491,0.352826,0.572966,0.298701,0.548397,-0.128852,-0.190672,0.803929
1677114309,879155723,0.353034,0.572713,0.297526,0.548484,-0.128246,-0.191572,0.803753
1677114309,888777848,0.353406,0.572516,0.296314,0.548856,-0.128753,-0.192374,0.803226
1677114309,898858266,0.353689,0.572457,0.295039,0.549531,-0.127740,-0.192718,0.802844
1677114309,909063748,0.354130,0.572425,0.293775,0.550244,-0.127566,-0.192959,0.802325
1677114309,919404583,0.354423,0.572204,0.292561,0.549820,-0.126899,-0.193384,0.802619
1677114309,929107729,0.354693,0.572511,0.291130,0.552030,-0.123723,-0.193584,0.801549
1677114309,939265991,0.355029,0.572336,0.289848,0.551647,-0.124861,-0.194843,0.801331
1677114309,949272102,0.355412,0.572271,0.288600,0.551837,-0.125701,-0.195604,0.800884
1677114309,958943035,0.355800,0.572398,0.287234,0.552672,-0.124397,-0.195307,0.800584
1677114309,968895275,0.356126,0.572241,0.286017,0.552375,-0.124587,-0.195694,0.800664
1677114309,979396539,0.356277,0.572222,0.284815,0.552378,-0.123784,-0.196806,0.800514
1677114309,990030731,0.356807,0.572274,0.283530,0.553309,-0.124461,-0.196292,0.799893
1677114309,999279545,0.357026,0.572447,0.282208,0.553928,-0.123410,-0.197080,0.799433
1677114310,9883517,0.357330,0.572318,0.281040,0.553809,-0.123742,-0.197279,0.799415
1677114310,19376952,0.357663,0.572432,0.279818,0.554799,-0.124524,-0.197974,0.798435
1677114310,29150419,0.357927,0.572394,0.278615,0.554980,-0.124805,-0.198556,0.798121
1677114310,38840248,0.358294,0.572479,0.277387,0.555670,-0.125168,-0.198578,0.797578
1677114310,49502049,0.358563,0.572468,0.276170,0.555900,-0.125551,-0.199264,0.797186
1677114310,59564495,0.358969,0.572495,0.274879,0.556168,-0.123765,-0.197891,0.797620
1677114310,70126182,0.359048,0.572569,0.273673,0.556190,-0.122501,-0.198668,0.797607
1677114310,80009219,0.359417,0.572836,0.272377,0.557255,-0.122728,-0.198726,0.796814
1677114310,89665062,0.359653,0.572927,0.271101,0.557293,-0.121992,-0.198615,0.796929
1677114310,98813160,0.359976,0.573007,0.269809,0.557076,-0.122063,-0.198637,0.797063
1677114310,109302973,0.360248,0.573371,0.268458,0.558081,-0.122123,-0.199300,0.796185
1677114310,119996902,0.360480,0.573336,0.267243,0.557081,-0.122625,-0.199869,0.796666
1677114310,129711469,0.360632,0.573333,0.266040,0.556190,-0.122912,-0.200766,0.797018
1677114310,139498618,0.360935,0.573649,0.264671,0.557356,-0.121424,-0.200351,0.796536
1677114310,150574509,0.361210,0.573864,0.263357,0.557963,-0.121085,-0.200337,0.796166
1677114310,159536314,0.361535,0.574004,0.262044,0.558066,-0.121045,-0.200049,0.796173
1677114310,168782750,0.361668,0.574270,0.260729,0.558311,-0.120203,-0.200536,0.796006
1677114310,178972212,0.362054,0.574585,0.259343,0.558852,-0.120264,-0.199989,0.795755
1677114310,189703915,0.362269,0.575007,0.257963,0.559359,-0.120056,-0.200488,0.795304
1677114310,199083160,0.362545,0.575308,0.256568,0.559356,-0.119420,-0.200444,0.795413
1677114310,209883720,0.362900,0.575792,0.255142,0.559861,-0.119460,-0.200581,0.795017
1677114310,219541086,0.363190,0.576153,0.253738,0.559856,-0.118892,-0.200617,0.795097
1677114310,228974634,0.363563,0.576683,0.252244,0.560232,-0.118658,-0.200634,0.794862
1677114310,238953740,0.363838,0.577072,0.250833,0.559733,-0.118153,-0.201013,0.795193
1677114310,249538604,0.364440,0.577454,0.249306,0.558494,-0.120471,-0.201268,0.795652
1677114310,260247852,0.364537,0.578116,0.247876,0.558933,-0.118746,-0.201838,0.795459
1677114310,269518737,0.364880,0.578790,0.246407,0.559623,-0.117885,-0.201562,0.795172
1677114310,279666088,0.365074,0.579410,0.244999,0.559617,-0.116205,-0.201236,0.795506
1677114310,289119700,0.365601,0.580462,0.243389,0.561296,-0.115944,-0.200422,0.794566
1677114310,298750552,0.365765,0.581091,0.242077,0.561069,-0.115060,-0.200337,0.794876
1677114310,308815214,0.365994,0.581935,0.240645,0.560856,-0.116416,-0.202503,0.794280
1677114310,319122011,0.366185,0.582700,0.239217,0.560516,-0.115673,-0.202128,0.794724
1677114310,329174433,0.366591,0.583581,0.237761,0.560618,-0.115954,-0.200916,0.794918
1677114310,339520928,0.366796,0.584271,0.236360,0.559821,-0.114642,-0.199309,0.796074
1677114310,349361048,0.367146,0.585161,0.234946,0.559981,-0.114378,-0.197995,0.796327
1677114310,359372739,0.367268,0.585995,0.233598,0.559408,-0.113874,-0.197553,0.796912
1677114310,368791093,0.367632,0.586664,0.232305,0.558487,-0.114429,-0.196173,0.797818
1677114310,379132160,0.367791,0.587570,0.231043,0.558230,-0.114800,-0.195930,0.798005
1677114310,390133565,0.367973,0.588448,0.229762,0.557949,-0.115410,-0.195403,0.798242
1677114310,400039609,0.368219,0.589163,0.228547,0.557306,-0.116310,-0.194232,0.798846
1677114310,409581900,0.368316,0.589972,0.227382,0.556781,-0.116809,-0.193647,0.799282
1677114310,418962125,0.368410,0.590745,0.226188,0.556526,-0.117130,-0.192795,0.799618
1677114310,428894078,0.368589,0.591521,0.225024,0.556204,-0.117886,-0.192090,0.799901
1677114310,438961935,0.368851,0.592354,0.223826,0.556302,-0.118486,-0.190847,0.800041
1677114310,449540944,0.369043,0.593180,0.222656,0.556198,-0.118362,-0.189574,0.800435
1677114310,459278735,0.369235,0.593906,0.221570,0.555596,-0.118732,-0.189014,0.800930
1677114310,469889219,0.369502,0.594779,0.220426,0.555795,-0.118524,-0.187872,0.801092
1677114310,479317332,0.369688,0.595609,0.219284,0.555592,-0.118024,-0.187265,0.801448
1677114310,489308748,0.370150,0.596417,0.218158,0.555325,-0.119153,-0.186164,0.801723
1677114310,499160943,0.370424,0.597311,0.217003,0.555251,-0.118885,-0.185535,0.801960
1677114310,508932691,0.370716,0.597990,0.215884,0.554344,-0.119004,-0.184669,0.802769
1677114310,519093462,0.370784,0.598961,0.214633,0.554037,-0.117214,-0.184407,0.803304
1677114310,529280399,0.371089,0.599636,0.213555,0.553115,-0.119423,-0.184296,0.803640
1677114310,539670439,0.371400,0.600401,0.212462,0.552464,-0.120674,-0.183339,0.804119
1677114310,549068784,0.371673,0.601175,0.211286,0.551909,-0.121241,-0.182063,0.804705
1677114310,558806261,0.371719,0.602039,0.210093,0.551311,-0.121332,-0.181655,0.805193
1677114310,569105336,0.371981,0.602847,0.208905,0.550862,-0.122069,-0.179884,0.805786
1677114310,579006883,0.372161,0.603832,0.207683,0.551470,-0.122249,-0.178395,0.805674
1677114310,589036436,0.372313,0.604706,0.206477,0.551345,-0.123098,-0.177141,0.805907
1677114310,599179668,0.372536,0.605579,0.205275,0.551238,-0.125041,-0.175747,0.805986
1677114310,609606930,0.372499,0.606407,0.204127,0.551550,-0.124617,-0.174604,0.806088
1677114310,619255621,0.372598,0.607194,0.202979,0.552122,-0.125072,-0.173034,0.805964
1677114310,628717579,0.372654,0.607979,0.201868,0.552658,-0.125747,-0.171741,0.805768
1677114310,638888088,0.372698,0.608595,0.200792,0.552556,-0.126193,-0.170042,0.806128
1677114310,649198016,0.372758,0.609303,0.199669,0.552702,-0.127044,-0.168852,0.806145
1677114310,659977164,0.372866,0.610119,0.198554,0.553356,-0.127587,-0.167513,0.805889
1677114310,669192417,0.372910,0.610798,0.197462,0.553183,-0.127726,-0.166472,0.806202
1677114310,680008690,0.373016,0.611594,0.196326,0.553441,-0.126963,-0.165074,0.806433
1677114310,689699915,0.373297,0.612470,0.195172,0.554106,-0.127534,-0.164138,0.806077
1677114310,699218393,0.373413,0.613178,0.194077,0.553700,-0.126727,-0.163746,0.806563
1677114310,709029349,0.373705,0.613852,0.193027,0.553430,-0.126989,-0.163452,0.806767
1677114310,718869974,0.374063,0.614512,0.192000,0.553455,-0.126960,-0.163204,0.806804
1677114310,729148327,0.374317,0.615201,0.190989,0.553928,-0.126131,-0.163174,0.806616
1677114310,739726281,0.374566,0.615886,0.189998,0.554795,-0.124905,-0.163204,0.806204
1677114310,749963380,0.374833,0.616407,0.189072,0.554997,-0.123992,-0.162728,0.806303
1677114310,759511334,0.374993,0.617053,0.188128,0.555718,-0.122627,-0.162838,0.805992
1677114310,768704465,0.375215,0.617724,0.187164,0.556290,-0.121692,-0.162636,0.805780
1677114310,779657442,0.375537,0.618375,0.186216,0.556721,-0.121181,-0.161991,0.805690
1677114310,790482537,0.375714,0.619086,0.185308,0.557205,-0.120383,-0.162165,0.805439
1677114310,799973295,0.375972,0.619674,0.184439,0.557265,-0.119502,-0.161492,0.805664
1677114310,809541238,0.376123,0.620286,0.183588,0.557518,-0.118597,-0.161550,0.805612
1677114310,819678955,0.376345,0.620888,0.182745,0.557899,-0.117601,-0.161092,0.805586
1677114310,828988093,0.376621,0.621608,0.181880,0.558985,-0.116839,-0.160728,0.805016
1677114310,838805856,0.376780,0.621995,0.181145,0.558216,-0.115977,-0.160788,0.805662
1677114310,849165513,0.377149,0.622707,0.180313,0.559149,-0.115381,-0.160091,0.805240
1677114310,859877202,0.377270,0.623106,0.179639,0.558411,-0.113815,-0.160240,0.805944
1677114310,869497445,0.377588,0.623770,0.178903,0.559298,-0.113642,-0.160416,0.805319
1677114310,879381071,0.377820,0.624195,0.178235,0.559254,-0.112888,-0.160307,0.805477
1677114310,888768926,0.378046,0.624605,0.177595,0.559114,-0.112652,-0.160762,0.805517
1677114310,898734134,0.378373,0.625181,0.176929,0.560100,-0.112114,-0.160322,0.804994
1677114310,908891652,0.378552,0.625527,0.176347,0.560135,-0.111423,-0.160490,0.805032
1677114310,919088239,0.378723,0.625959,0.175783,0.560424,-0.110704,-0.160954,0.804838
1677114310,929276074,0.378961,0.626490,0.175217,0.561370,-0.109614,-0.160673,0.804383
1677114310,939168834,0.379167,0.626881,0.174709,0.561363,-0.109155,-0.160703,0.804444
1677114310,949588063,0.379503,0.627364,0.174178,0.561737,-0.109130,-0.160192,0.804289
1677114310,958916749,0.379686,0.627962,0.173632,0.562188,-0.108469,-0.160303,0.804041
1677114310,968666196,0.379888,0.628504,0.173127,0.561962,-0.107815,-0.159739,0.804400
1677114310,979212896,0.380250,0.629200,0.172575,0.562252,-0.107933,-0.158792,0.804368
1677114310,989779692,0.380320,0.629904,0.172064,0.562169,-0.107050,-0.159082,0.804487
1677114310,999777275,0.380487,0.630490,0.171584,0.561668,-0.106584,-0.158459,0.805022
1677114311,9613286,0.380932,0.631194,0.171115,0.562118,-0.107105,-0.156970,0.804930
1677114311,19329174,0.380970,0.631726,0.170737,0.561502,-0.105999,-0.156408,0.805616
1677114311,29602120,0.381267,0.632462,0.170277,0.561996,-0.106202,-0.155353,0.805448
1677114311,39051174,0.381470,0.633170,0.169870,0.562490,-0.105829,-0.154662,0.805286
1677114311,49871163,0.381699,0.633802,0.169479,0.562706,-0.105325,-0.153664,0.805392
1677114311,59480648,0.381853,0.634462,0.169141,0.562941,-0.104697,-0.153041,0.805428
1677114311,69352835,0.382044,0.634980,0.168890,0.562531,-0.104123,-0.152211,0.805946
1677114311,79823012,0.382335,0.635680,0.168633,0.562976,-0.103921,-0.151327,0.805828
1677114311,89797465,0.382520,0.636313,0.168480,0.563847,-0.103755,-0.150294,0.805434
1677114311,98921702,0.382634,0.636853,0.168405,0.565347,-0.103741,-0.149213,0.804585
1677114311,109293482,0.382718,0.637255,0.168343,0.566361,-0.103730,-0.147590,0.804172
1677114311,120000550,0.382814,0.637760,0.168226,0.566958,-0.103870,-0.145966,0.804030
1677114311,129201069,0.382923,0.638404,0.168109,0.567525,-0.103460,-0.144158,0.804008
1677114311,139110925,0.382913,0.639042,0.168011,0.568126,-0.103075,-0.143309,0.803785
1677114311,149712092,0.383023,0.639603,0.167928,0.568840,-0.103292,-0.141810,0.803519
1677114311,159221822,0.383125,0.640273,0.167893,0.569705,-0.103047,-0.140161,0.803226
1677114311,168720640,0.383261,0.640934,0.167785,0.570062,-0.102889,-0.138573,0.803269
1677114311,179226273,0.383358,0.641655,0.167651,0.570535,-0.102932,-0.137562,0.803101
1677114311,189409274,0.383556,0.642262,0.167548,0.571071,-0.102945,-0.135669,0.803040
1677114311,199015493,0.383630,0.642832,0.167464,0.572022,-0.102863,-0.134450,0.802579
1677114311,209762237,0.383804,0.643235,0.167407,0.572432,-0.103293,-0.132916,0.802487
1677114311,219869279,0.383970,0.643809,0.167266,0.573437,-0.102960,-0.131604,0.802028
1677114311,228641880,0.384130,0.644323,0.167144,0.574118,-0.102544,-0.130535,0.801769
1677114311,238809810,0.384477,0.644899,0.166977,0.575146,-0.102271,-0.129019,0.801312
1677114311,248937506,0.384767,0.645461,0.166853,0.576359,-0.102022,-0.128221,0.800600
1677114311,260261777,0.385192,0.645993,0.166770,0.577402,-0.102161,-0.126828,0.800053
1677114311,270100812,0.385429,0.646418,0.166696,0.577530,-0.101196,-0.126113,0.800196
1677114311,279546405,0.385828,0.646947,0.166592,0.578096,-0.100608,-0.124888,0.800053
1677114311,288951497,0.386299,0.647561,0.166470,0.579051,-0.100601,-0.123787,0.799535
1677114311,298787543,0.386556,0.647945,0.166458,0.578951,-0.099637,-0.123161,0.799825
1677114311,308992687,0.387012,0.648619,0.166326,0.580434,-0.099276,-0.121814,0.799000
1677114311,318987503,0.387407,0.649140,0.166241,0.581046,-0.098877,-0.120826,0.798755
1677114311,329876963,0.387736,0.649688,0.166169,0.581664,-0.097547,-0.119690,0.798640
1677114311,340595789,0.388095,0.650173,0.166083,0.582108,-0.096820,-0.118907,0.798522
1677114311,349471961,0.388622,0.650918,0.165939,0.583826,-0.096633,-0.117635,0.797478
1677114311,359042392,0.389057,0.651419,0.165877,0.584200,-0.095843,-0.116208,0.797509
1677114311,368877265,0.389364,0.651888,0.165810,0.584334,-0.094697,-0.115328,0.797675
1677114311,379067336,0.389764,0.652450,0.165731,0.584930,-0.093896,-0.114002,0.797523
1677114311,389074450,0.390182,0.653072,0.165607,0.586095,-0.093398,-0.112555,0.796932
1677114311,399871723,0.390319,0.653470,0.165550,0.586080,-0.092237,-0.112318,0.797112
1677114311,409592323,0.390576,0.653856,0.165492,0.586631,-0.091734,-0.111596,0.796866
1677114311,420331800,0.390909,0.654325,0.165391,0.587516,-0.091132,-0.110554,0.796428
1677114311,429181329,0.391183,0.654834,0.165248,0.588785,-0.090299,-0.109845,0.795683
1677114311,438806527,0.391577,0.655225,0.165072,0.589697,-0.089977,-0.108650,0.795209
1677114311,449493152,0.391789,0.655551,0.164941,0.590482,-0.089007,-0.108360,0.794775
1677114311,459833834,0.392076,0.655913,0.164774,0.591860,-0.088028,-0.107721,0.793945
1677114311,470543421,0.392396,0.656334,0.164589,0.593435,-0.087462,-0.107036,0.792924
1677114311,479615369,0.392747,0.656621,0.164381,0.594565,-0.086580,-0.105991,0.792314
1677114311,488767491,0.393077,0.656843,0.164201,0.595878,-0.086319,-0.105349,0.791442
1677114311,498854305,0.393301,0.657033,0.164019,0.597502,-0.085309,-0.104556,0.790431
1677114311,509021345,0.393557,0.657119,0.163850,0.598591,-0.084475,-0.103865,0.789788
1677114311,519908244,0.393788,0.657260,0.163686,0.599679,-0.083340,-0.103649,0.789111
1677114311,530104040,0.394212,0.657440,0.163529,0.601175,-0.083197,-0.103226,0.788043
1677114311,539343190,0.394532,0.657441,0.163417,0.601826,-0.082610,-0.103156,0.787616
1677114311,549164278,0.394702,0.657561,0.163286,0.602618,-0.080667,-0.103085,0.787222
1677114311,559216400,0.395254,0.657710,0.163132,0.603303,-0.080342,-0.102187,0.786847
1677114311,568591895,0.395675,0.658018,0.162971,0.604540,-0.079683,-0.101490,0.786054
1677114311,579021517,0.396054,0.658337,0.162822,0.606005,-0.078939,-0.100766,0.785094
1677114311,589488528,0.396227,0.658585,0.162706,0.606906,-0.077619,-0.100485,0.784565
1677114311,599491054,0.396535,0.658849,0.162546,0.607608,-0.076877,-0.099220,0.784256
1677114311,609718649,0.396729,0.659257,0.162375,0.608390,-0.075937,-0.098340,0.783852
1677114311,619645442,0.396958,0.659647,0.162237,0.609086,-0.075142,-0.097092,0.783544
1677114311,628583708,0.397171,0.660182,0.162117,0.610283,-0.074543,-0.095691,0.782842
1677114311,638796613,0.397460,0.660703,0.161977,0.611334,-0.074199,-0.093410,0.782330
1677114311,649308064,0.397502,0.661140,0.161822,0.611594,-0.073218,-0.091864,0.782402
1677114311,659098730,0.397670,0.661602,0.161697,0.612294,-0.073158,-0.090100,0.782065
1677114311,668654693,0.397653,0.662056,0.161599,0.613141,-0.072405,-0.088697,0.781632
1677114311,678819730,0.397756,0.662551,0.161512,0.614410,-0.071761,-0.086817,0.780906
1677114311,688819113,0.397892,0.662909,0.161375,0.614961,-0.071227,-0.085299,0.780688
1677114311,698764550,0.398051,0.663416,0.161194,0.616060,-0.070407,-0.083969,0.780040
1677114311,708876559,0.398195,0.663709,0.161021,0.616530,-0.069331,-0.082814,0.779888
1677114311,719558721,0.398469,0.664137,0.160862,0.618260,-0.068684,-0.081685,0.778694
1677114311,729781517,0.398637,0.664476,0.160727,0.619521,-0.067094,-0.081098,0.777891
1677114311,739368211,0.398967,0.664843,0.160545,0.620968,-0.065869,-0.080110,0.776944
1677114311,749197231,0.399216,0.664989,0.160387,0.621332,-0.064104,-0.079627,0.776851
1677114311,759154706,0.399504,0.665473,0.160180,0.623124,-0.062484,-0.079040,0.775606
1677114311,768913639,0.399820,0.665807,0.159959,0.624404,-0.060682,-0.078242,0.774800
1677114311,778953612,0.400045,0.666189,0.159747,0.625796,-0.059018,-0.077404,0.773889
1677114311,788859519,0.400265,0.666520,0.159568,0.626871,-0.057074,-0.075780,0.773326
1677114311,799374945,0.400391,0.666765,0.159441,0.627644,-0.055510,-0.074645,0.772923
1677114311,809172046,0.400714,0.667276,0.159333,0.629412,-0.054930,-0.072925,0.771690
1677114311,819689098,0.400787,0.667707,0.159172,0.630181,-0.052754,-0.071690,0.771330
1677114311,829282285,0.400989,0.668143,0.159041,0.630654,-0.051167,-0.069951,0.771210
1677114311,838767789,0.401101,0.668559,0.158922,0.631242,-0.049145,-0.068432,0.770996
1677114311,848930594,0.401354,0.668992,0.158798,0.632162,-0.048644,-0.067021,0.770398
1677114311,859226333,0.401617,0.669503,0.158703,0.633496,-0.047739,-0.065403,0.769498
1677114311,869045685,0.401773,0.669828,0.158587,0.633785,-0.046358,-0.064398,0.769428
1677114311,879070814,0.402074,0.670315,0.158475,0.634837,-0.045420,-0.063001,0.768733
1677114311,889262094,0.402242,0.670597,0.158406,0.634939,-0.043414,-0.061928,0.768851
1677114311,898848529,0.402547,0.671028,0.158336,0.635622,-0.042717,-0.061070,0.768395
1677114311,909015816,0.402815,0.671446,0.158292,0.636537,-0.041909,-0.060206,0.767750
1677114311,920112732,0.403007,0.671718,0.158271,0.636719,-0.040729,-0.059717,0.767700
1677114311,930204934,0.403223,0.671917,0.158226,0.636504,-0.039454,-0.058786,0.768017
1677114311,939257793,0.403465,0.672276,0.158203,0.636808,-0.038746,-0.058030,0.767858
1677114311,949477949,0.403701,0.672637,0.158208,0.636934,-0.037917,-0.056845,0.767884
1677114311,959170363,0.403865,0.672990,0.158185,0.637046,-0.037316,-0.055884,0.767891
1677114311,968679092,0.403990,0.673249,0.158187,0.636613,-0.036476,-0.054356,0.768400
1677114311,979209284,0.403990,0.673788,0.158167,0.637168,-0.035675,-0.053703,0.768024
1677114311,988990910,0.404098,0.674351,0.158111,0.637688,-0.034801,-0.051911,0.767756
1677114311,999289747,0.404199,0.674834,0.158098,0.637992,-0.034540,-0.050510,0.767608
1677114312,9708480,0.404102,0.675284,0.158035,0.637980,-0.033067,-0.049322,0.767760
1677114312,19627862,0.404293,0.675813,0.158003,0.638422,-0.033195,-0.047755,0.767486
1677114312,28850434,0.404362,0.676427,0.157944,0.639139,-0.032253,-0.046376,0.767014
1677114312,38851958,0.404442,0.676853,0.157889,0.639259,-0.031310,-0.045670,0.766996
1677114312,50048398,0.404628,0.677293,0.157898,0.639399,-0.030520,-0.045056,0.766946
1677114312,59767302,0.404886,0.677774,0.157870,0.639743,-0.029752,-0.044677,0.766713
1677114312,69045699,0.405148,0.678112,0.157849,0.639393,-0.028548,-0.044229,0.767075
1677114312,79723596,0.405408,0.678698,0.157827,0.639984,-0.027252,-0.044264,0.766628
1677114312,89451145,0.405750,0.679076,0.157798,0.639953,-0.026157,-0.043750,0.766721
1677114312,98720257,0.405950,0.679414,0.157738,0.639911,-0.024697,-0.043540,0.766817
1677114312,108852756,0.406129,0.679736,0.157696,0.639958,-0.023242,-0.043019,0.766853
1677114312,118867696,0.406391,0.680304,0.157604,0.640955,-0.022393,-0.041882,0.766107
1677114312,129195495,0.406478,0.680862,0.157547,0.641656,-0.021491,-0.041374,0.765574
1677114312,139308516,0.406618,0.681376,0.157511,0.642290,-0.020293,-0.039690,0.765164
1677114312,150066492,0.406639,0.681881,0.157489,0.642642,-0.019043,-0.038380,0.764968
1677114312,158839778,0.406639,0.682407,0.157446,0.642946,-0.017777,-0.036916,0.764815
1677114312,168707639,0.406680,0.682921,0.157366,0.643122,-0.016730,-0.035419,0.764761
1677114312,179202938,0.406650,0.683582,0.157280,0.643945,-0.015364,-0.033995,0.764162
1677114312,189285957,0.406756,0.684180,0.157220,0.644639,-0.014314,-0.032161,0.763676
1677114312,199308780,0.406750,0.684555,0.157204,0.644512,-0.013204,-0.031385,0.763836
1677114312,209474748,0.406805,0.685029,0.157146,0.644721,-0.011832,-0.030278,0.763727
1677114312,219533776,0.406943,0.685492,0.157108,0.644774,-0.010526,-0.029058,0.763748
1677114312,229144150,0.407084,0.686148,0.157016,0.645533,-0.009178,-0.028265,0.763154
1677114312,238626400,0.407262,0.686605,0.156977,0.645777,-0.008722,-0.027830,0.762969
1677114312,249307255,0.407318,0.687178,0.156929,0.646606,-0.007409,-0.027581,0.762289
1677114312,259328358,0.407363,0.687553,0.156875,0.646452,-0.005566,-0.026608,0.762470
1677114312,269515220,0.407472,0.688030,0.156838,0.646771,-0.004485,-0.025916,0.762231
1677114312,279604459,0.407554,0.688552,0.156767,0.647183,-0.002881,-0.024856,0.761923
1677114312,288853910,0.407661,0.689212,0.156696,0.648104,-0.001647,-0.023826,0.761177
1677114312,298942718,0.407605,0.689801,0.156588,0.648637,-0.000002,-0.023387,0.760739
1677114312,308751585,0.407526,0.690349,0.156497,0.649014,0.001996,-0.022552,0.760439
1677114312,319118025,0.407675,0.690999,0.156414,0.650049,0.002598,-0.020944,0.759599
1677114312,329489348,0.407700,0.691283,0.156362,0.649597,0.003628,-0.019946,0.760008
1677114312,339358140,0.407654,0.691771,0.156298,0.650259,0.004971,-0.019166,0.759455
1677114312,350029753,0.407612,0.692161,0.156262,0.650734,0.006370,-0.018603,0.759051
1677114312,359324371,0.407641,0.692569,0.156211,0.651511,0.007248,-0.018412,0.758381
1677114312,368708410,0.407734,0.692844,0.156146,0.651824,0.008691,-0.017650,0.758115
1677114312,378990102,0.407753,0.693221,0.156040,0.652524,0.010252,-0.018077,0.757483
1677114312,389534954,0.407951,0.693470,0.155954,0.652721,0.011412,-0.017855,0.757302
1677114312,399282192,0.408141,0.693819,0.155827,0.653625,0.013404,-0.017252,0.756504
1677114312,409313832,0.408253,0.694074,0.155702,0.654377,0.015027,-0.017483,0.755817
1677114312,419518889,0.408505,0.694401,0.155556,0.655599,0.016188,-0.016715,0.754751
1677114312,428735903,0.408437,0.694551,0.155465,0.656083,0.018755,-0.017046,0.754263
1677114312,438718284,0.408539,0.694702,0.155338,0.656625,0.019702,-0.017196,0.753764
1677114312,448707877,0.408659,0.694782,0.155222,0.657005,0.021025,-0.016609,0.753410
1677114312,459175078,0.408810,0.694942,0.155138,0.657942,0.022081,-0.015929,0.752576
1677114312,469406444,0.408853,0.695040,0.155039,0.658649,0.022933,-0.016024,0.751930
1677114312,479272628,0.408913,0.695152,0.154973,0.659456,0.024291,-0.015413,0.751192
1677114312,489217127,0.409007,0.695188,0.154891,0.660001,0.025090,-0.014936,0.750697
1677114312,498902384,0.409026,0.695296,0.154832,0.660602,0.025706,-0.015023,0.750145
1677114312,509156480,0.409052,0.695397,0.154775,0.661199,0.026507,-0.014291,0.749606
1677114312,519473110,0.409009,0.695515,0.154718,0.661677,0.027133,-0.013498,0.749176
1677114312,529342987,0.408774,0.695642,0.154697,0.662005,0.027959,-0.012660,0.748871
1677114312,539345753,0.408528,0.695560,0.154676,0.661493,0.028197,-0.011296,0.749336
1677114312,549549044,0.408277,0.695798,0.154712,0.662768,0.027579,-0.009449,0.748257
1677114312,558951830,0.407952,0.695732,0.154739,0.662881,0.026952,-0.007439,0.748202
1677114312,568638115,0.407619,0.695768,0.154760,0.663483,0.025765,-0.005875,0.747724
1677114312,579209868,0.407342,0.695681,0.154771,0.663327,0.024944,-0.004094,0.747903
1677114312,589339594,0.407025,0.695681,0.154774,0.663586,0.024904,-0.002839,0.747680
1677114312,599177563,0.406858,0.695640,0.154769,0.663719,0.024308,-0.001667,0.747585
1677114312,609517128,0.406605,0.695533,0.154718,0.663823,0.024757,-0.001134,0.747479
1677114312,619198536,0.406345,0.695428,0.154691,0.664589,0.025805,-0.000895,0.746763
1677114312,629144312,0.406277,0.695169,0.154649,0.665558,0.026630,-0.000282,0.745871
1677114312,639066176,0.406230,0.694964,0.154607,0.667128,0.027879,-0.000057,0.744422
1677114312,649435858,0.406316,0.694805,0.154526,0.669032,0.029139,0.000023,0.742662
1677114312,659716741,0.406578,0.694494,0.154444,0.670525,0.030322,0.000484,0.741267
1677114312,669833746,0.406794,0.694165,0.154328,0.672760,0.032430,-0.000250,0.739150
1677114312,679539392,0.407029,0.693798,0.154240,0.675745,0.035705,-0.000823,0.736270
1677114312,689301676,0.407363,0.693131,0.154088,0.677537,0.038632,-0.002113,0.734471
1677114312,698893808,0.407748,0.692534,0.153837,0.679415,0.041138,-0.003914,0.732590
1677114312,708905672,0.408253,0.692117,0.153535,0.681317,0.042985,-0.006302,0.730699
1677114312,719579201,0.408716,0.691618,0.153211,0.682816,0.045695,-0.008483,0.729110
1677114312,729794450,0.409232,0.691069,0.152948,0.683949,0.048256,-0.010700,0.727853
1677114312,738893344,0.409734,0.690665,0.152725,0.685299,0.051192,-0.012656,0.726350
1677114312,749086742,0.410320,0.690393,0.152560,0.686632,0.053048,-0.014670,0.724919
1677114312,759585590,0.410859,0.690218,0.152398,0.687783,0.055490,-0.015989,0.723616
1677114312,768799105,0.411319,0.690060,0.152279,0.688417,0.056833,-0.017782,0.722866
1677114312,778940752,0.411690,0.689808,0.152180,0.688342,0.058814,-0.018929,0.722750
1677114312,789726185,0.411931,0.689709,0.152103,0.689085,0.061944,-0.019104,0.721775
1677114312,799476676,0.412231,0.689574,0.152060,0.689603,0.063798,-0.019215,0.721116
1677114312,809717376,0.412437,0.689498,0.152000,0.690114,0.065233,-0.019623,0.720487
1677114312,819365118,0.412719,0.689437,0.151915,0.690518,0.066221,-0.019426,0.720015
1677114312,828933794,0.412758,0.689245,0.151886,0.690164,0.068191,-0.019807,0.720161
1677114312,838622643,0.412889,0.689296,0.151857,0.690564,0.069461,-0.019994,0.719650
1677114312,849049149,0.413202,0.689212,0.151836,0.690385,0.069280,-0.019904,0.719842
1677114312,859123899,0.413363,0.689248,0.151837,0.690628,0.070629,-0.019738,0.719482
1677114312,869537383,0.413473,0.689283,0.151840,0.690772,0.071913,-0.019656,0.719220
1677114312,879348915,0.413592,0.689296,0.151848,0.690548,0.072974,-0.019588,0.719329
1677114312,889632450,0.413763,0.689344,0.151865,0.690633,0.073290,-0.019509,0.719218
1677114312,899278133,0.413903,0.689411,0.151917,0.690905,0.073784,-0.019016,0.718919
1677114312,908651614,0.413987,0.689346,0.151919,0.690813,0.074576,-0.018305,0.718944
1677114312,918916410,0.414022,0.689331,0.151971,0.690756,0.075766,-0.017613,0.718892
1677114312,929275339,0.414163,0.689424,0.151983,0.691036,0.076277,-0.016783,0.718588
1677114312,939655248,0.414182,0.689378,0.152009,0.690874,0.077250,-0.016245,0.718653
1677114312,949552069,0.414213,0.689358,0.151998,0.691013,0.077990,-0.015674,0.718452
1677114312,959646650,0.414295,0.689207,0.151971,0.690948,0.078305,-0.015234,0.718490
1677114312,969137228,0.414335,0.689079,0.151939,0.691273,0.079178,-0.015019,0.718086
1677114312,978888180,0.414395,0.688999,0.151926,0.691649,0.080201,-0.014988,0.717611
1677114312,989142133,0.414444,0.689127,0.151912,0.692713,0.081154,-0.015187,0.716472
1677114312,999520186,0.414690,0.689106,0.151900,0.692995,0.081760,-0.014461,0.716145
1677114313,9133998,0.414857,0.688978,0.151883,0.692969,0.082458,-0.014509,0.716090
1677114313,19223533,0.414934,0.688762,0.151843,0.692697,0.083582,-0.014925,0.716214
1677114313,28689544,0.415131,0.688700,0.151760,0.692946,0.083720,-0.015308,0.715948
1677114313,39007285,0.415223,0.688708,0.151774,0.693022,0.084340,-0.015920,0.715789
1677114313,49050367,0.415407,0.688754,0.151816,0.692744,0.084716,-0.015856,0.716015
1677114313,59626111,0.415487,0.688881,0.151863,0.692480,0.085196,-0.016213,0.716205
1677114313,69853237,0.415648,0.689000,0.151937,0.692272,0.085379,-0.015783,0.716395
1677114313,79619106,0.415703,0.689152,0.151992,0.692325,0.085898,-0.015477,0.716288
1677114313,88857504,0.415719,0.689251,0.152068,0.692449,0.085795,-0.015433,0.716181
1677114313,98802256,0.415788,0.689241,0.152119,0.692392,0.085482,-0.015167,0.716279
1677114313,108923690,0.415709,0.689172,0.152222,0.692725,0.085847,-0.015283,0.715911
1677114313,119221736,0.415659,0.688954,0.152291,0.692717,0.086102,-0.015197,0.715890
1677114313,130065112,0.415715,0.688869,0.152384,0.693207,0.085518,-0.015199,0.715485
1677114313,140182324,0.415681,0.688930,0.152436,0.693852,0.085379,-0.015260,0.714875
1677114313,149265566,0.415692,0.688988,0.152461,0.693934,0.085122,-0.015167,0.714829
1677114313,158802554,0.415624,0.688936,0.152485,0.693270,0.085302,-0.014810,0.715459
1677114313,168657852,0.415539,0.689062,0.152520,0.693520,0.085248,-0.014695,0.715225
1677114313,178925808,0.415498,0.689105,0.152565,0.693561,0.085155,-0.014356,0.715204
1677114313,189665253,0.415455,0.688994,0.152629,0.693104,0.084978,-0.014149,0.715671
1677114313,199197874,0.415339,0.689069,0.152704,0.693128,0.084952,-0.014258,0.715649
1677114313,209385646,0.415344,0.689190,0.152759,0.693006,0.084607,-0.013652,0.715820
1677114313,219896104,0.415268,0.689339,0.152833,0.693075,0.083998,-0.013639,0.715825
1677114313,229045200,0.415030,0.689430,0.152976,0.692942,0.084463,-0.013550,0.715901
1677114313,238746854,0.414925,0.689448,0.153076,0.692625,0.083790,-0.012992,0.716297
1677114313,249077379,0.414870,0.689498,0.153144,0.692564,0.082767,-0.012357,0.716486
1677114313,259562880,0.414723,0.689480,0.153221,0.692405,0.082258,-0.011547,0.716712
1677114313,269438384,0.414444,0.689498,0.153316,0.692566,0.082117,-0.011408,0.716575
1677114313,279279860,0.414270,0.689457,0.153347,0.692705,0.081154,-0.011443,0.716549
1677114313,289096266,0.414206,0.689490,0.153382,0.693192,0.080333,-0.010499,0.716185
1677114313,298755256,0.414144,0.689401,0.153418,0.693094,0.079909,-0.009933,0.716336
1677114313,308960483,0.413997,0.689285,0.153499,0.693043,0.079757,-0.010315,0.716397
1677114313,319310875,0.414075,0.689235,0.153534,0.693353,0.079119,-0.010165,0.716169
1677114313,329141906,0.413989,0.689126,0.153611,0.693724,0.079219,-0.010984,0.715787
1677114313,339418038,0.414086,0.689070,0.153715,0.694367,0.078546,-0.011734,0.715225
1677114313,349343535,0.414036,0.689014,0.153883,0.695216,0.078704,-0.012591,0.714368
1677114313,358793909,0.414055,0.688818,0.154060,0.695557,0.078289,-0.013028,0.714074
1677114313,368641054,0.414090,0.688713,0.154215,0.696346,0.078112,-0.012677,0.713331
1677114313,378884556,0.413961,0.688621,0.154370,0.697041,0.077522,-0.013224,0.712705
1677114313,389749065,0.413898,0.688422,0.154464,0.697065,0.076928,-0.012764,0.712755
1677114313,399096537,0.413821,0.688398,0.154582,0.697582,0.076451,-0.011908,0.712315
1677114313,409403052,0.413670,0.688320,0.154679,0.697556,0.075698,-0.011754,0.712423
1677114313,419365536,0.413535,0.688355,0.154740,0.697751,0.075314,-0.011422,0.712279
1677114313,429794854,0.413371,0.688359,0.154793,0.697854,0.074880,-0.011631,0.712220
1677114313,438906569,0.413323,0.688353,0.154853,0.697918,0.074449,-0.011423,0.712206
1677114313,449643264,0.413346,0.688338,0.154947,0.698513,0.073709,-0.011474,0.711699
1677114313,459634269,0.413289,0.688008,0.155097,0.698749,0.073814,-0.011555,0.711455
1677114313,469699633,0.413338,0.687845,0.155244,0.700117,0.072999,-0.011941,0.710186
1677114313,479636807,0.413278,0.687574,0.155452,0.701195,0.072877,-0.012192,0.709130
1677114313,489119298,0.413300,0.687399,0.155627,0.702115,0.072292,-0.011923,0.708284
1677114313,498752651,0.413218,0.687334,0.155786,0.702748,0.072257,-0.011598,0.707665
1677114313,508822110,0.413107,0.687303,0.155909,0.702587,0.071915,-0.011543,0.707860
1677114313,519075109,0.413088,0.687412,0.156009,0.702455,0.071031,-0.011135,0.708087
1677114313,528683265,0.412994,0.687451,0.156083,0.701927,0.070902,-0.010328,0.708636
1677114313,538563524,0.412826,0.687591,0.156170,0.701928,0.070758,-0.010324,0.708650
1677114313,549230449,0.412852,0.687556,0.156236,0.701590,0.070337,-0.009442,0.709038
1677114313,559038954,0.412755,0.687583,0.156313,0.701741,0.070216,-0.009687,0.708898
1677114313,568643801,0.412813,0.687497,0.156346,0.701890,0.069711,-0.009885,0.708796
1677114313,579113806,0.412829,0.687438,0.156391,0.702506,0.069659,-0.010356,0.708185
1677114313,590205498,0.412893,0.687348,0.156388,0.703193,0.069472,-0.011107,0.707509
1677114313,600748314,0.413041,0.687159,0.156429,0.703857,0.069305,-0.011686,0.706856
1677114313,609628071,0.413132,0.686888,0.156462,0.704137,0.070136,-0.012023,0.706490
1677114313,619599458,0.413325,0.686744,0.156549,0.704846,0.070495,-0.012030,0.705746
1677114313,628816618,0.413393,0.686604,0.156672,0.705352,0.070671,-0.012694,0.705211
1677114313,638768297,0.413448,0.686479,0.156784,0.705303,0.070448,-0.013146,0.705274
1677114313,649109907,0.413479,0.686590,0.156947,0.705888,0.070087,-0.013149,0.704724
1677114313,659520237,0.413377,0.686513,0.157083,0.705429,0.069697,-0.013627,0.705214
1677114313,670171670,0.413372,0.686440,0.157229,0.705316,0.069031,-0.012842,0.705407
1677114313,679557632,0.413234,0.686372,0.157420,0.705644,0.068390,-0.012927,0.705139
1677114313,689269317,0.413150,0.686237,0.157618,0.706159,0.067618,-0.012614,0.704704
1677114313,698941000,0.413208,0.686104,0.157803,0.707152,0.066254,-0.012149,0.703846
1677114313,708524596,0.413057,0.685767,0.158033,0.707617,0.066154,-0.012282,0.703385
1677114313,718841859,0.413027,0.685472,0.158213,0.708128,0.065716,-0.012221,0.702913
1677114313,729173527,0.413029,0.685431,0.158430,0.709469,0.065191,-0.012015,0.701612
1677114313,739358668,0.413061,0.685125,0.158600,0.709384,0.064655,-0.011840,0.701750
1677114313,749435882,0.413011,0.685062,0.158804,0.710085,0.064638,-0.011945,0.701041
1677114313,758829746,0.412991,0.684915,0.159045,0.710864,0.064010,-0.012674,0.700296
1677114313,768681906,0.413041,0.684715,0.159268,0.711875,0.063695,-0.012615,0.699298
1677114313,779095138,0.413051,0.684484,0.159545,0.713028,0.063562,-0.012713,0.698133
1677114313,789218638,0.412992,0.684152,0.159800,0.713788,0.063501,-0.012937,0.697357
1677114313,799540603,0.412980,0.683932,0.160038,0.714807,0.063149,-0.012698,0.696349
1677114313,809757792,0.412828,0.683772,0.160332,0.715634,0.063042,-0.012756,0.695508
1677114313,819125948,0.412673,0.683720,0.160592,0.716416,0.062564,-0.012607,0.694748
1677114313,828800496,0.412622,0.683754,0.160857,0.716986,0.061740,-0.012003,0.694244
1677114313,838702930,0.412421,0.683741,0.161166,0.717647,0.061549,-0.011589,0.693585
1677114313,848703092,0.412320,0.683638,0.161452,0.718437,0.060574,-0.011559,0.692854
1677114313,859002164,0.412189,0.683358,0.161802,0.719310,0.060086,-0.011599,0.691988
1677114313,869321740,0.412213,0.682948,0.162197,0.720293,0.059314,-0.011059,0.691041
1677114313,878878973,0.412193,0.682588,0.162630,0.721877,0.058656,-0.010790,0.689446
1677114313,889093257,0.412078,0.682174,0.163074,0.723466,0.057988,-0.011389,0.687826
1677114313,898609794,0.412124,0.681789,0.163481,0.724905,0.056940,-0.011191,0.686400
1677114313,908680761,0.412007,0.681374,0.163984,0.725913,0.056578,-0.011448,0.685360
1677114313,918906996,0.412059,0.681084,0.164434,0.727134,0.055494,-0.011108,0.684159
1677114313,928929519,0.411935,0.680830,0.164930,0.727909,0.054858,-0.011302,0.683382
1677114313,939512636,0.411877,0.680565,0.165446,0.728279,0.054258,-0.010708,0.683045
1677114313,949618594,0.411777,0.680363,0.165996,0.728958,0.053651,-0.010397,0.682374
1677114313,958985647,0.411656,0.680126,0.166605,0.729791,0.052824,-0.010557,0.681544
1677114313,968696495,0.411641,0.679840,0.167241,0.730739,0.051267,-0.010460,0.680649
1677114313,979074247,0.411525,0.679523,0.167881,0.731517,0.050491,-0.009902,0.679879
1677114313,989125929,0.411396,0.679281,0.168545,0.732334,0.049086,-0.010078,0.679099
1677114313,999333413,0.411317,0.678965,0.169210,0.732492,0.047959,-0.009490,0.679018
1677114314,9479876,0.411035,0.678721,0.169896,0.732671,0.047494,-0.009623,0.678855
1677114314,19677017,0.411002,0.678555,0.170605,0.733373,0.045868,-0.009256,0.678215
1677114314,28623736,0.410941,0.678350,0.171315,0.734045,0.044569,-0.008886,0.677579
1677114314,38608329,0.410719,0.678031,0.172007,0.734367,0.043838,-0.009176,0.677273
1677114314,49144725,0.410672,0.677780,0.172675,0.734871,0.042818,-0.008540,0.676800
1677114314,59593100,0.410545,0.677354,0.173384,0.734647,0.042413,-0.008150,0.677073
1677114314,68999088,0.410473,0.677394,0.174181,0.736284,0.041295,-0.008480,0.675358
1677114314,78855450,0.410368,0.677171,0.174948,0.736942,0.040949,-0.008473,0.674661
1677114314,88828905,0.410302,0.676818,0.175682,0.736945,0.040576,-0.008324,0.674682
1677114314,98675318,0.410295,0.676582,0.176505,0.737668,0.039813,-0.008079,0.673940
1677114314,108671753,0.410307,0.676349,0.177304,0.738327,0.039159,-0.007672,0.673262
1677114314,119282514,0.410279,0.676098,0.178138,0.739008,0.038749,-0.007595,0.672539
1677114314,129270741,0.410169,0.675868,0.178963,0.739616,0.038690,-0.007488,0.671875
1677114314,139161481,0.410065,0.675507,0.179757,0.739616,0.038594,-0.007473,0.671880
1677114314,149415989,0.409998,0.675290,0.180628,0.740393,0.038354,-0.007325,0.671040
1677114314,159066106,0.410071,0.675083,0.181545,0.741376,0.037294,-0.007219,0.670014
1677114314,168649259,0.410048,0.674471,0.182420,0.741196,0.037439,-0.006625,0.670211
1677114314,178832721,0.410072,0.674127,0.183377,0.742426,0.036412,-0.006600,0.668906
1677114314,189443450,0.410117,0.673646,0.184358,0.743321,0.035276,-0.006609,0.667971
1677114314,199045136,0.410003,0.673252,0.185329,0.744413,0.035165,-0.006418,0.666762
1677114314,209565585,0.410063,0.672828,0.186305,0.744976,0.034198,-0.005605,0.666191
1677114314,219339238,0.409934,0.672462,0.187328,0.745312,0.034148,-0.005441,0.665818
1677114314,228997356,0.409916,0.672265,0.188386,0.745874,0.033628,-0.004523,0.665222
1677114314,238618127,0.409864,0.671961,0.189429,0.746078,0.032716,-0.004578,0.665038
1677114314,248905281,0.409852,0.671642,0.190480,0.746275,0.031968,-0.004109,0.664857
1677114314,259667278,0.409813,0.671314,0.191526,0.746706,0.032095,-0.002766,0.664374
1677114314,269369874,0.409780,0.671010,0.192626,0.747503,0.031183,-0.002879,0.663520
1677114314,279394272,0.409722,0.670434,0.193667,0.747410,0.030950,-0.002671,0.663637
1677114314,289521546,0.409815,0.670184,0.194784,0.748611,0.029942,-0.002514,0.662328
1677114314,299027363,0.409732,0.669588,0.195851,0.748850,0.030049,-0.002538,0.662053
1677114314,308763051,0.409863,0.669233,0.196972,0.749980,0.029455,-0.001943,0.660802
1677114314,319149620,0.409896,0.668799,0.198093,0.750696,0.029325,-0.002233,0.659993
1677114314,329120906,0.410056,0.668455,0.199177,0.751667,0.028624,-0.002109,0.658918
1677114314,339393865,0.410111,0.668035,0.200299,0.751969,0.029006,-0.002338,0.658556
1677114314,349262922,0.410244,0.667677,0.201364,0.752259,0.028765,-0.002909,0.658232
1677114314,359029957,0.410406,0.667369,0.202435,0.752265,0.029123,-0.003054,0.658209
1677114314,369015043,0.410636,0.667165,0.203533,0.752213,0.029823,-0.002724,0.658240
1677114314,379690260,0.410767,0.666989,0.204573,0.751940,0.031005,-0.003405,0.658493
1677114314,389945936,0.411084,0.667114,0.205716,0.752335,0.031568,-0.003801,0.658013
1677114314,399710387,0.411346,0.667050,0.206798,0.751564,0.032894,-0.004184,0.658826
1677114314,410016420,0.411632,0.667298,0.207928,0.751682,0.034409,-0.004403,0.658613
1677114314,419622692,0.411823,0.667327,0.208998,0.750677,0.036328,-0.005266,0.659649
1677114314,428875812,0.412101,0.667475,0.210102,0.750388,0.037628,-0.006068,0.659898
1677114314,438946074,0.412468,0.667875,0.211283,0.751422,0.037920,-0.006291,0.658702
1677114314,449322332,0.412624,0.668249,0.212445,0.752728,0.038120,-0.007814,0.657181
1677114314,459531486,0.412802,0.667445,0.213507,0.749496,0.040005,-0.006190,0.660770
1677114314,469850171,0.412835,0.667314,0.214680,0.748995,0.040382,-0.006144,0.661315
1677114314,479321160,0.412858,0.667357,0.215871,0.749255,0.039846,-0.005710,0.661057
1677114314,489378647,0.412833,0.667164,0.217053,0.748579,0.039439,-0.004463,0.661856
1677114314,498620817,0.412610,0.667133,0.218285,0.748818,0.038893,-0.004266,0.661620
1677114314,508619677,0.412463,0.666971,0.219484,0.748979,0.038339,-0.002904,0.661478
1677114314,518991877,0.412289,0.666862,0.220703,0.749580,0.037799,-0.001809,0.660831
1677114314,529973300,0.412188,0.666625,0.221902,0.749884,0.037350,-0.000155,0.660514
1677114314,539473445,0.412101,0.666421,0.223055,0.750253,0.036901,0.000983,0.660120
1677114314,549163116,0.411829,0.666209,0.224214,0.750516,0.037119,0.001032,0.659808
1677114314,559226817,0.411834,0.665935,0.225370,0.750595,0.036165,0.001904,0.659769
1677114314,568629426,0.411884,0.665861,0.226499,0.751397,0.035652,0.003112,0.658879
1677114314,578939223,0.411857,0.665807,0.227675,0.752433,0.035144,0.003512,0.657722
1677114314,589223431,0.411771,0.665232,0.228768,0.751723,0.035220,0.003922,0.658527
1677114314,599329138,0.411753,0.664239,0.229830,0.748925,0.033359,0.003748,0.661804
1677114314,609468830,0.411577,0.664125,0.231024,0.749143,0.032856,0.003584,0.661583
1677114314,619221777,0.411610,0.664206,0.232218,0.750269,0.032241,0.005980,0.660319
1677114314,628827394,0.411411,0.663964,0.233340,0.749680,0.030753,0.005211,0.661066
1677114314,638813043,0.411159,0.663915,0.234545,0.750362,0.030312,0.005811,0.660306
1677114314,648838105,0.410902,0.663715,0.235713,0.751153,0.031382,0.008661,0.659325
1677114314,659493218,0.410831,0.663458,0.236867,0.751663,0.030212,0.010145,0.658777
1677114314,669378805,0.410625,0.663284,0.238041,0.752703,0.029437,0.010710,0.657615
1677114314,679234423,0.410463,0.663099,0.239219,0.753540,0.028519,0.011219,0.656688
1677114314,689268058,0.410331,0.662905,0.240351,0.754357,0.027928,0.012516,0.655750
1677114314,698673911,0.410096,0.662682,0.241503,0.755054,0.027378,0.012556,0.654970
1677114314,708863406,0.409984,0.662676,0.242689,0.756419,0.026208,0.012512,0.653442
1677114314,719133039,0.409919,0.662414,0.243811,0.756862,0.025562,0.013245,0.652941
1677114314,729606146,0.409798,0.662021,0.244928,0.756781,0.025175,0.013601,0.653042
1677114314,739700507,0.409689,0.661484,0.246027,0.756016,0.025124,0.014361,0.653913
1677114314,749635900,0.409597,0.661053,0.247172,0.755721,0.025323,0.015593,0.654218
1677114314,759399295,0.409630,0.660479,0.248260,0.755551,0.023390,0.015251,0.654494
1677114314,768653694,0.409537,0.660291,0.249398,0.756206,0.022899,0.015941,0.653738
1677114314,778854351,0.409334,0.659925,0.250461,0.756240,0.022607,0.016274,0.653702
1677114314,789377811,0.409167,0.659751,0.251576,0.756791,0.022513,0.016915,0.653051
1677114314,799783396,0.409074,0.659536,0.252658,0.757129,0.021673,0.017089,0.652682
1677114314,809349163,0.408951,0.659272,0.253663,0.757135,0.021316,0.017498,0.652676
1677114314,819765054,0.408915,0.659201,0.254690,0.757722,0.020668,0.018344,0.651992
1677114314,828834183,0.408763,0.659046,0.255687,0.757589,0.020530,0.018307,0.652152
1677114314,838709658,0.408735,0.658890,0.256609,0.757065,0.020442,0.018966,0.652744
1677114314,849688217,0.408737,0.658704,0.257554,0.756444,0.020428,0.019477,0.653449
1677114314,859829500,0.408742,0.658742,0.258546,0.756587,0.020491,0.019724,0.653274
1677114314,869755179,0.408686,0.658642,0.259436,0.756163,0.021094,0.019463,0.653753
1677114314,879524839,0.408637,0.658698,0.260368,0.756172,0.022169,0.019626,0.653703
1677114314,888948704,0.408732,0.658599,0.261238,0.755163,0.022798,0.019549,0.654849
1677114314,898581719,0.408653,0.658564,0.262044,0.754058,0.024483,0.018763,0.656083
1677114314,908736433,0.408781,0.658682,0.262845,0.753469,0.025179,0.018114,0.656751
1677114314,918990726,0.408960,0.658746,0.263633,0.752556,0.026628,0.017695,0.657751
1677114314,929013016,0.409009,0.658500,0.264393,0.751317,0.027272,0.016357,0.659174
1677114314,938597599,0.409091,0.658301,0.265163,0.750230,0.028232,0.015632,0.660389
1677114314,949177055,0.409222,0.658544,0.265999,0.750898,0.028676,0.014909,0.659626
1677114314,959135976,0.409096,0.658096,0.266782,0.750218,0.028557,0.014557,0.660413
1677114314,968749299,0.408979,0.658087,0.267691,0.751251,0.028222,0.014737,0.659249
1677114314,979027650,0.408817,0.657959,0.268514,0.751941,0.027625,0.016005,0.658457
1677114314,989330734,0.408491,0.657799,0.269391,0.752565,0.026825,0.016956,0.657753
1677114314,999528516,0.408173,0.657666,0.270235,0.753043,0.025852,0.018289,0.657209
1677114315,9463241,0.407910,0.657485,0.271022,0.753054,0.024197,0.019440,0.657226
1677114315,19274454,0.407554,0.657423,0.271805,0.753183,0.023494,0.020477,0.657072
1677114315,28923876,0.407318,0.657263,0.272513,0.752656,0.022632,0.021375,0.657677
1677114315,38624724,0.407058,0.657346,0.273241,0.753074,0.022142,0.021134,0.657224
1677114315,48974060,0.406953,0.657156,0.273894,0.752351,0.021918,0.021515,0.658047
1677114315,59113042,0.406927,0.656977,0.274549,0.752097,0.021494,0.021243,0.658359
1677114315,69039572,0.406894,0.656820,0.275200,0.752155,0.021955,0.021406,0.658272
1677114315,79569303,0.406876,0.656627,0.275812,0.752645,0.021900,0.020968,0.657728
1677114315,89125797,0.406825,0.656302,0.276422,0.753145,0.022676,0.020761,0.657136
1677114315,98838736,0.406860,0.656242,0.277138,0.754762,0.022435,0.020091,0.655307
1677114315,108842496,0.406848,0.655719,0.277730,0.754330,0.023252,0.020248,0.655771
1677114315,119500629,0.406946,0.655620,0.278461,0.755233,0.022991,0.020131,0.654744
1677114315,129987577,0.407041,0.655373,0.279164,0.755308,0.022803,0.020200,0.654662
1677114315,139093012,0.407118,0.655184,0.279841,0.755356,0.022928,0.020675,0.654587
1677114315,149000405,0.407025,0.655124,0.280562,0.755674,0.023132,0.019711,0.654242
1677114315,158802956,0.407140,0.655121,0.281303,0.755794,0.022581,0.019898,0.654118
1677114315,168832688,0.407105,0.655150,0.282055,0.755561,0.022986,0.020536,0.654353
1677114315,179496757,0.407019,0.655355,0.282837,0.755671,0.022954,0.020521,0.654227
1677114315,189644920,0.407079,0.655218,0.283528,0.754312,0.022202,0.020746,0.655812
1677114315,198921757,0.406964,0.655423,0.284327,0.754347,0.022533,0.021452,0.655738
1677114315,209331216,0.406958,0.655485,0.285060,0.754175,0.021978,0.022319,0.655925
1677114315,219144490,0.406794,0.655637,0.285843,0.754808,0.021867,0.022542,0.655193
1677114315,228949465,0.406759,0.655498,0.286517,0.754706,0.021552,0.023838,0.655276
1677114315,238691753,0.406695,0.655453,0.287147,0.754966,0.020989,0.024550,0.654967
1677114315,249073858,0.406647,0.655531,0.287779,0.755418,0.020348,0.025335,0.654437
1677114315,260064605,0.406578,0.655526,0.288284,0.755148,0.020121,0.025984,0.654730
1677114315,269067529,0.406552,0.655788,0.288789,0.755514,0.019877,0.026609,0.654290
1677114315,279413711,0.406687,0.655821,0.289221,0.754975,0.019373,0.027421,0.654894
1677114315,289106762,0.406674,0.656051,0.289683,0.755501,0.019721,0.026683,0.654306
1677114315,299138853,0.406895,0.655983,0.290085,0.755393,0.019732,0.026570,0.654436
1677114315,308827914,0.407084,0.655943,0.290505,0.756176,0.020230,0.025725,0.653550
1677114315,319027474,0.407422,0.655874,0.290927,0.756894,0.020520,0.025507,0.652717
1677114315,329203960,0.407620,0.655800,0.291321,0.757779,0.021589,0.024357,0.651699
1677114315,339369767,0.407949,0.655776,0.291713,0.758437,0.022687,0.023994,0.650909
1677114315,349574485,0.408201,0.655968,0.292138,0.759472,0.023892,0.022865,0.649698
1677114315,359619349,0.408471,0.656229,0.292584,0.760308,0.025165,0.022050,0.648701
1677114315,369047553,0.408762,0.656489,0.293045,0.760476,0.026302,0.021515,0.648476
1677114315,379111770,0.409036,0.656983,0.293556,0.760762,0.027017,0.021071,0.648127
1677114315,389533697,0.409127,0.657504,0.294064,0.760413,0.027977,0.020546,0.648512
1677114315,399908174,0.409071,0.657879,0.294493,0.758809,0.028842,0.019795,0.650373
1677114315,409501137,0.409050,0.658221,0.294864,0.756965,0.029025,0.019410,0.652521
1677114315,419358066,0.408990,0.658370,0.295219,0.755008,0.029010,0.019221,0.654791
1677114315,428751515,0.409416,0.659175,0.295785,0.755863,0.027768,0.021170,0.653798
1677114315,438849401,0.409344,0.659425,0.296191,0.756217,0.027873,0.021148,0.653385
1677114315,449675740,0.409355,0.659687,0.296600,0.757672,0.027339,0.021109,0.651721
1677114315,459754888,0.409412,0.659906,0.296959,0.759410,0.026848,0.021622,0.649698
1677114315,468932173,0.409380,0.659817,0.297208,0.760289,0.026915,0.021733,0.648664
1677114315,478717731,0.409345,0.659928,0.297454,0.761808,0.026729,0.021759,0.646885
1677114315,488969251,0.409418,0.659829,0.297526,0.762189,0.026454,0.021914,0.646442
1677114315,498622013,0.409436,0.659838,0.297604,0.762563,0.026530,0.021999,0.645995
1677114315,508956916,0.409498,0.659858,0.297623,0.762546,0.026672,0.021623,0.646023
1677114315,519222927,0.409633,0.659903,0.297612,0.762289,0.026642,0.020979,0.646348
1677114315,529309538,0.409834,0.659934,0.297605,0.761949,0.026813,0.020839,0.646746
1677114315,539142080,0.410019,0.659882,0.297573,0.761549,0.026986,0.020291,0.647227
