secs,nsecs,tx,ty,tz,rx,ry,rz,rw
1677113594,852155806,0.251938,0.611593,0.523706,0.510617,-0.190385,-0.247709,0.801039
1677113594,862323776,0.251716,0.611730,0.523950,0.510871,-0.190363,-0.246901,0.801132
1677113594,872032998,0.251526,0.612011,0.524175,0.512031,-0.190301,-0.246089,0.800656
1677113594,882652712,0.251312,0.612155,0.524477,0.512392,-0.190334,-0.245361,0.800640
1677113594,892357485,0.250886,0.612286,0.524835,0.512513,-0.190018,-0.245513,0.800592
1677113594,901668938,0.250661,0.612431,0.525209,0.513383,-0.190441,-0.244665,0.800193
1677113594,911682370,0.250324,0.612623,0.525599,0.514520,-0.190498,-0.244167,0.799601
1677113594,921687575,0.249966,0.612666,0.525998,0.515390,-0.190251,-0.243135,0.799414
1677113594,931631566,0.249667,0.612770,0.526343,0.516594,-0.190383,-0.242063,0.798931
1677113594,941604662,0.249402,0.613004,0.526596,0.518057,-0.190593,-0.241202,0.798193
1677113594,951534534,0.249261,0.613297,0.526774,0.519020,-0.190948,-0.240166,0.797795
1677113594,961523612,0.249153,0.613670,0.526847,0.519484,-0.190732,-0.239388,0.797779
1677113594,971568093,0.249138,0.614080,0.526818,0.519383,-0.190345,-0.238594,0.798175
1677113594,981619455,0.249115,0.614585,0.526729,0.518892,-0.190088,-0.238565,0.798564
1677113594,992063912,0.249258,0.615136,0.526554,0.518497,-0.189922,-0.237841,0.799076
1677113595,1932924,0.249422,0.615811,0.526323,0.518271,-0.190285,-0.237771,0.799157
1677113595,12000341,0.249564,0.616451,0.526063,0.517499,-0.189776,-0.237521,0.799852
1677113595,21714662,0.249752,0.617076,0.525764,0.516837,-0.189077,-0.236625,0.800711
1677113595,31576390,0.249999,0.617777,0.525441,0.516608,-0.188410,-0.235890,0.801233
1677113595,41898611,0.250157,0.618464,0.525125,0.516450,-0.187909,-0.235530,0.801558
1677113595,51713767,0.250522,0.619083,0.524759,0.516727,-0.187795,-0.233951,0.801868
1677113595,62191988,0.250557,0.619668,0.524419,0.516461,-0.186950,-0.234042,0.802211
1677113595,72036574,0.250910,0.620283,0.523987,0.516839,-0.186533,-0.232687,0.802458
1677113595,82194442,0.251221,0.620833,0.523566,0.516382,-0.186140,-0.232211,0.802981
1677113595,91484039,0.251678,0.621424,0.523070,0.516275,-0.185440,-0.231276,0.803482
1677113595,101573349,0.252001,0.621990,0.522564,0.515605,-0.184467,-0.231578,0.804049
1677113595,111949937,0.252524,0.622525,0.522077,0.515383,-0.183944,-0.231291,0.804394
1677113595,122027928,0.252968,0.622930,0.521597,0.515287,-0.183224,-0.231410,0.804585
1677113595,131719531,0.253338,0.623365,0.521185,0.515650,-0.182443,-0.232023,0.804354
1677113595,142031687,0.253767,0.623652,0.520790,0.516262,-0.181794,-0.232058,0.804098
1677113595,152039986,0.254036,0.623809,0.520440,0.516281,-0.180959,-0.232343,0.804192
1677113595,161581181,0.254491,0.624069,0.519990,0.517108,-0.180908,-0.232106,0.803740
1677113595,171493524,0.254874,0.624377,0.519450,0.517604,-0.180406,-0.232134,0.803525
1677113595,181919695,0.255192,0.624673,0.518841,0.517584,-0.179774,-0.232295,0.803634
1677113595,191804139,0.255688,0.625120,0.518133,0.517970,-0.179033,-0.231691,0.803725
1677113595,202455683,0.256187,0.625538,0.517369,0.517772,-0.178623,-0.231356,0.804040
1677113595,212344065,0.256592,0.625938,0.516592,0.517119,-0.177943,-0.231240,0.804644
1677113595,222106998,0.257107,0.626513,0.515744,0.517490,-0.177938,-0.231026,0.804468
1677113595,232141517,0.257592,0.626879,0.514941,0.517410,-0.177669,-0.230150,0.804830
1677113595,241748995,0.257832,0.627401,0.514094,0.517697,-0.177035,-0.230810,0.804596
1677113595,252211502,0.258258,0.627932,0.513197,0.518693,-0.176776,-0.230270,0.804166
1677113595,262797835,0.258795,0.627998,0.512320,0.516863,-0.178754,-0.230239,0.804916
1677113595,272583585,0.259194,0.628360,0.511397,0.516467,-0.178863,-0.229832,0.805262
1677113595,282074746,0.259667,0.628707,0.510413,0.515810,-0.179894,-0.229642,0.805508
1677113595,292160716,0.260038,0.629116,0.509383,0.515167,-0.179567,-0.229207,0.806116
1677113595,301527063,0.260502,0.629417,0.508339,0.514129,-0.179965,-0.228703,0.806833
1677113595,311825319,0.260870,0.629792,0.507260,0.512875,-0.179654,-0.228670,0.807709
1677113595,322450183,0.261775,0.630793,0.505763,0.515824,-0.181148,-0.227760,0.805752
1677113595,332685800,0.262285,0.631343,0.504512,0.515964,-0.181348,-0.227424,0.805712
1677113595,342136876,0.262799,0.631816,0.503329,0.516041,-0.181777,-0.227036,0.805676
1677113595,352041851,0.263227,0.632076,0.502188,0.515691,-0.182844,-0.226824,0.805718
1677113595,361587151,0.263586,0.632369,0.501047,0.515746,-0.183948,-0.227200,0.805325
1677113595,371822608,0.263969,0.632637,0.499923,0.516157,-0.184614,-0.227002,0.804966
1677113595,382292434,0.264228,0.632842,0.498794,0.516324,-0.184288,-0.227095,0.804907
1677113595,391865411,0.264804,0.633143,0.497610,0.516861,-0.184864,-0.226462,0.804608
1677113595,402031176,0.265363,0.633514,0.496373,0.517441,-0.184814,-0.226005,0.804376
1677113595,412451722,0.265654,0.633815,0.495168,0.517208,-0.183586,-0.226708,0.804609
1677113595,422041551,0.266199,0.634132,0.493926,0.517574,-0.182806,-0.226449,0.804624
1677113595,431478670,0.266757,0.634459,0.492710,0.518094,-0.182344,-0.226097,0.804493
1677113595,441490170,0.267170,0.634643,0.491538,0.518061,-0.181586,-0.226352,0.804614
1677113595,452127087,0.267617,0.634938,0.490273,0.518652,-0.180633,-0.226277,0.804469
1677113595,461959703,0.268009,0.635080,0.489031,0.518344,-0.180154,-0.226517,0.804708
1677113595,471807757,0.268521,0.635339,0.487715,0.518832,-0.179633,-0.226507,0.804512
1677113595,481574652,0.268989,0.635543,0.486455,0.518965,-0.179390,-0.226903,0.804369
1677113595,491567963,0.269258,0.635709,0.485221,0.519015,-0.177690,-0.227450,0.804560
1677113595,501844233,0.269903,0.635896,0.483979,0.520027,-0.177974,-0.227305,0.803884
1677113595,512243448,0.270287,0.636038,0.482792,0.520665,-0.177261,-0.227761,0.803500
1677113595,522429903,0.270689,0.636246,0.481611,0.521801,-0.176232,-0.227786,0.802981
1677113595,532479456,0.271071,0.636347,0.480392,0.522530,-0.175441,-0.227774,0.802684
1677113595,542672337,0.271500,0.636644,0.479049,0.523655,-0.174755,-0.227990,0.802039
1677113595,552391363,0.271875,0.636901,0.477690,0.524062,-0.173625,-0.228024,0.802009
1677113595,561500997,0.272372,0.637182,0.476287,0.524359,-0.172777,-0.227558,0.802130
1677113595,572141893,0.272721,0.637403,0.474918,0.523752,-0.172441,-0.228275,0.802395
1677113595,582823713,0.273070,0.637667,0.473599,0.523530,-0.171300,-0.228220,0.802800
1677113595,592641221,0.273394,0.637808,0.472310,0.522771,-0.170697,-0.228391,0.803375
1677113595,601948247,0.273736,0.638118,0.470994,0.523031,-0.170263,-0.228600,0.803238
1677113595,611930354,0.274181,0.638528,0.469698,0.523780,-0.169796,-0.228380,0.802911
1677113595,621861555,0.274572,0.638786,0.468492,0.523656,-0.168774,-0.228148,0.803274
1677113595,631745971,0.275026,0.639055,0.467368,0.523743,-0.168228,-0.227601,0.803486
1677113595,642279914,0.275337,0.639336,0.466325,0.523610,-0.167525,-0.227986,0.803611
1677113595,652701326,0.275843,0.639662,0.465316,0.524107,-0.167199,-0.227209,0.803575
1677113595,662355410,0.276094,0.639842,0.464466,0.523576,-0.166533,-0.227389,0.804008
1677113595,671885187,0.276495,0.640111,0.463561,0.523547,-0.165992,-0.226997,0.804250
1677113595,682399346,0.276848,0.640410,0.462672,0.523437,-0.165023,-0.226597,0.804634
1677113595,691705088,0.277157,0.640622,0.461868,0.522669,-0.163935,-0.226311,0.805435
1677113595,701716713,0.277588,0.640941,0.461003,0.522230,-0.162741,-0.225898,0.806078
1677113595,711518120,0.277983,0.641189,0.460184,0.521391,-0.161501,-0.225867,0.806879
1677113595,721955536,0.278388,0.641403,0.459342,0.520604,-0.160438,-0.225833,0.807608
1677113595,731662805,0.278834,0.641617,0.458479,0.519946,-0.160014,-0.226414,0.807953
1677113595,741527006,0.279274,0.641741,0.457722,0.519272,-0.160105,-0.227185,0.808152
1677113595,752001060,0.279893,0.641689,0.456978,0.518655,-0.160921,-0.227357,0.808338
1677113595,762314368,0.280366,0.641675,0.456206,0.518784,-0.160587,-0.227944,0.808156
1677113595,771891872,0.280853,0.641689,0.455416,0.519485,-0.160465,-0.228590,0.807548
1677113595,782430719,0.281325,0.641671,0.454647,0.519963,-0.160199,-0.229500,0.807034
1677113595,792541669,0.281724,0.641486,0.453887,0.519609,-0.159287,-0.230289,0.807218
1677113595,801910958,0.282201,0.641499,0.453035,0.520087,-0.158486,-0.231123,0.806830
1677113595,811600384,0.282742,0.641490,0.452133,0.520507,-0.157817,-0.231488,0.806585
1677113595,821640792,0.283213,0.641531,0.451199,0.520757,-0.157551,-0.232649,0.806142
1677113595,831489391,0.283714,0.641542,0.450240,0.520815,-0.157526,-0.233488,0.805867
1677113595,841769360,0.284158,0.641533,0.449296,0.520725,-0.157045,-0.234258,0.805795
1677113595,851985482,0.284526,0.641625,0.448366,0.520845,-0.156361,-0.235134,0.805595
1677113595,862129202,0.284957,0.641707,0.447451,0.521070,-0.156157,-0.235681,0.805330
1677113595,872050326,0.285329,0.641883,0.446540,0.521791,-0.155258,-0.235697,0.805032
1677113595,881890308,0.285654,0.642090,0.445653,0.522441,-0.154667,-0.235453,0.804795
1677113595,891713420,0.285960,0.642403,0.444714,0.523480,-0.154125,-0.234695,0.804445
1677113595,901482518,0.286061,0.642653,0.443837,0.523382,-0.153630,-0.234112,0.804774
1677113595,911586160,0.286227,0.643001,0.442848,0.523275,-0.154402,-0.232912,0.805043
1677113595,922218113,0.286263,0.643485,0.441717,0.522930,-0.154379,-0.231391,0.805711
1677113595,932027509,0.286318,0.644026,0.440519,0.522082,-0.155391,-0.229854,0.806505
1677113595,942687476,0.286303,0.644569,0.439322,0.520633,-0.156330,-0.228398,0.807673
1677113595,951898639,0.286597,0.645164,0.437987,0.520246,-0.157935,-0.225590,0.808400
1677113595,963109529,0.286592,0.645662,0.436796,0.519403,-0.157971,-0.223921,0.809398
1677113595,971915533,0.286511,0.646165,0.435648,0.519077,-0.157777,-0.223375,0.809796
1677113595,982206869,0.286756,0.646456,0.434543,0.519221,-0.157971,-0.221463,0.810191
1677113595,991851189,0.286783,0.646718,0.433523,0.519597,-0.156862,-0.221015,0.810288
1677113596,2495249,0.287128,0.646471,0.432599,0.518063,-0.158232,-0.220518,0.811138
1677113596,12768208,0.287443,0.646648,0.431606,0.519248,-0.157216,-0.219745,0.810788
1677113596,21927896,0.287745,0.646766,0.430628,0.520150,-0.156650,-0.219912,0.810274
1677113596,31405022,0.288017,0.646834,0.429636,0.521046,-0.155539,-0.220129,0.809853
1677113596,41482901,0.288381,0.647004,0.428595,0.522330,-0.154905,-0.220443,0.809062
1677113596,51724476,0.288684,0.646948,0.427594,0.522454,-0.154096,-0.220918,0.809007
1677113596,61438981,0.288936,0.646856,0.426580,0.522248,-0.152445,-0.221279,0.809353
1677113596,71759869,0.289307,0.646802,0.425549,0.522167,-0.152139,-0.221827,0.809314
1677113596,81820383,0.289688,0.646839,0.424462,0.522791,-0.151457,-0.221998,0.808991
1677113596,91455659,0.290040,0.646885,0.423400,0.523219,-0.151363,-0.222714,0.808535
1677113596,101698710,0.290404,0.646966,0.422317,0.524047,-0.149931,-0.222595,0.808299
1677113596,112184509,0.290739,0.646893,0.421309,0.524289,-0.149349,-0.222598,0.808249
1677113596,121677215,0.291043,0.646995,0.420257,0.525337,-0.148215,-0.222572,0.807784
1677113596,131727510,0.291479,0.647131,0.419159,0.526420,-0.148197,-0.222329,0.807149
1677113596,142069683,0.291799,0.647244,0.418057,0.526741,-0.147759,-0.222237,0.807045
1677113596,152145696,0.291945,0.647371,0.416938,0.526579,-0.145969,-0.222275,0.807466
1677113596,161755135,0.292285,0.647655,0.415743,0.526787,-0.145446,-0.222089,0.807476
1677113596,171515006,0.292623,0.648010,0.414506,0.526956,-0.144840,-0.221777,0.807560
1677113596,181618556,0.292887,0.648258,0.413305,0.526153,-0.144431,-0.221267,0.808297
1677113596,192196411,0.293299,0.648552,0.412066,0.525982,-0.144778,-0.220048,0.808678
1677113596,201859826,0.293624,0.648723,0.410904,0.525358,-0.145582,-0.218775,0.809285
1677113596,212144943,0.293675,0.649090,0.409768,0.524628,-0.147484,-0.220624,0.808912
1677113596,221861128,0.293434,0.649543,0.408514,0.524448,-0.144626,-0.220987,0.809446
1677113596,231765890,0.293558,0.649798,0.407360,0.524281,-0.145009,-0.220110,0.809725
1677113596,241900472,0.293739,0.649937,0.406278,0.523838,-0.145894,-0.218947,0.810167
1677113596,252000680,0.293833,0.650149,0.405190,0.524148,-0.145198,-0.217774,0.810408
1677113596,262389773,0.293876,0.650295,0.404148,0.524117,-0.144730,-0.216999,0.810719
1677113596,271904045,0.293865,0.650527,0.403122,0.524537,-0.144128,-0.216840,0.810598
1677113596,282095206,0.293980,0.650618,0.402115,0.524736,-0.143795,-0.216174,0.810706
1677113596,291880278,0.294114,0.650738,0.401124,0.525089,-0.143604,-0.215812,0.810607
1677113596,301502533,0.294189,0.650858,0.400076,0.525454,-0.143192,-0.215780,0.810452
1677113596,311818290,0.294372,0.650913,0.399070,0.525762,-0.142846,-0.215468,0.810396
1677113596,322474006,0.294560,0.650871,0.398094,0.525574,-0.142705,-0.215458,0.810546
1677113596,332613177,0.294730,0.650861,0.397124,0.525720,-0.142490,-0.216095,0.810320
1677113596,341704596,0.294995,0.650767,0.396204,0.525825,-0.142302,-0.216269,0.810238
1677113596,351845969,0.295162,0.650679,0.395302,0.526356,-0.141667,-0.216734,0.809880
1677113596,362087051,0.295294,0.650543,0.394459,0.526779,-0.140961,-0.217362,0.809560
1677113596,371744686,0.295467,0.650462,0.393612,0.527778,-0.140571,-0.217949,0.808819
1677113596,382433598,0.295578,0.650205,0.392816,0.528053,-0.139902,-0.218230,0.808680
1677113596,392547770,0.295876,0.650115,0.391908,0.529268,-0.139999,-0.218121,0.807898
1677113596,402082841,0.295943,0.650015,0.390980,0.529905,-0.138970,-0.218524,0.807549
1677113596,413017485,0.296033,0.649887,0.390064,0.530057,-0.138078,-0.218925,0.807494
1677113596,422002738,0.296313,0.649913,0.389105,0.530817,-0.138179,-0.219049,0.806943
1677113596,431416080,0.296591,0.649752,0.388181,0.530408,-0.138065,-0.218709,0.807324
1677113596,441537989,0.296727,0.649705,0.387219,0.530412,-0.137698,-0.218856,0.807344
1677113596,452230226,0.296846,0.649725,0.386245,0.530475,-0.137899,-0.219205,0.807174
1677113596,462692290,0.297010,0.649613,0.385272,0.530048,-0.138047,-0.218773,0.807546
1677113596,472000724,0.296980,0.649656,0.384293,0.529927,-0.138069,-0.219196,0.807507
1677113596,482270402,0.297113,0.649701,0.383312,0.530260,-0.138077,-0.218327,0.807522
1677113596,491832828,0.297184,0.649768,0.382314,0.530615,-0.138246,-0.217851,0.807389
1677113596,501418970,0.297245,0.649637,0.381403,0.530136,-0.138182,-0.216920,0.807965
1677113596,511940834,0.297212,0.649629,0.380479,0.530121,-0.138010,-0.216472,0.808124
1677113596,522255789,0.297309,0.649651,0.379491,0.530385,-0.138307,-0.215910,0.808051
1677113596,532099422,0.297443,0.649645,0.378522,0.530530,-0.138819,-0.215290,0.808033
1677113596,542442271,0.297520,0.649607,0.377566,0.530393,-0.138781,-0.214690,0.808289
1677113596,552096294,0.297522,0.649590,0.376570,0.530134,-0.138658,-0.214920,0.808419
1677113596,561561573,0.297472,0.649513,0.375612,0.529545,-0.138220,-0.215326,0.808772
1677113596,571533554,0.297618,0.649448,0.374654,0.529238,-0.138523,-0.215172,0.808962
1677113596,581853705,0.297676,0.649309,0.373741,0.528664,-0.138036,-0.215201,0.809412
1677113596,592106045,0.297754,0.649114,0.372883,0.527902,-0.137643,-0.215127,0.809996
1677113596,602122976,0.297916,0.649008,0.371994,0.527983,-0.137247,-0.214770,0.810106
1677113596,612465567,0.298163,0.649282,0.370899,0.528966,-0.137843,-0.215398,0.809196
1677113596,622004084,0.298409,0.649232,0.370012,0.529134,-0.138045,-0.215234,0.809095
1677113596,631534873,0.298517,0.649255,0.369109,0.529607,-0.137211,-0.215327,0.808903
1677113596,641537921,0.298778,0.649299,0.368177,0.530202,-0.137392,-0.214928,0.808588
1677113596,651839851,0.298801,0.649191,0.367306,0.529802,-0.136768,-0.215139,0.808900
1677113596,661801876,0.298957,0.649230,0.366397,0.530010,-0.137080,-0.215182,0.808700
1677113596,672671256,0.299085,0.649231,0.365545,0.530119,-0.137109,-0.214937,0.808689
1677113596,682081220,0.299188,0.649228,0.364672,0.530319,-0.137382,-0.214792,0.808549
1677113596,691691267,0.299366,0.649334,0.363797,0.531092,-0.137733,-0.214353,0.808099
1677113596,701568807,0.299425,0.649351,0.362971,0.531475,-0.137350,-0.213761,0.808069
1677113596,712112337,0.299340,0.649334,0.362148,0.531496,-0.136527,-0.213987,0.808135
1677113596,722127985,0.299651,0.649477,0.361282,0.532656,-0.137462,-0.212979,0.807478
1677113596,732321143,0.299636,0.649385,0.360564,0.531980,-0.137205,-0.212967,0.807971
1677113596,742491169,0.299693,0.649496,0.359767,0.532529,-0.137023,-0.212817,0.807680
1677113596,751560403,0.299811,0.649581,0.359008,0.532871,-0.136848,-0.212465,0.807577
1677113596,762494571,0.299917,0.649697,0.358244,0.533181,-0.136988,-0.212215,0.807414
1677113596,771788409,0.299956,0.649798,0.357482,0.533289,-0.136648,-0.212093,0.807432
1677113596,782255854,0.299990,0.649904,0.356739,0.533208,-0.136221,-0.211822,0.807629
1677113596,792753343,0.300197,0.650141,0.355954,0.533805,-0.136640,-0.211076,0.807359
1677113596,802563860,0.300160,0.650292,0.355209,0.533716,-0.136426,-0.211178,0.807427
1677113596,812456748,0.300140,0.650259,0.354501,0.532827,-0.136381,-0.210933,0.808086
1677113596,822476156,0.300374,0.650586,0.353729,0.533890,-0.136869,-0.209800,0.807597
1677113596,831901816,0.300205,0.650669,0.353024,0.533360,-0.136275,-0.210181,0.807948
1677113596,841717228,0.300490,0.651010,0.352230,0.534654,-0.137291,-0.208962,0.807237
1677113596,852368261,0.300458,0.650975,0.351556,0.533879,-0.137174,-0.208509,0.807886
1677113596,862845207,0.300353,0.651169,0.350832,0.533906,-0.136566,-0.208491,0.807976
1677113596,872720860,0.300541,0.651351,0.350067,0.534250,-0.137026,-0.207412,0.807949
1677113596,882078585,0.300654,0.651573,0.349324,0.534633,-0.136904,-0.206678,0.807904
1677113596,891947477,0.300634,0.651709,0.348622,0.534193,-0.136815,-0.206741,0.808194
1677113596,901459808,0.300501,0.652142,0.347786,0.535032,-0.133267,-0.205972,0.808428
1677113596,912010106,0.300638,0.652316,0.347089,0.535342,-0.134049,-0.205632,0.808180
1677113596,922521024,0.300903,0.652251,0.346423,0.535006,-0.135480,-0.204598,0.808427
1677113596,932927437,0.300803,0.652166,0.345799,0.534339,-0.135604,-0.205027,0.808738
1677113596,942098734,0.300869,0.652270,0.345106,0.534823,-0.136505,-0.205366,0.808181
1677113596,952192295,0.301034,0.652259,0.344438,0.535316,-0.136959,-0.204512,0.807994
1677113596,961595447,0.301117,0.652160,0.343714,0.535291,-0.136959,-0.204633,0.807980
1677113596,971915480,0.301064,0.652247,0.343045,0.535924,-0.136789,-0.205046,0.807484
1677113596,982339923,0.301031,0.652072,0.342422,0.535233,-0.135937,-0.205270,0.808029
1677113596,991831349,0.301349,0.652027,0.341700,0.535221,-0.136935,-0.205248,0.807874
1677113597,2625208,0.301797,0.652443,0.340696,0.538001,-0.137195,-0.204716,0.806116
1677113597,12419625,0.301987,0.652372,0.339916,0.537792,-0.136567,-0.204482,0.806422
1677113597,22839769,0.302231,0.652441,0.339114,0.538058,-0.136681,-0.204675,0.806176
1677113597,31751935,0.302384,0.652360,0.338326,0.537519,-0.136118,-0.204901,0.806573
1677113597,41803434,0.302635,0.652465,0.337457,0.538051,-0.135751,-0.205046,0.806244
1677113597,51931913,0.302768,0.652553,0.336643,0.538370,-0.135406,-0.205898,0.805871
1677113597,62279781,0.302896,0.652486,0.335874,0.538311,-0.134730,-0.206054,0.805984
1677113597,72269685,0.303084,0.652552,0.335107,0.538794,-0.134518,-0.206464,0.805592
1677113597,81903108,0.303294,0.652548,0.334329,0.539282,-0.134458,-0.206615,0.805237
1677113597,91555501,0.303348,0.652487,0.333645,0.539396,-0.133885,-0.207236,0.805097
1677113597,101568784,0.303382,0.652332,0.333005,0.539160,-0.133187,-0.207636,0.805267
1677113597,111960622,0.303662,0.652369,0.332255,0.540163,-0.133472,-0.207412,0.804605
1677113597,122201631,0.303673,0.652207,0.331634,0.539766,-0.132674,-0.207760,0.804914
1677113597,132407075,0.303769,0.652231,0.330942,0.540388,-0.132344,-0.208166,0.804446
1677113597,142550414,0.304077,0.652197,0.330227,0.540973,-0.132340,-0.207427,0.804244
1677113597,152224980,0.303995,0.652203,0.329572,0.540941,-0.131546,-0.208526,0.804112
1677113597,161388092,0.304183,0.652061,0.328883,0.540658,-0.131670,-0.208383,0.804318
1677113597,171751780,0.304197,0.652153,0.328174,0.541162,-0.131398,-0.209200,0.803812
1677113597,182881217,0.304335,0.652031,0.327496,0.540846,-0.131632,-0.208954,0.804050
1677113597,192384597,0.304366,0.652054,0.326775,0.541119,-0.131380,-0.209396,0.803793
1677113597,201939071,0.304451,0.652070,0.326050,0.541413,-0.131439,-0.209563,0.803541
1677113597,211695903,0.304519,0.651944,0.325341,0.540979,-0.131381,-0.209567,0.803842
1677113597,221357842,0.304586,0.652005,0.324596,0.541275,-0.131263,-0.209842,0.803590
1677113597,231334714,0.304667,0.651944,0.323829,0.541025,-0.130829,-0.209803,0.803840
1677113597,241475564,0.304764,0.652071,0.323019,0.541469,-0.130678,-0.210102,0.803487
1677113597,252406365,0.304920,0.652056,0.322247,0.541405,-0.130866,-0.210097,0.803501
1677113597,262113687,0.305057,0.652003,0.321470,0.541102,-0.130720,-0.209817,0.803802
1677113597,272361930,0.305257,0.652188,0.320619,0.542026,-0.131063,-0.209925,0.803095
1677113597,281967299,0.305294,0.651990,0.319909,0.540836,-0.131341,-0.210536,0.803692
1677113597,291884690,0.305479,0.651958,0.319071,0.540838,-0.131950,-0.210587,0.803577
1677113597,301475737,0.305669,0.652106,0.318170,0.541693,-0.132207,-0.210713,0.802926
1677113597,311716587,0.305792,0.652125,0.317281,0.541617,-0.132235,-0.211120,0.802866
1677113597,322367583,0.305929,0.652018,0.316417,0.540876,-0.131647,-0.211065,0.803476
1677113597,332530210,0.306110,0.652142,0.315478,0.540996,-0.131198,-0.211363,0.803390
1677113597,341922809,0.306344,0.652339,0.314506,0.541428,-0.130768,-0.211469,0.803142
1677113597,351675409,0.306585,0.652322,0.313564,0.541060,-0.130064,-0.211110,0.803598
1677113597,361407000,0.306715,0.652325,0.312662,0.540533,-0.129735,-0.211599,0.803877
1677113597,371844098,0.306842,0.652434,0.311701,0.540393,-0.129283,-0.212336,0.803850
1677113597,382441843,0.307251,0.652625,0.310701,0.541034,-0.129581,-0.211801,0.803512
1677113597,392133176,0.307368,0.652701,0.309750,0.540685,-0.129132,-0.212362,0.803671
1677113597,402224829,0.307603,0.652720,0.308788,0.540186,-0.129306,-0.212645,0.803904
1677113597,412270013,0.307878,0.652808,0.307798,0.540005,-0.129805,-0.212865,0.803887
1677113597,422132601,0.308032,0.652904,0.306809,0.539833,-0.129259,-0.213090,0.804030
1677113597,431770374,0.308320,0.653009,0.305772,0.539823,-0.129283,-0.213236,0.803994
1677113597,442444813,0.308521,0.653146,0.304763,0.540032,-0.128985,-0.213514,0.803828
1677113597,452243443,0.308892,0.653684,0.303595,0.541520,-0.129559,-0.214374,0.802505
1677113597,462869177,0.309162,0.653676,0.302601,0.541527,-0.129000,-0.214098,0.802664
1677113597,472050006,0.309277,0.653660,0.301636,0.541187,-0.128193,-0.214583,0.802893
1677113597,482201976,0.309467,0.653768,0.300563,0.541588,-0.127402,-0.214858,0.802675
1677113597,491735764,0.309272,0.653631,0.299558,0.540404,-0.125618,-0.216729,0.803251
1677113597,501509224,0.309780,0.653790,0.298438,0.541151,-0.125757,-0.215902,0.802949
1677113597,512094616,0.310316,0.654050,0.297286,0.542409,-0.125550,-0.214947,0.802388
1677113597,522635751,0.310646,0.654282,0.296141,0.542726,-0.125025,-0.215419,0.802130
1677113597,531685948,0.310365,0.654217,0.295056,0.541178,-0.122311,-0.217575,0.803011
1677113597,541923585,0.311065,0.654556,0.293856,0.542412,-0.122909,-0.216446,0.802392
1677113597,551600652,0.311792,0.654853,0.292626,0.543425,-0.123493,-0.215597,0.801846
1677113597,561442759,0.311755,0.654967,0.291522,0.542970,-0.121226,-0.216786,0.802179
1677113597,571913327,0.312425,0.655300,0.290275,0.544015,-0.121754,-0.216263,0.801532
1677113597,582253508,0.312685,0.655499,0.289098,0.544004,-0.120722,-0.216738,0.801568
1677113597,592559671,0.313034,0.655768,0.287943,0.544452,-0.120621,-0.217221,0.801148
1677113597,602450934,0.313329,0.655804,0.286838,0.543732,-0.120255,-0.217527,0.801609
1677113597,612294428,0.313677,0.656035,0.285715,0.543884,-0.120147,-0.217767,0.801456
1677113597,621906824,0.314125,0.656235,0.284598,0.544172,-0.120171,-0.217452,0.801343
1677113597,631437977,0.314460,0.656583,0.283495,0.544935,-0.120010,-0.217957,0.800711
1677113597,641797977,0.314707,0.656712,0.282467,0.544417,-0.119835,-0.218362,0.800979
1677113597,651672699,0.314252,0.656754,0.281490,0.542418,-0.116542,-0.220841,0.802141
1677113597,661806175,0.314792,0.657232,0.280286,0.543370,-0.116682,-0.220254,0.801637
1677113597,671924209,0.315306,0.657700,0.279126,0.543638,-0.116920,-0.219954,0.801504
1677113597,682039953,0.315720,0.658037,0.278023,0.543119,-0.116784,-0.219265,0.802064
1677113597,691628200,0.316231,0.658613,0.276845,0.543324,-0.117956,-0.219199,0.801771
1677113597,701625329,0.316598,0.658930,0.275747,0.542497,-0.118316,-0.218527,0.802462
1677113597,711811318,0.316950,0.659436,0.274581,0.542632,-0.118489,-0.218078,0.802467
1677113597,721860218,0.317257,0.659742,0.273498,0.541899,-0.118783,-0.217689,0.803024
1677113597,732314329,0.317490,0.660118,0.272424,0.541166,-0.119162,-0.217967,0.803386
1677113597,741870665,0.317817,0.660709,0.271241,0.541799,-0.118760,-0.217522,0.803140
1677113597,751633959,0.318071,0.661021,0.270135,0.540837,-0.118244,-0.217312,0.803921
1677113597,761906761,0.318297,0.661433,0.269044,0.539840,-0.117811,-0.217583,0.804581
1677113597,771538917,0.318782,0.662054,0.267817,0.540157,-0.117856,-0.217164,0.804475
1677113597,782154667,0.319122,0.662474,0.266690,0.539334,-0.118018,-0.217506,0.804911
1677113597,792708022,0.319477,0.662935,0.265560,0.538685,-0.118185,-0.217791,0.805244
1677113597,802462844,0.319925,0.663487,0.264394,0.538660,-0.118727,-0.217881,0.805156
1677113597,812638005,0.320292,0.663822,0.263306,0.537479,-0.118995,-0.217981,0.805879
1677113597,821936112,0.320706,0.664401,0.262129,0.537353,-0.119246,-0.218421,0.805807
1677113597,831521210,0.321169,0.664767,0.261004,0.536184,-0.119292,-0.218047,0.806679
1677113597,841648453,0.321618,0.665363,0.259801,0.535775,-0.119326,-0.218028,0.806951
1677113597,851893690,0.322029,0.665909,0.258594,0.534926,-0.118452,-0.217783,0.807709
1677113597,862491875,0.322472,0.666540,0.257359,0.534256,-0.118135,-0.217685,0.808225
1677113597,872419057,0.322899,0.667061,0.256155,0.532909,-0.117502,-0.217265,0.809319
1677113597,881910658,0.323368,0.667788,0.254879,0.532306,-0.117523,-0.216977,0.809790
1677113597,891473965,0.323955,0.668332,0.253618,0.530890,-0.118069,-0.215838,0.810944
1677113597,901482908,0.324526,0.669145,0.252231,0.530600,-0.119131,-0.215290,0.811124
1677113597,911615043,0.324790,0.669649,0.250954,0.528439,-0.119118,-0.215307,0.812531
1677113597,921772404,0.325033,0.670008,0.249852,0.525458,-0.118572,-0.214898,0.814649
1677113597,932028909,0.325449,0.670672,0.248559,0.524927,-0.119581,-0.214652,0.814909
1677113597,942062457,0.325817,0.671170,0.247361,0.523869,-0.120293,-0.214405,0.815549
1677113597,951878451,0.326292,0.671873,0.246143,0.524008,-0.120849,-0.213699,0.815563
1677113597,961472603,0.326561,0.672423,0.244986,0.523191,-0.120525,-0.213669,0.816144
1677113597,971499791,0.326988,0.672813,0.243827,0.521765,-0.120463,-0.212877,0.817272
1677113597,981816624,0.327485,0.673535,0.242565,0.521911,-0.120960,-0.212506,0.817202
1677113597,992302607,0.327829,0.674096,0.241362,0.520958,-0.120784,-0.212674,0.817792
1677113598,1862112,0.328217,0.674516,0.240161,0.519354,-0.120511,-0.212485,0.818901
1677113598,11614786,0.328713,0.675166,0.238857,0.518826,-0.120771,-0.212532,0.819185
1677113598,21705968,0.329197,0.675736,0.237587,0.517878,-0.120637,-0.212396,0.819840
1677113598,31482974,0.329776,0.676300,0.236290,0.517175,-0.120814,-0.211938,0.820376
1677113598,41578250,0.330432,0.676882,0.235005,0.516968,-0.121339,-0.211278,0.820599
1677113598,52002913,0.331034,0.677362,0.233736,0.516371,-0.121507,-0.210853,0.821059
1677113598,62825714,0.331423,0.677778,0.232546,0.515240,-0.121239,-0.211559,0.821627
1677113598,72337560,0.331971,0.678289,0.231296,0.515507,-0.120551,-0.211262,0.821638
1677113598,81782042,0.332523,0.678787,0.230047,0.515354,-0.120284,-0.211497,0.821712
1677113598,91290289,0.333119,0.679193,0.228870,0.514598,-0.120282,-0.211997,0.822057
1677113598,101283526,0.333758,0.679697,0.227630,0.514384,-0.119032,-0.211709,0.822447
1677113598,111666196,0.334174,0.680115,0.226466,0.513160,-0.118206,-0.212943,0.823012
1677113598,122031366,0.334790,0.680630,0.225215,0.512541,-0.118106,-0.213342,0.823309
1677113598,132544658,0.335482,0.681115,0.223936,0.511885,-0.117700,-0.213177,0.823818
1677113598,142321921,0.335580,0.681439,0.222817,0.509713,-0.117142,-0.215573,0.824620
1677113598,151907427,0.336594,0.682198,0.221380,0.510638,-0.117033,-0.213909,0.824497
1677113598,162057624,0.337181,0.682847,0.220056,0.510500,-0.116583,-0.213693,0.824702
1677113598,171449357,0.337592,0.683337,0.218749,0.509291,-0.115632,-0.214031,0.825496
1677113598,181574565,0.338033,0.683944,0.217411,0.508670,-0.114872,-0.214251,0.825928
1677113598,192592635,0.338620,0.684594,0.216027,0.508237,-0.114947,-0.214015,0.826244
1677113598,202576661,0.339034,0.684978,0.214765,0.506237,-0.114550,-0.214059,0.827515
1677113598,211973759,0.339617,0.685582,0.213380,0.505606,-0.114532,-0.213455,0.828059
1677113598,221886509,0.340039,0.686086,0.212014,0.504225,-0.114454,-0.213853,0.828809
1677113598,231527814,0.340571,0.686497,0.210671,0.502809,-0.114321,-0.213373,0.829811
1677113598,241479331,0.341159,0.687104,0.209282,0.502663,-0.114934,-0.213360,0.829818
1677113598,252024399,0.341690,0.687502,0.207997,0.502022,-0.115321,-0.213562,0.830100
1677113598,262491037,0.342196,0.687701,0.206789,0.500804,-0.115152,-0.213445,0.830889
1677113598,272111820,0.342434,0.688050,0.205506,0.500201,-0.113668,-0.214840,0.831097
1677113598,282666726,0.342997,0.688340,0.204311,0.500394,-0.114341,-0.215081,0.830826
1677113598,291845360,0.343599,0.688651,0.203101,0.500825,-0.115004,-0.215570,0.830348
1677113598,301338742,0.344159,0.688901,0.201922,0.500995,-0.114896,-0.216311,0.830068
1677113598,311795872,0.344885,0.689203,0.200685,0.501628,-0.114713,-0.216577,0.829641
1677113598,322660975,0.345294,0.689249,0.199637,0.500252,-0.113788,-0.218434,0.830113
1677113598,331507430,0.346006,0.689441,0.198470,0.499965,-0.114151,-0.219602,0.829928
1677113598,341574467,0.346706,0.689638,0.197299,0.499739,-0.114270,-0.221139,0.829639
1677113598,351962841,0.347410,0.689739,0.196206,0.498995,-0.114611,-0.222739,0.829612
1677113598,361763999,0.348003,0.689937,0.195123,0.498689,-0.114170,-0.224667,0.829337
1677113598,371404076,0.348628,0.690139,0.194078,0.498566,-0.113816,-0.226440,0.828977
1677113598,381850524,0.349334,0.690221,0.193095,0.498437,-0.113488,-0.227390,0.828840
1677113598,391843967,0.349933,0.690330,0.192145,0.498449,-0.113061,-0.228833,0.828494
1677113598,401526987,0.350542,0.690389,0.191304,0.498339,-0.112991,-0.229671,0.828337
1677113598,412158207,0.350831,0.690531,0.190484,0.498335,-0.111213,-0.230903,0.828238
1677113598,421963375,0.351381,0.690681,0.189687,0.498475,-0.111567,-0.230784,0.828139
1677113598,431756063,0.351774,0.690925,0.188862,0.498936,-0.111617,-0.230524,0.827927
1677113598,441399236,0.351947,0.691118,0.188101,0.498436,-0.112118,-0.231027,0.828020
1677113598,451305546,0.352195,0.691469,0.187299,0.498663,-0.112855,-0.230617,0.827898
1677113598,461348092,0.352300,0.691691,0.186615,0.497839,-0.113010,-0.230081,0.828522
1677113598,471925409,0.352434,0.692007,0.185831,0.497566,-0.113118,-0.229257,0.828899
1677113598,482218957,0.352494,0.692346,0.185076,0.496988,-0.113545,-0.228684,0.829345
1677113598,491927031,0.352728,0.692664,0.184286,0.496661,-0.114426,-0.227184,0.829833
1677113598,501387828,0.352770,0.692984,0.183541,0.496003,-0.114255,-0.226424,0.830457
1677113598,511800196,0.352842,0.693462,0.182761,0.495965,-0.114314,-0.226104,0.830559
1677113598,522374325,0.353103,0.693724,0.181984,0.494956,-0.115903,-0.225561,0.831088
1677113598,531794621,0.353341,0.694111,0.181248,0.494619,-0.115244,-0.224565,0.831650
1677113598,542395073,0.353567,0.694588,0.180443,0.494344,-0.115053,-0.224722,0.831797
1677113598,551752417,0.353926,0.694859,0.179682,0.493201,-0.115551,-0.224741,0.832401
1677113598,561588464,0.354253,0.695297,0.178918,0.492975,-0.115601,-0.225402,0.832350
1677113598,572330307,0.354690,0.695446,0.178226,0.491390,-0.117745,-0.227145,0.832513
1677113598,581920649,0.355016,0.695552,0.177608,0.490844,-0.117678,-0.228199,0.832556
1677113598,592012123,0.355380,0.695542,0.177089,0.490554,-0.117913,-0.229070,0.832454
1677113598,601911035,0.355783,0.695574,0.176558,0.491409,-0.117875,-0.230085,0.831675
1677113598,612069155,0.356391,0.695533,0.176096,0.492533,-0.118378,-0.230470,0.830832
1677113598,621777372,0.356685,0.695407,0.175782,0.493309,-0.117128,-0.231851,0.830164
1677113598,631450381,0.357162,0.695299,0.175424,0.494528,-0.116574,-0.232605,0.829305
1677113598,641715780,0.357601,0.695272,0.175111,0.496020,-0.115958,-0.233680,0.828198
1677113598,652288497,0.358028,0.695292,0.174790,0.497558,-0.115168,-0.234454,0.827166
1677113598,662540047,0.358352,0.695239,0.174516,0.498220,-0.114618,-0.235609,0.826515
1677113598,672059955,0.358721,0.695264,0.174285,0.498616,-0.114623,-0.236311,0.826075
1677113598,682527517,0.358893,0.695397,0.174040,0.499032,-0.114196,-0.237275,0.825607
1677113598,691316400,0.359036,0.695373,0.173947,0.499735,-0.114482,-0.237211,0.825161
1677113598,701551682,0.359103,0.695484,0.173918,0.501745,-0.115554,-0.236776,0.823915
1677113598,711616870,0.359167,0.695696,0.173832,0.503770,-0.116664,-0.235712,0.822827
1677113598,721714034,0.359324,0.695891,0.173686,0.504301,-0.118127,-0.234213,0.822721
1677113598,732168480,0.359246,0.696200,0.173519,0.504459,-0.118504,-0.233466,0.822783
1677113598,741834341,0.359129,0.696575,0.173383,0.505354,-0.119143,-0.232324,0.822464
1677113598,751585374,0.358879,0.696822,0.173377,0.505796,-0.119852,-0.231190,0.822410
1677113598,761265775,0.358724,0.697189,0.173316,0.506743,-0.120739,-0.229570,0.822151
1677113598,771494039,0.358654,0.697709,0.173142,0.508205,-0.121230,-0.227575,0.821730
1677113598,782165771,0.358610,0.698203,0.172990,0.509336,-0.122393,-0.225837,0.821337
1677113598,792036354,0.358285,0.698607,0.172913,0.510171,-0.122103,-0.224952,0.821105
1677113598,801852611,0.358347,0.698931,0.172822,0.511588,-0.123068,-0.222522,0.820741
1677113598,812396623,0.358356,0.699299,0.172668,0.512899,-0.123691,-0.220839,0.820284
1677113598,821928849,0.358376,0.699558,0.172549,0.513517,-0.124497,-0.220060,0.819985
1677113598,831282307,0.358420,0.699904,0.172480,0.514635,-0.124595,-0.219636,0.819382
1677113598,841602864,0.358703,0.700261,0.172356,0.516256,-0.125304,-0.219111,0.818394
1677113598,852197899,0.359013,0.700582,0.172255,0.517549,-0.125180,-0.218779,0.817685
1677113598,862035827,0.359404,0.700742,0.172204,0.518097,-0.125017,-0.218498,0.817438
1677113598,871898035,0.359895,0.700918,0.172156,0.518924,-0.125169,-0.218799,0.816810
1677113598,881651520,0.360401,0.701095,0.172074,0.520199,-0.125038,-0.219161,0.815921
1677113598,891882641,0.360999,0.701302,0.172039,0.521412,-0.124810,-0.219833,0.815001
1677113598,901649285,0.361568,0.701483,0.171975,0.522487,-0.124685,-0.221279,0.813939
1677113598,911706088,0.362276,0.701606,0.171908,0.523506,-0.124417,-0.222159,0.813085
1677113598,922003513,0.362944,0.701855,0.171769,0.525035,-0.123904,-0.223485,0.811813
1677113598,931716727,0.363790,0.701933,0.171656,0.526353,-0.124280,-0.223940,0.810776
1677113598,942139352,0.364366,0.702058,0.171542,0.527740,-0.123598,-0.225039,0.809673
1677113598,951938029,0.365001,0.702081,0.171419,0.528925,-0.123516,-0.225568,0.808765
1677113598,961704201,0.365309,0.702048,0.171345,0.529749,-0.122220,-0.226520,0.808156
1677113598,971455809,0.365932,0.702186,0.171201,0.531750,-0.122510,-0.226254,0.806872
1677113598,981957507,0.366356,0.702279,0.171040,0.533698,-0.121579,-0.225636,0.805899
1677113598,992285173,0.366724,0.702214,0.170930,0.535063,-0.121009,-0.224648,0.805355
1677113599,2283705,0.366931,0.702191,0.170796,0.536471,-0.120365,-0.224241,0.804629
1677113599,11780584,0.367156,0.702229,0.170646,0.538593,-0.119232,-0.222927,0.803744
1677113599,21356002,0.367495,0.702266,0.170492,0.540982,-0.119228,-0.221194,0.802618
1677113599,31547985,0.367738,0.702273,0.170374,0.543017,-0.118834,-0.219828,0.801678
1677113599,41654017,0.367998,0.702205,0.170278,0.544183,-0.118207,-0.218517,0.801338
1677113599,51586820,0.368299,0.702457,0.170077,0.546311,-0.117054,-0.217475,0.800342
1677113599,61782680,0.368801,0.702506,0.169914,0.547457,-0.117129,-0.215711,0.800025
1677113599,72312575,0.369081,0.702698,0.169768,0.548807,-0.115809,-0.214818,0.799533
1677113599,82312950,0.369513,0.702964,0.169604,0.550775,-0.115517,-0.213489,0.798577
1677113599,91632346,0.369851,0.703119,0.169449,0.551617,-0.114837,-0.212268,0.798419
1677113599,101517173,0.370119,0.703398,0.169320,0.552700,-0.113636,-0.210665,0.798267
1677113599,111400422,0.370462,0.703723,0.169128,0.554093,-0.113103,-0.208760,0.797877
1677113599,121529240,0.370719,0.704045,0.168973,0.555647,-0.112390,-0.206390,0.797514
1677113599,131995717,0.370863,0.704252,0.168796,0.556927,-0.111704,-0.203651,0.797421
1677113599,141837815,0.371051,0.704450,0.168656,0.558341,-0.111181,-0.199845,0.797469
1677113599,151972431,0.371096,0.704687,0.168513,0.559905,-0.110763,-0.196604,0.797236
1677113599,161525538,0.371186,0.704862,0.168386,0.561360,-0.110129,-0.192029,0.797416
1677113599,171682742,0.371071,0.705116,0.168304,0.562442,-0.109532,-0.188675,0.797536
1677113599,181920158,0.370967,0.705337,0.168173,0.563122,-0.108250,-0.184643,0.798175
1677113599,192030563,0.371029,0.705613,0.168052,0.564081,-0.107691,-0.179845,0.798668
1677113599,202170197,0.370904,0.705823,0.167976,0.564823,-0.106837,-0.176043,0.799106
1677113599,212208314,0.370847,0.706082,0.167897,0.565791,-0.106043,-0.172068,0.799392
1677113599,221673014,0.370976,0.706270,0.167861,0.566290,-0.105564,-0.167739,0.800022
1677113599,231279481,0.370993,0.706447,0.167820,0.566519,-0.104465,-0.164346,0.800708
1677113599,241475882,0.371042,0.706724,0.167757,0.567104,-0.103522,-0.161949,0.800905
1677113599,251685841,0.371371,0.706866,0.167700,0.567962,-0.102712,-0.158258,0.801139
1677113599,262217442,0.371673,0.706962,0.167598,0.569061,-0.101847,-0.155154,0.801077
1677113599,272233347,0.371875,0.706931,0.167480,0.570217,-0.100255,-0.152751,0.800917
1677113599,281840803,0.372105,0.706800,0.167327,0.571431,-0.098336,-0.150412,0.800732
1677113599,291304323,0.372591,0.706662,0.167106,0.573352,-0.097521,-0.147664,0.799970
1677113599,301238473,0.372983,0.706442,0.166888,0.575344,-0.095601,-0.145494,0.799169
1677113599,311746831,0.373323,0.706083,0.166701,0.577316,-0.093288,-0.143779,0.798330
1677113599,321932579,0.373816,0.705620,0.166543,0.579247,-0.091308,-0.141610,0.797548
1677113599,332427640,0.374242,0.705022,0.166340,0.580934,-0.088536,-0.139909,0.796933
1677113599,342297328,0.374964,0.704523,0.166180,0.583246,-0.087315,-0.138024,0.795707
1677113599,351857265,0.375510,0.704014,0.166012,0.584950,-0.085237,-0.137099,0.794841
1677113599,361614562,0.375963,0.703541,0.165883,0.586405,-0.082653,-0.136575,0.794132
1677113599,371406900,0.376740,0.703276,0.165659,0.588684,-0.081322,-0.134762,0.792892
1677113599,381529697,0.377254,0.702943,0.165415,0.590386,-0.079141,-0.133023,0.792140
1677113599,391695113,0.377653,0.702708,0.165150,0.592188,-0.077080,-0.131409,0.791267
1677113599,402001898,0.378146,0.702402,0.164963,0.593581,-0.075408,-0.127999,0.790943
1677113599,411968804,0.378475,0.702250,0.164736,0.595622,-0.074126,-0.125361,0.789952
1677113599,421611078,0.378806,0.702037,0.164510,0.597232,-0.072875,-0.121541,0.789450
1677113599,431320623,0.379089,0.701899,0.164282,0.598700,-0.071572,-0.117491,0.789070
1677113599,441405205,0.379032,0.701514,0.164118,0.598887,-0.069046,-0.114528,0.789589
1677113599,451344039,0.378897,0.700518,0.164262,0.595840,-0.064795,-0.110517,0.792819
1677113599,462242957,0.379224,0.700638,0.164149,0.597359,-0.064312,-0.107542,0.792124
1677113599,471810647,0.379555,0.700630,0.164143,0.597490,-0.063535,-0.104636,0.792477
1677113599,482185706,0.379805,0.700748,0.164160,0.597899,-0.062391,-0.102088,0.792592
1677113599,491481486,0.380575,0.701936,0.163873,0.603606,-0.064995,-0.099374,0.788391
1677113599,501351035,0.380714,0.702037,0.163830,0.604230,-0.063592,-0.096851,0.788342
1677113599,511559987,0.380868,0.701977,0.163774,0.604353,-0.062608,-0.094359,0.788628
1677113599,521944303,0.380740,0.701174,0.163907,0.601188,-0.058860,-0.091186,0.791703
1677113599,532428362,0.381320,0.702051,0.163582,0.606231,-0.060740,-0.088849,0.787972
1677113599,542499235,0.381676,0.702013,0.163471,0.606839,-0.059900,-0.086378,0.787844
1677113599,551730687,0.382172,0.702184,0.163301,0.608042,-0.058432,-0.083981,0.787285
1677113599,562539873,0.382805,0.702332,0.163162,0.608597,-0.057288,-0.081911,0.787158
1677113599,571647117,0.383289,0.702576,0.162929,0.609597,-0.055306,-0.080818,0.786639
1677113599,581631883,0.383663,0.702741,0.162702,0.610715,-0.053176,-0.080762,0.785925
1677113599,591921569,0.384192,0.702921,0.162498,0.612224,-0.051149,-0.079168,0.785047
1677113599,602143488,0.384850,0.703042,0.162263,0.614006,-0.050654,-0.077347,0.783868
1677113599,611845416,0.385128,0.702822,0.161954,0.615493,-0.047659,-0.075550,0.783064
1677113599,622079471,0.385624,0.702658,0.161710,0.617583,-0.047031,-0.073208,0.781678
1677113599,631438335,0.385936,0.702434,0.161405,0.619969,-0.045227,-0.071343,0.780067
1677113599,641793872,0.386252,0.702191,0.161039,0.622177,-0.043504,-0.069702,0.778553
1677113599,652504332,0.386607,0.701839,0.160734,0.623737,-0.041536,-0.068398,0.777527
1677113599,662653451,0.387173,0.701483,0.160421,0.625693,-0.039602,-0.066791,0.776195
1677113599,671665405,0.387666,0.701007,0.160147,0.626992,-0.037086,-0.066550,0.775291
1677113599,681656768,0.388477,0.700920,0.159846,0.629573,-0.035032,-0.065972,0.773342
1677113599,691634857,0.389126,0.700715,0.159553,0.631164,-0.032226,-0.066697,0.772104
1677113599,701424625,0.390035,0.700661,0.159260,0.633440,-0.030193,-0.066736,0.770317
1677113599,711762202,0.390940,0.700519,0.159004,0.635527,-0.027981,-0.066270,0.768720
1677113599,722205026,0.391676,0.700256,0.158758,0.637379,-0.025786,-0.066466,0.767245
1677113599,732158908,0.392375,0.700102,0.158453,0.639724,-0.023502,-0.066446,0.765367
1677113599,742002030,0.392819,0.699774,0.158122,0.641165,-0.020283,-0.066639,0.764235
1677113599,751992772,0.393540,0.699644,0.157753,0.643335,-0.018554,-0.065606,0.762543
1677113599,761775418,0.394147,0.699504,0.157368,0.645492,-0.016782,-0.064413,0.760861
1677113599,771563533,0.394561,0.699392,0.157030,0.647595,-0.014297,-0.063312,0.759215
1677113599,781808944,0.394908,0.699061,0.156781,0.649041,-0.012328,-0.062352,0.758094
1677113599,791714497,0.395393,0.698616,0.156689,0.650900,-0.011179,-0.060891,0.756635
1677113599,801913917,0.395851,0.698265,0.156614,0.652633,-0.009785,-0.059634,0.755260
1677113599,812236546,0.396359,0.697983,0.156526,0.653416,-0.007730,-0.058491,0.754696
1677113599,821979949,0.396924,0.697912,0.156373,0.654147,-0.006319,-0.058577,0.754070
1677113599,831462062,0.397592,0.697708,0.156289,0.654807,-0.004540,-0.057715,0.753575
1677113599,841783096,0.398179,0.697467,0.156165,0.656014,-0.003288,-0.057686,0.752534
1677113599,852070350,0.398808,0.697119,0.156041,0.657159,-0.002394,-0.057546,0.751548
1677113599,862129049,0.399311,0.696948,0.155841,0.658675,-0.001430,-0.057939,0.750193
1677113599,872473880,0.399805,0.696625,0.155603,0.659874,0.000124,-0.057891,0.749142
1677113599,882310739,0.400442,0.696207,0.155364,0.661372,0.001282,-0.056967,0.747891
1677113599,892132028,0.400877,0.695829,0.155142,0.662767,0.003234,-0.057098,0.746639
1677113599,901665303,0.401543,0.695622,0.154928,0.664269,0.004346,-0.056797,0.745320
1677113599,911702659,0.402078,0.695280,0.154761,0.664843,0.006637,-0.056879,0.744785
1677113599,922062719,0.402722,0.695031,0.154641,0.666148,0.008519,-0.056646,0.743616
1677113599,932307542,0.403313,0.694764,0.154529,0.667312,0.010481,-0.056923,0.742526
1677113599,942559004,0.403956,0.694531,0.154490,0.668981,0.012241,-0.057038,0.740986
1677113599,952162183,0.404384,0.694163,0.154447,0.670661,0.014420,-0.057958,0.739356
1677113599,962475583,0.405052,0.693592,0.154410,0.672619,0.015788,-0.057265,0.737601
1677113599,971769147,0.405412,0.693114,0.154301,0.674939,0.017869,-0.057618,0.735404
1677113599,981595736,0.405921,0.692678,0.154088,0.676892,0.019301,-0.057079,0.733612
1677113599,991818550,0.406358,0.692277,0.153801,0.677894,0.020893,-0.057076,0.732643
1677113600,2191662,0.406828,0.691864,0.153557,0.678483,0.022296,-0.056745,0.732082
1677113600,11906679,0.407250,0.691506,0.153313,0.679246,0.023838,-0.057100,0.731298
1677113600,22001583,0.407802,0.691350,0.153146,0.680838,0.024812,-0.057292,0.729768
1677113600,31446285,0.408312,0.690942,0.153000,0.681220,0.026272,-0.057196,0.729368
1677113600,41609534,0.408825,0.690892,0.152892,0.682861,0.027094,-0.057934,0.727744
1677113600,51862959,0.409283,0.690442,0.152820,0.683601,0.028192,-0.058054,0.726997
1677113600,61441358,0.409677,0.689996,0.152719,0.684939,0.029529,-0.058070,0.725682
1677113600,71874606,0.410158,0.689753,0.152589,0.687327,0.029758,-0.058157,0.723405
1677113600,82050726,0.410440,0.689442,0.152448,0.689164,0.030796,-0.058569,0.721578
1677113600,91516032,0.410685,0.688903,0.152270,0.689749,0.031968,-0.058850,0.720945
1677113600,101412429,0.410985,0.688628,0.152088,0.691126,0.032476,-0.059059,0.719585
1677113600,112202298,0.411225,0.688202,0.151909,0.691403,0.033697,-0.059058,0.719263
1677113600,121687485,0.411483,0.688142,0.151793,0.692790,0.034661,-0.059229,0.717867
1677113600,132058579,0.411786,0.687806,0.151676,0.693199,0.035378,-0.059192,0.717440
1677113600,142617375,0.412074,0.687602,0.151632,0.694570,0.035716,-0.059322,0.716085
1677113600,152643612,0.412209,0.687180,0.151595,0.695810,0.036616,-0.059546,0.714816
1677113600,162396940,0.412446,0.686803,0.151678,0.697631,0.036850,-0.059116,0.713063
1677113600,171392369,0.412606,0.686370,0.151717,0.699532,0.036891,-0.059029,0.711203
1677113600,181646793,0.412719,0.685820,0.151730,0.701356,0.036561,-0.059015,0.709422
1677113600,191659087,0.412747,0.685260,0.151650,0.702987,0.036519,-0.059097,0.707802
1677113600,201629040,0.412906,0.684920,0.151462,0.705040,0.036127,-0.058341,0.705839
1677113600,211797356,0.412987,0.684462,0.151228,0.706008,0.036335,-0.058233,0.704869
1677113600,221359786,0.413047,0.684078,0.151012,0.706778,0.036907,-0.058625,0.704035
1677113600,231279099,0.413246,0.683764,0.150759,0.707809,0.037178,-0.058940,0.702959
1677113600,241482781,0.413432,0.683450,0.150580,0.708628,0.037621,-0.060074,0.702013
1677113600,251543411,0.413681,0.683237,0.150490,0.709876,0.038000,-0.060891,0.700660
1677113600,261899629,0.413905,0.682933,0.150381,0.710831,0.038647,-0.061528,0.699600
1677113600,271697056,0.414079,0.682582,0.150357,0.711840,0.039367,-0.062129,0.698480
1677113600,281617836,0.414276,0.682226,0.150323,0.713418,0.039159,-0.062589,0.696838
1677113600,291406522,0.414251,0.681729,0.150375,0.715090,0.039483,-0.063526,0.695019
1677113600,301485437,0.414358,0.681162,0.150423,0.717371,0.039146,-0.063191,0.692715
1677113600,311564271,0.414344,0.680428,0.150444,0.719300,0.039300,-0.062830,0.690736
1677113600,321882623,0.414273,0.679763,0.150436,0.721620,0.039527,-0.062873,0.688294
1677113600,332614947,0.414329,0.679333,0.150409,0.723995,0.039227,-0.063144,0.685788
1677113600,341936814,0.414309,0.678782,0.150318,0.724776,0.040522,-0.062996,0.684901
1677113600,352265428,0.414426,0.678610,0.150290,0.725777,0.041180,-0.063657,0.683740
1677113600,361822896,0.414596,0.678548,0.150236,0.726149,0.041666,-0.064606,0.683226
1677113600,371486545,0.414812,0.678467,0.150221,0.726126,0.042367,-0.065163,0.683154
1677113600,381854326,0.414999,0.678333,0.150322,0.726396,0.042869,-0.065637,0.682790
1677113600,392527194,0.415139,0.678094,0.150479,0.727107,0.042822,-0.066182,0.681983
1677113600,402466966,0.415110,0.677758,0.150707,0.728713,0.043059,-0.066545,0.680216
1677113600,411920250,0.415145,0.677149,0.150912,0.730611,0.043383,-0.065485,0.678260
1677113600,422509602,0.415083,0.676730,0.151175,0.733517,0.043411,-0.064816,0.675180
1677113600,431492577,0.414946,0.675997,0.151380,0.734384,0.043549,-0.064620,0.674246
1677113600,441701836,0.414940,0.675676,0.151598,0.735963,0.042878,-0.064435,0.672583
1677113600,452691738,0.414986,0.675344,0.151804,0.736875,0.042270,-0.064353,0.671630
1677113600,462833861,0.415056,0.675062,0.152016,0.737636,0.041969,-0.064321,0.670817
1677113600,472427043,0.415084,0.674685,0.152189,0.738036,0.042112,-0.064465,0.670353
1677113600,482370066,0.415144,0.674485,0.152470,0.739204,0.042313,-0.064858,0.669014
1677113600,492382127,0.415319,0.674223,0.152763,0.740273,0.042220,-0.064670,0.667855
1677113600,501696776,0.415317,0.673848,0.153045,0.741077,0.042185,-0.066033,0.666832
1677113600,511566867,0.415430,0.673502,0.153367,0.742427,0.042069,-0.066212,0.665318
1677113600,521730858,0.415557,0.672918,0.153686,0.743331,0.042198,-0.066050,0.664315
1677113600,532027706,0.415626,0.672610,0.154085,0.745568,0.041905,-0.066815,0.661746
1677113600,542107603,0.415789,0.672152,0.154495,0.747638,0.041860,-0.066682,0.659423
1677113600,552777327,0.415868,0.671474,0.154870,0.748843,0.042100,-0.066975,0.658009
1677113600,562069434,0.416070,0.671123,0.155336,0.750823,0.041749,-0.067435,0.655724
1677113600,571327387,0.416092,0.670685,0.155761,0.751690,0.042853,-0.067869,0.654614
1677113600,581956844,0.416326,0.670373,0.156193,0.752421,0.042559,-0.067868,0.653793
1677113600,592438627,0.416367,0.670114,0.156666,0.753011,0.043063,-0.068784,0.652985
1677113600,601694402,0.416488,0.669942,0.157179,0.753853,0.042888,-0.069342,0.651965
1677113600,611855473,0.416575,0.669555,0.157685,0.754132,0.042841,-0.069183,0.651661
1677113600,621862933,0.416492,0.669184,0.158266,0.754840,0.043421,-0.069135,0.650808
1677113600,631849961,0.416575,0.668822,0.158885,0.755954,0.042457,-0.069068,0.649585
1677113600,641431724,0.416607,0.668518,0.159524,0.757481,0.041897,-0.068599,0.647890
1677113600,651884134,0.416434,0.667992,0.160142,0.758453,0.041832,-0.068611,0.646755
1677113600,661757004,0.416462,0.667620,0.160798,0.759973,0.040916,-0.067844,0.645107
1677113600,672668923,0.416288,0.667046,0.161441,0.760545,0.040702,-0.067818,0.644449
1677113600,682165218,0.416330,0.666798,0.162156,0.761936,0.039491,-0.067334,0.642931
1677113600,692163700,0.416248,0.666538,0.162846,0.762507,0.039446,-0.066713,0.642321
1677113600,701791014,0.416274,0.666213,0.163481,0.762119,0.038994,-0.066285,0.642854
1677113600,711721618,0.416243,0.666225,0.164244,0.762319,0.038665,-0.066617,0.642601
1677113600,722084680,0.416360,0.666212,0.165012,0.762535,0.038087,-0.065976,0.642446
1677113600,732425005,0.416429,0.665983,0.165812,0.762258,0.037553,-0.065726,0.642831
1677113600,742538931,0.416456,0.665740,0.166670,0.762647,0.036880,-0.065743,0.642407
1677113600,751813562,0.416431,0.665389,0.167600,0.763356,0.036926,-0.065121,0.641626
1677113600,761563438,0.416501,0.665084,0.168579,0.764649,0.036264,-0.064435,0.640191
1677113600,771763693,0.416517,0.664631,0.169565,0.765440,0.035936,-0.063603,0.639347
1677113600,782310550,0.416411,0.664368,0.170616,0.766648,0.036068,-0.063173,0.637933
1677113600,792135124,0.416411,0.664100,0.171653,0.767488,0.035553,-0.062597,0.637009
1677113600,802544555,0.416385,0.663936,0.172705,0.768489,0.035273,-0.062075,0.635867
1677113600,812157170,0.416337,0.663766,0.173734,0.768985,0.035061,-0.061357,0.635349
1677113600,821818804,0.416328,0.663725,0.174799,0.769607,0.034438,-0.060838,0.634680
1677113600,831592544,0.416318,0.663562,0.175849,0.769524,0.033953,-0.059862,0.634898
1677113600,841321866,0.416275,0.663591,0.176927,0.769955,0.033289,-0.059107,0.634483
1677113600,852233267,0.416248,0.663597,0.178005,0.770133,0.032523,-0.058330,0.634377
1677113600,861391516,0.416074,0.663421,0.179102,0.769638,0.032559,-0.057178,0.635081
1677113600,872038318,0.415970,0.663448,0.180243,0.770243,0.031912,-0.056223,0.634466
1677113600,881869714,0.415802,0.663386,0.181408,0.770811,0.031710,-0.055042,0.633889
1677113600,892163024,0.415691,0.663421,0.182594,0.771893,0.031154,-0.053909,0.632696
1677113600,901493296,0.415620,0.663327,0.183722,0.772433,0.030540,-0.052166,0.632213
1677113600,911577509,0.415492,0.663315,0.184900,0.773023,0.030238,-0.050709,0.631625
1677113600,921687422,0.415385,0.663327,0.186065,0.773512,0.029839,-0.049842,0.631114
1677113600,932548569,0.415241,0.663335,0.187225,0.773723,0.029691,-0.049142,0.630917
1677113600,942016582,0.415241,0.663280,0.188386,0.773803,0.029183,-0.047797,0.630946
1677113600,951867021,0.415187,0.663226,0.189577,0.774147,0.028948,-0.046986,0.630596
1677113600,962023503,0.415125,0.663243,0.190873,0.775006,0.028672,-0.046368,0.629598
1677113600,971349685,0.415166,0.663146,0.192100,0.775448,0.028192,-0.045411,0.629144
1677113600,982102121,0.415062,0.663063,0.193345,0.775688,0.028553,-0.045037,0.628860
1677113600,992067858,0.415102,0.663120,0.194616,0.776099,0.028182,-0.044206,0.628429
1677113601,2575751,0.415082,0.663246,0.195923,0.776775,0.028166,-0.043656,0.627632
1677113601,12318367,0.415076,0.663213,0.197165,0.776712,0.027980,-0.042720,0.627783
1677113601,21898880,0.415065,0.663361,0.198464,0.777162,0.027903,-0.041876,0.627285
1677113601,31549475,0.414960,0.663464,0.199734,0.777410,0.028042,-0.040747,0.627047
1677113601,41784056,0.414830,0.663496,0.200955,0.777332,0.027999,-0.039679,0.627213
1677113601,52763127,0.414570,0.663537,0.202182,0.777240,0.028491,-0.038783,0.627362
1677113601,63029621,0.414297,0.663590,0.203355,0.777253,0.028628,-0.037929,0.627391
1677113601,72048441,0.413885,0.663427,0.204484,0.776520,0.029116,-0.037139,0.628323
1677113601,82394635,0.413399,0.663476,0.205635,0.776589,0.030274,-0.035825,0.628259
1677113601,91823108,0.413004,0.663374,0.206786,0.775960,0.030299,-0.034876,0.629088
1677113601,101695374,0.413431,0.664001,0.208227,0.778379,0.025690,-0.032893,0.626405
1677113601,112153725,0.413339,0.664155,0.209443,0.778703,0.024379,-0.030890,0.626157
1677113601,121958767,0.413085,0.664299,0.210649,0.779003,0.023742,-0.029560,0.625873
1677113601,132492044,0.412785,0.664423,0.211798,0.779079,0.023433,-0.028413,0.625844
1677113601,142053647,0.412554,0.664599,0.212982,0.779341,0.022719,-0.027320,0.625592
1677113601,152272672,0.412309,0.664738,0.214135,0.779373,0.022199,-0.026388,0.625610
1677113601,162149429,0.412034,0.664832,0.215245,0.779145,0.022211,-0.025615,0.625926
1677113601,171353049,0.411889,0.664885,0.216365,0.778887,0.021858,-0.024411,0.626308
1677113601,181618066,0.411724,0.664860,0.217440,0.778335,0.021575,-0.023992,0.627020
1677113601,191952264,0.411638,0.665042,0.218605,0.778616,0.021302,-0.023133,0.626713
1677113601,202126799,0.411614,0.665107,0.219721,0.778639,0.020686,-0.022865,0.626715
1677113601,211656773,0.411604,0.665104,0.220847,0.778845,0.020359,-0.022561,0.626480
1677113601,222017620,0.411526,0.665008,0.222007,0.779279,0.020566,-0.022658,0.625929
1677113601,231278904,0.411630,0.664842,0.223101,0.779600,0.020361,-0.022094,0.625557
1677113601,241408175,0.411972,0.664501,0.224158,0.779531,0.019328,-0.020515,0.625729
1677113601,251693673,0.412313,0.664213,0.225158,0.779246,0.018169,-0.019509,0.626151
1677113601,262139127,0.411906,0.664394,0.226431,0.780404,0.020148,-0.022849,0.624533
1677113601,271701959,0.411967,0.664227,0.227499,0.780121,0.020728,-0.023114,0.624858
1677113601,281802192,0.412164,0.664114,0.228615,0.780217,0.020511,-0.023422,0.624733
1677113601,291901515,0.412137,0.664029,0.229701,0.780579,0.021393,-0.024133,0.624224
1677113601,301347441,0.412344,0.663943,0.230798,0.781159,0.021920,-0.023052,0.623521
1677113601,311857396,0.412386,0.663969,0.231897,0.782088,0.022565,-0.022994,0.622334
1677113601,322523476,0.412372,0.663945,0.232980,0.782581,0.023491,-0.022392,0.621703
1677113601,332117707,0.412405,0.663355,0.233960,0.780647,0.022038,-0.023350,0.624147
1677113601,342122916,0.412262,0.663165,0.234945,0.779813,0.022376,-0.023203,0.625182
1677113601,352053625,0.412209,0.663254,0.236014,0.779897,0.021878,-0.022857,0.625107
1677113601,362252914,0.412076,0.663288,0.237047,0.779974,0.021220,-0.022695,0.625040
1677113601,371373318,0.411872,0.663131,0.238085,0.779683,0.020830,-0.021874,0.625446
1677113601,381933263,0.411628,0.662842,0.239097,0.779212,0.020256,-0.020951,0.626082
1677113601,391812681,0.411431,0.662796,0.240258,0.780109,0.019009,-0.020305,0.625026
1677113601,401794165,0.411122,0.662568,0.241320,0.780560,0.018823,-0.018975,0.624509
1677113601,411948268,0.410934,0.662299,0.242379,0.780860,0.017962,-0.017637,0.624199
1677113601,421603827,0.410599,0.662086,0.243455,0.780865,0.017587,-0.016755,0.624228
1677113601,431705316,0.410455,0.662026,0.244555,0.781149,0.016396,-0.015828,0.623928
1677113601,441579903,0.410344,0.661824,0.245620,0.780692,0.014972,-0.014575,0.624567
1677113601,452006090,0.410067,0.661651,0.246662,0.780206,0.014295,-0.014331,0.625195
1677113601,461730419,0.409843,0.661589,0.247766,0.780369,0.013621,-0.013447,0.625027
1677113601,472085527,0.409618,0.661304,0.248786,0.779822,0.012992,-0.012903,0.625734
1677113601,482084956,0.409601,0.661272,0.249897,0.780471,0.011587,-0.011841,0.624972
1677113601,491898674,0.409330,0.661046,0.250962,0.780407,0.011693,-0.011404,0.625059
1677113601,501755870,0.409110,0.660853,0.252030,0.780370,0.011526,-0.011372,0.625109
1677113601,511713655,0.408935,0.660773,0.253095,0.780520,0.011534,-0.010998,0.624927
1677113601,522029124,0.408776,0.660614,0.254099,0.780239,0.011717,-0.010456,0.625284
1677113601,532195594,0.408728,0.660544,0.255096,0.779994,0.011972,-0.009563,0.625600
1677113601,542077698,0.408592,0.660552,0.256178,0.780069,0.012041,-0.009692,0.625502
1677113601,551354131,0.408725,0.660526,0.257277,0.780061,0.010806,-0.009201,0.625543
1677113601,561518431,0.408633,0.660567,0.258358,0.780393,0.011004,-0.008895,0.625129
1677113601,571620237,0.408442,0.660522,0.259384,0.780297,0.011544,-0.008828,0.625240
1677113601,582185576,0.408273,0.660408,0.260447,0.779972,0.011509,-0.009044,0.625644
1677113601,591710416,0.408281,0.660275,0.261470,0.779444,0.010296,-0.008870,0.626325
1677113601,602257209,0.408345,0.660152,0.262518,0.778934,0.009434,-0.007879,0.626986
1677113601,612028819,0.408108,0.660058,0.263543,0.778503,0.009575,-0.008332,0.627512
1677113601,621750447,0.407932,0.660175,0.264642,0.779063,0.009572,-0.008162,0.626820
1677113601,631678285,0.407918,0.660093,0.265767,0.779240,0.008718,-0.007477,0.626621
1677113601,641655540,0.407711,0.659994,0.266883,0.779584,0.008885,-0.006798,0.626197
1677113601,651937495,0.407564,0.659829,0.268017,0.779778,0.008480,-0.006217,0.625968
1677113601,662321552,0.407402,0.659751,0.269068,0.779917,0.007973,-0.005704,0.625806
1677113601,671892759,0.407251,0.659773,0.270102,0.779864,0.007673,-0.005125,0.625881
1677113601,681941476,0.407035,0.659989,0.271130,0.780002,0.007255,-0.005169,0.625713
1677113601,692464669,0.406760,0.660109,0.272105,0.779356,0.007563,-0.004505,0.626519
1677113601,701422113,0.406565,0.660270,0.273062,0.778879,0.007116,-0.004428,0.627118
1677113601,711598001,0.406436,0.660393,0.273978,0.778496,0.006089,-0.003858,0.627608
1677113601,722214911,0.406091,0.660403,0.274867,0.778122,0.006457,-0.003248,0.628072
1677113601,732594947,0.405953,0.660468,0.275812,0.778481,0.005764,-0.002249,0.627637
1677113601,741722461,0.405757,0.660427,0.276716,0.778555,0.004970,-0.002000,0.627553
1677113601,751785996,0.405485,0.660389,0.277531,0.778397,0.005446,-0.001021,0.627748
1677113601,761804972,0.405293,0.660441,0.278430,0.778484,0.005163,-0.000544,0.627643
1677113601,771466848,0.405060,0.660357,0.279226,0.777891,0.005112,-0.000542,0.628378
1677113601,781811153,0.405000,0.660350,0.280037,0.777691,0.004859,0.000379,0.628628
1677113601,792107019,0.404868,0.660495,0.280874,0.778202,0.004897,0.000530,0.627994
1677113601,802130706,0.404774,0.660429,0.281668,0.778105,0.004768,0.000493,0.628116
1677113601,812415491,0.404784,0.660314,0.282458,0.777773,0.004272,0.000522,0.628530
1677113601,821791169,0.404757,0.660218,0.283252,0.777777,0.004411,0.000366,0.628524
1677113601,832294027,0.404666,0.660119,0.284034,0.777702,0.004804,-0.000193,0.628615
1677113601,841352225,0.404684,0.660035,0.284801,0.777691,0.004822,-0.000447,0.628628
1677113601,852175413,0.404785,0.659930,0.285522,0.777479,0.004924,-0.000623,0.628890
1677113601,862280391,0.404799,0.659896,0.286290,0.777716,0.005460,-0.000787,0.628592
1677113601,872142743,0.404809,0.659762,0.287016,0.777330,0.006066,-0.001275,0.629063
1677113601,881971287,0.404895,0.659812,0.287794,0.777589,0.006439,-0.001181,0.628739
1677113601,891429314,0.404950,0.659736,0.288510,0.777392,0.007011,-0.001102,0.628977
1677113601,901551650,0.404937,0.659771,0.289234,0.777665,0.007316,-0.001182,0.628635
1677113601,911934972,0.404888,0.659784,0.289911,0.777950,0.007633,-0.001284,0.628279
1677113601,922040596,0.404769,0.659724,0.290479,0.777784,0.008002,-0.001869,0.628477
1677113601,932569458,0.404758,0.659632,0.290970,0.777457,0.008032,-0.001341,0.628884
1677113601,942512060,0.404686,0.659774,0.291478,0.777749,0.008037,-0.001283,0.628523
1677113601,951515839,0.404697,0.659741,0.291935,0.777176,0.007979,-0.000670,0.629232
1677113601,961465970,0.404643,0.659812,0.292375,0.776854,0.007909,-0.000975,0.629630
1677113601,971546747,0.404624,0.659838,0.292819,0.776378,0.007527,-0.001179,0.630222
1677113601,981885251,0.404538,0.659988,0.293289,0.776651,0.007538,-0.001361,0.629885
1677113601,992014076,0.404493,0.659834,0.293680,0.776090,0.007658,-0.000955,0.630575
1677113602,1951904,0.404565,0.659900,0.294146,0.776632,0.007302,-0.000272,0.629912
1677113602,12010425,0.404542,0.659822,0.294528,0.776724,0.007383,-0.000017,0.629798
1677113602,21757670,0.404585,0.659868,0.294943,0.777193,0.007108,0.000219,0.629222
1677113602,31663003,0.404511,0.659867,0.295302,0.777255,0.007525,0.000010,0.629141
1677113602,41597443,0.405178,0.659998,0.295830,0.778082,0.002922,-0.000035,0.628156
1677113602,51718612,0.404602,0.660115,0.296059,0.777608,0.006713,-0.000242,0.628714
1677113602,62575609,0.404688,0.660163,0.296414,0.777781,0.006498,0.000067,0.628502
1677113602,71834958,0.404742,0.660175,0.296739,0.778215,0.006492,0.000355,0.627964
1677113602,81780849,0.405466,0.660161,0.297231,0.779493,0.001871,-0.000043,0.626409
1677113602,91568207,0.404937,0.660452,0.297803,0.781777,0.005284,-0.000792,0.623535
1677113602,101410048,0.405035,0.658902,0.297936,0.777521,0.005919,-0.000026,0.628829
1677113602,111539870,0.405062,0.658627,0.298242,0.777047,0.006409,-0.000346,0.629410
1677113602,122028473,0.405190,0.658579,0.298619,0.777272,0.006334,-0.000706,0.629133
1677113602,132745902,0.405263,0.658522,0.298994,0.777362,0.006440,-0.001038,0.629019
1677113602,141695152,0.405288,0.658366,0.299319,0.777238,0.007141,-0.001264,0.629165
1677113602,151886183,0.405360,0.658237,0.299710,0.777492,0.007402,-0.001326,0.628848
1677113602,161721550,0.405484,0.658071,0.300047,0.777569,0.007326,-0.001261,0.628754
1677113602,171151354,0.405465,0.657886,0.300377,0.777405,0.007895,-0.001638,0.628949
1677113602,181734700,0.405548,0.657807,0.300741,0.777467,0.008213,-0.001574,0.628868
1677113602,192471647,0.405630,0.657700,0.301069,0.777126,0.008315,-0.001836,0.629288
1677113602,201944594,0.405767,0.657616,0.301403,0.776738,0.008373,-0.001723,0.629766
1677113602,212246009,0.405747,0.657758,0.301800,0.777274,0.008781,-0.002476,0.629097
1677113602,221945186,0.405916,0.657545,0.302091,0.776629,0.008566,-0.002128,0.629896
1677113602,232449644,0.405867,0.657448,0.302443,0.776818,0.009163,-0.002864,0.629652
1677113602,242024544,0.405877,0.657099,0.302710,0.776317,0.009427,-0.003203,0.630264
1677113602,252078589,0.406009,0.656990,0.303016,0.776694,0.008897,-0.003515,0.629806
1677113602,261751853,0.406100,0.656818,0.303254,0.776770,0.008863,-0.003701,0.629711
1677113602,272448743,0.406254,0.656603,0.303481,0.776393,0.008973,-0.003172,0.630177
1677113602,282175548,0.406344,0.656367,0.303651,0.775845,0.009037,-0.003692,0.630848
1677113602,292808970,0.406418,0.656345,0.303793,0.775842,0.009571,-0.003672,0.630843
1677113602,301344417,0.406573,0.656429,0.303972,0.776361,0.009557,-0.003743,0.630205
1677113602,311578780,0.406566,0.656354,0.304039,0.776261,0.010359,-0.004267,0.630312
1677113602,321733274,0.406624,0.656177,0.304065,0.775973,0.010752,-0.004559,0.630658
