secs,nsecs,tx,ty,tz,rx,ry,rz,rw
1677114545,281942595,0.301355,0.589318,0.430994,0.572578,-0.201469,-0.252421,0.753557
1677114545,291759237,0.301356,0.589438,0.430092,0.572213,-0.200939,-0.252077,0.754091
1677114545,301885307,0.301509,0.589532,0.429129,0.572454,-0.201039,-0.252489,0.753743
1677114545,312209488,0.301509,0.589562,0.428109,0.572921,-0.199872,-0.253548,0.753343
1677114545,322144797,0.301893,0.589438,0.427047,0.573838,-0.199440,-0.253531,0.752766
1677114545,332585501,0.301999,0.589047,0.425995,0.573349,-0.198427,-0.255025,0.752901
1677114545,342882414,0.302305,0.588778,0.424901,0.574032,-0.197581,-0.256559,0.752082
1677114545,352408573,0.302583,0.588377,0.423831,0.574228,-0.196405,-0.258109,0.751709
1677114545,361906074,0.303045,0.588119,0.422676,0.575410,-0.195700,-0.259503,0.750509
1677114545,372204965,0.303201,0.587653,0.421642,0.575591,-0.193752,-0.261782,0.750084
1677114545,382689733,0.303590,0.587269,0.420552,0.575995,-0.193041,-0.263130,0.749485
1677114545,392392932,0.303841,0.586884,0.419542,0.576120,-0.192328,-0.264810,0.748981
1677114545,402510979,0.304016,0.586603,0.418553,0.576472,-0.191256,-0.265938,0.748584
1677114545,412698548,0.304026,0.586319,0.417572,0.576146,-0.190508,-0.267663,0.748411
1677114545,422402291,0.304143,0.586173,0.416588,0.576133,-0.189964,-0.268046,0.748422
1677114545,432309643,0.304194,0.586181,0.415587,0.575961,-0.189378,-0.268277,0.748621
1677114545,442402834,0.304336,0.586306,0.414585,0.576064,-0.189062,-0.267764,0.748805
1677114545,452530189,0.304173,0.586345,0.413639,0.574911,-0.188189,-0.267706,0.749930
1677114545,462122535,0.304220,0.586626,0.412683,0.574618,-0.188247,-0.267217,0.750315
1677114545,472164394,0.304237,0.586863,0.411720,0.574270,-0.187924,-0.266253,0.751005
1677114545,481957390,0.304195,0.587187,0.410735,0.573913,-0.187499,-0.265793,0.751546
1677114545,491909115,0.304236,0.587350,0.409775,0.573298,-0.187544,-0.264934,0.752307
1677114545,502343378,0.304139,0.587518,0.408815,0.572568,-0.187532,-0.264874,0.752887
1677114545,512586068,0.304237,0.587554,0.407843,0.572134,-0.188303,-0.264316,0.753221
1677114545,522659022,0.304172,0.587579,0.406892,0.572178,-0.188661,-0.264689,0.752967
1677114545,532728703,0.304086,0.587453,0.405988,0.571889,-0.188709,-0.265074,0.753039
1677114545,542426964,0.303973,0.587380,0.404992,0.572091,-0.189196,-0.266100,0.752401
1677114545,552177235,0.303891,0.587150,0.403986,0.571933,-0.189075,-0.266137,0.752538
1677114545,561914027,0.304023,0.587071,0.402892,0.572513,-0.189674,-0.265842,0.752051
1677114545,572126975,0.303903,0.586899,0.401789,0.572020,-0.189151,-0.265882,0.752544
1677114545,582664961,0.303922,0.586988,0.400562,0.572402,-0.188963,-0.266028,0.752249
1677114545,592590584,0.303961,0.586979,0.399305,0.572202,-0.188785,-0.265562,0.752610
1677114545,602998375,0.303865,0.587016,0.397982,0.571866,-0.188609,-0.265558,0.752911
1677114545,612603364,0.303946,0.587019,0.396626,0.571537,-0.189352,-0.265198,0.753101
1677114545,622336780,0.303875,0.586951,0.395281,0.570890,-0.190185,-0.265063,0.753430
1677114545,632128513,0.303685,0.587025,0.393856,0.570635,-0.190473,-0.265301,0.753466
1677114545,642127872,0.303619,0.587014,0.392342,0.569922,-0.191733,-0.264566,0.753944
1677114545,653351056,0.303469,0.587167,0.390821,0.569319,-0.192594,-0.263920,0.754407
1677114545,662511349,0.303543,0.587336,0.389269,0.568988,-0.193642,-0.262159,0.755002
1677114545,672879436,0.303398,0.587508,0.387736,0.568001,-0.194893,-0.261320,0.755714
1677114545,682341880,0.303162,0.587373,0.386310,0.566568,-0.195540,-0.260715,0.756831
1677114545,692177316,0.303016,0.587417,0.384841,0.567076,-0.196198,-0.260276,0.756431
1677114545,702233992,0.302904,0.587296,0.383414,0.567610,-0.196616,-0.259575,0.756162
1677114545,713547759,0.302797,0.587251,0.382015,0.568893,-0.196943,-0.259462,0.755152
1677114545,723496371,0.302676,0.587002,0.380585,0.569516,-0.196821,-0.259135,0.754826
1677114545,733233450,0.302665,0.586776,0.379100,0.569912,-0.197481,-0.259127,0.754357
1677114545,742901339,0.302736,0.586703,0.377555,0.570612,-0.198035,-0.259033,0.753715
1677114545,753059414,0.302484,0.586825,0.375911,0.570748,-0.196915,-0.260777,0.753303
1677114545,762932808,0.302598,0.586835,0.374267,0.570420,-0.196681,-0.260548,0.753693
1677114545,771893543,0.302866,0.586958,0.372553,0.570138,-0.197509,-0.260195,0.753812
1677114545,781933752,0.302777,0.586874,0.370875,0.568341,-0.197243,-0.261596,0.754753
1677114545,792196815,0.302945,0.586979,0.369148,0.567668,-0.197784,-0.261184,0.755260
1677114545,802650931,0.302903,0.587215,0.367380,0.567215,-0.197472,-0.261524,0.755564
1677114545,812563460,0.302973,0.587401,0.365596,0.566649,-0.198190,-0.261400,0.755844
1677114545,822029219,0.302957,0.587544,0.363810,0.565512,-0.198570,-0.261517,0.756554
1677114545,832242855,0.302892,0.587696,0.362019,0.564571,-0.198609,-0.261514,0.757248
1677114545,842631660,0.302796,0.587940,0.360285,0.563525,-0.198747,-0.261229,0.758088
1677114545,852544285,0.302799,0.587953,0.358485,0.561955,-0.200520,-0.261620,0.758652
1677114545,863224585,0.302665,0.588101,0.356748,0.561379,-0.200546,-0.261853,0.758991
1677114545,872635489,0.302783,0.588010,0.354955,0.560243,-0.203179,-0.262024,0.759071
1677114545,882321839,0.302497,0.587985,0.353229,0.559025,-0.203624,-0.262629,0.759641
1677114545,892188993,0.302514,0.588133,0.351416,0.559117,-0.205223,-0.262644,0.759138
1677114545,902560940,0.302545,0.587989,0.349620,0.558146,-0.206534,-0.261888,0.759758
1677114545,912341695,0.302366,0.588054,0.347778,0.557660,-0.206572,-0.262540,0.759879
1677114545,922775469,0.302455,0.588087,0.345939,0.557591,-0.206809,-0.262306,0.759946
1677114545,932820310,0.302453,0.588155,0.344082,0.557538,-0.206816,-0.262947,0.759761
1677114545,942627266,0.302479,0.588064,0.342294,0.557096,-0.206784,-0.263393,0.759940
1677114545,952108822,0.302477,0.587983,0.340469,0.557194,-0.205938,-0.264098,0.759853
1677114545,962282231,0.302677,0.587825,0.338725,0.557229,-0.206451,-0.264835,0.759431
1677114545,972371808,0.302799,0.587676,0.336968,0.557583,-0.205903,-0.265930,0.758938
1677114545,982618047,0.302893,0.587625,0.335217,0.558184,-0.204976,-0.267463,0.758208
1677114545,992638966,0.303053,0.587487,0.333476,0.558518,-0.203940,-0.269098,0.757663
1677114546,2583471,0.303203,0.587236,0.331789,0.558391,-0.202900,-0.270751,0.757447
1677114546,12608310,0.303991,0.587128,0.329968,0.559568,-0.202802,-0.270452,0.756710
1677114546,21995834,0.304376,0.587028,0.328274,0.560131,-0.202115,-0.271872,0.755969
1677114546,32327970,0.304744,0.586882,0.326590,0.560245,-0.201309,-0.273241,0.755606
1677114546,42372018,0.305047,0.586883,0.324886,0.560733,-0.199816,-0.274620,0.755139
1677114546,52846228,0.305429,0.586902,0.323255,0.561140,-0.198597,-0.275576,0.754810
1677114546,62981551,0.305693,0.586933,0.321635,0.561214,-0.196911,-0.276838,0.754736
1677114546,72456443,0.306116,0.587027,0.320037,0.561572,-0.196128,-0.277497,0.754431
1677114546,83013313,0.306472,0.587047,0.318459,0.561470,-0.195431,-0.278119,0.754459
1677114546,92506638,0.306731,0.587225,0.316918,0.561660,-0.194773,-0.279182,0.754095
1677114546,102106068,0.306897,0.587345,0.315398,0.561243,-0.194350,-0.280760,0.753928
1677114546,112445659,0.307208,0.587454,0.313843,0.561126,-0.193645,-0.281108,0.754067
1677114546,122899480,0.307387,0.587567,0.312362,0.560783,-0.192543,-0.281793,0.754349
1677114546,132532233,0.307696,0.587900,0.310810,0.561431,-0.192572,-0.282876,0.753454
1677114546,142853068,0.307964,0.588079,0.309262,0.561739,-0.191957,-0.283166,0.753272
1677114546,152182428,0.307967,0.588188,0.307814,0.561353,-0.190906,-0.284156,0.753454
1677114546,162039539,0.308134,0.588394,0.306308,0.561498,-0.190520,-0.285046,0.753107
1677114546,172317633,0.308243,0.588432,0.304873,0.561204,-0.189867,-0.285132,0.753459
1677114546,182697057,0.308382,0.588637,0.303368,0.561426,-0.189725,-0.285691,0.753118
1677114546,192632597,0.308427,0.588852,0.301877,0.561564,-0.189473,-0.286419,0.752801
1677114546,202414459,0.308460,0.588985,0.300353,0.561091,-0.189204,-0.287106,0.752960
1677114546,212345682,0.308649,0.589216,0.298754,0.560959,-0.189555,-0.287458,0.752836
1677114546,222211528,0.308557,0.589410,0.297198,0.560161,-0.188781,-0.289067,0.753008
1677114546,232336466,0.308855,0.589486,0.295593,0.559588,-0.189215,-0.289193,0.753277
1677114546,242842485,0.308972,0.589797,0.294013,0.559566,-0.188731,-0.290650,0.752854
1677114546,252951476,0.309312,0.589943,0.292378,0.559719,-0.188444,-0.290639,0.752816
1677114546,262906366,0.309478,0.590243,0.290742,0.559897,-0.188091,-0.292353,0.752108
1677114546,273063086,0.309599,0.590292,0.289213,0.559046,-0.187165,-0.293175,0.752652
1677114546,282615148,0.309900,0.590568,0.287565,0.559409,-0.187066,-0.294122,0.752037
1677114546,292608020,0.309949,0.590768,0.285960,0.559089,-0.186026,-0.295454,0.752011
1677114546,302775667,0.310119,0.590768,0.284359,0.558078,-0.186275,-0.296082,0.752454
1677114546,313332864,0.310446,0.590989,0.282690,0.557843,-0.187274,-0.296826,0.752086
1677114546,323076105,0.310459,0.591157,0.281061,0.556736,-0.186654,-0.297816,0.752670
1677114546,332870492,0.310718,0.591460,0.279350,0.556065,-0.187261,-0.298517,0.752737
1677114546,342762214,0.310834,0.591792,0.277610,0.554731,-0.187062,-0.299566,0.753354
1677114546,352590111,0.311146,0.592201,0.275792,0.553294,-0.187571,-0.299987,0.754116
1677114546,362438026,0.311448,0.592698,0.273977,0.551435,-0.187793,-0.300832,0.755085
1677114546,372489152,0.311815,0.593328,0.272127,0.549851,-0.187870,-0.301782,0.755841
1677114546,383267097,0.312147,0.593863,0.270339,0.547556,-0.187167,-0.302613,0.757348
1677114546,392579759,0.312482,0.594356,0.268564,0.544819,-0.186305,-0.303501,0.759177
1677114546,402987253,0.313003,0.595057,0.266755,0.543089,-0.186169,-0.304401,0.760089
1677114546,412750580,0.313290,0.595727,0.265001,0.540788,-0.184606,-0.306117,0.761421
1677114546,422306079,0.313891,0.596078,0.263268,0.536821,-0.185536,-0.307070,0.763615
1677114546,432496157,0.314013,0.596894,0.261561,0.535261,-0.181820,-0.308777,0.764915
1677114546,442598140,0.314788,0.597482,0.259882,0.533606,-0.182198,-0.309352,0.765748
1677114546,453302057,0.315275,0.598151,0.258209,0.531765,-0.181238,-0.310614,0.766745
1677114546,462798825,0.315747,0.598663,0.256665,0.529374,-0.180550,-0.311900,0.768039
1677114546,473424646,0.316204,0.599299,0.255139,0.527699,-0.179979,-0.313269,0.768768
1677114546,482576020,0.316613,0.599793,0.253673,0.525519,-0.179305,-0.314530,0.769903
1677114546,492189460,0.316900,0.600435,0.252200,0.523749,-0.177971,-0.316326,0.770683
1677114546,502369575,0.317056,0.601325,0.250688,0.522982,-0.174650,-0.317888,0.771320
1677114546,512749810,0.317461,0.601960,0.249267,0.521588,-0.173805,-0.319256,0.771890
1677114546,522883925,0.318612,0.602566,0.247755,0.521605,-0.174570,-0.317626,0.772378
1677114546,533173226,0.319188,0.603278,0.246307,0.521213,-0.173817,-0.318084,0.772624
1677114546,542829719,0.319139,0.603988,0.244959,0.519246,-0.169734,-0.319810,0.774142
1677114546,552695982,0.319959,0.604536,0.243641,0.517785,-0.171378,-0.319863,0.774736
1677114546,562180407,0.320858,0.605603,0.242100,0.517553,-0.173987,-0.321366,0.773687
1677114546,572902464,0.321274,0.606083,0.240903,0.515086,-0.172092,-0.321491,0.775702
1677114546,583112806,0.321858,0.606784,0.239583,0.513691,-0.171297,-0.321641,0.776740
1677114546,592610367,0.322357,0.607606,0.238228,0.512358,-0.170433,-0.322402,0.777495
1677114546,602946305,0.322900,0.608352,0.236896,0.511008,-0.169903,-0.322669,0.778389
1677114546,613138625,0.323372,0.609101,0.235603,0.509213,-0.168877,-0.323260,0.779542
1677114546,622460882,0.324019,0.609880,0.234232,0.507930,-0.168648,-0.323180,0.780461
1677114546,632577852,0.324404,0.610683,0.232919,0.506193,-0.167068,-0.323945,0.781612
1677114546,642819793,0.324996,0.611505,0.231580,0.504826,-0.166738,-0.324354,0.782396
1677114546,652923615,0.325432,0.612164,0.230329,0.502504,-0.165572,-0.324994,0.783872
1677114546,662675708,0.326082,0.612968,0.229041,0.501459,-0.165299,-0.325208,0.784509
1677114546,673408948,0.326608,0.613603,0.227850,0.499750,-0.164632,-0.325408,0.785656
1677114546,682557668,0.327078,0.614320,0.226618,0.498280,-0.164056,-0.326493,0.786261
1677114546,692258178,0.327755,0.614989,0.225375,0.497005,-0.164501,-0.326968,0.786776
1677114546,702366103,0.328225,0.615557,0.224276,0.495203,-0.163599,-0.327736,0.787781
1677114546,712892510,0.328737,0.616047,0.223217,0.493215,-0.162900,-0.328470,0.788867
1677114546,723047705,0.329259,0.616632,0.222128,0.491666,-0.162157,-0.329479,0.789566
1677114546,733214442,0.329826,0.617315,0.221094,0.490405,-0.160911,-0.330282,0.790269
1677114546,743116899,0.330447,0.617917,0.220044,0.488588,-0.160175,-0.330423,0.791484
1677114546,752721254,0.331004,0.618621,0.218979,0.486607,-0.159537,-0.331185,0.792514
1677114546,762213554,0.331396,0.619273,0.218040,0.483630,-0.158834,-0.332695,0.793844
1677114546,772485519,0.331912,0.619934,0.217041,0.481354,-0.158285,-0.333197,0.795125
1677114546,783144038,0.332597,0.620584,0.216051,0.479550,-0.158544,-0.333115,0.796197
1677114546,793576432,0.333012,0.621142,0.215154,0.477373,-0.157833,-0.333391,0.797530
1677114546,802688555,0.333534,0.621726,0.214246,0.475501,-0.157847,-0.333904,0.798431
1677114546,812374323,0.333946,0.622184,0.213400,0.473046,-0.158244,-0.334590,0.799522
1677114546,822230543,0.334470,0.622809,0.212495,0.471909,-0.157861,-0.334762,0.800198
1677114546,832298914,0.334841,0.623102,0.211790,0.469393,-0.157107,-0.334705,0.801848
1677114546,842298413,0.335289,0.623682,0.210939,0.468628,-0.156189,-0.334989,0.802356
1677114546,852287506,0.335820,0.624205,0.210122,0.467641,-0.156320,-0.335577,0.802660
1677114546,862441765,0.336082,0.624541,0.209497,0.465640,-0.155097,-0.336480,0.803683
1677114546,873219599,0.336776,0.624975,0.208688,0.465410,-0.155507,-0.335861,0.803995
1677114546,883018491,0.336961,0.625385,0.208118,0.463721,-0.154089,-0.337289,0.804646
1677114546,892087263,0.337447,0.625716,0.207490,0.462604,-0.153975,-0.337454,0.805242
1677114546,902203597,0.337884,0.626081,0.206843,0.461482,-0.153632,-0.337760,0.805822
1677114546,912296653,0.338295,0.626561,0.206181,0.460514,-0.153291,-0.337967,0.806354
1677114546,922369136,0.338663,0.627078,0.205503,0.459065,-0.153226,-0.338823,0.806833
1677114546,933134439,0.339148,0.627425,0.204880,0.457203,-0.152779,-0.338343,0.808176
1677114546,942719611,0.339639,0.627898,0.204224,0.456141,-0.152555,-0.337937,0.808988
1677114546,952124340,0.339989,0.628408,0.203591,0.454971,-0.151966,-0.338677,0.809448
1677114546,962248911,0.340545,0.628784,0.202980,0.454054,-0.151700,-0.338428,0.810116
1677114546,972469605,0.341100,0.629127,0.202380,0.453423,-0.151037,-0.338151,0.810709
1677114546,982790271,0.341551,0.629585,0.201810,0.452958,-0.150317,-0.339080,0.810715
1677114546,992846487,0.341965,0.629832,0.201348,0.451903,-0.148833,-0.339339,0.811468
1677114547,3237109,0.342476,0.630295,0.200787,0.452100,-0.147720,-0.340022,0.811277
1677114547,12626960,0.343068,0.630535,0.200310,0.451360,-0.147331,-0.340255,0.811662
1677114547,22505261,0.343662,0.630827,0.199841,0.451078,-0.147502,-0.340583,0.811649
1677114547,32210350,0.344067,0.630986,0.199495,0.449979,-0.146636,-0.341035,0.812227
1677114547,42355320,0.344595,0.631187,0.199182,0.449499,-0.146414,-0.341187,0.812469
1677114547,52872230,0.345135,0.631487,0.198798,0.449385,-0.147267,-0.341774,0.812130
1677114547,62939376,0.345580,0.631711,0.198496,0.448660,-0.146782,-0.341900,0.812566
1677114547,73206925,0.346154,0.632066,0.198146,0.448357,-0.146736,-0.342015,0.812693
1677114547,82533251,0.346631,0.632337,0.197820,0.446704,-0.146528,-0.342551,0.813415
1677114547,92286708,0.347131,0.632819,0.197371,0.445829,-0.145428,-0.342847,0.813968
1677114547,102946019,0.347788,0.633278,0.196892,0.444655,-0.145129,-0.342977,0.814608
1677114547,113304225,0.348320,0.633813,0.196411,0.442720,-0.144466,-0.344101,0.815306
1677114547,123184913,0.349061,0.634253,0.195913,0.440881,-0.143735,-0.344222,0.816379
1677114547,132717948,0.349891,0.634787,0.195363,0.439149,-0.143611,-0.344833,0.817077
1677114547,143278846,0.350577,0.635272,0.194856,0.437247,-0.141912,-0.345576,0.818079
1677114547,152878835,0.351401,0.635788,0.194333,0.435530,-0.140958,-0.345988,0.818985
1677114547,162461276,0.352131,0.636395,0.193824,0.433502,-0.140024,-0.347464,0.819596
1677114547,172669123,0.352920,0.636946,0.193308,0.431047,-0.139448,-0.348541,0.820532
1677114547,182629781,0.353680,0.637393,0.192847,0.428134,-0.138493,-0.349430,0.821839
1677114547,193124056,0.354533,0.638023,0.192260,0.426435,-0.137638,-0.350204,0.822537
1677114547,202822692,0.355377,0.638555,0.191725,0.424245,-0.137008,-0.351117,0.823384
1677114547,213001269,0.356294,0.639094,0.191208,0.422291,-0.137022,-0.352077,0.823976
1677114547,222456277,0.356964,0.639621,0.190803,0.419885,-0.135618,-0.353337,0.824898
1677114547,232413919,0.357779,0.640145,0.190404,0.418257,-0.135021,-0.353867,0.825596
1677114547,242644728,0.358429,0.640790,0.190077,0.417688,-0.133885,-0.354068,0.825983
1677114547,253413484,0.358998,0.641272,0.189862,0.416629,-0.133763,-0.353280,0.826874
1677114547,262603100,0.359359,0.641929,0.189611,0.414801,-0.133955,-0.353354,0.827730
1677114547,272648833,0.359936,0.642735,0.189193,0.413498,-0.134819,-0.352240,0.828716
1677114547,282609237,0.360353,0.643569,0.188854,0.411748,-0.135122,-0.351109,0.830017
1677114547,292171814,0.360673,0.644457,0.188493,0.410269,-0.134846,-0.350057,0.831238
1677114547,302393365,0.361139,0.645349,0.188081,0.408741,-0.134956,-0.348001,0.832834
1677114547,313126561,0.361659,0.646285,0.187586,0.407308,-0.135365,-0.346066,0.834275
1677114547,322888618,0.362061,0.647176,0.187187,0.405414,-0.135601,-0.344600,0.835764
1677114547,333135884,0.362402,0.647949,0.186911,0.403353,-0.135569,-0.343196,0.837343
1677114547,343072889,0.362883,0.648795,0.186530,0.402146,-0.136208,-0.341835,0.838376
1677114547,352789299,0.363377,0.649602,0.186099,0.400835,-0.136967,-0.340831,0.839289
1677114547,362699456,0.363918,0.650281,0.185719,0.399212,-0.137344,-0.339625,0.840489
1677114547,373145518,0.364409,0.650966,0.185332,0.397635,-0.137554,-0.339187,0.841378
1677114547,383496085,0.364890,0.651690,0.184959,0.396447,-0.137489,-0.338659,0.842161
1677114547,392560653,0.365311,0.652253,0.184659,0.394448,-0.137746,-0.338138,0.843267
1677114547,403062399,0.365532,0.652908,0.184433,0.392792,-0.137133,-0.337851,0.844255
1677114547,412885643,0.366024,0.653624,0.184009,0.392345,-0.138239,-0.336852,0.844681
1677114547,422597470,0.366371,0.654122,0.183718,0.390691,-0.138355,-0.335444,0.845988
1677114547,432624701,0.366683,0.654757,0.183372,0.389515,-0.138235,-0.334232,0.847029
1677114547,442807047,0.366917,0.655362,0.183069,0.388238,-0.138305,-0.333157,0.848027
1677114547,453270880,0.367098,0.655996,0.182708,0.387292,-0.138844,-0.332325,0.848698
1677114547,462992646,0.367339,0.656506,0.182379,0.386597,-0.139115,-0.330538,0.849667
1677114547,473385869,0.367446,0.657000,0.182078,0.385712,-0.139525,-0.329577,0.850375
1677114547,482786881,0.367621,0.657508,0.181704,0.385782,-0.140056,-0.328330,0.850739
1677114547,492470478,0.367902,0.657806,0.181328,0.385620,-0.140736,-0.325976,0.851604
1677114547,502945234,0.367967,0.658203,0.180971,0.385835,-0.140820,-0.324731,0.851969
1677114547,512814590,0.368035,0.658440,0.180649,0.385810,-0.140996,-0.323434,0.852444
1677114547,523603181,0.368111,0.658714,0.180297,0.386716,-0.140805,-0.322084,0.852576
1677114547,533178504,0.368230,0.658871,0.179985,0.387761,-0.141300,-0.320773,0.852514
1677114547,542953238,0.368089,0.658860,0.179817,0.387923,-0.140228,-0.320342,0.852779
1677114547,552448039,0.368172,0.658873,0.179551,0.388906,-0.140351,-0.319957,0.852456
1677114547,562342632,0.368350,0.658773,0.179283,0.390172,-0.140501,-0.319359,0.852077
1677114547,572724085,0.368534,0.658593,0.179064,0.391500,-0.140569,-0.318871,0.851639
1677114547,582457820,0.368655,0.658330,0.178913,0.392663,-0.140232,-0.318630,0.851250
1677114547,592936428,0.368813,0.658236,0.178639,0.395175,-0.139994,-0.318838,0.850048
1677114547,602885026,0.368946,0.657972,0.178488,0.396570,-0.139423,-0.319297,0.849319
1677114547,612884695,0.369221,0.657663,0.178327,0.397976,-0.139701,-0.319754,0.848443
1677114547,622588649,0.369449,0.657533,0.178120,0.399648,-0.138552,-0.320886,0.847418
1677114547,632834509,0.369884,0.657243,0.177946,0.400466,-0.138004,-0.321148,0.847022
1677114547,643346236,0.370240,0.657173,0.177657,0.401590,-0.136790,-0.322403,0.846209
1677114547,653037672,0.370647,0.657077,0.177459,0.402245,-0.136109,-0.323398,0.845628
1677114547,662947042,0.370988,0.657045,0.177247,0.402856,-0.134635,-0.324113,0.845299
1677114547,672965603,0.371426,0.656991,0.177102,0.403556,-0.134220,-0.324479,0.844891
1677114547,682952381,0.371902,0.657037,0.176857,0.404587,-0.133930,-0.324749,0.844340
1677114547,692412312,0.372231,0.656972,0.176774,0.404297,-0.133073,-0.325618,0.844280
1677114547,702652087,0.372791,0.656910,0.176602,0.404169,-0.133323,-0.326152,0.844095
1677114547,713142865,0.373196,0.657013,0.176404,0.404242,-0.132172,-0.327409,0.843755
1677114547,723483588,0.373650,0.657057,0.176226,0.403882,-0.131643,-0.328385,0.843631
1677114547,733026522,0.374129,0.657117,0.176037,0.403504,-0.131073,-0.328949,0.843680
1677114547,742576582,0.374609,0.657336,0.175756,0.403753,-0.130339,-0.329575,0.843431
1677114547,752642584,0.374927,0.657352,0.175690,0.402344,-0.129359,-0.330432,0.843920
1677114547,762699773,0.375548,0.657338,0.175525,0.402636,-0.129926,-0.329963,0.843877
1677114547,772692052,0.375759,0.657251,0.175633,0.403171,-0.129802,-0.330702,0.843351
1677114547,783181339,0.375833,0.657075,0.175769,0.403868,-0.129639,-0.331434,0.842755
1677114547,793133574,0.376284,0.656914,0.175656,0.404686,-0.130664,-0.330939,0.842399
1677114547,802612324,0.376631,0.656805,0.175556,0.405302,-0.130299,-0.330472,0.842342
1677114547,812937628,0.376863,0.656666,0.175475,0.406356,-0.130675,-0.330125,0.841913
1677114547,822587157,0.376801,0.656242,0.175713,0.406809,-0.130195,-0.329603,0.841972
1677114547,832458348,0.376874,0.656088,0.175677,0.409032,-0.130600,-0.329493,0.840875
1677114547,842863809,0.376987,0.655867,0.175644,0.410278,-0.130689,-0.329461,0.840267
1677114547,853386938,0.377069,0.655607,0.175633,0.411114,-0.130073,-0.329488,0.839943
1677114547,862777441,0.377301,0.655261,0.175621,0.412512,-0.130356,-0.328951,0.839424
1677114547,872306107,0.377430,0.654957,0.175616,0.414877,-0.130307,-0.328579,0.838411
1677114547,882616430,0.377494,0.654452,0.175679,0.416285,-0.130259,-0.328169,0.837881
1677114547,893031617,0.377618,0.653990,0.175655,0.417745,-0.130416,-0.327719,0.837306
1677114547,903108048,0.377703,0.653562,0.175597,0.419408,-0.130155,-0.327301,0.836679
1677114547,913281414,0.377800,0.653148,0.175555,0.421879,-0.130248,-0.326683,0.835662
1677114547,923715755,0.377833,0.652612,0.175588,0.424355,-0.130766,-0.325791,0.834675
1677114547,933330016,0.377856,0.652200,0.175530,0.428133,-0.130684,-0.324374,0.833310
1677114547,943566956,0.377851,0.651635,0.175520,0.431109,-0.131245,-0.322581,0.832382
1677114547,952712415,0.377706,0.651121,0.175484,0.434722,-0.130892,-0.320707,0.831283
1677114547,962493907,0.377594,0.650485,0.175433,0.438659,-0.131132,-0.318124,0.830169
1677114547,972759639,0.377434,0.649850,0.175410,0.443460,-0.131328,-0.315122,0.828731
1677114547,982964443,0.377188,0.649287,0.175321,0.448611,-0.131665,-0.312507,0.826893
1677114547,993539058,0.377040,0.648533,0.175221,0.453296,-0.131994,-0.309093,0.825568
1677114548,3123916,0.376987,0.648015,0.175001,0.458566,-0.132297,-0.305852,0.823814
1677114548,12884174,0.376997,0.647466,0.174798,0.462860,-0.132737,-0.302879,0.822439
1677114548,22487222,0.376991,0.647108,0.174643,0.466792,-0.132483,-0.300077,0.821284
1677114548,32386674,0.377218,0.647043,0.174419,0.471011,-0.132449,-0.296513,0.820174
1677114548,42625350,0.377214,0.647071,0.174322,0.474063,-0.131986,-0.293505,0.819573
1677114548,52682384,0.377171,0.647155,0.174112,0.477223,-0.132614,-0.289852,0.818937
1677114548,62625073,0.377030,0.647348,0.173932,0.481419,-0.131813,-0.284952,0.818329
1677114548,73115639,0.376816,0.647410,0.173761,0.485261,-0.132450,-0.279951,0.817683
1677114548,82506370,0.376511,0.647436,0.173670,0.489292,-0.131950,-0.273824,0.817437
1677114548,92656004,0.376237,0.647575,0.173465,0.493209,-0.132028,-0.267997,0.817001
1677114548,102789439,0.375992,0.647772,0.173210,0.496778,-0.131913,-0.261958,0.816816
1677114548,112891586,0.375698,0.647958,0.172951,0.499730,-0.131621,-0.256244,0.816875
1677114548,122762362,0.375325,0.648110,0.172810,0.502495,-0.131020,-0.250554,0.817041
1677114548,132566355,0.375301,0.648318,0.172591,0.506122,-0.131900,-0.243683,0.816738
1677114548,142995983,0.375177,0.648490,0.172386,0.509214,-0.131891,-0.237305,0.816696
1677114548,152985543,0.374916,0.648671,0.172142,0.511857,-0.131544,-0.232402,0.816510
1677114548,162544624,0.374925,0.648705,0.171943,0.514577,-0.132199,-0.226897,0.816242
1677114548,172839068,0.374913,0.648777,0.171671,0.518282,-0.132367,-0.222210,0.815160
1677114548,182897089,0.374855,0.648582,0.171481,0.521189,-0.131677,-0.218163,0.814511
1677114548,193406529,0.374922,0.648294,0.171291,0.524161,-0.131205,-0.214893,0.813548
1677114548,203867541,0.375386,0.648130,0.170927,0.528349,-0.131223,-0.211779,0.811651
1677114548,213574660,0.375608,0.647672,0.170697,0.530897,-0.129951,-0.210514,0.810522
1677114548,222981067,0.376204,0.647337,0.170393,0.534564,-0.129088,-0.208974,0.808645
1677114548,232809631,0.376878,0.647025,0.170089,0.538394,-0.127595,-0.207884,0.806620
1677114548,242958063,0.377646,0.646701,0.169819,0.541696,-0.125987,-0.206996,0.804888
1677114548,254316769,0.378228,0.646509,0.169494,0.545143,-0.123258,-0.207383,0.802881
1677114548,263083718,0.379051,0.646411,0.169221,0.548889,-0.121616,-0.206893,0.800703
1677114548,273325090,0.379848,0.646147,0.168982,0.551650,-0.119834,-0.205711,0.799378
1677114548,282798803,0.380527,0.646095,0.168681,0.554846,-0.117996,-0.204906,0.797644
1677114548,292522026,0.381245,0.646142,0.168396,0.558066,-0.116527,-0.203105,0.796073
1677114548,302886568,0.381666,0.646201,0.168133,0.560229,-0.114376,-0.201575,0.795254
1677114548,312669831,0.382178,0.646416,0.167871,0.563088,-0.113019,-0.198970,0.794084
1677114548,322971838,0.382603,0.646580,0.167620,0.565339,-0.111789,-0.195827,0.793440
1677114548,333114805,0.382877,0.646751,0.167447,0.567053,-0.110596,-0.192943,0.793091
1677114548,343239421,0.383179,0.647060,0.167278,0.568884,-0.109272,-0.189822,0.792716
1677114548,353222002,0.383643,0.647628,0.167036,0.571392,-0.108138,-0.186310,0.791900
1677114548,362803882,0.384173,0.648066,0.166863,0.573234,-0.106904,-0.182920,0.791527
1677114548,372941006,0.384701,0.648491,0.166689,0.574916,-0.105985,-0.180614,0.790960
1677114548,383091645,0.385312,0.648891,0.166507,0.576686,-0.104735,-0.178271,0.790369
1677114548,392895233,0.385974,0.649189,0.166328,0.578090,-0.103335,-0.176428,0.789941
1677114548,403303611,0.386610,0.649406,0.166160,0.578625,-0.101279,-0.175342,0.790058
1677114548,413325241,0.387546,0.649947,0.165954,0.581020,-0.099511,-0.173783,0.788868
1677114548,422685937,0.388342,0.650276,0.165824,0.581981,-0.097302,-0.173080,0.788590
1677114548,432814177,0.389346,0.650580,0.165732,0.582870,-0.095914,-0.171840,0.788374
1677114548,442812920,0.390172,0.651224,0.165553,0.584986,-0.093288,-0.171218,0.787257
1677114548,453314399,0.391256,0.651654,0.165484,0.586465,-0.091740,-0.169291,0.786755
1677114548,463314986,0.392002,0.652238,0.165372,0.588116,-0.088718,-0.169037,0.785923
1677114548,473275059,0.392940,0.652766,0.165292,0.589451,-0.086342,-0.168345,0.785336
1677114548,483172254,0.393992,0.653366,0.165193,0.591122,-0.083831,-0.167494,0.784533
1677114548,493088800,0.394943,0.653922,0.165109,0.592306,-0.080600,-0.167269,0.784027
1677114548,503225913,0.396090,0.654422,0.165001,0.593264,-0.078337,-0.166592,0.783676
1677114548,513226509,0.397083,0.654935,0.164956,0.594268,-0.074852,-0.166474,0.783281
1677114548,523554846,0.398030,0.654796,0.165064,0.592553,-0.069583,-0.164750,0.785428
1677114548,533229579,0.399008,0.655421,0.164949,0.593981,-0.066935,-0.164608,0.784608
1677114548,543658474,0.399904,0.655995,0.164832,0.594934,-0.064237,-0.164227,0.784192
1677114548,552938972,0.400667,0.656706,0.164689,0.596187,-0.061335,-0.163807,0.783560
1677114548,562643487,0.401617,0.657529,0.164473,0.598129,-0.059343,-0.161805,0.782649
1677114548,572771870,0.402273,0.658445,0.164293,0.599688,-0.056588,-0.160531,0.781922
1677114548,583192097,0.402996,0.659346,0.164092,0.600803,-0.054257,-0.158009,0.781745
1677114548,593441157,0.403695,0.660607,0.163817,0.603068,-0.052114,-0.155015,0.780745
1677114548,604142671,0.404164,0.661687,0.163621,0.604395,-0.049218,-0.151218,0.780652
1677114548,613226314,0.404576,0.662902,0.163398,0.606207,-0.046865,-0.147483,0.780107
1677114548,622791822,0.404813,0.663955,0.163241,0.606840,-0.044260,-0.143357,0.780535
1677114548,632853154,0.405083,0.665151,0.163038,0.608179,-0.042675,-0.138740,0.780415
1677114548,643213390,0.405160,0.666148,0.162946,0.608944,-0.041170,-0.134442,0.780652
1677114548,653329659,0.405209,0.666952,0.162963,0.609607,-0.040358,-0.129879,0.780950
1677114548,662943327,0.405280,0.667610,0.162967,0.609655,-0.039588,-0.125412,0.781681
1677114548,672876282,0.405421,0.668453,0.162953,0.610026,-0.038745,-0.121358,0.782074
1677114548,683119329,0.405536,0.669189,0.162959,0.609243,-0.037489,-0.117998,0.783259
1677114548,692695097,0.405912,0.670312,0.162933,0.609564,-0.036979,-0.114329,0.783577
1677114548,702677756,0.406131,0.671293,0.162986,0.608757,-0.035822,-0.111233,0.784703
1677114548,713058643,0.406283,0.672151,0.163131,0.607307,-0.034707,-0.108252,0.786292
1677114548,723504265,0.406413,0.673375,0.163208,0.607454,-0.033752,-0.105771,0.786558
1677114548,732826524,0.406689,0.674542,0.163316,0.607075,-0.033162,-0.102158,0.787353
1677114548,743632622,0.406956,0.675669,0.163447,0.606252,-0.032644,-0.098418,0.788484
1677114548,752905364,0.406960,0.677035,0.163511,0.605967,-0.031068,-0.095666,0.789105
1677114548,762866489,0.407102,0.678379,0.163542,0.605770,-0.030599,-0.092115,0.789697
1677114548,773096003,0.407020,0.679686,0.163573,0.606095,-0.029531,-0.088597,0.789891
1677114548,783750906,0.406897,0.680852,0.163620,0.606214,-0.028872,-0.084953,0.790224
1677114548,793046776,0.406623,0.681718,0.163617,0.604837,-0.028095,-0.082017,0.791616
1677114548,803659788,0.406479,0.682735,0.163603,0.604592,-0.027236,-0.077822,0.792257
1677114548,813115418,0.406232,0.683650,0.163602,0.604351,-0.026899,-0.074576,0.792764
1677114548,822708110,0.406099,0.684408,0.163577,0.603358,-0.026824,-0.070437,0.793901
1677114548,832667084,0.405710,0.685395,0.163562,0.603512,-0.026424,-0.067348,0.794065
1677114548,842911551,0.405603,0.686021,0.163581,0.603289,-0.027290,-0.062781,0.794579
1677114548,853509593,0.405395,0.687346,0.163399,0.607760,-0.028484,-0.059203,0.791398
1677114548,863054650,0.405061,0.687792,0.163295,0.608347,-0.028951,-0.055938,0.791168
1677114548,873297524,0.404537,0.687967,0.163165,0.608228,-0.027871,-0.053641,0.791457
1677114548,882814619,0.404399,0.688333,0.163103,0.609720,-0.028563,-0.050748,0.790475
1677114548,892766662,0.404220,0.688428,0.163127,0.609666,-0.027893,-0.048364,0.790690
1677114548,902779284,0.404238,0.688750,0.163095,0.609595,-0.027443,-0.046851,0.790852
1677114548,912969493,0.404504,0.689297,0.162985,0.610007,-0.027018,-0.045339,0.790636
1677114548,923479257,0.404699,0.689706,0.162915,0.610527,-0.025556,-0.044872,0.790311
1677114548,932922901,0.404896,0.689771,0.163001,0.609845,-0.023931,-0.045018,0.790879
1677114548,943646499,0.405387,0.690252,0.162959,0.611156,-0.022802,-0.044758,0.789915
1677114548,952906044,0.405783,0.690571,0.162928,0.610988,-0.021372,-0.045565,0.790039
1677114548,962715739,0.406320,0.690772,0.162865,0.610721,-0.020858,-0.045788,0.790246
1677114548,972917880,0.406626,0.690985,0.162795,0.611600,-0.019180,-0.046465,0.789568
1677114548,983635685,0.406859,0.691045,0.162727,0.612381,-0.017545,-0.046690,0.788988
1677114548,993352957,0.407038,0.691163,0.162556,0.613519,-0.015841,-0.046339,0.788160
1677114549,3584945,0.407182,0.691306,0.162338,0.614656,-0.014729,-0.045801,0.787327
1677114549,13011960,0.407113,0.691392,0.162135,0.615752,-0.013439,-0.045176,0.786529
1677114549,22902146,0.406986,0.691487,0.161914,0.617104,-0.012568,-0.044067,0.785546
1677114549,32905662,0.406834,0.691619,0.161715,0.618660,-0.010978,-0.041491,0.784486
1677114549,42913236,0.406622,0.691864,0.161452,0.620470,-0.010746,-0.039438,0.783164
1677114549,53262117,0.406395,0.691995,0.161237,0.621914,-0.010560,-0.036693,0.782154
1677114549,64008009,0.405983,0.692097,0.161013,0.623339,-0.009826,-0.033833,0.781158
1677114549,73470766,0.405601,0.692222,0.160774,0.624984,-0.009752,-0.030833,0.779967
1677114549,83168259,0.405228,0.692140,0.160495,0.625872,-0.010148,-0.027803,0.779364
1677114549,92832356,0.404782,0.692261,0.160167,0.627831,-0.010357,-0.025064,0.777877
1677114549,102922915,0.404422,0.692237,0.159842,0.629322,-0.010825,-0.021989,0.776758
1677114549,112976978,0.404101,0.692185,0.159551,0.630751,-0.011178,-0.019143,0.775669
1677114549,123205786,0.403698,0.692237,0.159280,0.632531,-0.011344,-0.017048,0.774265
1677114549,133677359,0.403408,0.692123,0.159034,0.633553,-0.011712,-0.014961,0.773466
1677114549,143213295,0.403132,0.692154,0.158873,0.634934,-0.011674,-0.013319,0.772364
1677114549,152870240,0.402907,0.692082,0.158703,0.635986,-0.011811,-0.012018,0.771516
1677114549,163013928,0.402748,0.692064,0.158598,0.637322,-0.011633,-0.010573,0.770437
1677114549,173455479,0.402573,0.692010,0.158421,0.638476,-0.011372,-0.009819,0.769495
1677114549,184562660,0.402549,0.691899,0.158210,0.639430,-0.011702,-0.009109,0.768706
1677114549,193870848,0.402441,0.691830,0.158001,0.640743,-0.011152,-0.008579,0.767627
1677114549,203213088,0.402322,0.691559,0.157766,0.641365,-0.010330,-0.008514,0.767119
1677114549,213313969,0.402485,0.691522,0.157574,0.643011,-0.010565,-0.007877,0.765744
1677114549,222798917,0.402411,0.691354,0.157385,0.643875,-0.009986,-0.008663,0.765017
1677114549,232845380,0.402453,0.691116,0.157177,0.644204,-0.009169,-0.009047,0.764745
1677114549,243070635,0.402691,0.691136,0.157022,0.645815,-0.009567,-0.009465,0.763375
1677114549,253502015,0.402799,0.690931,0.156876,0.646484,-0.008891,-0.010198,0.762808
1677114549,263458786,0.402985,0.690795,0.156771,0.647403,-0.008331,-0.010832,0.762025
1677114549,273486601,0.403139,0.690731,0.156663,0.648282,-0.008016,-0.012150,0.761261
1677114549,283070266,0.403249,0.690741,0.156537,0.649014,-0.006967,-0.013170,0.760631
1677114549,292759470,0.403503,0.690728,0.156440,0.649576,-0.006874,-0.013719,0.760141
1677114549,302707117,0.403546,0.690740,0.156370,0.649962,-0.005842,-0.014445,0.759807
1677114549,312966548,0.403674,0.690807,0.156288,0.650497,-0.005738,-0.014836,0.759342
1677114549,323234087,0.403703,0.690861,0.156177,0.650965,-0.005569,-0.015053,0.758938
1677114549,333379883,0.403670,0.691015,0.156078,0.651937,-0.005598,-0.014876,0.758107
1677114549,343453003,0.403540,0.691200,0.155935,0.652802,-0.005659,-0.014728,0.757364
1677114549,352669906,0.403453,0.691334,0.155826,0.653398,-0.006503,-0.014417,0.756849
1677114549,362798106,0.403175,0.691474,0.155677,0.654122,-0.006772,-0.014256,0.756224
1677114549,373072338,0.403033,0.691571,0.155532,0.654796,-0.007419,-0.012950,0.755659
1677114549,383393882,0.402708,0.691842,0.155336,0.655882,-0.007632,-0.012412,0.754723
1677114549,393462287,0.402455,0.692174,0.155130,0.656993,-0.008121,-0.011260,0.753768
1677114549,403573053,0.402150,0.692405,0.154954,0.657485,-0.008346,-0.010309,0.753351
1677114549,413715639,0.401976,0.692549,0.154776,0.658166,-0.009020,-0.008434,0.752771
1677114549,424073835,0.401609,0.692790,0.154578,0.659375,-0.009126,-0.007638,0.751720
1677114549,433850713,0.401426,0.693012,0.154407,0.660389,-0.009830,-0.005884,0.750836
1677114549,443062237,0.401134,0.693232,0.154187,0.661324,-0.010001,-0.004966,0.750017
1677114549,452806152,0.400922,0.693421,0.154000,0.662404,-0.010587,-0.003815,0.749062
1677114549,463246569,0.400645,0.693592,0.153830,0.663771,-0.010524,-0.003045,0.747856
1677114549,473873654,0.400381,0.693705,0.153680,0.664855,-0.010815,-0.002640,0.746890
1677114549,483700158,0.400409,0.693903,0.153533,0.666288,-0.011998,-0.001408,0.745596
1677114549,493785504,0.400257,0.693865,0.153471,0.667313,-0.011995,-0.000790,0.744680
1677114549,502956401,0.400187,0.693770,0.153426,0.669200,-0.012656,-0.000589,0.742974
1677114549,513089275,0.400007,0.693609,0.153448,0.671097,-0.012113,-0.000330,0.741270
1677114549,523483980,0.400016,0.693491,0.153441,0.672661,-0.012325,-0.000100,0.739848
1677114549,533311598,0.400080,0.693377,0.153429,0.673567,-0.012467,-0.000378,0.739021
1677114549,543853637,0.400188,0.693182,0.153456,0.674102,-0.012191,-0.000223,0.738538
1677114549,553372314,0.400244,0.693048,0.153481,0.675169,-0.011773,-0.000964,0.737569
1677114549,563524078,0.400422,0.692854,0.153482,0.676131,-0.011506,-0.001470,0.736690
1677114549,573820508,0.400575,0.692716,0.153382,0.677147,-0.011159,-0.002608,0.735759
1677114549,583183216,0.400861,0.692453,0.153300,0.677417,-0.011089,-0.003090,0.735509
1677114549,592829381,0.400921,0.692346,0.153201,0.678068,-0.009749,-0.004249,0.734922
1677114549,603492593,0.401189,0.692159,0.153113,0.678476,-0.009596,-0.005158,0.734541
1677114549,613855833,0.401491,0.692037,0.153068,0.679274,-0.009655,-0.005674,0.733799
1677114549,623081896,0.401648,0.691833,0.152990,0.680046,-0.008984,-0.007018,0.733081
1677114549,633605933,0.401799,0.691531,0.152943,0.680827,-0.008485,-0.008138,0.732350
1677114549,643523851,0.401996,0.691138,0.152864,0.681837,-0.008451,-0.009773,0.731390
1677114549,653078791,0.402250,0.690885,0.152857,0.683721,-0.008299,-0.010562,0.729620
1677114549,662888925,0.402317,0.690582,0.152796,0.685277,-0.007370,-0.012107,0.728145
1677114549,672896542,0.402568,0.690213,0.152695,0.686027,-0.007039,-0.013104,0.727424
1677114549,683777358,0.402809,0.690109,0.152583,0.687098,-0.006828,-0.014326,0.726392
1677114549,693149099,0.403092,0.689817,0.152475,0.687223,-0.006437,-0.014960,0.726264
1677114549,703279491,0.403235,0.689543,0.152378,0.687208,-0.005548,-0.016044,0.726263
1677114549,712863283,0.403367,0.689431,0.152320,0.687760,-0.005111,-0.017456,0.725711
1677114549,722987555,0.403486,0.689434,0.152295,0.688523,-0.004301,-0.018439,0.724967
1677114549,733293599,0.403767,0.689349,0.152294,0.689018,-0.004251,-0.018726,0.724489
1677114549,743397353,0.403962,0.689126,0.152299,0.689058,-0.004245,-0.019559,0.724430
1677114549,753146183,0.404009,0.689079,0.152361,0.690180,-0.003896,-0.020806,0.723328
1677114549,763476146,0.404151,0.688850,0.152442,0.691126,-0.004176,-0.021861,0.722391
1677114549,773336683,0.404356,0.688589,0.152574,0.692191,-0.004859,-0.022510,0.721346
1677114549,783466452,0.404351,0.688381,0.152681,0.693219,-0.004309,-0.023409,0.720334
1677114549,793313331,0.404512,0.688220,0.152761,0.694278,-0.004402,-0.023693,0.719303
1677114549,803052266,0.404620,0.688088,0.152821,0.695111,-0.003916,-0.023824,0.718497
1677114549,813255462,0.404783,0.687971,0.152879,0.696026,-0.003935,-0.024425,0.717591
1677114549,823446658,0.404965,0.687735,0.152906,0.696248,-0.003901,-0.024837,0.717361
1677114549,833699233,0.405134,0.687632,0.152942,0.696922,-0.003559,-0.025026,0.716701
1677114549,843428317,0.405199,0.687593,0.152953,0.697331,-0.002943,-0.026023,0.716270
1677114549,853158697,0.405396,0.687558,0.152948,0.697605,-0.002776,-0.026380,0.715992
1677114549,863068479,0.405621,0.687578,0.153003,0.698291,-0.003277,-0.027242,0.715288
1677114549,873453306,0.405715,0.687241,0.153030,0.698152,-0.002905,-0.027935,0.715399
1677114549,883616514,0.405851,0.687068,0.153100,0.699021,-0.003058,-0.028530,0.714525
1677114549,893498332,0.405965,0.686854,0.153152,0.700197,-0.003292,-0.029766,0.713321
1677114549,903368851,0.406140,0.686532,0.153211,0.701135,-0.003429,-0.030155,0.712382
1677114549,913101860,0.406320,0.686216,0.153212,0.702010,-0.002986,-0.030272,0.711517
1677114549,923122656,0.406470,0.685901,0.153147,0.702710,-0.002755,-0.031255,0.710785
1677114549,933203560,0.406743,0.685720,0.153092,0.703533,-0.002856,-0.031442,0.709961
1677114549,943772503,0.406748,0.685573,0.153018,0.703983,-0.001507,-0.032662,0.709464
1677114549,953785467,0.406973,0.685346,0.152952,0.704121,-0.001249,-0.033272,0.709299
1677114549,963593280,0.407105,0.685203,0.152890,0.704856,-0.000508,-0.034345,0.708518
1677114549,973495785,0.407425,0.685044,0.152877,0.705813,-0.001045,-0.035158,0.707525
1677114549,983442545,0.407616,0.684649,0.152902,0.705920,-0.000551,-0.035802,0.707385
1677114549,992999511,0.407770,0.684417,0.152894,0.706872,-0.000487,-0.037172,0.706364
1677114550,3125993,0.408025,0.684333,0.153004,0.708635,-0.001331,-0.038396,0.704528
1677114550,13379622,0.408261,0.683845,0.153098,0.709044,-0.002322,-0.039478,0.704055
1677114550,23732594,0.408435,0.683510,0.153219,0.710175,-0.002894,-0.040207,0.702870
1677114550,33699158,0.408605,0.683193,0.153324,0.711639,-0.003477,-0.041111,0.701333
1677114550,43566016,0.408700,0.682726,0.153376,0.712327,-0.002892,-0.041306,0.700625
1677114550,53100082,0.408768,0.682596,0.153438,0.713689,-0.002465,-0.041787,0.699211
1677114550,62955884,0.409025,0.682451,0.153427,0.714234,-0.003086,-0.042001,0.698639
1677114550,73008584,0.409193,0.682397,0.153419,0.713959,-0.003460,-0.042322,0.698898
1677114550,83158756,0.409369,0.682420,0.153371,0.713239,-0.003963,-0.042669,0.699610
1677114550,93411088,0.409492,0.682664,0.153356,0.712954,-0.004916,-0.043721,0.699829
1677114550,102988790,0.409540,0.682591,0.153340,0.711814,-0.004921,-0.044059,0.700968
1677114550,113271694,0.409643,0.682632,0.153416,0.712284,-0.004712,-0.043793,0.700508
1677114550,122933167,0.409755,0.682469,0.153467,0.712708,-0.004717,-0.043253,0.700110
1677114550,133153238,0.409801,0.682256,0.153485,0.713311,-0.005048,-0.043677,0.699467
1677114550,143141378,0.409971,0.681922,0.153560,0.714120,-0.006130,-0.043308,0.698655
1677114550,153405125,0.409952,0.681788,0.153664,0.715567,-0.006690,-0.043637,0.697148
1677114550,163467615,0.409945,0.681347,0.153777,0.715708,-0.006974,-0.043599,0.697002
1677114550,173380534,0.409916,0.681159,0.153940,0.716401,-0.007055,-0.043342,0.696306
1677114550,183229653,0.409954,0.681033,0.154104,0.717089,-0.008055,-0.043445,0.695579
1677114550,193171529,0.409992,0.680760,0.154308,0.717166,-0.008647,-0.043019,0.695519
1677114550,202903363,0.409889,0.680714,0.154521,0.718001,-0.008861,-0.043118,0.694649
1677114550,213120998,0.409790,0.680508,0.154758,0.718737,-0.008914,-0.042874,0.693901
1677114550,223448273,0.409826,0.680161,0.154940,0.719144,-0.009712,-0.042249,0.693507
1677114550,233648765,0.409684,0.680002,0.155127,0.720470,-0.009523,-0.042034,0.692146
1677114550,243529229,0.409686,0.679845,0.155360,0.721908,-0.010098,-0.041407,0.690675
1677114550,253301444,0.409571,0.679463,0.155510,0.722086,-0.009836,-0.040631,0.690539
1677114550,263035184,0.409582,0.679315,0.155659,0.723068,-0.010599,-0.040100,0.689530
1677114550,273589781,0.409302,0.678960,0.155755,0.722960,-0.010328,-0.040569,0.689620
1677114550,283957282,0.409301,0.678822,0.155906,0.723811,-0.011106,-0.040098,0.688743
1677114550,293356610,0.409274,0.678765,0.156036,0.724889,-0.011803,-0.040001,0.687602
1677114550,303919644,0.409086,0.678493,0.156211,0.725036,-0.011382,-0.039974,0.687456
1677114550,314129570,0.409122,0.678281,0.156431,0.725667,-0.012486,-0.039815,0.686780
1677114550,323540594,0.409062,0.677913,0.156707,0.726186,-0.012936,-0.039769,0.686225
1677114550,333416188,0.408967,0.677464,0.157001,0.726992,-0.012618,-0.039425,0.685397
1677114550,344130011,0.408950,0.677082,0.157323,0.728568,-0.012764,-0.039349,0.683723
1677114550,353705799,0.408887,0.676516,0.157625,0.729521,-0.012504,-0.039153,0.682722
1677114550,363185740,0.408912,0.676111,0.158001,0.731096,-0.012476,-0.038917,0.681050
1677114550,373290423,0.408771,0.675663,0.158344,0.732225,-0.011983,-0.039471,0.679812
1677114550,383368103,0.408885,0.675280,0.158711,0.733365,-0.012150,-0.039334,0.678588
1677114550,393033366,0.408865,0.674885,0.159084,0.734157,-0.011782,-0.039892,0.677705
1677114550,403085068,0.408879,0.674512,0.159495,0.734932,-0.011892,-0.040966,0.676798
1677114550,413298237,0.409072,0.673981,0.159901,0.735180,-0.012303,-0.041002,0.676519
1677114550,423161544,0.409194,0.673492,0.160360,0.735869,-0.012212,-0.041566,0.675736
1677114550,433320818,0.409206,0.673018,0.160928,0.736928,-0.011755,-0.042687,0.674519
1677114550,443251991,0.409213,0.672376,0.161514,0.737738,-0.010682,-0.043463,0.673602
1677114550,453655819,0.409462,0.671992,0.162216,0.739807,-0.010845,-0.044010,0.671291
1677114550,463254691,0.409646,0.671276,0.162909,0.741018,-0.010291,-0.044443,0.669933
1677114550,473632775,0.409756,0.670615,0.163674,0.742748,-0.009307,-0.045546,0.667956
1677114550,484476392,0.409921,0.669922,0.164444,0.744296,-0.008218,-0.046379,0.666187
1677114550,493411716,0.410185,0.669251,0.165284,0.745912,-0.007218,-0.046824,0.664357
1677114550,503636290,0.410324,0.668705,0.166138,0.747575,-0.005512,-0.048016,0.662417
1677114550,513795300,0.410614,0.668186,0.166985,0.748835,-0.004620,-0.049287,0.660905
1677114550,523347299,0.410788,0.667778,0.167855,0.749792,-0.002306,-0.050228,0.659760
1677114550,533346947,0.411116,0.667479,0.168725,0.750430,-0.000899,-0.051251,0.658959
1677114550,543673178,0.411377,0.667314,0.169659,0.750931,0.000977,-0.052453,0.658293
1677114550,553658975,0.411758,0.667181,0.170607,0.751106,0.002342,-0.052785,0.658064
1677114550,564054751,0.412002,0.667096,0.171567,0.751166,0.003225,-0.054883,0.657820
1677114550,573968764,0.412152,0.667090,0.172584,0.751592,0.005015,-0.056178,0.657212
1677114550,583612966,0.412464,0.666958,0.173632,0.752082,0.005964,-0.056514,0.656615
1677114550,593359853,0.412599,0.666745,0.174760,0.752595,0.007018,-0.057346,0.655945
1677114550,603669064,0.412718,0.666497,0.175895,0.753397,0.007939,-0.057671,0.654983
1677114550,613720474,0.412774,0.666265,0.177141,0.754662,0.008825,-0.057843,0.653500
1677114550,623925286,0.412801,0.665905,0.178327,0.755625,0.009563,-0.057562,0.652400
1677114550,633727638,0.412783,0.665540,0.179593,0.756888,0.010169,-0.057159,0.650961
1677114550,643469688,0.412571,0.665252,0.180867,0.758098,0.011109,-0.057391,0.649515
1677114550,653183068,0.412540,0.664937,0.182145,0.759044,0.011406,-0.056321,0.648498
1677114550,663190462,0.412368,0.664707,0.183460,0.759873,0.011612,-0.055665,0.647580
1677114550,673475129,0.412352,0.664642,0.184810,0.760803,0.010524,-0.055030,0.646560
1677114550,683623180,0.411990,0.664448,0.186157,0.760859,0.011498,-0.054274,0.646541
1677114550,693572794,0.411811,0.664407,0.187597,0.761144,0.010789,-0.053270,0.646301
1677114550,703581355,0.411576,0.664326,0.189059,0.761168,0.010207,-0.051998,0.646386
1677114550,713562998,0.411247,0.664232,0.190575,0.761303,0.009631,-0.050802,0.646332
1677114550,723235909,0.410906,0.664027,0.192105,0.761515,0.008888,-0.048801,0.646246
1677114550,733531816,0.410573,0.663909,0.193719,0.762475,0.007527,-0.047064,0.645260
1677114550,743724534,0.410122,0.663734,0.195387,0.763659,0.006702,-0.045023,0.644013
1677114550,753474762,0.409611,0.663391,0.197034,0.764240,0.006045,-0.042746,0.643486
1677114550,763807369,0.409146,0.663042,0.198673,0.764617,0.004756,-0.040630,0.643185
1677114550,773989520,0.408570,0.662742,0.200319,0.765096,0.003616,-0.038737,0.642740
1677114550,783477786,0.408038,0.662551,0.201986,0.765659,0.002409,-0.036677,0.642195
1677114550,793289789,0.407603,0.662366,0.203667,0.765923,0.000361,-0.034738,0.641993
1677114550,803107570,0.407084,0.662272,0.205305,0.765983,-0.001255,-0.033110,0.642007
1677114550,813448805,0.406647,0.662150,0.206928,0.765839,-0.003525,-0.031639,0.642244
1677114550,823870148,0.406150,0.661857,0.208483,0.765307,-0.005591,-0.030297,0.642928
1677114550,833623493,0.405741,0.661703,0.210092,0.765619,-0.007784,-0.028764,0.642603
1677114550,843652316,0.405172,0.661435,0.211652,0.765634,-0.008346,-0.027147,0.642649
1677114550,853639543,0.404430,0.661191,0.213185,0.765767,-0.007561,-0.025884,0.642552
1677114550,863132723,0.403813,0.660557,0.214727,0.764503,-0.007997,-0.024853,0.644091
1677114550,873331061,0.402956,0.660095,0.216202,0.763751,-0.006899,-0.024343,0.645015
1677114550,883750957,0.403322,0.660305,0.218010,0.766135,-0.011531,-0.021689,0.642210
1677114550,893798067,0.403020,0.660030,0.219544,0.766415,-0.012434,-0.019717,0.641923
1677114550,903861407,0.402597,0.659885,0.221050,0.767036,-0.012362,-0.018398,0.641221
1677114550,913763595,0.402379,0.659702,0.222500,0.767199,-0.013425,-0.017002,0.641044
1677114550,923248171,0.401961,0.659503,0.223881,0.766823,-0.013619,-0.016749,0.641496
1677114550,933102000,0.401680,0.659425,0.225254,0.766586,-0.013811,-0.015976,0.641795
1677114550,943455156,0.401493,0.659312,0.226584,0.766009,-0.014049,-0.014974,0.642502
1677114550,954454984,0.401144,0.659459,0.227948,0.766356,-0.013425,-0.014596,0.642110
1677114550,963719048,0.400994,0.659328,0.229200,0.765717,-0.013595,-0.014013,0.642881
1677114550,973897120,0.400966,0.659373,0.230523,0.765993,-0.014339,-0.013017,0.642557
1677114550,983384829,0.400721,0.659252,0.231799,0.766035,-0.013883,-0.012634,0.642525
1677114550,993236111,0.400631,0.659215,0.233117,0.766735,-0.013957,-0.011977,0.641700
1677114551,3778153,0.400361,0.658921,0.234390,0.766703,-0.012731,-0.011182,0.641778
1677114551,13718132,0.400397,0.658719,0.235719,0.767345,-0.013522,-0.010509,0.641006
1677114551,23818476,0.400286,0.658522,0.237012,0.767893,-0.013301,-0.009993,0.640362
1677114551,33508800,0.400197,0.658277,0.238250,0.767980,-0.012722,-0.009212,0.640281
1677114551,44228350,0.400314,0.658095,0.239529,0.768273,-0.012951,-0.008065,0.639940
1677114551,53605046,0.400582,0.657712,0.240689,0.767477,-0.013501,-0.006234,0.640904
1677114551,63349411,0.400363,0.657857,0.242012,0.768332,-0.012649,-0.008557,0.639870
1677114551,73978022,0.400352,0.657939,0.243255,0.768904,-0.011901,-0.009256,0.639187
1677114551,84363413,0.400418,0.657849,0.244450,0.768522,-0.010874,-0.009098,0.639667
1677114551,93694405,0.400518,0.657648,0.245638,0.767901,-0.009847,-0.009005,0.640429
1677114551,104102529,0.400598,0.657741,0.246868,0.768284,-0.008743,-0.008981,0.639987
1677114551,113863894,0.400587,0.657566,0.248055,0.768139,-0.007581,-0.009573,0.640166
1677114551,123214562,0.400654,0.657606,0.249244,0.768867,-0.006976,-0.009786,0.639295
1677114551,133311634,0.400702,0.657365,0.250377,0.768872,-0.005801,-0.009346,0.639308
1677114551,143276677,0.400794,0.657196,0.251503,0.769313,-0.005723,-0.009538,0.638775
1677114551,153296414,0.400828,0.656901,0.252608,0.769486,-0.005233,-0.009416,0.638572
1677114551,163197621,0.400898,0.656742,0.253711,0.769942,-0.005029,-0.009294,0.638026
1677114551,173335797,0.400902,0.656552,0.254753,0.770157,-0.004238,-0.009194,0.637774
1677114551,183597392,0.401097,0.656430,0.255835,0.770198,-0.004358,-0.008574,0.637732
1677114551,193330474,0.401120,0.656472,0.256933,0.770511,-0.003930,-0.009307,0.637347
1677114551,203238287,0.401298,0.656511,0.257994,0.770498,-0.003642,-0.008590,0.637375
1677114551,213630221,0.401309,0.656490,0.259003,0.770087,-0.002749,-0.008764,0.637872
1677114551,224126827,0.401491,0.656458,0.260023,0.769752,-0.002649,-0.008407,0.638282
1677114551,234377614,0.401608,0.656501,0.260987,0.769726,-0.002199,-0.008052,0.638320
1677114551,244110471,0.401572,0.656593,0.261994,0.770128,-0.001177,-0.008281,0.637834
1677114551,253818046,0.401570,0.656513,0.262970,0.770229,-0.000607,-0.008037,0.637716
1677114551,263269418,0.401720,0.656377,0.263939,0.770399,-0.000672,-0.007218,0.637521
1677114551,273676014,0.401768,0.656245,0.264939,0.770831,-0.000534,-0.006556,0.637006
1677114551,284190070,0.401757,0.656104,0.265928,0.771261,-0.000380,-0.006235,0.636488
1677114551,293466473,0.401774,0.655971,0.266882,0.771425,-0.000260,-0.005344,0.636298
1677114551,303668178,0.401619,0.656005,0.267792,0.771832,0.000318,-0.005470,0.635803
1677114551,313876501,0.401674,0.655959,0.268637,0.771305,0.000321,-0.004541,0.636450
1677114551,323404431,0.401629,0.656087,0.269474,0.770942,0.000582,-0.004010,0.636893
1677114551,333510366,0.401719,0.656205,0.270303,0.770360,0.000468,-0.003124,0.637602
1677114551,343735452,0.401689,0.656344,0.271131,0.770091,0.000567,-0.002646,0.637928
1677114551,353983627,0.401530,0.656382,0.271948,0.769828,0.001341,-0.002314,0.638245
1677114551,364228151,0.401652,0.656374,0.272795,0.769958,0.000888,-0.001064,0.638093
1677114551,374063709,0.401658,0.656224,0.273582,0.770213,0.000229,-0.001042,0.637785
1677114551,383897103,0.401618,0.656191,0.274341,0.771281,0.000357,-0.000289,0.636495
1677114551,393438659,0.401552,0.655908,0.274987,0.771332,0.000776,0.000376,0.636432
1677114551,403748136,0.401577,0.655897,0.275639,0.772003,0.000841,0.001065,0.635618
1677114551,413690266,0.401603,0.655854,0.276279,0.772064,0.001287,0.001375,0.635542
1677114551,423331540,0.401770,0.655941,0.276889,0.771970,0.001241,0.001991,0.635655
1677114551,433627689,0.401736,0.656100,0.277548,0.771857,0.002566,0.001820,0.635788
1677114551,443733580,0.401955,0.656249,0.278177,0.771732,0.002563,0.002179,0.635939
1677114551,453330559,0.402071,0.656481,0.278844,0.771929,0.003297,0.002363,0.635696
1677114551,463296239,0.402327,0.656597,0.279444,0.771792,0.003409,0.002894,0.635860
1677114551,473971280,0.402482,0.656696,0.280053,0.771744,0.003804,0.002762,0.635916
1677114551,483774685,0.402547,0.656771,0.280690,0.771792,0.004490,0.002450,0.635855
1677114551,493627354,0.402690,0.656829,0.281320,0.771758,0.005069,0.002724,0.635891
1677114551,504029562,0.402717,0.656839,0.281940,0.771658,0.005940,0.002414,0.636005
1677114551,513979594,0.402703,0.656864,0.282538,0.771527,0.006773,0.002164,0.636157
1677114551,523897924,0.402933,0.656873,0.283123,0.771237,0.006397,0.002887,0.636509
1677114551,533690996,0.402887,0.657062,0.283762,0.771621,0.007376,0.003109,0.636033
1677114551,543343897,0.402945,0.657169,0.284311,0.771619,0.007586,0.003703,0.636029
1677114551,553654122,0.402875,0.657300,0.284915,0.772012,0.008113,0.003636,0.635546
1677114551,563640651,0.402994,0.657344,0.285425,0.772031,0.007995,0.004725,0.635517
1677114551,573975737,0.402968,0.657391,0.285994,0.772290,0.007732,0.004706,0.635206
1677114551,584098991,0.403006,0.657403,0.286477,0.772355,0.007596,0.005361,0.635124
1677114551,593345128,0.402911,0.657436,0.286997,0.772407,0.007556,0.005145,0.635062
1677114551,603611136,0.403019,0.657449,0.287434,0.772098,0.007432,0.006322,0.635429
1677114551,613643003,0.403084,0.657634,0.287958,0.772444,0.006892,0.006621,0.635011
1677114551,624392506,0.403044,0.657690,0.288349,0.772200,0.007153,0.006685,0.635304
1677114551,633743332,0.403030,0.657786,0.288755,0.771976,0.007420,0.006729,0.635573
1677114551,644241956,0.403079,0.657883,0.289154,0.771921,0.007845,0.007441,0.635627
1677114551,653472775,0.403125,0.657831,0.289475,0.771408,0.007920,0.007444,0.636249
1677114551,663329157,0.403168,0.657836,0.289806,0.771220,0.007858,0.007232,0.636479
1677114551,673595174,0.403254,0.657919,0.290155,0.771308,0.007895,0.007298,0.636371
1677114551,683888068,0.403368,0.657962,0.290482,0.771208,0.008190,0.007626,0.636485
1677114551,694013446,0.403416,0.658027,0.290788,0.771007,0.008485,0.007122,0.636730
1677114551,704196183,0.403561,0.657997,0.291082,0.770366,0.008682,0.007050,0.637504
1677114551,713844152,0.403662,0.658181,0.291489,0.770644,0.009056,0.006771,0.637166
1677114551,723642525,0.403714,0.658154,0.291810,0.770350,0.009822,0.006306,0.637514
1677114551,733833055,0.403864,0.658125,0.292152,0.770448,0.010370,0.006569,0.637385
1677114551,743751195,0.403894,0.658187,0.292517,0.771049,0.011508,0.006089,0.636643
1677114551,754399699,0.404052,0.658014,0.292773,0.770875,0.011911,0.006141,0.636846
1677114551,763632644,0.404192,0.658061,0.293061,0.771425,0.012268,0.006075,0.636172
1677114551,773679160,0.404352,0.657908,0.293280,0.771093,0.012617,0.006285,0.636567
1677114551,783649448,0.404403,0.657801,0.293520,0.770756,0.013233,0.006186,0.636963
1677114551,793373201,0.404492,0.657825,0.293764,0.770886,0.013452,0.006438,0.636798
1677114551,803952556,0.404524,0.657844,0.293965,0.770996,0.013614,0.006303,0.636663
1677114551,814092596,0.404548,0.657778,0.294097,0.770704,0.013926,0.006627,0.637006
