secs,nsecs,tx,ty,tz,rx,ry,rz,rw
1677114161,441554065,0.498400,0.548133,0.466657,0.589802,0.148972,0.246263,0.754517
1677114161,451890171,0.498347,0.548070,0.466683,0.588990,0.148535,0.246507,0.755157
1677114161,462644577,0.498168,0.548097,0.466617,0.588708,0.148232,0.246448,0.755456
1677114161,472128313,0.497983,0.548294,0.466505,0.588866,0.147685,0.246400,0.755456
1677114161,482187372,0.497900,0.548460,0.466372,0.588366,0.146917,0.246626,0.755921
1677114161,491611056,0.497697,0.548644,0.466181,0.587548,0.147057,0.246812,0.756470
1677114161,501882598,0.497533,0.548953,0.466016,0.587019,0.146718,0.246721,0.756975
1677114161,511985560,0.497519,0.549159,0.465895,0.585830,0.146319,0.247039,0.757869
1677114161,522310023,0.497401,0.549274,0.465826,0.584653,0.146621,0.246770,0.758807
1677114161,532412367,0.497283,0.549595,0.465784,0.584638,0.147058,0.246792,0.758727
1677114161,542513302,0.497240,0.549701,0.465793,0.584167,0.147033,0.246430,0.759212
1677114161,552218861,0.497252,0.549869,0.465833,0.584195,0.146732,0.246377,0.759266
1677114161,561467072,0.497190,0.549937,0.465860,0.584043,0.147012,0.246443,0.759307
1677114161,571840500,0.497124,0.550062,0.465907,0.584123,0.146935,0.246711,0.759173
1677114161,582469999,0.497041,0.550057,0.465981,0.583522,0.147129,0.247083,0.759477
1677114161,591435851,0.496866,0.550058,0.466005,0.583573,0.147142,0.246920,0.759488
1677114161,601403744,0.496722,0.550200,0.466036,0.583827,0.147125,0.247516,0.759102
1677114161,611825186,0.496596,0.550192,0.466043,0.583324,0.147129,0.248065,0.759309
1677114161,621404592,0.496453,0.550260,0.466062,0.582913,0.147023,0.248866,0.759383
1677114161,631526965,0.496289,0.550375,0.466062,0.582461,0.147019,0.249291,0.759591
1677114161,641668298,0.496172,0.550482,0.466106,0.581823,0.147150,0.249976,0.759829
1677114161,651953907,0.495997,0.550673,0.466137,0.581543,0.147727,0.250950,0.759611
1677114161,661875130,0.495756,0.550592,0.466193,0.580206,0.148653,0.251135,0.760391
1677114161,672325645,0.495606,0.550836,0.466285,0.579930,0.148440,0.252051,0.760340
1677114161,682083623,0.495407,0.551036,0.466321,0.579760,0.148226,0.253165,0.760141
1677114161,691887268,0.495090,0.551133,0.466351,0.579274,0.148253,0.253959,0.760242
1677114161,701762636,0.494815,0.551116,0.466367,0.578673,0.147787,0.254810,0.760505
1677114161,711984295,0.494575,0.551130,0.466327,0.578339,0.147367,0.256336,0.760329
1677114161,721687859,0.494329,0.550993,0.466285,0.577837,0.146775,0.257235,0.760521
1677114161,732129824,0.494123,0.550943,0.466252,0.577861,0.146104,0.258315,0.760266
1677114161,742297466,0.493942,0.550899,0.466166,0.577772,0.146031,0.259907,0.759805
1677114161,752009235,0.493716,0.550946,0.466005,0.578326,0.145991,0.261413,0.758873
1677114161,761666948,0.493519,0.550953,0.465781,0.578582,0.145302,0.262292,0.758507
1677114161,771702418,0.493334,0.550913,0.465497,0.578354,0.144789,0.263355,0.758411
1677114161,782141816,0.493104,0.550966,0.465038,0.578186,0.144599,0.264727,0.758097
1677114161,791613438,0.493021,0.551024,0.464534,0.577605,0.143548,0.265928,0.758319
1677114161,802305976,0.492825,0.551162,0.463858,0.577016,0.143443,0.267156,0.758356
1677114161,811996390,0.492628,0.551409,0.463083,0.576889,0.143390,0.267996,0.758167
1677114161,821697774,0.492641,0.551546,0.462295,0.576216,0.142661,0.269051,0.758442
1677114161,831784899,0.492596,0.551739,0.461437,0.576115,0.142732,0.269832,0.758228
1677114161,841664336,0.492622,0.551964,0.460545,0.576640,0.142342,0.270220,0.757764
1677114161,852075825,0.492632,0.552027,0.459634,0.576520,0.142587,0.270321,0.757773
1677114161,862458635,0.492599,0.552149,0.458671,0.576535,0.142905,0.270605,0.757600
1677114161,872039568,0.492521,0.552368,0.457626,0.576621,0.142666,0.270672,0.757556
1677114161,882242958,0.492448,0.552602,0.456583,0.576213,0.141654,0.271148,0.757886
1677114161,891614558,0.492214,0.552898,0.455462,0.576524,0.140319,0.271263,0.757857
1677114161,901834334,0.491800,0.552883,0.454331,0.576155,0.139335,0.271377,0.758278
1677114161,911852654,0.491782,0.552897,0.453201,0.575891,0.134599,0.273511,0.758567
1677114161,922116215,0.491439,0.552791,0.452018,0.576652,0.131575,0.274828,0.758043
1677114161,931632642,0.491081,0.552383,0.450834,0.576741,0.128920,0.276589,0.757791
1677114161,941940569,0.490635,0.551995,0.449616,0.577284,0.126120,0.278043,0.757317
1677114161,951618769,0.490157,0.551716,0.448362,0.578382,0.123446,0.279889,0.756239
1677114161,961496015,0.489815,0.551298,0.447168,0.579045,0.119902,0.281463,0.755718
1677114161,971736331,0.489409,0.550852,0.445967,0.579771,0.117870,0.283263,0.754807
1677114161,981594881,0.489063,0.550308,0.444850,0.580926,0.114974,0.284308,0.753972
1677114161,992106400,0.488761,0.549862,0.443710,0.583103,0.112622,0.285210,0.752305
1677114162,2040245,0.488553,0.549299,0.442585,0.584764,0.111095,0.286121,0.750895
1677114162,11959340,0.488429,0.548811,0.441422,0.586298,0.110051,0.286924,0.749546
1677114162,21599351,0.488472,0.548274,0.440181,0.587457,0.108519,0.287180,0.748762
1677114162,31749311,0.488389,0.548141,0.438732,0.589594,0.108142,0.287360,0.747067
1677114162,42200387,0.488564,0.547759,0.437211,0.589814,0.107690,0.287459,0.746920
1677114162,51854626,0.488695,0.547680,0.435530,0.590494,0.107701,0.286613,0.746706
1677114162,62152961,0.488882,0.547874,0.433730,0.590990,0.107823,0.285488,0.746728
1677114162,72355396,0.489176,0.548076,0.431920,0.590392,0.107878,0.283312,0.748020
1677114162,82258485,0.489516,0.548451,0.430151,0.589387,0.109237,0.281731,0.749212
1677114162,91442297,0.489999,0.548954,0.428472,0.588723,0.110061,0.280093,0.750227
1677114162,101693252,0.490310,0.549341,0.426844,0.588292,0.111711,0.277388,0.751325
1677114162,112216677,0.490543,0.549591,0.425294,0.587800,0.113825,0.275065,0.752246
1677114162,122197055,0.490886,0.549849,0.423866,0.587707,0.115547,0.274783,0.752159
1677114162,132147023,0.490815,0.549835,0.422388,0.588460,0.117415,0.273084,0.751900
1677114162,141829429,0.490844,0.549615,0.421008,0.588764,0.118487,0.273441,0.751364
1677114162,151514559,0.490812,0.549328,0.419670,0.589813,0.118235,0.274189,0.750308
1677114162,161595668,0.490617,0.548861,0.418262,0.591059,0.117249,0.274741,0.749279
1677114162,171840257,0.490450,0.548438,0.416819,0.592546,0.115904,0.276788,0.747559
1677114162,182479425,0.490112,0.548126,0.415301,0.594276,0.115034,0.278957,0.745511
1677114162,192053490,0.489637,0.547618,0.413715,0.595213,0.115219,0.280842,0.744026
1677114162,202117253,0.489391,0.547462,0.412102,0.596646,0.114158,0.283662,0.741969
1677114162,212136345,0.489092,0.547090,0.410402,0.596984,0.114288,0.285529,0.740960
1677114162,221663583,0.488691,0.546994,0.408654,0.597981,0.115195,0.286471,0.739651
1677114162,231387773,0.488589,0.546917,0.406914,0.598194,0.115570,0.287408,0.739056
1677114162,241909489,0.488659,0.547093,0.405183,0.598940,0.115773,0.288030,0.738178
1677114162,252488414,0.488696,0.547238,0.403455,0.599385,0.117190,0.287606,0.737758
1677114162,262102938,0.488889,0.547496,0.401741,0.600229,0.118270,0.286462,0.737344
1677114162,272638013,0.489303,0.547736,0.400081,0.600341,0.119621,0.286189,0.737141
1677114162,281932172,0.489671,0.548042,0.398367,0.600480,0.121426,0.285758,0.736900
1677114162,291706992,0.489900,0.548437,0.396572,0.600903,0.123526,0.284844,0.736560
1677114162,301524932,0.490140,0.548848,0.394809,0.601344,0.124660,0.283704,0.736449
1677114162,313904754,0.490291,0.549254,0.392978,0.601076,0.126701,0.284164,0.736142
1677114162,321607632,0.490284,0.549603,0.391162,0.600643,0.128396,0.284344,0.736132
1677114162,331859165,0.489942,0.550359,0.389217,0.602250,0.129051,0.284360,0.734698
1677114162,342045182,0.489926,0.550628,0.387432,0.600195,0.129696,0.286933,0.735265
1677114162,351992065,0.489532,0.550270,0.385397,0.596348,0.131426,0.287584,0.737829
1677114162,361410904,0.489186,0.551300,0.383451,0.597814,0.130222,0.289970,0.735920
1677114162,371416528,0.488917,0.551929,0.381603,0.597836,0.129182,0.292178,0.735212
1677114162,382219990,0.488485,0.552566,0.379683,0.598553,0.129520,0.294115,0.733795
1677114162,391840945,0.488206,0.552870,0.377821,0.598406,0.129800,0.295431,0.733337
1677114162,402097443,0.488052,0.553418,0.376007,0.599072,0.130245,0.297881,0.731721
1677114162,411673541,0.487708,0.553813,0.374140,0.599808,0.131475,0.298471,0.730657
1677114162,421961770,0.487569,0.554008,0.372295,0.599188,0.132437,0.299457,0.730589
1677114162,431665513,0.487359,0.554623,0.370368,0.600259,0.133154,0.300118,0.729307
1677114162,442251547,0.487214,0.555122,0.368441,0.600152,0.134525,0.301428,0.728603
1677114162,452533856,0.487132,0.555680,0.366518,0.599816,0.135150,0.302174,0.728455
1677114162,462773727,0.486888,0.556394,0.364518,0.599649,0.136338,0.302699,0.728153
1677114162,472545073,0.486607,0.557280,0.362484,0.599396,0.137206,0.303375,0.727917
1677114162,481933818,0.486246,0.557951,0.360448,0.597984,0.138393,0.303547,0.728781
1677114162,491425764,0.485899,0.558826,0.358431,0.597805,0.138859,0.303798,0.728735
1677114162,501809262,0.485777,0.559497,0.356437,0.596706,0.138700,0.304888,0.729210
1677114162,512119789,0.485429,0.560103,0.354428,0.596438,0.139689,0.305321,0.729059
1677114162,522549958,0.485141,0.560691,0.352431,0.596859,0.140554,0.305909,0.728301
1677114162,533216501,0.484897,0.561185,0.350454,0.597200,0.141468,0.306651,0.727533
1677114162,541945504,0.484594,0.561668,0.348475,0.597457,0.142529,0.307419,0.726790
1677114162,552261393,0.484266,0.562195,0.346480,0.597847,0.143198,0.307936,0.726119
1677114162,561523125,0.483828,0.562862,0.344389,0.598661,0.143926,0.308559,0.725039
1677114162,571562300,0.483535,0.563412,0.342301,0.598650,0.143693,0.309170,0.724834
1677114162,581959107,0.483153,0.563861,0.340143,0.598416,0.143936,0.309173,0.724978
1677114162,592047174,0.482704,0.564477,0.337951,0.598581,0.144151,0.309433,0.724688
1677114162,602159176,0.482335,0.565378,0.335816,0.599507,0.143595,0.310141,0.723730
1677114162,611738697,0.481954,0.565644,0.333534,0.596907,0.144593,0.310295,0.725611
1677114162,621874312,0.481427,0.566430,0.331339,0.596555,0.145383,0.310961,0.725458
1677114162,631388940,0.481112,0.566965,0.329231,0.595067,0.145529,0.311787,0.726296
1677114162,641710911,0.480603,0.567711,0.327069,0.595329,0.145441,0.311694,0.726139
1677114162,651341164,0.480148,0.568270,0.324960,0.594874,0.146337,0.312569,0.725955
1677114162,661709282,0.479798,0.568623,0.322837,0.594504,0.146314,0.312615,0.726243
1677114162,672077623,0.479413,0.569046,0.320761,0.595256,0.146793,0.312689,0.725498
1677114162,681505127,0.479060,0.569356,0.318686,0.595899,0.147918,0.312948,0.724630
1677114162,691569165,0.478828,0.569622,0.316661,0.596477,0.148616,0.313404,0.723814
1677114162,701933840,0.478462,0.570017,0.314604,0.597405,0.149877,0.313704,0.722657
1677114162,711466817,0.478298,0.570473,0.312529,0.597557,0.149933,0.314807,0.722040
1677114162,722445191,0.477876,0.571055,0.310404,0.597912,0.150324,0.314872,0.721637
1677114162,732933341,0.477585,0.571467,0.308291,0.596337,0.150369,0.315528,0.722643
1677114162,741967749,0.477096,0.572234,0.306089,0.596097,0.149775,0.315809,0.722842
1677114162,751687824,0.476559,0.572753,0.303966,0.594567,0.150095,0.316257,0.723839
1677114162,761628812,0.475783,0.573079,0.301687,0.591273,0.153160,0.317795,0.725221
1677114162,771675617,0.475391,0.574135,0.299698,0.592315,0.150233,0.319305,0.724318
1677114162,781794692,0.474806,0.574793,0.297593,0.590914,0.149968,0.321825,0.724402
1677114162,791951151,0.473984,0.575261,0.295378,0.589275,0.150879,0.323832,0.724654
1677114162,801844865,0.473348,0.575937,0.293253,0.588685,0.149999,0.326625,0.724063
1677114162,812064832,0.472440,0.576319,0.291021,0.587284,0.151169,0.328421,0.724144
1677114162,821422424,0.471776,0.576909,0.288946,0.586801,0.151649,0.330878,0.723316
1677114162,831544997,0.471127,0.577446,0.286921,0.586402,0.152764,0.333066,0.722401
1677114162,841743810,0.470649,0.577946,0.284998,0.585676,0.153293,0.334922,0.722020
1677114162,852242514,0.470231,0.578557,0.283118,0.585249,0.152862,0.335939,0.721984
1677114162,862394704,0.469717,0.579266,0.281258,0.584602,0.153449,0.337164,0.721813
1677114162,872069231,0.469184,0.580225,0.279378,0.584105,0.153820,0.338468,0.721526
1677114162,881722288,0.468739,0.580945,0.277593,0.582170,0.154446,0.339670,0.722391
1677114162,891374303,0.468026,0.581980,0.275839,0.581323,0.156093,0.341009,0.722088
1677114162,901965041,0.467289,0.582890,0.274070,0.579938,0.157815,0.342475,0.722133
1677114162,911515705,0.466584,0.583686,0.272289,0.578033,0.159675,0.344493,0.722293
1677114162,922188531,0.466028,0.584472,0.270605,0.576229,0.160767,0.347429,0.722086
1677114162,931822814,0.465305,0.585409,0.268766,0.575666,0.161167,0.349424,0.721482
1677114162,941439568,0.464289,0.586204,0.266951,0.574726,0.163574,0.351550,0.720657
1677114162,951866278,0.463755,0.587007,0.265228,0.573299,0.163693,0.353616,0.720756
1677114162,961582244,0.463261,0.587732,0.263560,0.571398,0.163934,0.355693,0.721189
1677114162,971583486,0.463008,0.588757,0.261972,0.571053,0.161636,0.357543,0.721066
1677114162,981880150,0.462197,0.589394,0.260333,0.569968,0.164836,0.359001,0.720475
1677114162,992350350,0.461645,0.589993,0.258802,0.569019,0.166443,0.360346,0.720184
1677114163,1993545,0.461190,0.590649,0.257316,0.568152,0.167793,0.362362,0.719543
1677114163,11660087,0.460619,0.591425,0.255778,0.567405,0.170058,0.364671,0.718434
1677114163,21728688,0.460069,0.592087,0.254238,0.565807,0.171907,0.366479,0.718334
1677114163,31436199,0.459321,0.593054,0.252655,0.565126,0.172875,0.367167,0.718286
1677114163,41806526,0.458568,0.593915,0.251035,0.562888,0.175096,0.368677,0.718732
1677114163,52450894,0.457999,0.594865,0.249488,0.560927,0.176053,0.370098,0.719300
1677114163,61689486,0.457246,0.595850,0.247857,0.559838,0.177859,0.370882,0.719301
1677114163,72081446,0.456977,0.596581,0.246492,0.557899,0.179067,0.372618,0.719611
1677114163,82114497,0.456636,0.597343,0.245059,0.557634,0.180106,0.373056,0.719330
1677114163,91372164,0.456402,0.597958,0.243636,0.557089,0.181692,0.374119,0.718801
1677114163,101669613,0.455997,0.598652,0.242164,0.557215,0.183728,0.374631,0.717919
1677114163,111654354,0.455678,0.599281,0.240628,0.556581,0.185376,0.375222,0.717678
1677114163,122072327,0.455298,0.600016,0.239001,0.555435,0.187226,0.375897,0.717732
1677114163,131840219,0.454791,0.601283,0.237254,0.554200,0.190350,0.378181,0.716665
1677114163,142211654,0.454316,0.602392,0.235456,0.552526,0.191904,0.379031,0.717093
1677114163,151823636,0.453730,0.603767,0.233599,0.550774,0.194183,0.380554,0.717022
1677114163,161723179,0.453194,0.604719,0.231780,0.547086,0.196267,0.380832,0.719126
1677114163,171607417,0.452570,0.606090,0.229937,0.544946,0.198672,0.381663,0.719650
1677114163,181571315,0.452074,0.607319,0.228188,0.542380,0.201217,0.383111,0.720112
1677114163,192168296,0.451622,0.608441,0.226427,0.540510,0.203323,0.383488,0.720726
1677114163,202260797,0.451158,0.609500,0.224709,0.538965,0.205800,0.384434,0.720676
1677114163,211877635,0.450691,0.610476,0.222958,0.537638,0.208335,0.385119,0.720572
1677114163,221916836,0.450376,0.611506,0.221315,0.536341,0.210093,0.386801,0.720128
1677114163,231677855,0.450041,0.612347,0.219625,0.534852,0.211636,0.387661,0.720321
1677114163,242296864,0.449597,0.613258,0.217913,0.534134,0.213605,0.388288,0.719935
1677114163,252566165,0.449347,0.614282,0.216285,0.533107,0.214525,0.389562,0.719734
1677114163,262125642,0.448970,0.615153,0.214610,0.531560,0.216981,0.390003,0.719903
1677114163,272392916,0.448644,0.616312,0.212980,0.530874,0.218776,0.390491,0.719602
1677114163,282038526,0.448481,0.617239,0.211414,0.528546,0.220472,0.391076,0.720479
1677114163,291429486,0.448151,0.618067,0.209847,0.525731,0.223297,0.391181,0.721611
1677114163,301676417,0.447936,0.619462,0.208357,0.525558,0.223848,0.391487,0.721400
1677114163,311769023,0.447888,0.620362,0.206983,0.522999,0.224652,0.391786,0.722847
1677114163,321754273,0.447494,0.621524,0.205522,0.522473,0.226601,0.392015,0.722495
1677114163,332065110,0.447937,0.622811,0.204246,0.520582,0.225350,0.395421,0.722395
1677114163,341804615,0.447486,0.623707,0.202945,0.520392,0.226659,0.395059,0.722320
1677114163,351565620,0.446979,0.624330,0.201654,0.519755,0.228487,0.394288,0.722624
1677114163,361541566,0.446679,0.625133,0.200425,0.519467,0.229451,0.395179,0.722039
1677114163,371554715,0.446436,0.625913,0.199245,0.518963,0.230431,0.396529,0.721349
1677114163,381793869,0.445928,0.626628,0.198013,0.519103,0.232012,0.396934,0.720518
1677114163,391933297,0.445460,0.627414,0.196775,0.519183,0.233671,0.397923,0.719377
1677114163,402056627,0.445041,0.628437,0.195563,0.519731,0.234343,0.399201,0.718054
1677114163,412162807,0.445065,0.628705,0.194542,0.514585,0.236926,0.401494,0.719633
1677114163,421406853,0.444751,0.629493,0.193419,0.513622,0.237748,0.402248,0.719628
1677114163,431534319,0.444453,0.630277,0.192300,0.512800,0.238557,0.402875,0.719596
1677114163,441626109,0.443538,0.631422,0.190940,0.515412,0.240100,0.401744,0.717847
1677114163,451583369,0.443480,0.632125,0.189969,0.513286,0.240806,0.403207,0.718313
1677114163,462324481,0.443485,0.632640,0.189040,0.509903,0.241096,0.404692,0.719789
1677114163,472248312,0.443155,0.633418,0.187968,0.507993,0.241828,0.405490,0.720445
1677114163,481400706,0.442692,0.634237,0.186816,0.506417,0.242829,0.406074,0.720888
1677114163,491457798,0.442490,0.635041,0.185768,0.503322,0.243167,0.407682,0.722033
1677114163,501621476,0.442022,0.635899,0.184661,0.501474,0.243820,0.408253,0.722776
1677114163,511807361,0.441733,0.636685,0.183724,0.499163,0.243959,0.408898,0.723963
1677114163,522628240,0.441419,0.637462,0.182900,0.497491,0.244072,0.409335,0.724829
1677114163,532612897,0.441252,0.638136,0.182253,0.495986,0.244347,0.410187,0.725285
1677114163,541965038,0.440971,0.638690,0.181670,0.495629,0.245050,0.410228,0.725270
1677114163,551516582,0.440910,0.639138,0.181230,0.494825,0.244945,0.410875,0.725488
1677114163,561744487,0.440806,0.639553,0.180811,0.494379,0.244253,0.411524,0.725657
1677114163,571744820,0.440505,0.640078,0.180351,0.493903,0.244471,0.412633,0.725278
1677114163,581579758,0.440204,0.640724,0.179871,0.493667,0.243583,0.413830,0.725055
1677114163,592146601,0.439908,0.641133,0.179395,0.492561,0.243389,0.414411,0.725540
1677114163,602754192,0.439777,0.641526,0.178981,0.490965,0.243246,0.415291,0.726167
1677114163,612529158,0.439581,0.642092,0.178546,0.490604,0.243478,0.415381,0.726281
1677114163,622213231,0.439441,0.642558,0.178161,0.489453,0.244506,0.415384,0.726711
1677114163,631404436,0.439556,0.643282,0.177848,0.488349,0.244045,0.416179,0.727154
1677114163,641736435,0.439464,0.643795,0.177456,0.487024,0.244774,0.415380,0.728253
1677114163,652499637,0.439449,0.644360,0.177153,0.485512,0.244808,0.414860,0.729547
1677114163,662316623,0.439340,0.645122,0.176765,0.484763,0.245198,0.414782,0.729958
1677114163,672523929,0.439357,0.645613,0.176463,0.482939,0.245065,0.414587,0.731321
1677114163,681572988,0.439238,0.646148,0.176086,0.481752,0.245443,0.414423,0.732070
1677114163,691605461,0.439165,0.646635,0.175700,0.480554,0.245259,0.414197,0.733046
1677114163,701783584,0.439003,0.647125,0.175293,0.479314,0.246163,0.414462,0.733405
1677114163,711552143,0.438904,0.647652,0.174864,0.478216,0.246552,0.414779,0.733812
1677114163,721565381,0.438903,0.648070,0.174441,0.476528,0.246675,0.414831,0.734839
1677114163,731848219,0.438680,0.648643,0.173914,0.475620,0.247656,0.414825,0.735100
1677114163,742035217,0.438646,0.649139,0.173449,0.474028,0.248034,0.414839,0.735993
1677114163,751800306,0.438412,0.649904,0.172871,0.474288,0.248846,0.414832,0.735555
1677114163,761341503,0.438384,0.650313,0.172380,0.473036,0.249168,0.414274,0.736566
1677114163,771588473,0.438378,0.650789,0.172021,0.473047,0.250021,0.413970,0.736441
1677114163,781887513,0.438543,0.651032,0.171866,0.474610,0.252097,0.412923,0.735314
1677114163,792138962,0.438796,0.651158,0.171829,0.476942,0.253638,0.411704,0.733958
1677114163,802426265,0.438804,0.651339,0.171614,0.478506,0.255027,0.410614,0.733069
1677114163,812467992,0.438768,0.651636,0.171322,0.479010,0.255793,0.410612,0.732473
1677114163,821453506,0.438879,0.651872,0.171081,0.479593,0.255839,0.410552,0.732109
1677114163,831591860,0.438940,0.652031,0.170944,0.481506,0.256811,0.409711,0.730983
1677114163,841564090,0.439102,0.651925,0.170920,0.482912,0.257484,0.407930,0.730816
1677114163,851902244,0.439090,0.652151,0.170796,0.484640,0.258304,0.407361,0.729698
1677114163,861708699,0.439113,0.652150,0.170650,0.484931,0.258447,0.406327,0.730031
1677114163,872258835,0.439189,0.652100,0.170524,0.485613,0.258252,0.404819,0.730485
1677114163,881736958,0.439272,0.652085,0.170502,0.487444,0.258025,0.403610,0.730014
1677114163,891835980,0.439344,0.651899,0.170483,0.489239,0.258225,0.402186,0.729528
1677114163,901653815,0.439372,0.651780,0.170352,0.491355,0.257751,0.400655,0.729116
1677114163,912243582,0.439352,0.651567,0.170157,0.492558,0.257609,0.399005,0.729260
1677114163,922050201,0.439306,0.651457,0.169945,0.494082,0.257176,0.397427,0.729243
1677114163,931849250,0.439296,0.651364,0.169813,0.495403,0.256869,0.396168,0.729140
1677114163,942088841,0.439057,0.651317,0.169619,0.497598,0.257157,0.393999,0.728719
1677114163,951932406,0.438904,0.651346,0.169511,0.499093,0.257259,0.392811,0.728302
1677114163,961501682,0.438719,0.651169,0.169399,0.499876,0.257155,0.390977,0.728789
1677114163,971677662,0.438418,0.651134,0.169294,0.501178,0.256873,0.389471,0.728800
1677114163,981954897,0.438050,0.651046,0.169166,0.502294,0.256963,0.388154,0.728703
1677114163,992176081,0.437725,0.650987,0.169040,0.503369,0.256514,0.387249,0.728601
1677114164,2613636,0.437207,0.650952,0.168899,0.504616,0.256443,0.386310,0.728261
1677114164,12437192,0.436611,0.650991,0.168779,0.506451,0.255936,0.385213,0.727746
1677114164,21422560,0.436180,0.651043,0.168690,0.507615,0.254855,0.385048,0.727403
1677114164,31612675,0.435776,0.650899,0.168667,0.508157,0.253935,0.384509,0.727631
1677114164,41749590,0.435335,0.650922,0.168599,0.509667,0.252680,0.383521,0.727533
1677114164,51477332,0.434910,0.650965,0.168465,0.511715,0.251390,0.381823,0.727436
1677114164,61407051,0.434789,0.651053,0.168441,0.513051,0.249717,0.380060,0.727994
1677114164,71793236,0.434535,0.651273,0.168355,0.515079,0.248524,0.376756,0.728687
1677114164,81736359,0.434369,0.651490,0.168336,0.515759,0.247321,0.373436,0.730322
1677114164,91326999,0.433934,0.652088,0.168254,0.516881,0.246754,0.370037,0.731450
1677114164,101634967,0.433285,0.652883,0.168108,0.517966,0.246486,0.367309,0.732147
1677114164,112151363,0.432557,0.653412,0.168019,0.517410,0.246700,0.365124,0.733560
1677114164,121570076,0.431632,0.654131,0.167945,0.517872,0.246750,0.364302,0.733626
1677114164,131928710,0.430535,0.654670,0.167868,0.518788,0.246165,0.363514,0.733566
1677114164,142219014,0.429436,0.655108,0.167829,0.519648,0.245094,0.363984,0.733082
1677114164,151858405,0.428313,0.655239,0.167847,0.520304,0.243684,0.364446,0.732858
1677114164,161594806,0.427332,0.655498,0.167850,0.521858,0.241305,0.365811,0.731860
1677114164,171660036,0.426270,0.655576,0.167823,0.523258,0.238970,0.366304,0.731379
1677114164,182112574,0.425324,0.655689,0.167772,0.524750,0.236496,0.366292,0.731120
1677114164,191910458,0.424459,0.655908,0.167666,0.526445,0.234525,0.365720,0.730823
1677114164,202594273,0.423844,0.656114,0.167622,0.527595,0.232331,0.364077,0.731515
1677114164,211995470,0.423162,0.656750,0.167514,0.529578,0.231524,0.362242,0.731248
1677114164,221564088,0.422570,0.657350,0.167396,0.530392,0.230688,0.359346,0.732351
1677114164,231667454,0.421909,0.658210,0.167273,0.531398,0.230303,0.356559,0.733104
1677114164,241843358,0.421339,0.658958,0.167143,0.531726,0.229653,0.353566,0.734519
1677114164,251503156,0.420571,0.659673,0.167040,0.532199,0.229885,0.350626,0.735513
1677114164,261628634,0.419794,0.660506,0.166942,0.533412,0.229365,0.348793,0.735668
1677114164,272201776,0.418984,0.661083,0.166866,0.534412,0.228542,0.346501,0.736281
1677114164,281762417,0.418015,0.661662,0.166761,0.536081,0.227591,0.344459,0.736321
1677114164,291465245,0.417395,0.662025,0.166716,0.536531,0.225474,0.342829,0.737404
1677114164,301737401,0.416672,0.662345,0.166668,0.537981,0.223509,0.340286,0.738123
1677114164,311482975,0.416232,0.662670,0.166604,0.539334,0.221604,0.337667,0.738913
1677114164,321896771,0.415864,0.662957,0.166566,0.541158,0.219503,0.333993,0.739875
1677114164,331832905,0.415442,0.663412,0.166508,0.543148,0.217701,0.329616,0.740912
1677114164,342133437,0.415027,0.663759,0.166468,0.543689,0.215959,0.324734,0.743177
1677114164,352500541,0.414527,0.664483,0.166412,0.544754,0.214304,0.321011,0.744493
1677114164,361699289,0.413743,0.665243,0.166300,0.546078,0.213080,0.316357,0.745864
1677114164,371814577,0.412974,0.666030,0.166264,0.546816,0.211903,0.313178,0.747000
1677114164,382382250,0.412094,0.666787,0.166251,0.547269,0.210260,0.310543,0.748231
1677114164,392154109,0.411093,0.667399,0.166262,0.546994,0.208554,0.308178,0.749886
1677114164,401918633,0.409948,0.668043,0.166291,0.547825,0.206122,0.306003,0.750842
1677114164,411695748,0.408861,0.668325,0.166392,0.548049,0.203678,0.304289,0.752041
1677114164,421330495,0.407805,0.668509,0.166535,0.548797,0.200839,0.303130,0.752727
1677114164,432017805,0.406864,0.668549,0.166682,0.549489,0.197400,0.302329,0.753453
1677114164,441886573,0.405812,0.668625,0.166702,0.551109,0.194473,0.301028,0.753553
1677114164,451990739,0.404893,0.668521,0.166735,0.552090,0.191259,0.299320,0.754337
1677114164,461864848,0.404039,0.668490,0.166746,0.552836,0.188446,0.297740,0.755123
1677114164,471717384,0.403068,0.668605,0.166702,0.553796,0.186478,0.296043,0.755575
1677114164,482211665,0.402262,0.668753,0.166670,0.554069,0.183899,0.294400,0.756649
1677114164,491509426,0.401224,0.668890,0.166651,0.554134,0.182294,0.292287,0.757808
1677114164,501583371,0.400222,0.669204,0.166646,0.554832,0.180318,0.291168,0.758200
1677114164,512103906,0.399141,0.669363,0.166679,0.555232,0.178520,0.289806,0.758855
1677114164,522454944,0.398101,0.669542,0.166736,0.556015,0.175599,0.288286,0.759542
1677114164,532195801,0.397037,0.669718,0.166792,0.556585,0.172989,0.287076,0.760181
1677114164,541792539,0.395989,0.670134,0.166754,0.558528,0.169668,0.285905,0.759946
1677114164,551804651,0.395046,0.670187,0.166839,0.558481,0.166371,0.284227,0.761337
1677114164,561518269,0.394036,0.670173,0.166862,0.558288,0.164134,0.282103,0.762753
1677114164,571706882,0.393199,0.670535,0.166880,0.559664,0.160692,0.280123,0.763207
1677114164,581632289,0.392342,0.670832,0.166862,0.560744,0.158070,0.277863,0.763788
1677114164,592541131,0.391562,0.671025,0.166804,0.561615,0.155363,0.274124,0.765054
1677114164,602343967,0.391024,0.671282,0.166820,0.562115,0.152771,0.270738,0.766412
1677114164,611825707,0.390555,0.671573,0.166866,0.562670,0.150591,0.266173,0.768034
1677114164,621316400,0.390367,0.672009,0.166910,0.563406,0.147880,0.260882,0.769835
1677114164,631557714,0.390088,0.672751,0.166928,0.564596,0.146221,0.254803,0.771315
1677114164,642100024,0.389862,0.673486,0.166979,0.564613,0.144385,0.248151,0.773813
1677114164,652104908,0.389678,0.674324,0.167010,0.563736,0.143036,0.242163,0.776595
1677114164,662473991,0.389378,0.675408,0.167013,0.564373,0.141301,0.236311,0.778251
1677114164,672956267,0.388848,0.676399,0.166984,0.565340,0.140760,0.231240,0.779170
1677114164,681950486,0.388465,0.677082,0.167030,0.565702,0.138773,0.227429,0.780385
1677114164,691551781,0.387763,0.677749,0.166988,0.566862,0.137358,0.224135,0.780746
1677114164,701441766,0.387088,0.678258,0.166903,0.567775,0.134578,0.222221,0.781113
1677114164,712183449,0.386199,0.678693,0.166779,0.568927,0.132171,0.221061,0.781015
1677114164,722235485,0.385251,0.678821,0.166691,0.569567,0.129885,0.220588,0.781066
1677114164,731744782,0.384423,0.679137,0.166658,0.571318,0.126521,0.221499,0.780081
1677114164,742398561,0.383346,0.679061,0.166552,0.572049,0.124242,0.220986,0.780057
1677114164,751691492,0.382469,0.679053,0.166557,0.572540,0.121459,0.221404,0.780017
1677114164,761996224,0.381509,0.679315,0.166482,0.574265,0.119162,0.221362,0.779114
1677114164,771505161,0.380728,0.679497,0.166451,0.575086,0.116419,0.221320,0.778936
1677114164,782112073,0.379897,0.679673,0.166364,0.575114,0.114771,0.221001,0.779250
1677114164,791734392,0.379166,0.680086,0.166264,0.576073,0.112303,0.220428,0.779063
1677114164,801399009,0.378487,0.680544,0.166149,0.576802,0.110516,0.219794,0.778958
1677114164,811376087,0.377990,0.681050,0.166097,0.577794,0.108044,0.218616,0.778901
1677114164,821315362,0.377519,0.681343,0.166099,0.578001,0.106183,0.216611,0.779564
1677114164,831614889,0.377131,0.681801,0.166098,0.578696,0.104706,0.214983,0.779699
1677114164,841456965,0.376875,0.682296,0.166110,0.579453,0.102591,0.213065,0.779944
1677114164,851821434,0.376600,0.682439,0.166172,0.578671,0.101122,0.210579,0.781390
1677114164,861981076,0.376267,0.683047,0.166153,0.580015,0.100339,0.208650,0.781012
1677114164,872320739,0.376038,0.683523,0.166138,0.581007,0.098465,0.205950,0.781230
1677114164,881946699,0.375703,0.684106,0.166069,0.582330,0.096866,0.203329,0.781131
1677114164,891617048,0.375295,0.684756,0.165980,0.583182,0.095885,0.200870,0.781253
1677114164,901468487,0.374991,0.685184,0.165942,0.582327,0.094680,0.199158,0.782475
1677114164,912184162,0.374535,0.686089,0.165802,0.583554,0.093241,0.197746,0.782092
1677114164,922167491,0.374025,0.686804,0.165709,0.584599,0.091726,0.196439,0.781819
1677114164,931804466,0.373489,0.687351,0.165588,0.585403,0.090502,0.195110,0.781694
1677114164,942243134,0.372903,0.687796,0.165535,0.586379,0.088877,0.193659,0.781509
1677114164,951715358,0.372475,0.688165,0.165527,0.586864,0.086748,0.192927,0.781565
1677114164,961330339,0.371973,0.688672,0.165449,0.588015,0.085032,0.191792,0.781168
1677114164,971634696,0.371566,0.689157,0.165455,0.588331,0.083117,0.191038,0.781321
1677114164,981407418,0.371083,0.689680,0.165360,0.588670,0.081820,0.189913,0.781477
1677114164,992098424,0.370660,0.690338,0.165273,0.589125,0.080366,0.189201,0.781457
1677114165,2184850,0.370211,0.690850,0.165194,0.588969,0.079193,0.188288,0.781915
1677114165,11882865,0.369739,0.691615,0.165105,0.590288,0.078128,0.187581,0.781197
1677114165,21915510,0.369286,0.692233,0.165053,0.591217,0.077233,0.186836,0.780763
1677114165,31437935,0.368879,0.692599,0.165103,0.591043,0.076486,0.186300,0.781095
1677114165,41583528,0.368531,0.693172,0.165103,0.591588,0.074979,0.185891,0.780927
1677114165,51924567,0.368127,0.693728,0.165060,0.592149,0.073885,0.185332,0.780738
1677114165,61995404,0.367813,0.694130,0.165069,0.591955,0.072883,0.184960,0.781068
1677114165,72553895,0.367554,0.694535,0.165011,0.592224,0.071431,0.183739,0.781286
1677114165,82290661,0.367347,0.695052,0.164941,0.593399,0.070314,0.182623,0.780757
1677114165,91466563,0.367152,0.695426,0.164893,0.593993,0.070073,0.181122,0.780677
1677114165,101246850,0.367167,0.695826,0.164843,0.594483,0.069124,0.179481,0.780768
1677114165,111484673,0.367099,0.696264,0.164757,0.595188,0.069051,0.177276,0.780741
1677114165,121949100,0.367240,0.696811,0.164651,0.595933,0.068523,0.175545,0.780611
1677114165,132157057,0.367364,0.697188,0.164601,0.596174,0.068279,0.173359,0.780936
1677114165,142209787,0.367487,0.697683,0.164534,0.597115,0.068366,0.171272,0.780670
1677114165,152417804,0.367641,0.698053,0.164493,0.597651,0.068171,0.169070,0.780757
1677114165,161731538,0.367791,0.698263,0.164422,0.597654,0.068181,0.167033,0.781192
1677114165,171558907,0.367931,0.698703,0.164341,0.598831,0.067780,0.165046,0.780748
1677114165,181543644,0.368106,0.699103,0.164243,0.599941,0.067523,0.163447,0.780254
1677114165,192235933,0.368269,0.699352,0.164147,0.600653,0.067098,0.161404,0.780168
1677114165,201939951,0.368329,0.699689,0.164091,0.601797,0.066995,0.159094,0.779770
1677114165,211649536,0.368504,0.700002,0.164058,0.602571,0.066903,0.157795,0.779444
1677114165,221986925,0.368671,0.700238,0.164003,0.603025,0.066505,0.156474,0.779393
1677114165,231292957,0.368695,0.700497,0.163884,0.603660,0.066421,0.154426,0.779317
1677114165,241450661,0.368843,0.700808,0.163785,0.604735,0.065396,0.152966,0.778858
1677114165,251884771,0.369056,0.701053,0.163694,0.605860,0.063908,0.151720,0.778351
1677114165,261750794,0.369257,0.701065,0.163607,0.606474,0.062548,0.150197,0.778279
1677114165,272227963,0.369369,0.701107,0.163482,0.607245,0.061490,0.148169,0.778150
1677114165,282192006,0.369556,0.701260,0.163400,0.608089,0.060653,0.146699,0.777836
1677114165,291389854,0.369861,0.701233,0.163373,0.608256,0.059436,0.145129,0.778093
1677114165,301349832,0.370156,0.701328,0.163301,0.608808,0.058412,0.143205,0.778096
1677114165,311579830,0.370489,0.701576,0.163249,0.609107,0.057547,0.141342,0.778267
1677114165,322331975,0.370738,0.701921,0.163156,0.609519,0.057112,0.139282,0.778348
1677114165,331784685,0.371052,0.702176,0.163189,0.609472,0.055784,0.136989,0.778888
1677114165,342244462,0.371373,0.702405,0.163211,0.609365,0.055248,0.135301,0.779305
1677114165,351923432,0.371643,0.702673,0.163283,0.609737,0.053895,0.133308,0.779452
1677114165,361483031,0.371811,0.702949,0.163318,0.610230,0.052738,0.131677,0.779423
1677114165,372038485,0.371952,0.703250,0.163356,0.610911,0.051055,0.130421,0.779212
1677114165,382375704,0.372056,0.703237,0.163372,0.610777,0.049786,0.129881,0.779490
1677114165,392104319,0.372102,0.703335,0.163377,0.611687,0.047875,0.129311,0.778990
1677114165,402248518,0.372006,0.703484,0.163292,0.613012,0.046215,0.128627,0.778162
1677114165,412076052,0.371974,0.703501,0.163172,0.613554,0.044428,0.128353,0.777884
1677114165,421773192,0.372101,0.703372,0.163098,0.613187,0.042284,0.128732,0.778230
1677114165,431237820,0.372050,0.703310,0.162974,0.613645,0.041012,0.127671,0.778112
1677114165,441996126,0.372151,0.703394,0.162884,0.615096,0.039591,0.127012,0.777147
1677114165,452662038,0.372390,0.703421,0.162815,0.616363,0.037924,0.126255,0.776349
1677114165,461844280,0.372540,0.703311,0.162747,0.617119,0.037459,0.124828,0.776002
1677114165,471379465,0.372650,0.703291,0.162648,0.618701,0.037187,0.122926,0.775058
1677114165,481527260,0.373084,0.703230,0.162560,0.619790,0.035978,0.121955,0.774399
1677114165,491598331,0.373368,0.703040,0.162489,0.620239,0.035284,0.119813,0.774405
1677114165,501522392,0.373789,0.703085,0.162418,0.621493,0.034569,0.118900,0.773573
1677114165,512058069,0.374049,0.702898,0.162302,0.621975,0.034613,0.117288,0.773429
1677114165,522866544,0.374427,0.702930,0.162220,0.623546,0.033810,0.115946,0.772401
1677114165,532019367,0.374721,0.702732,0.162119,0.624307,0.033451,0.114343,0.772041
1677114165,542412942,0.375033,0.702554,0.161994,0.625115,0.032921,0.112784,0.771639
1677114165,551819727,0.375332,0.702462,0.161885,0.626478,0.032209,0.111028,0.770819
1677114165,561477762,0.375615,0.702334,0.161783,0.627684,0.031925,0.109527,0.770063
1677114165,571489990,0.376002,0.702188,0.161675,0.628858,0.031675,0.108400,0.769275
1677114165,582214959,0.376382,0.702019,0.161565,0.629772,0.031519,0.106656,0.768777
1677114165,592147854,0.376779,0.702011,0.161404,0.631324,0.031805,0.105182,0.767694
1677114165,602174180,0.377145,0.701738,0.161325,0.631595,0.032503,0.103037,0.767733
1677114165,612403283,0.377690,0.701635,0.161209,0.632581,0.032195,0.101080,0.767195
1677114165,622227662,0.378232,0.701532,0.161191,0.633478,0.032201,0.099556,0.766654
1677114165,631479452,0.378637,0.701348,0.161076,0.634341,0.032523,0.097420,0.766201
1677114165,641449570,0.379049,0.701206,0.161027,0.635507,0.032004,0.095526,0.765494
1677114165,652204941,0.379457,0.701184,0.160944,0.637318,0.031605,0.093961,0.764198
1677114165,662042505,0.379747,0.700964,0.160873,0.638224,0.031418,0.092446,0.763634
1677114165,672136015,0.379894,0.700812,0.160825,0.639327,0.030968,0.090882,0.762917
1677114165,682244907,0.380159,0.700797,0.160780,0.640512,0.029994,0.090339,0.762026
1677114165,691709635,0.380254,0.700724,0.160740,0.641342,0.029330,0.089620,0.761438
1677114165,701344063,0.380341,0.700618,0.160709,0.641539,0.028578,0.089463,0.761319
1677114165,711511880,0.380429,0.700575,0.160670,0.641824,0.027160,0.089452,0.761133
1677114165,722848863,0.380372,0.700555,0.160611,0.641801,0.026732,0.089564,0.761154
1677114165,731462036,0.380338,0.700546,0.160588,0.642254,0.025372,0.089355,0.760843
1677114165,741898116,0.380256,0.700516,0.160572,0.643428,0.023640,0.088611,0.759993
1677114165,751671470,0.380315,0.700346,0.160586,0.644813,0.021319,0.088014,0.758957
1677114165,761409880,0.380328,0.700248,0.160576,0.646302,0.020193,0.087665,0.757760
1677114165,771681416,0.380426,0.699930,0.160584,0.646814,0.019217,0.087142,0.757409
1677114165,781811479,0.380521,0.699794,0.160596,0.647933,0.018341,0.086278,0.756573
1677114165,791215548,0.380703,0.699727,0.160589,0.649328,0.017479,0.085321,0.755505
1677114165,802230585,0.380903,0.699714,0.160567,0.650699,0.016867,0.084335,0.754450
1677114165,811933416,0.381190,0.699537,0.160502,0.650936,0.016299,0.083532,0.754347
1677114165,822650656,0.381412,0.699556,0.160427,0.651948,0.015915,0.082387,0.753606
1677114165,831524579,0.381639,0.699421,0.160377,0.652473,0.015536,0.081173,0.753292
1677114165,841226623,0.381923,0.699235,0.160372,0.653023,0.015391,0.080308,0.752911
1677114165,851665667,0.382105,0.699127,0.160364,0.654213,0.015424,0.079168,0.751997
1677114165,863033477,0.382375,0.699001,0.160367,0.655387,0.014914,0.078218,0.751084
1677114165,872378587,0.382510,0.698795,0.160362,0.655938,0.015052,0.077037,0.750723
1677114165,882147296,0.382770,0.698689,0.160372,0.656738,0.014467,0.076218,0.750118
1677114165,891423495,0.383039,0.698649,0.160395,0.657386,0.014488,0.075979,0.749574
1677114165,901789787,0.383178,0.698669,0.160383,0.657759,0.014849,0.074941,0.749344
1677114165,912244187,0.383424,0.698707,0.160368,0.657580,0.014574,0.074623,0.749538
1677114165,922747090,0.383552,0.698769,0.160356,0.657277,0.015052,0.074186,0.749838
1677114165,931905375,0.383661,0.698741,0.160343,0.656864,0.015341,0.073870,0.750225
1677114165,942334401,0.383754,0.698777,0.160364,0.657269,0.015598,0.073498,0.749901
1677114165,951612428,0.383832,0.698674,0.160399,0.657496,0.015568,0.073074,0.749744
1677114165,961536992,0.384023,0.698691,0.160427,0.658043,0.014516,0.072680,0.749324
1677114165,971588118,0.384053,0.698692,0.160423,0.658394,0.014291,0.072058,0.749080
1677114165,982585084,0.384259,0.698654,0.160424,0.658747,0.013398,0.072168,0.748776
1677114165,992284628,0.384339,0.698564,0.160374,0.659679,0.012656,0.071251,0.748055
1677114166,2007868,0.384458,0.698313,0.160366,0.660269,0.012421,0.070799,0.747581
1677114166,12171926,0.384657,0.698048,0.160374,0.660985,0.011651,0.070477,0.746991
1677114166,21665593,0.384862,0.697926,0.160350,0.661972,0.011523,0.070578,0.746110
1677114166,31309275,0.385009,0.697862,0.160294,0.662529,0.011727,0.070173,0.745649
1677114166,41599468,0.385094,0.697846,0.160216,0.662956,0.012297,0.069424,0.745332
1677114166,52092577,0.385295,0.697694,0.160161,0.663066,0.011962,0.068671,0.745309
1677114166,62118618,0.385461,0.697620,0.160077,0.664002,0.011711,0.067449,0.744591
1677114166,72232985,0.385674,0.697418,0.160052,0.664360,0.011251,0.066546,0.744359
1677114166,82057294,0.385849,0.697439,0.159999,0.665357,0.011235,0.066083,0.743510
1677114166,91592906,0.385935,0.697121,0.159920,0.665556,0.011065,0.064716,0.743454
1677114166,101344436,0.386051,0.696842,0.159818,0.666544,0.010696,0.064130,0.742626
1677114166,111614433,0.386281,0.696516,0.159727,0.667816,0.009529,0.063563,0.741546
1677114166,122400333,0.386388,0.696261,0.159685,0.669504,0.008805,0.062802,0.740097
1677114166,132113302,0.386558,0.695863,0.159602,0.670134,0.008384,0.062852,0.739527
1677114166,141288065,0.386569,0.695722,0.159517,0.671450,0.008041,0.062009,0.738407
1677114166,151677661,0.386564,0.695666,0.159395,0.672129,0.008355,0.061893,0.737796
1677114166,161761466,0.386652,0.695493,0.159285,0.671592,0.008055,0.062402,0.738245
1677114166,171616779,0.386743,0.695490,0.159159,0.671511,0.006779,0.062466,0.738326
1677114166,182281795,0.386754,0.695555,0.159035,0.671853,0.006007,0.062796,0.737993
1677114166,192500798,0.386658,0.695381,0.158931,0.671946,0.005956,0.063402,0.737857
1677114166,201887279,0.386525,0.695135,0.158852,0.672746,0.005725,0.063838,0.737092
1677114166,212458994,0.386475,0.694825,0.158760,0.673606,0.004255,0.064023,0.736300
1677114166,221937195,0.386436,0.694758,0.158595,0.675121,0.001670,0.063352,0.734980
1677114166,231417423,0.386373,0.694647,0.158435,0.675023,0.000907,0.063866,0.735026
1677114166,241664195,0.386271,0.694493,0.158204,0.674145,0.000514,0.063910,0.735829
1677114166,252489387,0.386208,0.694654,0.157993,0.673923,-0.000370,0.063587,0.736060
1677114166,262229874,0.386159,0.694682,0.157844,0.673198,-0.000996,0.063390,0.736740
1677114166,272385245,0.386198,0.694751,0.157748,0.672877,-0.001561,0.063759,0.737000
1677114166,281997944,0.386249,0.694739,0.157730,0.672778,-0.002163,0.064309,0.737041
1677114166,291290020,0.386205,0.694709,0.157717,0.673445,-0.001899,0.064426,0.736422
1677114166,301314923,0.386210,0.694606,0.157803,0.674612,-0.002054,0.064724,0.735327
1677114166,311323404,0.386277,0.694202,0.157854,0.675470,-0.002908,0.064343,0.734569
1677114166,323179724,0.386318,0.693754,0.157901,0.677144,-0.003076,0.064267,0.733032
1677114166,331825461,0.386327,0.693265,0.157925,0.678862,-0.002351,0.063816,0.731483
1677114166,342173718,0.386552,0.692832,0.157925,0.680122,-0.001822,0.063703,0.730323
1677114166,351956463,0.386726,0.692516,0.157855,0.681062,-0.001329,0.062062,0.729589
1677114166,361187021,0.387144,0.692345,0.157768,0.681516,-0.001118,0.060851,0.729268
1677114166,371432438,0.387463,0.692086,0.157637,0.680700,0.000458,0.058757,0.730202
1677114166,382003811,0.388002,0.692263,0.157511,0.681109,0.001530,0.057095,0.729951
1677114166,391454768,0.388487,0.692298,0.157341,0.680803,0.003398,0.055035,0.730389
1677114166,401874444,0.388965,0.692399,0.157224,0.681048,0.005352,0.052789,0.730314
1677114166,411763687,0.389525,0.692319,0.157098,0.681203,0.007321,0.050911,0.730285
1677114166,421693670,0.390015,0.692193,0.157056,0.682121,0.009176,0.048487,0.729573
1677114166,431262797,0.390563,0.691998,0.157042,0.683871,0.010396,0.046104,0.728071
1677114166,441672394,0.391161,0.691711,0.157111,0.686055,0.011374,0.043939,0.726133
1677114166,452243225,0.391749,0.691087,0.157179,0.687169,0.013016,0.041776,0.725179
1677114166,461670687,0.392298,0.690433,0.157250,0.688019,0.015127,0.039602,0.724453
1677114166,471880435,0.392919,0.690134,0.157348,0.689820,0.016315,0.036972,0.722852
1677114166,482133839,0.393562,0.689955,0.157348,0.691149,0.017789,0.034752,0.721657
1677114166,491433163,0.394183,0.689883,0.157373,0.691958,0.018790,0.032272,0.720971
1677114166,501573487,0.394642,0.689628,0.157382,0.691221,0.020745,0.029930,0.721725
1677114166,511892837,0.395092,0.689728,0.157424,0.691862,0.022190,0.027910,0.721149
1677114166,522286595,0.395348,0.689604,0.157474,0.691873,0.024015,0.026352,0.721138
1677114166,531412877,0.395668,0.689489,0.157558,0.692723,0.024801,0.025867,0.720313
1677114166,541747259,0.395828,0.689199,0.157664,0.693413,0.025299,0.025877,0.719631
1677114166,551948087,0.395852,0.688926,0.157778,0.694622,0.025100,0.025611,0.718480
1677114166,562140149,0.395835,0.688563,0.157899,0.695768,0.024295,0.025427,0.717405
1677114166,571327120,0.395665,0.688164,0.158043,0.696750,0.024240,0.025514,0.716450
1677114166,582517550,0.395635,0.687912,0.158227,0.698000,0.023321,0.026508,0.715227
1677114166,591406649,0.395597,0.687598,0.158388,0.698288,0.022226,0.026892,0.714966
1677114166,601582227,0.395504,0.687431,0.158539,0.698616,0.021312,0.027244,0.714661
1677114166,611803120,0.395390,0.687335,0.158654,0.699041,0.020665,0.027340,0.714260
1677114166,621324861,0.395351,0.687248,0.158774,0.699660,0.019939,0.027602,0.713664
1677114166,631347437,0.395324,0.686975,0.158890,0.699887,0.019697,0.027963,0.713434
1677114166,641932872,0.395293,0.686738,0.159039,0.700848,0.019877,0.028408,0.712468
1677114166,651786004,0.395288,0.686421,0.159184,0.702164,0.019525,0.028155,0.711191
1677114166,662634891,0.395409,0.685922,0.159300,0.702860,0.018782,0.028009,0.710528
1677114166,672277449,0.395430,0.685627,0.159413,0.704258,0.018798,0.027344,0.709168
1677114166,682461488,0.395589,0.685141,0.159522,0.704657,0.018173,0.026902,0.708805
1677114166,692016252,0.395661,0.684882,0.159655,0.705531,0.018402,0.026161,0.707957
1677114166,701796516,0.395752,0.684568,0.159784,0.706056,0.018592,0.025430,0.707455
1677114166,711988480,0.395948,0.684338,0.159930,0.707010,0.018323,0.024994,0.706524
1677114166,722400124,0.396073,0.684074,0.160064,0.707817,0.018478,0.024261,0.705737
1677114166,732707618,0.396107,0.683815,0.160218,0.708703,0.019273,0.023797,0.704842
1677114166,742465206,0.396191,0.683520,0.160383,0.709567,0.019543,0.023664,0.703969
1677114166,751203238,0.396263,0.683129,0.160557,0.710002,0.019597,0.023637,0.703530
1677114166,761251003,0.396326,0.682791,0.160749,0.710745,0.019379,0.023435,0.702792
1677114166,771493973,0.396279,0.682404,0.160943,0.711340,0.019139,0.023029,0.702209
1677114166,781374845,0.396243,0.682184,0.161125,0.712613,0.018594,0.022427,0.700952
1677114166,791948520,0.396276,0.681925,0.161283,0.713974,0.018051,0.022463,0.699579
1677114166,802651221,0.396371,0.681459,0.161449,0.714829,0.017406,0.022710,0.698714
1677114166,812213466,0.396310,0.681056,0.161574,0.715734,0.017963,0.022392,0.697783
1677114166,821876529,0.396441,0.680743,0.161647,0.716915,0.017383,0.021918,0.696599
1677114166,831357212,0.396407,0.680490,0.161647,0.717640,0.018086,0.021049,0.695861
1677114166,841206445,0.396647,0.680410,0.161647,0.718571,0.017779,0.020591,0.694921
1677114166,851665687,0.396858,0.680099,0.161551,0.718207,0.018087,0.020088,0.695304
1677114166,861589441,0.396921,0.680030,0.161417,0.718247,0.018916,0.018610,0.695282
1677114166,872618823,0.397254,0.680075,0.161250,0.718104,0.018790,0.018269,0.695442
1677114166,882119914,0.397331,0.680206,0.161041,0.717507,0.019562,0.017058,0.696067
1677114166,891238767,0.397491,0.680451,0.160831,0.716728,0.019701,0.016342,0.696883
1677114166,901453443,0.397513,0.680598,0.160596,0.715412,0.020339,0.015715,0.698230
1677114166,911662352,0.397617,0.680730,0.160409,0.714795,0.019921,0.015433,0.698880
1677114166,922599714,0.397635,0.680792,0.160266,0.714898,0.019782,0.015662,0.698773
1677114166,931755723,0.397629,0.680517,0.160138,0.714718,0.019834,0.016511,0.698937
1677114166,942314726,0.397581,0.680423,0.160069,0.716099,0.019457,0.016798,0.697525
1677114166,952129973,0.397483,0.680133,0.160011,0.716936,0.019413,0.017198,0.696656
1677114166,962552873,0.397494,0.679856,0.159906,0.717923,0.018606,0.017200,0.695662
1677114166,971362550,0.397464,0.679591,0.159870,0.718622,0.018923,0.017510,0.694922
1677114166,981826925,0.397592,0.679310,0.159802,0.718784,0.018894,0.017689,0.694751
1677114166,992808780,0.397601,0.679254,0.159773,0.719477,0.019604,0.016677,0.694039
1677114167,2100746,0.397811,0.679081,0.159816,0.719357,0.020152,0.016261,0.694157
1677114167,12398230,0.397981,0.678964,0.159901,0.719823,0.020760,0.015207,0.693681
1677114167,21961912,0.398249,0.678873,0.160026,0.720866,0.021148,0.014559,0.692599
1677114167,31367732,0.398341,0.678588,0.160199,0.721463,0.022740,0.013772,0.691942
1677114167,41920125,0.398516,0.678328,0.160424,0.722235,0.023116,0.013295,0.691134
1677114167,52036930,0.398718,0.678048,0.160651,0.723125,0.023173,0.013252,0.690201
1677114167,62137651,0.398670,0.677834,0.160911,0.724212,0.023901,0.012693,0.689047
1677114167,72378436,0.398711,0.677495,0.161193,0.724758,0.024109,0.013029,0.688459
1677114167,82448108,0.398640,0.677393,0.161522,0.725979,0.024395,0.013473,0.687152
1677114167,92645523,0.398520,0.677274,0.161870,0.726839,0.024326,0.013701,0.686240
1677114167,101542419,0.398507,0.677025,0.162151,0.726745,0.023273,0.014373,0.686363
1677114167,111223975,0.398305,0.676977,0.162464,0.727033,0.023152,0.014830,0.686051
1677114167,121720514,0.398178,0.676910,0.162776,0.727141,0.022409,0.015246,0.685953
1677114167,131633737,0.398100,0.676848,0.163117,0.727143,0.021934,0.016433,0.685938
1677114167,142180140,0.398025,0.676785,0.163446,0.727514,0.021028,0.016819,0.685564
1677114167,152150013,0.397817,0.676731,0.163863,0.728706,0.020935,0.016677,0.684303
1677114167,161427783,0.397864,0.676256,0.164298,0.729270,0.020129,0.017268,0.683711
1677114167,171395569,0.397689,0.675924,0.164828,0.731169,0.020574,0.016691,0.681682
1677114167,182386962,0.397840,0.675336,0.165349,0.732162,0.020288,0.017363,0.680607
1677114167,191872983,0.397843,0.674933,0.165962,0.733572,0.020786,0.017151,0.679078
1677114167,202858794,0.397950,0.674833,0.166541,0.735240,0.020913,0.016931,0.677273
1677114167,212239428,0.398005,0.674755,0.167121,0.735829,0.021434,0.016868,0.676618
1677114167,222275309,0.397989,0.674710,0.167687,0.735628,0.022578,0.017186,0.676791
1677114167,231244309,0.398007,0.674908,0.168280,0.735732,0.022379,0.016989,0.676690
1677114167,241564026,0.397905,0.674994,0.168854,0.735418,0.022688,0.017581,0.677006
1677114167,252686664,0.397671,0.675033,0.169451,0.735527,0.022534,0.017660,0.676890
1677114167,261774757,0.397556,0.674897,0.170088,0.735707,0.021408,0.018779,0.676701
1677114167,271650736,0.397257,0.674844,0.170754,0.736766,0.020493,0.019383,0.675559
1677114167,281638435,0.396943,0.674526,0.171371,0.737100,0.019651,0.020504,0.675186
1677114167,291857601,0.396554,0.674341,0.171992,0.738088,0.019108,0.021289,0.674098
1677114167,301484589,0.396261,0.674187,0.172573,0.738987,0.018181,0.022181,0.673109
1677114167,312345166,0.395990,0.673898,0.173127,0.739200,0.017529,0.023437,0.672850
1677114167,323054066,0.395731,0.673915,0.173680,0.740159,0.016772,0.024120,0.671790
1677114167,332156252,0.395478,0.673888,0.174146,0.740590,0.016285,0.024850,0.671300
1677114167,342678543,0.395086,0.673781,0.174572,0.740470,0.016567,0.025355,0.671406
1677114167,351987829,0.394806,0.673730,0.174993,0.740705,0.015971,0.025378,0.671161
1677114167,361251389,0.394556,0.673547,0.175366,0.740792,0.015503,0.025865,0.671057
1677114167,371355489,0.394184,0.673323,0.175747,0.741201,0.015622,0.026118,0.670593
1677114167,382667708,0.393864,0.673126,0.176143,0.742129,0.015052,0.026260,0.669573
1677114167,391767308,0.393453,0.672847,0.176532,0.743129,0.014853,0.025909,0.668482
1677114167,402582971,0.393135,0.672585,0.176923,0.744342,0.014122,0.026126,0.667138
1677114167,412037102,0.392568,0.672058,0.177322,0.744567,0.014786,0.026132,0.666872
1677114167,421735172,0.392176,0.671641,0.177777,0.745763,0.013737,0.025897,0.665566
1677114167,431618306,0.391683,0.671118,0.178259,0.746811,0.013382,0.026151,0.664387
1677114167,441693551,0.390959,0.670749,0.178804,0.748589,0.013565,0.025860,0.662391
1677114167,451221512,0.390130,0.670160,0.179370,0.749701,0.013758,0.025925,0.661125
1677114167,461578248,0.389360,0.669653,0.179936,0.750940,0.012773,0.026591,0.659711
1677114167,471945051,0.388385,0.669090,0.180517,0.751941,0.012023,0.027249,0.658558
1677114167,482029676,0.387307,0.668521,0.181071,0.752756,0.010655,0.027698,0.657630
1677114167,491927865,0.385952,0.668036,0.181623,0.753763,0.010143,0.028758,0.656439
1677114167,501280036,0.384624,0.667337,0.182089,0.753782,0.008203,0.029769,0.656398
1677114167,511409473,0.383092,0.666666,0.182550,0.753889,0.006352,0.030294,0.656273
1677114167,521321206,0.381450,0.666112,0.183074,0.754595,0.004407,0.030936,0.655446
1677114167,531822364,0.379623,0.665264,0.183600,0.754647,0.003138,0.031814,0.655352
1677114167,541726582,0.377673,0.664469,0.184242,0.755795,0.001533,0.032291,0.654010
1677114167,552378666,0.375474,0.663301,0.184914,0.756891,0.000345,0.032395,0.652738
1677114167,561599045,0.373220,0.661956,0.185674,0.758651,-0.001227,0.032877,0.650666
1677114167,571305330,0.370607,0.660472,0.186497,0.760862,-0.001445,0.033282,0.648058
1677114167,581499197,0.367815,0.658705,0.187321,0.762506,-0.001570,0.033674,0.646103
1677114167,592309953,0.364778,0.656986,0.188235,0.764867,-0.002221,0.033678,0.643304
1677114167,601627515,0.361553,0.655138,0.189225,0.766896,-0.003112,0.033490,0.640890
1677114167,611897616,0.357967,0.653134,0.190233,0.768286,-0.003409,0.033355,0.639228
