secs,nsecs,tx,ty,tz,rx,ry,rz,rw
1677113640,110683969,0.402912,0.554300,0.490370,0.518553,0.072054,0.182086,0.832320
1677113640,120771502,0.403173,0.554748,0.490380,0.518540,0.073414,0.181354,0.832368
1677113640,130963954,0.403502,0.555149,0.490402,0.519018,0.072954,0.180844,0.832222
1677113640,141360869,0.403575,0.555440,0.490384,0.519263,0.073574,0.180791,0.832026
1677113640,151210757,0.403672,0.555675,0.490343,0.519260,0.073590,0.181697,0.831829
1677113640,161728909,0.403673,0.555902,0.490192,0.519380,0.073551,0.183331,0.831399
1677113640,170871866,0.403493,0.556086,0.489938,0.519486,0.073182,0.184252,0.831162
1677113640,180608406,0.403455,0.556231,0.489646,0.518926,0.072358,0.185925,0.831211
1677113640,190989453,0.403333,0.556575,0.489207,0.518994,0.071507,0.187015,0.830998
1677113640,201130366,0.403382,0.556819,0.488796,0.517684,0.071035,0.188677,0.831480
1677113640,211065373,0.403433,0.557058,0.488395,0.516572,0.070301,0.188953,0.832171
1677113640,221105177,0.403581,0.557479,0.487944,0.516116,0.069808,0.189063,0.832470
1677113640,231036578,0.403742,0.557663,0.487589,0.514634,0.069991,0.188844,0.833421
1677113640,240918075,0.404983,0.557977,0.487339,0.512522,0.067360,0.193317,0.833914
1677113640,250910906,0.404959,0.558262,0.486932,0.512232,0.068795,0.192559,0.834150
1677113640,260864859,0.404921,0.558998,0.486313,0.513497,0.071739,0.193936,0.832804
1677113640,272009544,0.405069,0.558753,0.485981,0.512392,0.070396,0.192237,0.833992
1677113640,281467960,0.405106,0.558930,0.485393,0.512495,0.070487,0.192777,0.833797
1677113640,291110878,0.405082,0.559731,0.484530,0.514202,0.072648,0.196461,0.831698
1677113640,301140877,0.405125,0.559905,0.483733,0.514250,0.071953,0.197930,0.831381
1677113640,310732625,0.405318,0.559170,0.483058,0.511216,0.069441,0.197183,0.833640
1677113640,320964444,0.405369,0.560204,0.481848,0.514187,0.070282,0.201575,0.830686
1677113640,331206281,0.405473,0.560299,0.480759,0.514001,0.069753,0.202748,0.830560
1677113640,341381609,0.405790,0.560405,0.479645,0.513821,0.068999,0.204132,0.830396
1677113640,351459052,0.406132,0.560570,0.478480,0.514118,0.068739,0.204782,0.830073
1677113640,361399185,0.406582,0.560706,0.477321,0.514503,0.068911,0.204796,0.829817
1677113640,371025038,0.407171,0.560872,0.476176,0.515062,0.069139,0.204702,0.829475
1677113640,380880103,0.407840,0.560546,0.475147,0.514920,0.066871,0.202040,0.830401
1677113640,391407372,0.408508,0.560818,0.473901,0.516136,0.067416,0.202121,0.829582
1677113640,401713178,0.409134,0.561101,0.472558,0.517689,0.068288,0.201951,0.828584
1677113640,410849193,0.409754,0.561422,0.471188,0.519369,0.068677,0.202102,0.827462
1677113640,420788132,0.410240,0.561487,0.469785,0.519374,0.070134,0.201977,0.827367
1677113640,431156907,0.410632,0.561880,0.468248,0.520631,0.071054,0.202066,0.826477
1677113640,440681358,0.411052,0.562142,0.466696,0.520784,0.071939,0.202617,0.826169
1677113640,450875633,0.411411,0.562504,0.465134,0.521080,0.072528,0.203335,0.825754
1677113640,461233891,0.411910,0.562857,0.463589,0.520958,0.072399,0.204684,0.825509
1677113640,471166512,0.412219,0.563264,0.461938,0.521359,0.072293,0.205165,0.825146
1677113640,480775305,0.412505,0.563768,0.460239,0.521894,0.072079,0.205870,0.824650
1677113640,490754222,0.412813,0.563946,0.458650,0.520409,0.071800,0.206561,0.825441
1677113640,501279845,0.413088,0.564408,0.456937,0.520053,0.072012,0.207475,0.825417
1677113640,510781407,0.413403,0.564831,0.455273,0.519507,0.071514,0.207999,0.825672
1677113640,521762192,0.413728,0.565206,0.453654,0.518293,0.071676,0.209050,0.826155
1677113640,531561675,0.413922,0.565651,0.452024,0.519988,0.072010,0.209832,0.824862
1677113640,541198832,0.414114,0.566462,0.450320,0.522488,0.074889,0.213641,0.822044
1677113640,551940075,0.414387,0.566588,0.448792,0.522856,0.074674,0.214554,0.821591
1677113640,561116729,0.414650,0.566772,0.447201,0.523692,0.074399,0.215961,0.820714
1677113640,570903112,0.414977,0.566932,0.445522,0.524388,0.072775,0.216823,0.820188
1677113640,580966969,0.415159,0.567258,0.443735,0.525777,0.072087,0.218178,0.819000
1677113640,591126362,0.415727,0.568173,0.441971,0.529316,0.068987,0.221720,0.816030
1677113640,600965286,0.415972,0.568377,0.440119,0.529720,0.068151,0.223758,0.815282
1677113640,610715302,0.416006,0.568469,0.438191,0.530282,0.067795,0.224909,0.814629
1677113640,620725332,0.416144,0.568767,0.436213,0.531184,0.067754,0.227413,0.813349
1677113640,630697258,0.416098,0.568840,0.434338,0.531561,0.067554,0.228652,0.812772
1677113640,640637482,0.416205,0.568918,0.432575,0.531447,0.067539,0.230744,0.812256
1677113640,650699180,0.416280,0.569104,0.430803,0.532290,0.067936,0.231977,0.811319
1677113640,660589956,0.416317,0.569106,0.429089,0.532468,0.069265,0.232299,0.810998
1677113640,670739541,0.416699,0.569200,0.427388,0.533010,0.069764,0.232573,0.810520
1677113640,680846620,0.417164,0.569130,0.425655,0.533025,0.071165,0.231893,0.810583
1677113640,691796610,0.417734,0.569224,0.423816,0.533659,0.072261,0.230823,0.810375
1677113640,701190873,0.418320,0.569246,0.421873,0.534127,0.074027,0.229079,0.810402
1677113640,710818079,0.419031,0.569378,0.419877,0.535124,0.075655,0.227650,0.809996
1677113640,720882294,0.419853,0.568967,0.418039,0.534631,0.075897,0.224898,0.811067
1677113640,730786220,0.421040,0.569031,0.416034,0.534975,0.076608,0.223637,0.811122
1677113640,740927539,0.421647,0.569268,0.413990,0.537018,0.080630,0.222021,0.809825
1677113640,751041356,0.422613,0.569303,0.412204,0.538532,0.083067,0.221479,0.808721
1677113640,761213832,0.423503,0.568920,0.410576,0.539977,0.084859,0.219047,0.808234
1677113640,770681928,0.424011,0.568489,0.409000,0.542306,0.089955,0.218095,0.806379
1677113640,781175573,0.424909,0.567613,0.407658,0.544384,0.091166,0.215804,0.805459
1677113640,791037035,0.425698,0.566848,0.406367,0.548057,0.092206,0.214401,0.803221
1677113640,801655632,0.426362,0.565937,0.405094,0.551305,0.093016,0.213354,0.801181
1677113640,811615311,0.427064,0.564895,0.403801,0.553831,0.093409,0.213434,0.799370
1677113640,821493067,0.427472,0.564021,0.402376,0.556736,0.092301,0.212604,0.797700
1677113640,831814525,0.427744,0.563210,0.400859,0.558731,0.091807,0.212998,0.796256
1677113640,841278740,0.428006,0.562552,0.399208,0.560284,0.090649,0.214000,0.795027
1677113640,850676759,0.428209,0.561823,0.397584,0.560885,0.089587,0.215294,0.794375
1677113640,861488772,0.428204,0.561431,0.395803,0.562331,0.089219,0.216328,0.793112
1677113640,871600054,0.428273,0.560888,0.394047,0.562777,0.088426,0.216985,0.792704
1677113640,881184597,0.428448,0.560483,0.392245,0.563003,0.087884,0.218058,0.792309
1677113640,892257877,0.428613,0.560058,0.390439,0.562921,0.087802,0.218506,0.792254
1677113640,900972720,0.428830,0.559695,0.388667,0.563160,0.087141,0.218273,0.792221
1677113640,910909655,0.429227,0.559364,0.386903,0.563405,0.087223,0.218240,0.792047
1677113640,920923022,0.429688,0.559118,0.385188,0.564191,0.087545,0.218098,0.791491
1677113640,931042520,0.430388,0.559498,0.383501,0.567606,0.087267,0.219171,0.788779
1677113640,941960000,0.430839,0.559157,0.381801,0.568679,0.088961,0.218060,0.788125
1677113640,951553962,0.431238,0.558006,0.380157,0.566553,0.091066,0.214465,0.790398
1677113640,961409939,0.432149,0.558435,0.378596,0.569792,0.090521,0.215779,0.787771
1677113640,971337195,0.432460,0.557371,0.376976,0.567336,0.092496,0.212002,0.790335
1677113640,980701283,0.433153,0.557969,0.375335,0.570545,0.093217,0.213181,0.787618
1677113640,990739299,0.433642,0.557834,0.373720,0.571051,0.093779,0.211544,0.787627
1677113641,1204513,0.434255,0.557808,0.372180,0.571232,0.094168,0.211627,0.787426
1677113641,11317462,0.434445,0.556898,0.370636,0.568517,0.095907,0.208706,0.789957
1677113641,22000802,0.434904,0.556653,0.369182,0.568235,0.096018,0.208481,0.790206
1677113641,32131609,0.435186,0.556429,0.367705,0.568574,0.096622,0.207787,0.790071
1677113641,41150316,0.435572,0.556988,0.366187,0.572297,0.096225,0.209341,0.787015
1677113641,50833672,0.435883,0.556923,0.364737,0.573508,0.095984,0.209960,0.785998
1677113641,60541279,0.436061,0.556678,0.363257,0.573936,0.096301,0.210352,0.785542
1677113641,70619050,0.436122,0.555869,0.361774,0.572543,0.096368,0.208604,0.787014
1677113641,80901630,0.436466,0.556196,0.360310,0.575050,0.095596,0.210311,0.784824
1677113641,90975359,0.436635,0.556226,0.358777,0.576497,0.095712,0.210761,0.783626
1677113641,101168946,0.436923,0.556019,0.357262,0.576303,0.095777,0.211086,0.783673
1677113641,110857371,0.436990,0.555922,0.355704,0.576202,0.096698,0.210829,0.783704
1677113641,120638461,0.437231,0.556249,0.354049,0.576963,0.096414,0.211579,0.782977
1677113641,130722611,0.437378,0.556364,0.352387,0.576243,0.097173,0.211948,0.783313
1677113641,140720643,0.437429,0.556706,0.350667,0.576482,0.097430,0.211568,0.783208
1677113641,151174644,0.437688,0.557062,0.348994,0.576023,0.097401,0.212664,0.783253
1677113641,161293883,0.437768,0.557244,0.347273,0.575256,0.098238,0.212901,0.783647
1677113641,170790326,0.437799,0.557482,0.345505,0.575285,0.098613,0.212429,0.783707
1677113641,180758515,0.437890,0.557768,0.343779,0.575381,0.099148,0.212896,0.783442
1677113641,191530112,0.438102,0.558056,0.342067,0.575403,0.098453,0.213497,0.783350
1677113641,201546779,0.438212,0.558361,0.340315,0.575703,0.098368,0.214109,0.782973
1677113641,211456959,0.438239,0.558431,0.338579,0.574779,0.099275,0.214452,0.783444
1677113641,221701617,0.438237,0.558770,0.336756,0.575266,0.099561,0.214920,0.782921
1677113641,231221539,0.438162,0.559000,0.334959,0.575158,0.100158,0.215190,0.782850
1677113641,241261628,0.438166,0.559190,0.333178,0.574408,0.100931,0.216584,0.782917
1677113641,250932255,0.438018,0.559592,0.331316,0.574693,0.100868,0.217042,0.782590
1677113641,260948397,0.437967,0.560068,0.329428,0.574454,0.100677,0.218427,0.782404
1677113641,271583647,0.437951,0.560237,0.327582,0.573015,0.099787,0.219364,0.783311
1677113641,281742119,0.437785,0.560652,0.325712,0.572696,0.100522,0.220796,0.783048
1677113641,291465940,0.437613,0.560904,0.323924,0.572613,0.100186,0.220852,0.783135
1677113641,301245197,0.437644,0.561139,0.322173,0.572662,0.099905,0.221718,0.782891
1677113641,310794036,0.437661,0.561157,0.320490,0.572599,0.100477,0.222352,0.782684
1677113641,320839482,0.437669,0.561265,0.318805,0.573543,0.101036,0.222688,0.781825
1677113641,331287489,0.437677,0.561246,0.317191,0.574072,0.101908,0.222533,0.781368
1677113641,341289440,0.437856,0.561222,0.315596,0.574610,0.101417,0.222868,0.780940
1677113641,351582836,0.437913,0.561375,0.313920,0.575481,0.101927,0.223067,0.780176
1677113641,361165284,0.438045,0.561482,0.312299,0.575527,0.101852,0.223673,0.779978
1677113641,370998997,0.437981,0.561717,0.310556,0.575784,0.102422,0.223572,0.779742
1677113641,380817430,0.437794,0.561998,0.308742,0.575666,0.103527,0.223697,0.779647
1677113641,391114530,0.437856,0.562262,0.307000,0.574564,0.103418,0.224589,0.780218
1677113641,400816644,0.437721,0.562577,0.305205,0.573571,0.103856,0.224743,0.780846
1677113641,411816116,0.437620,0.563022,0.303435,0.573188,0.103704,0.225205,0.781015
1677113641,421260981,0.437659,0.563419,0.301728,0.572525,0.103521,0.226069,0.781275
1677113641,431750303,0.437471,0.563711,0.300108,0.572371,0.104476,0.226228,0.781215
1677113641,440845731,0.437432,0.563832,0.298544,0.571857,0.104904,0.226201,0.781542
1677113641,450885552,0.437333,0.564100,0.297013,0.572497,0.105596,0.226232,0.780971
1677113641,461074665,0.437182,0.564334,0.295514,0.573109,0.106485,0.226468,0.780333
1677113641,472190437,0.437202,0.564597,0.294091,0.573612,0.107111,0.227262,0.779647
1677113641,481910240,0.437002,0.564820,0.292659,0.574182,0.108123,0.226807,0.779220
1677113641,491803052,0.436948,0.564975,0.291262,0.573390,0.108596,0.227630,0.779497
1677113641,502032149,0.436717,0.565447,0.289782,0.573432,0.108700,0.228047,0.779329
1677113641,510682478,0.436390,0.565762,0.288277,0.572651,0.108779,0.228067,0.779887
1677113641,521995181,0.435930,0.566143,0.286741,0.571891,0.110614,0.229191,0.779857
1677113641,532018992,0.435952,0.566512,0.285215,0.570530,0.107696,0.229250,0.781244
1677113641,541458725,0.435637,0.566798,0.283586,0.568869,0.108158,0.229368,0.782356
1677113641,551184217,0.435580,0.567172,0.282104,0.567754,0.106900,0.229882,0.783187
1677113641,561212558,0.435273,0.568130,0.280504,0.568055,0.108972,0.231941,0.782076
1677113641,571004341,0.435020,0.568584,0.278991,0.567197,0.110650,0.232012,0.782442
1677113641,580784305,0.435001,0.569095,0.277543,0.566459,0.111868,0.232629,0.782620
1677113641,591011736,0.434893,0.569746,0.276071,0.566512,0.112706,0.232533,0.782490
1677113641,601493385,0.434846,0.570200,0.274646,0.565502,0.113414,0.232309,0.783184
1677113641,611924285,0.434782,0.570672,0.273162,0.564449,0.113621,0.231585,0.784127
1677113641,621587817,0.434801,0.571444,0.271567,0.564072,0.113248,0.231586,0.784453
1677113641,631513559,0.434826,0.572067,0.270016,0.562531,0.113403,0.231596,0.785533
1677113641,640546378,0.434766,0.572791,0.268399,0.561438,0.113504,0.230638,0.786582
1677113641,651066394,0.435099,0.573531,0.266861,0.559634,0.112520,0.231318,0.787808
1677113641,662543149,0.434643,0.574245,0.265266,0.558639,0.115956,0.229861,0.788442
1677113641,671077176,0.434816,0.574463,0.263805,0.554568,0.117000,0.228993,0.791409
1677113641,681654612,0.434646,0.575688,0.262240,0.554926,0.118660,0.229408,0.790790
1677113641,691282063,0.434592,0.576661,0.260756,0.553495,0.119146,0.230036,0.791537
1677113641,700917221,0.434259,0.577567,0.259197,0.551821,0.120434,0.230041,0.792509
1677113641,710663123,0.433952,0.578593,0.257578,0.550455,0.121088,0.230601,0.793197
1677113641,720888393,0.433724,0.579551,0.255938,0.548651,0.121280,0.231922,0.794031
1677113641,731284429,0.433430,0.580243,0.254382,0.546479,0.121230,0.232646,0.795324
1677113641,741531478,0.433175,0.581092,0.252709,0.544892,0.121488,0.234032,0.795967
1677113641,751224487,0.432983,0.581565,0.251177,0.542200,0.120776,0.234145,0.797878
1677113641,761760823,0.432659,0.582547,0.249516,0.540705,0.122525,0.235802,0.798137
1677113641,771468994,0.432414,0.583406,0.247914,0.539402,0.123377,0.236273,0.798748
1677113641,781456531,0.432119,0.584296,0.246346,0.538655,0.125161,0.236166,0.799007
1677113641,791170077,0.432039,0.584678,0.244900,0.535990,0.126205,0.234714,0.801060
1677113641,801731514,0.431919,0.585626,0.243498,0.535736,0.128058,0.235124,0.800815
1677113641,811158281,0.431839,0.586594,0.242140,0.535747,0.129926,0.235760,0.800320
1677113641,821372578,0.431933,0.587305,0.240897,0.534805,0.130845,0.236621,0.800546
1677113641,831074052,0.431766,0.588068,0.239528,0.535022,0.132372,0.236540,0.800173
1677113641,840598208,0.431753,0.588590,0.238266,0.533879,0.133182,0.237099,0.800637
1677113641,851220400,0.431539,0.589068,0.236937,0.532828,0.134270,0.237121,0.801149
1677113641,861162255,0.431470,0.589725,0.235588,0.532023,0.134469,0.238600,0.801211
1677113641,871453474,0.431280,0.590201,0.234246,0.530972,0.134551,0.239298,0.801686
1677113641,881454372,0.430992,0.590666,0.232890,0.529881,0.135082,0.240216,0.802045
1677113641,891659985,0.430823,0.591032,0.231592,0.527990,0.135975,0.241625,0.802717
1677113641,901960709,0.430667,0.591988,0.230179,0.528098,0.136936,0.243924,0.801787
1677113641,910855904,0.430589,0.592517,0.228902,0.526707,0.137778,0.245326,0.802130
1677113641,921361929,0.430286,0.593175,0.227584,0.526328,0.139305,0.245167,0.802163
1677113641,931441226,0.430376,0.593810,0.226477,0.524291,0.140124,0.246571,0.802924
1677113641,941371121,0.430202,0.594628,0.225220,0.523723,0.141543,0.246428,0.803090
1677113641,951143816,0.430180,0.595515,0.224065,0.522913,0.142451,0.247085,0.803255
1677113641,961551275,0.430214,0.596096,0.223075,0.520745,0.143356,0.247511,0.804371
1677113641,970706013,0.430219,0.596796,0.222068,0.519542,0.144133,0.248236,0.804786
1677113641,980827618,0.429758,0.596963,0.221076,0.516650,0.147442,0.247354,0.806318
1677113641,991433695,0.429824,0.597767,0.220163,0.516683,0.144672,0.246617,0.807025
1677113642,1632111,0.429845,0.598700,0.219224,0.516670,0.145037,0.248931,0.806257
1677113642,11478769,0.429801,0.599474,0.218338,0.515607,0.145572,0.251134,0.806158
1677113642,21275167,0.429610,0.600060,0.217474,0.513827,0.146477,0.252343,0.806753
1677113642,31840360,0.429325,0.601060,0.216526,0.513563,0.147191,0.254100,0.806239
1677113642,41260404,0.429046,0.601712,0.215740,0.511576,0.147936,0.255208,0.807015
1677113642,50716721,0.428756,0.602485,0.214950,0.510570,0.148673,0.256746,0.807029
1677113642,60971691,0.428537,0.603024,0.214312,0.508758,0.149033,0.258089,0.807678
1677113642,70773925,0.428204,0.603683,0.213630,0.508540,0.149393,0.259100,0.807426
1677113642,81189983,0.428044,0.604124,0.213062,0.507930,0.148317,0.260553,0.807540
1677113642,91349985,0.427738,0.604778,0.212382,0.508111,0.148156,0.262466,0.806836
1677113642,101292989,0.427426,0.605314,0.211656,0.507238,0.147642,0.264399,0.806848
1677113642,110647824,0.426984,0.605929,0.210868,0.505638,0.147658,0.266604,0.807124
1677113642,121119317,0.426413,0.606860,0.209869,0.504670,0.147429,0.268649,0.807094
1677113642,131169807,0.425882,0.607662,0.208932,0.501832,0.147331,0.270667,0.808207
1677113642,140787945,0.425361,0.608640,0.207917,0.499306,0.147966,0.273066,0.808847
1677113642,151088785,0.424915,0.609611,0.206945,0.496989,0.148053,0.274680,0.809712
1677113642,161533195,0.424552,0.610576,0.206063,0.495226,0.147788,0.276084,0.810363
1677113642,171674563,0.424408,0.611346,0.205356,0.493085,0.147124,0.277692,0.811239
1677113642,180760008,0.424108,0.612126,0.204610,0.492385,0.147739,0.278849,0.811156
1677113642,191220398,0.423957,0.612817,0.203923,0.491929,0.147679,0.279937,0.811068
1677113642,201442268,0.423810,0.613278,0.203307,0.490987,0.148395,0.280956,0.811157
1677113642,210956177,0.423718,0.613890,0.202649,0.490621,0.148645,0.281844,0.811024
1677113642,221620122,0.423738,0.614467,0.201946,0.489690,0.149028,0.282935,0.811136
1677113642,231026941,0.423570,0.615021,0.201190,0.488902,0.150098,0.282584,0.811536
1677113642,240861174,0.423565,0.615673,0.200421,0.487654,0.150829,0.282634,0.812134
1677113642,251813744,0.423633,0.616515,0.199632,0.487013,0.151454,0.282710,0.812376
1677113642,261645129,0.423651,0.617278,0.198858,0.485850,0.152975,0.282575,0.812834
1677113642,270935439,0.423725,0.618093,0.198117,0.484917,0.154008,0.282504,0.813221
1677113642,281626830,0.423624,0.618847,0.197319,0.484316,0.155964,0.281993,0.813384
1677113642,291130334,0.423712,0.619548,0.196627,0.483130,0.156497,0.282359,0.813860
1677113642,301012796,0.423696,0.620078,0.195926,0.481332,0.157457,0.282588,0.814660
1677113642,311006725,0.423531,0.620659,0.195197,0.479779,0.158388,0.283195,0.815185
1677113642,321606262,0.423311,0.621240,0.194458,0.478628,0.158965,0.283760,0.815553
1677113642,330726265,0.423083,0.621872,0.193673,0.477539,0.159416,0.284987,0.815675
1677113642,341175006,0.422863,0.622349,0.192980,0.475954,0.159274,0.286103,0.816238
1677113642,351554064,0.422508,0.622893,0.192247,0.474790,0.159785,0.287303,0.816395
1677113642,361051376,0.422305,0.623377,0.191540,0.473449,0.159480,0.288956,0.816650
1677113642,371144849,0.422073,0.623820,0.190857,0.471867,0.159733,0.290746,0.816880
1677113642,380845112,0.421741,0.624182,0.190200,0.470397,0.159701,0.291367,0.817513
1677113642,391192098,0.421572,0.624713,0.189563,0.469534,0.159325,0.292901,0.817534
1677113642,401425963,0.421380,0.625107,0.188965,0.468199,0.159775,0.294028,0.817807
1677113642,411858460,0.421194,0.625617,0.188403,0.467432,0.160484,0.295272,0.817659
1677113642,421321465,0.420961,0.625964,0.187854,0.466199,0.161013,0.295644,0.818125
1677113642,431066213,0.420754,0.626517,0.187283,0.465354,0.161329,0.296910,0.818085
1677113642,440959411,0.420442,0.627010,0.186645,0.463863,0.161885,0.297865,0.818475
1677113642,451135689,0.420232,0.627533,0.186032,0.461681,0.162032,0.299901,0.818936
1677113642,461114132,0.419829,0.628115,0.185241,0.460176,0.161771,0.301099,0.819395
1677113642,471597778,0.419452,0.628654,0.184491,0.458177,0.161663,0.302518,0.820013
1677113642,481500093,0.419161,0.629277,0.183803,0.456111,0.161606,0.304953,0.820274
1677113642,491135960,0.418700,0.629829,0.183111,0.454507,0.162342,0.306384,0.820486
1677113642,501375486,0.418417,0.630271,0.182589,0.452384,0.162824,0.307923,0.820988
1677113642,510946822,0.418120,0.630887,0.182040,0.451668,0.163154,0.309163,0.820850
1677113642,520554802,0.417881,0.631405,0.181587,0.449909,0.164659,0.310970,0.820833
1677113642,530838763,0.417578,0.632142,0.181067,0.449966,0.164905,0.311908,0.820397
1677113642,541121493,0.417270,0.632619,0.180665,0.448041,0.165933,0.312846,0.820885
1677113642,550987624,0.417091,0.633193,0.180249,0.446200,0.166143,0.314225,0.821319
1677113642,561388299,0.416817,0.633656,0.179815,0.443612,0.166725,0.315466,0.822126
1677113642,570720316,0.416458,0.634266,0.179300,0.441666,0.166656,0.316571,0.822764
1677113642,580756787,0.416212,0.634927,0.178886,0.439423,0.166716,0.318953,0.823032
1677113642,591482224,0.415886,0.635502,0.178652,0.439760,0.166281,0.320000,0.822534
1677113642,601478698,0.415673,0.635871,0.178626,0.438595,0.166902,0.321748,0.822348
1677113642,611168165,0.415345,0.636216,0.178464,0.437359,0.167308,0.323293,0.822318
1677113642,621470325,0.415003,0.636634,0.178232,0.437288,0.166922,0.324305,0.822035
1677113642,630674690,0.414819,0.636884,0.178140,0.436518,0.166360,0.325597,0.822048
1677113642,640955715,0.414687,0.637093,0.178108,0.436014,0.166123,0.326894,0.821849
1677113642,650571668,0.414477,0.637423,0.177976,0.436545,0.166664,0.327775,0.821106
1677113642,660962138,0.414501,0.637514,0.178007,0.435277,0.166540,0.328696,0.821436
1677113642,671265388,0.414297,0.637830,0.177816,0.435449,0.167199,0.328789,0.821174
1677113642,681178408,0.414250,0.638152,0.177647,0.434936,0.167484,0.329116,0.821256
1677113642,691326837,0.414196,0.638483,0.177368,0.434582,0.168028,0.328928,0.821408
1677113642,700946049,0.414265,0.638835,0.177161,0.434205,0.168571,0.328802,0.821547
1677113642,710719561,0.414248,0.639028,0.176968,0.433915,0.169512,0.327364,0.822080
1677113642,721337969,0.414317,0.639395,0.176757,0.434177,0.170837,0.326687,0.821937
1677113642,731420351,0.414466,0.639689,0.176565,0.433914,0.172070,0.325944,0.822114
1677113642,741867488,0.414646,0.639777,0.176425,0.432692,0.172911,0.324888,0.822999
1677113642,751483514,0.414520,0.640342,0.175968,0.433931,0.173662,0.323399,0.822775
1677113642,761676563,0.414633,0.640536,0.175752,0.433007,0.173754,0.322666,0.823530
1677113642,770751145,0.414546,0.640801,0.175539,0.434265,0.174487,0.321553,0.823147
1677113642,780691861,0.414652,0.640818,0.175600,0.435062,0.174876,0.321192,0.822785
1677113642,790991556,0.414704,0.640731,0.175724,0.435934,0.175308,0.321133,0.822255
1677113642,801517740,0.414477,0.640794,0.175606,0.437799,0.175874,0.320713,0.821306
1677113642,811237959,0.414414,0.640723,0.175540,0.438202,0.175180,0.320837,0.821191
1677113642,821070286,0.414275,0.640620,0.175502,0.438766,0.175044,0.321067,0.820829
1677113642,831203345,0.414210,0.640372,0.175553,0.439880,0.174420,0.320433,0.820613
1677113642,841345143,0.414199,0.640230,0.175577,0.441301,0.174237,0.320461,0.819878
1677113642,850721975,0.414078,0.640023,0.175536,0.442382,0.173843,0.319382,0.819800
1677113642,860853938,0.414001,0.639984,0.175397,0.443040,0.173647,0.319122,0.819587
1677113642,871790495,0.413988,0.639900,0.175297,0.443646,0.173266,0.318569,0.819555
1677113642,880797123,0.413929,0.639619,0.175344,0.444342,0.173250,0.317198,0.819713
1677113642,891456886,0.413958,0.639508,0.175332,0.446558,0.172585,0.315929,0.819139
1677113642,901526259,0.413947,0.639470,0.175278,0.448717,0.172592,0.315192,0.818241
1677113642,910913094,0.413914,0.639213,0.175234,0.450015,0.172052,0.313582,0.818261
1677113642,921066720,0.413904,0.638990,0.175139,0.451369,0.172253,0.312340,0.817948
1677113642,931266917,0.413919,0.638760,0.175085,0.452964,0.172187,0.311181,0.817522
1677113642,941051526,0.413821,0.638753,0.174906,0.455633,0.172709,0.310095,0.816340
1677113642,951322954,0.413642,0.638558,0.174793,0.457273,0.173209,0.308360,0.815974
1677113642,960956503,0.413621,0.638510,0.174689,0.458532,0.172794,0.307734,0.815592
1677113642,971612124,0.413501,0.638513,0.174547,0.460631,0.172374,0.306723,0.814879
1677113642,980757403,0.413370,0.638253,0.174530,0.462195,0.172257,0.305294,0.814554
1677113642,991251096,0.413214,0.638059,0.174534,0.464285,0.171479,0.303933,0.814039
1677113643,1497984,0.412984,0.637896,0.174468,0.466413,0.171359,0.302883,0.813238
1677113643,11518649,0.412861,0.637878,0.174393,0.468676,0.170162,0.302472,0.812341
1677113643,21470322,0.412667,0.637646,0.174301,0.470010,0.169320,0.301607,0.812068
1677113643,31601416,0.412379,0.637514,0.174158,0.472406,0.168620,0.300499,0.811234
1677113643,41421423,0.412214,0.637360,0.174067,0.474597,0.167982,0.299811,0.810341
1677113643,51162284,0.411919,0.637075,0.173966,0.476648,0.167697,0.298444,0.809701
1677113643,61284984,0.411696,0.636994,0.173830,0.479159,0.167004,0.297516,0.808703
1677113643,71594363,0.411358,0.636964,0.173673,0.481847,0.166642,0.296528,0.807542
1677113643,81344141,0.411072,0.636904,0.173581,0.484167,0.165651,0.295546,0.806719
1677113643,91610336,0.410765,0.636832,0.173479,0.486675,0.164773,0.294203,0.805879
1677113643,100820286,0.410560,0.636702,0.173447,0.488359,0.163801,0.293360,0.805366
1677113643,110895996,0.410276,0.636695,0.173349,0.490543,0.162546,0.291833,0.804848
1677113643,121893990,0.410041,0.636559,0.173313,0.491508,0.161712,0.290634,0.804861
1677113643,130782734,0.409899,0.636619,0.173272,0.493299,0.159646,0.289436,0.804609
1677113643,140982788,0.409627,0.636527,0.173161,0.494721,0.158212,0.287198,0.804821
1677113643,151243449,0.409448,0.636579,0.173082,0.496716,0.156130,0.285239,0.804696
1677113643,161224777,0.409361,0.636536,0.173043,0.497838,0.154128,0.283039,0.805165
1677113643,171022632,0.409336,0.636502,0.173031,0.498824,0.151937,0.281075,0.805659
1677113643,180585743,0.409134,0.636638,0.172934,0.500856,0.150618,0.278211,0.805640
1677113643,190708735,0.409168,0.636780,0.172888,0.502398,0.148040,0.275572,0.806065
1677113643,201137018,0.409111,0.637079,0.172799,0.504434,0.146550,0.272752,0.806024
1677113643,211443148,0.409044,0.637476,0.172650,0.506291,0.145084,0.269702,0.806152
1677113643,221163240,0.408855,0.637855,0.172502,0.507486,0.144622,0.266197,0.806648
1677113643,231847986,0.408912,0.638448,0.172404,0.508908,0.143129,0.263049,0.807052
1677113643,241061550,0.408934,0.639007,0.172316,0.510013,0.142219,0.259366,0.807707
1677113643,250977875,0.408908,0.639561,0.172279,0.511437,0.141288,0.254721,0.808448
1677113643,260818971,0.409022,0.640150,0.172218,0.512536,0.140532,0.250715,0.809135
1677113643,271012687,0.409164,0.640707,0.172180,0.513418,0.139456,0.246213,0.810144
1677113643,281113072,0.409341,0.641164,0.172132,0.514119,0.137993,0.241269,0.811437
1677113643,290913840,0.409761,0.641602,0.172075,0.514865,0.136405,0.237259,0.812414
1677113643,301033399,0.409892,0.642061,0.171949,0.516911,0.135867,0.231886,0.812756
1677113643,310682522,0.410237,0.642245,0.171897,0.517766,0.134968,0.227151,0.813698
1677113643,320831072,0.410524,0.642590,0.171802,0.519433,0.133483,0.221844,0.814344
1677113643,331105130,0.410766,0.643018,0.171698,0.520800,0.131967,0.217528,0.814882
1677113643,341658507,0.410727,0.643573,0.171546,0.522152,0.132409,0.213541,0.815000
1677113643,351703446,0.410784,0.644029,0.171535,0.522794,0.131188,0.209320,0.815881
1677113643,361535292,0.410492,0.644727,0.171418,0.523782,0.131450,0.206187,0.816003
1677113643,371085252,0.410336,0.645452,0.171380,0.524601,0.129299,0.202935,0.816635
1677113643,380756229,0.410031,0.646007,0.171375,0.524591,0.127792,0.200680,0.817436
1677113643,391370113,0.409581,0.646516,0.171362,0.524838,0.126652,0.198771,0.817920
1677113643,401276892,0.409163,0.647087,0.171366,0.526118,0.124407,0.197712,0.817700
1677113643,411321810,0.408594,0.647336,0.171348,0.526886,0.121935,0.195902,0.818013
1677113643,421530760,0.408006,0.647704,0.171302,0.528366,0.119357,0.195141,0.817620
1677113643,431633125,0.407396,0.647871,0.171300,0.528992,0.116847,0.194435,0.817747
1677113643,441215211,0.406749,0.648138,0.171204,0.530128,0.114489,0.194235,0.817392
1677113643,451014236,0.406165,0.648126,0.171205,0.530204,0.110624,0.192849,0.818203
1677113643,461796777,0.405329,0.648419,0.171121,0.530943,0.108612,0.192610,0.818049
1677113643,471766509,0.404399,0.648648,0.171071,0.531524,0.106660,0.192137,0.818040
1677113643,480999091,0.403603,0.648812,0.171152,0.531393,0.104060,0.192416,0.818394
1677113643,491783289,0.402545,0.649014,0.171138,0.531880,0.102034,0.191934,0.818446
1677113643,500938844,0.401644,0.649309,0.171122,0.532198,0.099265,0.193028,0.818322
1677113643,510730772,0.400802,0.649572,0.171150,0.532162,0.096148,0.194971,0.818258
1677113643,520885343,0.399562,0.649686,0.171073,0.532647,0.094192,0.195613,0.818016
1677113643,531106077,0.398350,0.649598,0.171044,0.532979,0.092069,0.196358,0.817863
1677113643,541188579,0.397442,0.649484,0.171048,0.533125,0.088959,0.198498,0.817596
1677113643,551482026,0.396268,0.649305,0.170939,0.533750,0.086582,0.199898,0.817102
1677113643,561579750,0.395142,0.649059,0.170800,0.534232,0.084433,0.201648,0.816581
1677113643,571076201,0.393981,0.648875,0.170600,0.535512,0.082199,0.203252,0.815573
1677113643,580725321,0.393361,0.649391,0.170413,0.540033,0.077612,0.207697,0.811913
1677113643,590799599,0.392309,0.648932,0.170195,0.541889,0.075574,0.209461,0.810414
1677113643,601457480,0.391446,0.648480,0.170047,0.543842,0.073251,0.212090,0.808633
1677113643,611095716,0.390481,0.647949,0.169822,0.545366,0.071614,0.213499,0.807382
1677113643,621944231,0.389882,0.648181,0.169617,0.549238,0.067945,0.216438,0.804286
1677113643,631311610,0.389058,0.648088,0.169365,0.551207,0.066626,0.218646,0.802450
1677113643,640846646,0.388341,0.647598,0.169218,0.551806,0.064787,0.219432,0.801974
1677113643,650961350,0.387612,0.647309,0.169060,0.553326,0.063702,0.220074,0.800837
1677113643,661187307,0.386933,0.646779,0.168942,0.553618,0.063168,0.219987,0.800701
1677113643,671626516,0.386541,0.646612,0.168845,0.555060,0.061228,0.220371,0.799747
1677113643,681031096,0.386183,0.646247,0.168752,0.555282,0.060130,0.220602,0.799613
1677113643,691296564,0.385694,0.646050,0.168616,0.556696,0.059542,0.219142,0.799075
1677113643,701304927,0.385384,0.645799,0.168551,0.557277,0.059234,0.218201,0.798951
1677113643,710688795,0.385155,0.645632,0.168518,0.557656,0.059370,0.217514,0.798863
1677113643,721471250,0.385029,0.645508,0.168522,0.557949,0.059551,0.216723,0.798860
1677113643,731082285,0.384861,0.645480,0.168481,0.558869,0.059965,0.215004,0.798651
1677113643,741314522,0.384799,0.645483,0.168442,0.559447,0.060983,0.214098,0.798412
1677113643,751492139,0.384819,0.645596,0.168402,0.560426,0.061543,0.213055,0.797962
1677113643,760962722,0.384845,0.645570,0.168384,0.560709,0.061925,0.211269,0.798208
1677113643,770735953,0.384806,0.645756,0.168316,0.561681,0.062487,0.209100,0.798052
1677113643,780599093,0.384837,0.645938,0.168268,0.562264,0.063633,0.208007,0.797837
1677113643,791232616,0.384901,0.646036,0.168237,0.562252,0.064148,0.206427,0.798214
1677113643,800976632,0.384914,0.646427,0.168129,0.563995,0.064553,0.204890,0.797348
1677113643,811231009,0.385014,0.646653,0.168077,0.565039,0.064699,0.203549,0.796939
1677113643,821140682,0.384970,0.646868,0.167962,0.566135,0.065638,0.201741,0.796544
1677113643,831554691,0.385027,0.647195,0.167823,0.567295,0.066095,0.200353,0.796032
1677113643,841008670,0.385095,0.647572,0.167702,0.568179,0.066287,0.198862,0.795759
1677113643,850778845,0.385222,0.647868,0.167657,0.568493,0.066419,0.197195,0.795939
1677113643,860879841,0.385281,0.648259,0.167644,0.569139,0.066922,0.195679,0.795809
1677113643,871479537,0.385397,0.648629,0.167658,0.569627,0.067784,0.194841,0.795592
1677113643,881507159,0.385355,0.649071,0.167618,0.570859,0.067853,0.192621,0.795244
1677113643,891276053,0.385442,0.649549,0.167522,0.571540,0.068221,0.191865,0.794906
1677113643,900992296,0.385440,0.649980,0.167476,0.571841,0.068691,0.191120,0.794829
1677113643,910720969,0.385323,0.650432,0.167445,0.572082,0.069287,0.190090,0.794851
1677113643,921433183,0.385146,0.651049,0.167369,0.573114,0.069896,0.189479,0.794200
1677113643,930766186,0.385023,0.651672,0.167329,0.573674,0.070133,0.189621,0.793740
1677113643,941305243,0.384838,0.652156,0.167301,0.573084,0.070634,0.189841,0.794069
1677113643,951573851,0.384549,0.652662,0.167273,0.572840,0.071073,0.189971,0.794175
1677113643,961867957,0.384303,0.653349,0.167256,0.573547,0.070979,0.190422,0.793565
1677113643,970967791,0.384156,0.653810,0.167332,0.573389,0.070166,0.190644,0.793698
1677113643,980765958,0.383905,0.654354,0.167403,0.573559,0.070432,0.190837,0.793505
1677113643,991200004,0.383737,0.654884,0.167484,0.573456,0.070146,0.190881,0.793594
1677113644,1109205,0.383599,0.655463,0.167575,0.573299,0.069834,0.191142,0.793672
1677113644,11334393,0.383475,0.655998,0.167670,0.572757,0.070010,0.191383,0.793990
1677113644,21795277,0.383376,0.656526,0.167756,0.572644,0.069819,0.191157,0.794143
1677113644,30948707,0.383253,0.657111,0.167812,0.572839,0.070580,0.191188,0.793928
1677113644,40648932,0.383137,0.657776,0.167814,0.573490,0.070870,0.190675,0.793555
1677113644,50900701,0.383127,0.658122,0.167913,0.572403,0.071235,0.190303,0.794396
1677113644,60859635,0.383092,0.658688,0.167971,0.572288,0.071808,0.190008,0.794498
1677113644,71489422,0.383176,0.659283,0.168026,0.572115,0.072018,0.190021,0.794600
1677113644,80897551,0.383260,0.659745,0.168115,0.571585,0.072230,0.189418,0.795106
1677113644,91197699,0.383302,0.660210,0.168169,0.571262,0.072843,0.188771,0.795436
1677113644,100814806,0.383429,0.660704,0.168248,0.571121,0.072955,0.187840,0.795748
1677113644,110653350,0.383547,0.661446,0.168249,0.571757,0.073677,0.187531,0.795297
1677113644,120736004,0.383573,0.661791,0.168349,0.570940,0.074402,0.185878,0.796204
1677113644,130807231,0.383732,0.662425,0.168382,0.571198,0.074915,0.185545,0.796048
1677113644,141115634,0.383801,0.662875,0.168446,0.571045,0.075713,0.184597,0.796303
1677113644,151127850,0.383868,0.663375,0.168485,0.571019,0.076631,0.183843,0.796409
1677113644,161818871,0.383917,0.664023,0.168483,0.571799,0.076968,0.183252,0.795952
1677113644,170653294,0.383899,0.664460,0.168448,0.571765,0.077922,0.182703,0.796010
1677113644,180797457,0.383987,0.664830,0.168399,0.571941,0.077961,0.182390,0.795952
1677113644,191109380,0.383952,0.665175,0.168306,0.572232,0.078226,0.181666,0.795883
1677113644,201374160,0.384002,0.665505,0.168239,0.572425,0.078209,0.181862,0.795701
1677113644,211681382,0.383870,0.665934,0.168119,0.573349,0.078528,0.181588,0.795066
1677113644,221730677,0.383822,0.666347,0.168029,0.573905,0.078333,0.181787,0.794639
1677113644,231290527,0.383591,0.666744,0.167927,0.574577,0.078732,0.181708,0.794131
1677113644,240792483,0.383470,0.667057,0.167854,0.574953,0.078474,0.181962,0.793827
1677113644,250951944,0.383380,0.667383,0.167816,0.575247,0.078423,0.182961,0.793389
1677113644,261293914,0.383199,0.667664,0.167762,0.575497,0.078224,0.182947,0.793231
1677113644,271204229,0.383081,0.667988,0.167713,0.575222,0.078456,0.183896,0.793187
1677113644,280940645,0.383031,0.668403,0.167653,0.575539,0.077409,0.184311,0.792964
1677113644,291410514,0.382853,0.669056,0.167528,0.577212,0.077230,0.184670,0.791681
1677113644,300885011,0.382785,0.669306,0.167476,0.577276,0.077114,0.185206,0.791521
1677113644,310750727,0.382770,0.669538,0.167447,0.577318,0.076855,0.185605,0.791422
1677113644,321636127,0.382723,0.669737,0.167394,0.577338,0.076624,0.185209,0.791522
1677113644,331287034,0.382749,0.670150,0.167327,0.578121,0.076309,0.184983,0.791034
1677113644,341687412,0.382804,0.670508,0.167271,0.578527,0.076160,0.184334,0.790902
1677113644,351208299,0.382904,0.670801,0.167278,0.578282,0.076323,0.183684,0.791217
1677113644,361375779,0.383071,0.671507,0.167227,0.579463,0.076241,0.183403,0.790426
1677113644,370851355,0.383194,0.671980,0.167213,0.579804,0.076018,0.181770,0.790575
1677113644,380673874,0.383373,0.672463,0.167174,0.580069,0.076528,0.180630,0.790592
1677113644,391289986,0.383590,0.672867,0.167187,0.580585,0.076985,0.179298,0.790472
1677113644,401288610,0.383904,0.673069,0.167227,0.580150,0.077418,0.178168,0.791005
1677113644,411409006,0.384080,0.673429,0.167211,0.580646,0.078362,0.176639,0.790891
1677113644,420888348,0.384340,0.673724,0.167234,0.580625,0.078622,0.175479,0.791139
1677113644,431309526,0.384619,0.674023,0.167280,0.580549,0.079198,0.174761,0.791296
1677113644,441178672,0.384775,0.674349,0.167327,0.580969,0.079711,0.173566,0.791199
1677113644,450909264,0.384998,0.674586,0.167424,0.580641,0.080047,0.172750,0.791584
1677113644,461163451,0.385205,0.674741,0.167561,0.580235,0.079260,0.171530,0.792226
1677113644,471256885,0.385504,0.674718,0.167781,0.579226,0.077803,0.170579,0.793314
1677113644,480332569,0.385605,0.674819,0.167976,0.579687,0.076951,0.169112,0.793375
1677113644,491273318,0.385884,0.674520,0.168387,0.579166,0.075257,0.167824,0.794191
1677113644,501237412,0.386112,0.674219,0.168829,0.579848,0.073438,0.166316,0.794180
1677113644,511219230,0.386391,0.673822,0.169400,0.581318,0.071006,0.165073,0.793586
1677113644,520585419,0.386566,0.673123,0.170045,0.582531,0.069110,0.163193,0.793252
1677113644,530675293,0.386752,0.672408,0.170691,0.584385,0.067024,0.161846,0.792343
1677113644,540685382,0.386939,0.671636,0.171421,0.586137,0.064651,0.160636,0.791492
1677113644,551159928,0.387078,0.670775,0.172183,0.587774,0.061579,0.159194,0.790814
1677113644,561250242,0.387289,0.669974,0.172895,0.589403,0.057770,0.158202,0.790088
1677113644,571464900,0.387219,0.669178,0.173601,0.591021,0.054538,0.156248,0.789498
1677113644,580862444,0.387289,0.668436,0.174262,0.592377,0.050230,0.154968,0.789019
1677113644,591090919,0.387279,0.667703,0.174893,0.593361,0.046116,0.153715,0.788776
1677113644,600989375,0.387373,0.666992,0.175472,0.593690,0.041286,0.152915,0.788952
1677113644,611534239,0.387279,0.666379,0.175976,0.594269,0.036244,0.151001,0.789132
1677113644,621065168,0.387198,0.665744,0.176471,0.594403,0.030811,0.148960,0.789649
1677113644,630745793,0.387186,0.665092,0.176977,0.594220,0.025058,0.147154,0.790329
1677113644,640417244,0.387087,0.664479,0.177478,0.594393,0.019842,0.144817,0.790779
1677113644,650637287,0.387032,0.663826,0.178087,0.594644,0.014521,0.142290,0.791164
1677113644,660484357,0.386903,0.663126,0.178738,0.595140,0.009822,0.139424,0.791374
1677113644,670591029,0.386772,0.662384,0.179534,0.596118,0.005191,0.136371,0.791214
1677113644,681137140,0.386495,0.661371,0.180461,0.596470,0.001692,0.132676,0.791592
1677113644,691111240,0.386404,0.660536,0.181539,0.598380,-0.003164,0.129434,0.790682
1677113644,700649934,0.386087,0.659550,0.182703,0.600742,-0.006976,0.125454,0.789507
1677113644,710804213,0.385677,0.658306,0.183965,0.603051,-0.011061,0.121277,0.788352
1677113644,721781843,0.385219,0.657059,0.185294,0.606178,-0.015502,0.117716,0.786417
1677113644,731305099,0.384643,0.655572,0.186623,0.609322,-0.020294,0.114226,0.784390
1677113644,740725272,0.383811,0.654051,0.187880,0.612924,-0.025321,0.110360,0.781987
1677113644,751129441,0.382977,0.652428,0.189143,0.616405,-0.031184,0.108068,0.779355
1677113644,760754957,0.381849,0.650567,0.190276,0.619286,-0.036940,0.105445,0.777176
1677113644,770879707,0.380687,0.648828,0.191306,0.623240,-0.044061,0.103427,0.773908
1677113644,780710980,0.379205,0.646894,0.192193,0.626736,-0.051068,0.100783,0.770998
1677113644,791409563,0.377789,0.644874,0.193093,0.629782,-0.058882,0.099290,0.768147
1677113644,802006892,0.376294,0.642889,0.193837,0.633158,-0.067406,0.097627,0.764877
1677113644,811284826,0.374591,0.640753,0.194520,0.636157,-0.075144,0.095462,0.761935
1677113644,821400018,0.372944,0.638857,0.195148,0.640256,-0.083425,0.093774,0.757838
1677113644,831307349,0.371174,0.636860,0.195630,0.643697,-0.090756,0.092046,0.754284
1677113644,840457340,0.369428,0.634798,0.196054,0.646479,-0.097757,0.090931,0.751159
1677113644,850587823,0.367695,0.632986,0.196396,0.650094,-0.104809,0.089563,0.747243
1677113644,860887165,0.365904,0.631212,0.196615,0.653354,-0.111404,0.088025,0.743619
1677113644,871128665,0.364214,0.629474,0.196819,0.656006,-0.117944,0.086908,0.740400
1677113644,880941892,0.362372,0.627928,0.196871,0.658801,-0.123384,0.084885,0.737260
1677113644,891157582,0.360726,0.626481,0.196952,0.661315,-0.129556,0.083215,0.734134
1677113644,901001777,0.359059,0.625213,0.196926,0.663551,-0.134408,0.081663,0.731414
1677113644,910645299,0.357540,0.624121,0.196972,0.665617,-0.139647,0.080204,0.728711
1677113644,920792081,0.356059,0.623237,0.196945,0.667287,-0.144320,0.078804,0.726422
1677113644,930994090,0.354614,0.622527,0.196871,0.668604,-0.148761,0.077057,0.724500
1677113644,941111153,0.353129,0.621918,0.196758,0.669449,-0.152518,0.074945,0.723160
1677113644,951321854,0.351842,0.621429,0.196682,0.670108,-0.156745,0.073293,0.721813
1677113644,961616963,0.350506,0.621077,0.196648,0.671020,-0.160796,0.071067,0.720296
1677113644,970756537,0.349198,0.620719,0.196634,0.671777,-0.164402,0.068594,0.719015
1677113644,980567428,0.347860,0.620416,0.196632,0.672902,-0.167257,0.066394,0.717509
1677113644,990707582,0.346487,0.619960,0.196657,0.673762,-0.169453,0.064322,0.716375
1677113645,1179407,0.345226,0.619513,0.196777,0.674812,-0.171826,0.062980,0.714940
1677113645,10853725,0.343854,0.619362,0.196904,0.677231,-0.172563,0.062033,0.712554
1677113645,21397330,0.342549,0.618818,0.197081,0.678250,-0.174666,0.060629,0.711191
1677113645,31314709,0.341187,0.618471,0.197279,0.680229,-0.175787,0.060084,0.709068
1677113645,40659913,0.339869,0.618229,0.197506,0.682634,-0.177318,0.059684,0.706404
1677113645,50907437,0.338314,0.617785,0.197705,0.684144,-0.177978,0.058847,0.704846
1677113645,60880217,0.336895,0.617515,0.197975,0.686272,-0.179586,0.058404,0.702402
1677113645,71105908,0.335350,0.617159,0.198190,0.687928,-0.180664,0.058075,0.700530
1677113645,81057736,0.334004,0.616762,0.198454,0.689060,-0.182777,0.058733,0.698813
1677113645,91241870,0.332449,0.616591,0.198617,0.690840,-0.183841,0.059088,0.696744
1677113645,101032823,0.330719,0.616449,0.198568,0.692247,-0.184347,0.058471,0.695263
1677113645,110762149,0.329349,0.616722,0.198631,0.694650,-0.185423,0.060251,0.692423
1677113645,120983295,0.327856,0.617069,0.198549,0.696919,-0.185707,0.061676,0.689937
1677113645,131478992,0.326236,0.616379,0.198427,0.694533,-0.186987,0.062311,0.691937
1677113645,141684217,0.324803,0.616569,0.198305,0.695664,-0.187752,0.063534,0.690481
1677113645,151719665,0.323368,0.616550,0.198141,0.695695,-0.187625,0.065494,0.690301
1677113645,161692541,0.322070,0.616842,0.197932,0.697130,-0.188027,0.067266,0.688571
1677113645,171293634,0.320854,0.616979,0.197755,0.698010,-0.188902,0.068851,0.687282
1677113645,180882277,0.319479,0.617140,0.197455,0.699016,-0.188964,0.069322,0.686195
1677113645,190743251,0.318374,0.617144,0.197236,0.699285,-0.190673,0.069861,0.685393
1677113645,201410765,0.317247,0.617231,0.196990,0.700116,-0.192268,0.069537,0.684131
1677113645,211601384,0.316234,0.617211,0.196716,0.700674,-0.194038,0.069004,0.683114
1677113645,221364285,0.315191,0.617035,0.196459,0.701093,-0.195154,0.068347,0.682431
1677113645,231231792,0.314162,0.616828,0.196242,0.701808,-0.195696,0.067323,0.681642
1677113645,240787262,0.313272,0.616776,0.196117,0.703700,-0.196017,0.066316,0.679695
1677113645,250596323,0.312486,0.616446,0.196117,0.704850,-0.196515,0.065645,0.678424
1677113645,260506568,0.311561,0.616282,0.196064,0.706913,-0.195238,0.064275,0.676776
1677113645,270528402,0.310780,0.616186,0.196113,0.709376,-0.194752,0.062803,0.674472
1677113645,280654459,0.309872,0.616007,0.196122,0.711215,-0.192988,0.061346,0.673176
1677113645,290777704,0.309017,0.615939,0.196185,0.712983,-0.191287,0.060102,0.671902
1677113645,300922241,0.308115,0.616133,0.196211,0.714970,-0.189424,0.059047,0.670411
1677113645,310829580,0.307156,0.616066,0.196126,0.715310,-0.188039,0.057290,0.670589
1677113645,320698199,0.306082,0.616421,0.196029,0.716685,-0.186497,0.055801,0.669678
1677113645,331100625,0.305030,0.616521,0.195913,0.716685,-0.185997,0.054449,0.669927
1677113645,341423518,0.303877,0.616927,0.195839,0.717868,-0.185599,0.053426,0.668853
1677113645,351461240,0.302674,0.616763,0.195691,0.716953,-0.185677,0.052803,0.669861
1677113645,361272729,0.301383,0.616983,0.195642,0.718156,-0.186090,0.052240,0.668501
1677113645,371086591,0.299951,0.616842,0.195606,0.718612,-0.186637,0.051722,0.667898
1677113645,380743855,0.298504,0.616660,0.195627,0.719704,-0.187458,0.051836,0.666483
1677113645,390777541,0.297657,0.616370,0.196209,0.721885,-0.193986,0.052586,0.662184
1677113645,400897021,0.295998,0.615747,0.196275,0.723119,-0.196334,0.051315,0.660242
1677113645,411104661,0.294220,0.614713,0.196333,0.723557,-0.198933,0.050476,0.659048
1677113645,421201548,0.292523,0.613902,0.196460,0.725367,-0.202430,0.049706,0.656044
1677113645,430886566,0.290717,0.612672,0.196500,0.726205,-0.205515,0.049126,0.654199
1677113645,440931250,0.288849,0.611641,0.196539,0.728294,-0.208689,0.047975,0.650949
1677113645,450637756,0.286959,0.610345,0.196588,0.729681,-0.211937,0.046681,0.648436
1677113645,461099464,0.285140,0.609041,0.196644,0.730939,-0.214568,0.046318,0.646177
1677113645,470771826,0.283338,0.607844,0.196759,0.732892,-0.217858,0.044790,0.642962
1677113645,481178173,0.281553,0.606516,0.196816,0.734282,-0.221039,0.042577,0.640437
1677113645,491507977,0.279909,0.605309,0.196974,0.735825,-0.223743,0.041479,0.637793
1677113645,500771623,0.278175,0.604103,0.197005,0.737084,-0.225370,0.039704,0.635877
1677113645,510754024,0.276649,0.603047,0.197085,0.738517,-0.227264,0.037992,0.633641
1677113645,521113400,0.275164,0.602198,0.197153,0.740397,-0.228574,0.036247,0.631072
1677113645,531205046,0.273866,0.601262,0.197198,0.741599,-0.229573,0.034753,0.629381
1677113645,541192103,0.272770,0.600404,0.197247,0.742575,-0.231489,0.032739,0.627633
1677113645,551021784,0.271677,0.599715,0.197262,0.743773,-0.232099,0.030491,0.626101
1677113645,560964183,0.270811,0.599019,0.197292,0.744583,-0.232724,0.028716,0.624989
1677113645,571099798,0.270069,0.598479,0.197357,0.745651,-0.232766,0.026922,0.623779
