secs,nsecs,tx,ty,tz,rx,ry,rz,rw
1677114403,281166545,0.410507,0.533341,0.473937,0.652047,-0.000768,0.045974,0.756783
1677114403,291378066,0.410579,0.533633,0.473433,0.651653,-0.000940,0.046513,0.757089
1677114403,301659527,0.410633,0.533884,0.472881,0.651697,-0.002076,0.046488,0.757050
1677114403,311856660,0.410506,0.534189,0.472308,0.652467,-0.001666,0.047024,0.756355
1677114403,321767057,0.410016,0.534042,0.471636,0.651466,-0.000126,0.047506,0.757189
1677114403,331586074,0.410006,0.534145,0.470951,0.651369,-0.001435,0.048783,0.757190
1677114403,340816503,0.409893,0.534464,0.470217,0.651918,-0.003395,0.049634,0.756656
1677114403,351490101,0.409890,0.534869,0.469460,0.652360,-0.006278,0.051216,0.756150
1677114403,361370642,0.409698,0.534992,0.468616,0.651411,-0.008384,0.052601,0.756853
1677114403,372192763,0.409407,0.535264,0.467715,0.651328,-0.010858,0.053347,0.756841
1677114403,381292202,0.409105,0.535444,0.466807,0.651200,-0.012601,0.054426,0.756847
1677114403,391440073,0.408938,0.535554,0.465882,0.651536,-0.014520,0.055564,0.756441
1677114403,400773381,0.408778,0.535567,0.464942,0.652216,-0.016151,0.056261,0.755770
1677114403,410922070,0.408575,0.535404,0.463980,0.652970,-0.016697,0.056716,0.755072
1677114403,421043991,0.408537,0.535264,0.463022,0.654341,-0.017751,0.056992,0.753840
1677114403,430954006,0.408493,0.535066,0.462002,0.655500,-0.017670,0.057473,0.752798
1677114403,441199795,0.408479,0.534830,0.460991,0.656379,-0.017385,0.057649,0.752025
1677114403,451040728,0.408489,0.534851,0.459861,0.657797,-0.016859,0.058060,0.750765
1677114403,460829659,0.408480,0.535022,0.458662,0.659339,-0.016645,0.057955,0.749424
1677114403,470876943,0.408430,0.535060,0.457416,0.659809,-0.016110,0.057796,0.749034
1677114403,481122134,0.408374,0.535095,0.456098,0.660025,-0.015293,0.057404,0.748891
1677114403,491697284,0.408420,0.535251,0.454732,0.660424,-0.015234,0.056790,0.748587
1677114403,501143903,0.408473,0.535527,0.453286,0.660890,-0.015062,0.056269,0.748218
1677114403,511395051,0.408556,0.535830,0.451902,0.661200,-0.014551,0.056569,0.747932
1677114403,521689376,0.408516,0.536057,0.450425,0.661431,-0.014361,0.056452,0.747740
1677114403,531149802,0.408483,0.536444,0.448926,0.662459,-0.014051,0.057418,0.746762
1677114403,540888123,0.408215,0.536478,0.447311,0.662320,-0.013539,0.058108,0.746842
1677114403,550845904,0.407990,0.536619,0.445654,0.663031,-0.014267,0.059382,0.746097
1677114403,561269030,0.407693,0.536560,0.443949,0.663046,-0.014766,0.061660,0.745889
1677114403,571600224,0.407397,0.536754,0.442112,0.664254,-0.016043,0.062406,0.744725
1677114403,581730963,0.407163,0.536790,0.440210,0.664715,-0.017408,0.062909,0.744240
1677114403,591824531,0.407046,0.536938,0.438264,0.665516,-0.018788,0.063647,0.743428
1677114403,600857020,0.406996,0.536899,0.436262,0.665337,-0.019739,0.064138,0.743521
1677114403,611246877,0.406849,0.537025,0.434211,0.665660,-0.019736,0.063629,0.743275
1677114403,622009932,0.406992,0.537296,0.432111,0.666160,-0.020337,0.063663,0.742808
1677114403,632292805,0.407116,0.537548,0.429957,0.666585,-0.019880,0.063307,0.742470
1677114403,642059679,0.407449,0.537566,0.427787,0.666383,-0.019051,0.063013,0.742697
1677114403,651640437,0.407683,0.537791,0.425621,0.667589,-0.016951,0.061637,0.741781
1677114403,661644835,0.408167,0.537867,0.423512,0.668574,-0.014645,0.061305,0.740970
1677114403,671133683,0.408581,0.537795,0.421383,0.669490,-0.011881,0.059793,0.740316
1677114403,681543870,0.409073,0.537729,0.419235,0.670653,-0.009108,0.058321,0.739418
1677114403,691670563,0.409923,0.537696,0.417050,0.671828,-0.008837,0.055901,0.738542
1677114403,702143883,0.410488,0.537608,0.414812,0.672704,-0.006674,0.053932,0.737913
1677114403,712252219,0.411043,0.537696,0.412574,0.674317,-0.005049,0.051956,0.736595
1677114403,722205357,0.411581,0.537665,0.410310,0.675286,-0.003860,0.049496,0.735883
1677114403,731379926,0.412151,0.537663,0.408017,0.676065,-0.002899,0.047577,0.735298
1677114403,741088306,0.412640,0.537699,0.405686,0.676693,-0.001883,0.045911,0.734830
1677114403,751381521,0.412904,0.537759,0.403328,0.677025,0.000409,0.044321,0.734625
1677114403,761741021,0.413201,0.538054,0.400978,0.678092,0.002057,0.043207,0.733703
1677114403,771293102,0.413586,0.538113,0.398604,0.678005,0.003107,0.042837,0.733802
1677114403,781185723,0.413698,0.538193,0.396232,0.677981,0.004790,0.042127,0.733856
1677114403,791704521,0.413940,0.538571,0.393849,0.679191,0.005186,0.041922,0.732745
1677114403,800923839,0.414015,0.538639,0.391491,0.679406,0.006126,0.041891,0.732540
1677114403,811142893,0.414027,0.538703,0.389105,0.679586,0.007035,0.041500,0.732388
1677114403,821625896,0.414307,0.538754,0.386775,0.679879,0.005955,0.041888,0.732103
1677114403,832272358,0.414301,0.538710,0.384420,0.680038,0.006140,0.041725,0.731962
1677114403,841769691,0.414433,0.538767,0.382111,0.680545,0.005003,0.041480,0.731514
1677114403,851951466,0.414515,0.538896,0.379855,0.681177,0.003595,0.041174,0.730952
1677114403,861829394,0.414538,0.538984,0.377648,0.681338,0.002367,0.041296,0.730799
1677114403,871051672,0.414522,0.539226,0.375506,0.681541,0.000429,0.041191,0.730619
1677114403,881286746,0.414455,0.539445,0.373402,0.681249,-0.000835,0.042075,0.730841
1677114403,891564114,0.414431,0.539833,0.371359,0.681062,-0.002629,0.043345,0.730937
1677114403,902082794,0.414216,0.540225,0.369407,0.680610,-0.004190,0.044150,0.731302
1677114403,912606678,0.414021,0.540690,0.367416,0.679833,-0.005552,0.045954,0.731905
1677114403,921575085,0.413730,0.540989,0.365488,0.678138,-0.006940,0.047342,0.733375
1677114403,931418688,0.413585,0.541561,0.363605,0.677684,-0.009415,0.049204,0.733645
1677114403,941066219,0.413311,0.542072,0.361661,0.677086,-0.011493,0.050562,0.734075
1677114403,951380693,0.412981,0.542415,0.359651,0.675800,-0.013363,0.051824,0.735140
1677114403,961664799,0.412675,0.542866,0.357691,0.674995,-0.015379,0.053087,0.735749
1677114403,971478512,0.412473,0.543239,0.355703,0.674003,-0.017422,0.054424,0.736515
1677114403,981938071,0.412242,0.543641,0.353704,0.673315,-0.019125,0.055754,0.737003
1677114403,991707559,0.412080,0.544122,0.351736,0.673419,-0.020862,0.056909,0.736772
1677114404,1039381,0.411834,0.544564,0.349776,0.673551,-0.021228,0.058615,0.736507
1677114404,11334661,0.411703,0.544989,0.347839,0.673526,-0.022006,0.060320,0.736370
1677114404,21931264,0.411407,0.545453,0.345875,0.673646,-0.021893,0.061511,0.736164
1677114404,31745554,0.411145,0.545960,0.343901,0.673821,-0.022061,0.062841,0.735887
1677114404,41650773,0.410931,0.546306,0.341889,0.673035,-0.022646,0.063721,0.736513
1677114404,51498727,0.410755,0.546853,0.339882,0.672974,-0.023857,0.064600,0.736453
1677114404,61891680,0.410523,0.547263,0.337872,0.672556,-0.024663,0.064766,0.736794
1677114404,70922122,0.410416,0.547836,0.335897,0.673089,-0.025382,0.066147,0.736160
1677114404,81245435,0.410171,0.548054,0.333878,0.672694,-0.025379,0.066301,0.736507
1677114404,91413551,0.409930,0.548382,0.331874,0.673219,-0.025053,0.066486,0.736022
1677114404,101822624,0.409844,0.548768,0.329911,0.674020,-0.024924,0.067419,0.735207
1677114404,112241222,0.409595,0.548988,0.327910,0.674278,-0.024063,0.067549,0.734988
1677114404,121272307,0.409559,0.549405,0.325955,0.675153,-0.024076,0.068121,0.734131
1677114404,131229162,0.409143,0.549786,0.323986,0.675740,-0.021762,0.068727,0.733607
1677114404,141128312,0.409001,0.550143,0.322034,0.675960,-0.021216,0.068603,0.733432
1677114404,151283037,0.408902,0.550468,0.320074,0.675938,-0.020761,0.068564,0.733468
1677114404,161473579,0.408767,0.550848,0.318129,0.676133,-0.019837,0.068754,0.733296
1677114404,172123641,0.408984,0.551282,0.316110,0.676269,-0.021582,0.067506,0.733237
1677114404,181479992,0.408754,0.551576,0.314062,0.675599,-0.020096,0.066805,0.733962
1677114404,191274844,0.408755,0.552066,0.312074,0.675510,-0.020344,0.065957,0.734113
1677114404,201308149,0.408789,0.552507,0.310103,0.675421,-0.020167,0.065344,0.734255
1677114404,211323448,0.408709,0.552909,0.308149,0.675629,-0.019124,0.064354,0.734178
1677114404,221234658,0.408684,0.553028,0.306218,0.675320,-0.017809,0.063608,0.734561
1677114404,231178278,0.408655,0.553248,0.304331,0.675710,-0.016677,0.062765,0.734302
1677114404,241343680,0.408590,0.553544,0.302464,0.676558,-0.015821,0.061900,0.733613
1677114404,251597917,0.408680,0.553717,0.300648,0.676788,-0.015258,0.061993,0.733405
1677114404,261656516,0.408513,0.554054,0.298805,0.677746,-0.014062,0.061049,0.732622
1677114404,271124768,0.408361,0.554147,0.296974,0.677644,-0.012920,0.060649,0.732771
1677114404,281431353,0.408134,0.554462,0.295181,0.678413,-0.011395,0.060456,0.732100
1677114404,291681893,0.407946,0.554772,0.293358,0.678872,-0.010958,0.060012,0.731718
1677114404,302213198,0.407854,0.555048,0.291565,0.678938,-0.010611,0.060469,0.731625
1677114404,312210862,0.407711,0.555268,0.289746,0.678533,-0.010455,0.060402,0.732008
1677114404,322069356,0.407490,0.555718,0.287934,0.678611,-0.009752,0.060520,0.731936
1677114404,331213067,0.407249,0.556097,0.286103,0.678396,-0.009718,0.059793,0.732194
1677114404,341125538,0.406984,0.556426,0.284253,0.677816,-0.009031,0.059689,0.732749
1677114404,351717144,0.406798,0.556755,0.282427,0.677532,-0.009479,0.059112,0.733053
1677114404,362002835,0.406603,0.556904,0.280607,0.676650,-0.009272,0.059403,0.733846
1677114404,371901921,0.406393,0.557298,0.278775,0.676837,-0.009513,0.059199,0.733687
1677114404,382071644,0.406040,0.557450,0.276890,0.675913,-0.008791,0.059127,0.734554
1677114404,392189523,0.405902,0.557966,0.275036,0.676367,-0.009581,0.059409,0.734102
1677114404,401504964,0.405596,0.558098,0.273164,0.675191,-0.008762,0.059979,0.735149
1677114404,411330773,0.405249,0.558433,0.271266,0.675099,-0.008575,0.059786,0.735251
1677114404,421537349,0.405065,0.558720,0.269391,0.674725,-0.008699,0.060465,0.735537
1677114404,431915836,0.404757,0.559094,0.267517,0.674868,-0.008574,0.060395,0.735413
1677114404,441686662,0.404323,0.559608,0.265609,0.675226,-0.007730,0.060132,0.735115
1677114404,451870000,0.403617,0.559964,0.263721,0.674612,-0.004980,0.059363,0.735765
1677114404,461697300,0.404032,0.560225,0.261847,0.672441,-0.008751,0.059929,0.737668
1677114404,471303015,0.403858,0.560723,0.260031,0.671385,-0.008220,0.059895,0.738639
1677114404,481441453,0.403650,0.561301,0.258280,0.670856,-0.007572,0.059895,0.739126
1677114404,492120471,0.403393,0.561657,0.256541,0.669911,-0.005922,0.059921,0.739996
1677114404,502384723,0.403430,0.562086,0.255014,0.670134,-0.006006,0.060597,0.739738
1677114404,511668381,0.403309,0.562620,0.253458,0.670985,-0.005604,0.060452,0.738982
1677114404,522016102,0.403170,0.563115,0.251887,0.671361,-0.005364,0.060302,0.738653
1677114404,531566987,0.403097,0.563388,0.250317,0.670507,-0.005374,0.060622,0.739403
1677114404,541405800,0.403051,0.563977,0.248710,0.670711,-0.005781,0.060622,0.739215
1677114404,551334740,0.402986,0.564409,0.247127,0.670160,-0.005552,0.061133,0.739674
1677114404,561812131,0.402871,0.564956,0.245553,0.669931,-0.005013,0.061297,0.739872
1677114404,571488511,0.402891,0.565458,0.243993,0.669307,-0.005291,0.061198,0.740443
1677114404,581842103,0.402820,0.566165,0.242404,0.669220,-0.004477,0.061153,0.740530
1677114404,591916026,0.402780,0.566730,0.240912,0.668147,-0.003085,0.061351,0.741489
1677114404,601461043,0.402671,0.567582,0.239424,0.667883,-0.001246,0.061343,0.741733
1677114404,611433483,0.402761,0.568454,0.237911,0.667247,-0.000836,0.060787,0.742352
1677114404,621617359,0.403163,0.569025,0.236455,0.664846,-0.002103,0.060181,0.744549
1677114404,631579272,0.402983,0.570000,0.235084,0.664548,0.000522,0.059782,0.744850
1677114404,641959557,0.402996,0.570910,0.233722,0.663849,0.002478,0.059803,0.745468
1677114404,652298764,0.403055,0.572256,0.232281,0.665219,0.003302,0.058746,0.744326
1677114404,662435935,0.403317,0.572767,0.231030,0.663581,0.003909,0.058327,0.745817
1677114404,671833368,0.403416,0.573386,0.229742,0.662542,0.005563,0.057136,0.746822
1677114404,681626002,0.403704,0.574218,0.228524,0.662281,0.006381,0.056145,0.747122
1677114404,691761672,0.403929,0.574912,0.227352,0.661284,0.007835,0.055110,0.748067
1677114404,701232974,0.404208,0.575761,0.226250,0.660621,0.009248,0.054652,0.748671
1677114404,712565258,0.404348,0.576710,0.225157,0.660155,0.010716,0.053154,0.749169
1677114404,721836420,0.404470,0.577596,0.224090,0.658741,0.012254,0.052634,0.750426
1677114404,731603177,0.404467,0.578520,0.223011,0.657315,0.013832,0.051628,0.751718
1677114404,741291290,0.404576,0.579669,0.222003,0.656701,0.014435,0.051475,0.752254
1677114404,751882402,0.404560,0.580656,0.220980,0.655442,0.015381,0.051255,0.753347
1677114404,762460401,0.404473,0.581655,0.220008,0.654309,0.016429,0.051034,0.754324
1677114404,771884034,0.404378,0.582649,0.219050,0.653360,0.016970,0.051074,0.755132
1677114404,782231805,0.404352,0.583534,0.218141,0.652137,0.016718,0.051318,0.756177
1677114404,791502769,0.404128,0.584523,0.217220,0.651141,0.017208,0.051220,0.757031
1677114404,801240809,0.404111,0.585543,0.216351,0.650083,0.016437,0.051639,0.757928
1677114404,811684427,0.403811,0.586554,0.215425,0.648786,0.017410,0.051555,0.759023
1677114404,822019554,0.403670,0.587498,0.214540,0.647160,0.017298,0.051832,0.760394
1677114404,831958852,0.403569,0.588644,0.213727,0.647073,0.016930,0.052490,0.760430
1677114404,841915902,0.403363,0.589399,0.212927,0.645597,0.017580,0.052923,0.761639
1677114404,851758003,0.403134,0.590133,0.212245,0.644657,0.017927,0.053191,0.762409
1677114404,861529771,0.403018,0.590862,0.211566,0.644078,0.017495,0.053813,0.762864
1677114404,871500005,0.402804,0.591695,0.210871,0.643894,0.017479,0.054466,0.762974
1677114404,881759766,0.402520,0.592274,0.210158,0.642351,0.016195,0.053481,0.764371
1677114404,891649325,0.402387,0.592987,0.209421,0.641352,0.015953,0.054854,0.765117
1677114404,901957978,0.402160,0.593785,0.208698,0.640769,0.016729,0.056259,0.765486
1677114404,912101482,0.401849,0.594462,0.207917,0.639847,0.017166,0.056672,0.766217
1677114404,921591969,0.401752,0.595211,0.207117,0.639290,0.017290,0.058027,0.766578
1677114404,931949366,0.401505,0.595954,0.206284,0.638746,0.017407,0.058106,0.767023
1677114404,941365270,0.401501,0.596671,0.205434,0.637923,0.016690,0.058691,0.767679
1677114404,951567559,0.401352,0.597455,0.204562,0.637259,0.017116,0.058724,0.768219
1677114404,961991917,0.401295,0.598130,0.203647,0.635945,0.017242,0.058997,0.769282
1677114404,971773002,0.401352,0.598947,0.202678,0.635344,0.017442,0.059449,0.769740
1677114404,982175574,0.401297,0.599647,0.201670,0.634714,0.018015,0.058987,0.770282
1677114404,991857408,0.401405,0.600293,0.200701,0.634078,0.018328,0.059278,0.770776
1677114405,1202362,0.401536,0.601004,0.199683,0.633954,0.018754,0.059486,0.770851
1677114405,11395941,0.401689,0.601682,0.198649,0.633823,0.018917,0.059590,0.770947
1677114405,21833650,0.401765,0.602345,0.197629,0.633438,0.019442,0.059405,0.771264
1677114405,31682973,0.401746,0.603001,0.196562,0.632743,0.020840,0.059267,0.771809
1677114405,42043360,0.401798,0.603683,0.195561,0.631951,0.021456,0.059229,0.772444
1677114405,51974607,0.401781,0.604366,0.194521,0.630639,0.022567,0.059213,0.773485
1677114405,61556695,0.401792,0.605229,0.193485,0.629580,0.023254,0.059556,0.774301
1677114405,71418504,0.401862,0.606162,0.192480,0.628622,0.023383,0.060377,0.775011
1677114405,81820742,0.401793,0.607112,0.191445,0.627568,0.023320,0.060454,0.775861
1677114405,92383545,0.401675,0.608075,0.190419,0.626905,0.023416,0.060229,0.776411
1677114405,101729372,0.401527,0.608878,0.189464,0.625935,0.024058,0.060392,0.777161
1677114405,111847432,0.401549,0.609667,0.188538,0.625515,0.023374,0.060365,0.777522
1677114405,121831421,0.401469,0.610453,0.187633,0.625425,0.023371,0.060022,0.777622
1677114405,131583960,0.401421,0.611232,0.186764,0.625243,0.022988,0.059243,0.777838
1677114405,141314821,0.401474,0.611890,0.185883,0.624293,0.022609,0.059020,0.778629
1677114405,151626888,0.401465,0.612660,0.184987,0.623735,0.023026,0.058737,0.779086
1677114405,162005349,0.401365,0.613394,0.184114,0.623217,0.023699,0.057723,0.779555
1677114405,172381005,0.401473,0.614156,0.183268,0.622659,0.023336,0.057139,0.780056
1677114405,182028241,0.401397,0.614987,0.182432,0.622409,0.023537,0.055744,0.780350
1677114405,192271357,0.401416,0.615782,0.181635,0.621621,0.023520,0.055422,0.781001
1677114405,201768046,0.401383,0.616335,0.180839,0.619434,0.023012,0.055204,0.782768
1677114405,211805784,0.401132,0.617341,0.179991,0.619038,0.022589,0.054369,0.783151
1677114405,221644604,0.400922,0.618068,0.179200,0.617390,0.022062,0.054342,0.784468
1677114405,232473674,0.400710,0.619047,0.178419,0.617118,0.020937,0.054569,0.784697
1677114405,241755461,0.400372,0.619570,0.177724,0.615632,0.020388,0.054823,0.785860
1677114405,252359686,0.400045,0.620252,0.177062,0.615256,0.019554,0.055171,0.786151
1677114405,261847492,0.399654,0.620791,0.176490,0.614938,0.019264,0.055357,0.786394
1677114405,271641363,0.399409,0.621445,0.175988,0.615505,0.018091,0.055748,0.785950
1677114405,281796677,0.398992,0.621865,0.175552,0.614957,0.017978,0.055832,0.786376
1677114405,292257996,0.398588,0.622292,0.175186,0.614542,0.017228,0.055490,0.786742
1677114405,301887112,0.398367,0.622975,0.174819,0.615078,0.015874,0.056149,0.786305
1677114405,312520604,0.397901,0.623381,0.174518,0.614712,0.015076,0.055578,0.786646
1677114405,322167507,0.397517,0.623921,0.174199,0.614944,0.014033,0.055526,0.786488
1677114405,332113054,0.397213,0.624385,0.173922,0.614905,0.013161,0.056410,0.786471
1677114405,341482632,0.396765,0.624794,0.173683,0.614373,0.012711,0.056591,0.786881
1677114405,352079690,0.396321,0.625339,0.173411,0.614410,0.012142,0.056906,0.786839
1677114405,363050197,0.395903,0.625973,0.173186,0.614419,0.011800,0.057718,0.786778
1677114405,372634338,0.395496,0.626554,0.172940,0.614059,0.011186,0.058374,0.787019
1677114405,382299473,0.394919,0.627220,0.172754,0.613904,0.011300,0.058355,0.787140
1677114405,392132626,0.394551,0.627875,0.172596,0.613596,0.010516,0.059718,0.787288
1677114405,401909619,0.394093,0.628403,0.172455,0.612713,0.009625,0.060611,0.787919
1677114405,411825419,0.393535,0.629016,0.172296,0.612644,0.008418,0.060705,0.787980
1677114405,421739565,0.393113,0.629474,0.172176,0.612159,0.006886,0.061411,0.788316
1677114405,431979383,0.392545,0.629958,0.172059,0.612288,0.006383,0.061802,0.788190
1677114405,442424513,0.392147,0.630434,0.171978,0.612652,0.005525,0.062992,0.787819
1677114405,452123461,0.391530,0.630898,0.171845,0.613276,0.006058,0.062938,0.787334
1677114405,462221399,0.391242,0.631411,0.171760,0.614339,0.005616,0.063821,0.786437
1677114405,471861242,0.390878,0.631902,0.171650,0.614945,0.005894,0.064327,0.785920
1677114405,481768031,0.390551,0.632498,0.171525,0.615767,0.006274,0.064454,0.785262
1677114405,491814623,0.390260,0.633090,0.171373,0.616020,0.006648,0.064430,0.785063
1677114405,502342151,0.389933,0.633735,0.171163,0.616120,0.007220,0.064304,0.784989
1677114405,512362937,0.389722,0.634439,0.170922,0.615812,0.006560,0.064144,0.785250
1677114405,522096941,0.389377,0.635038,0.170602,0.614828,0.006560,0.063679,0.786059
1677114405,532131996,0.389129,0.635829,0.170261,0.614607,0.006790,0.063704,0.786228
1677114405,541655774,0.388978,0.636555,0.169945,0.614002,0.006662,0.064045,0.786674
1677114405,551966060,0.388752,0.637389,0.169610,0.614061,0.007183,0.063767,0.786646
1677114405,561927398,0.388557,0.638035,0.169320,0.613558,0.007744,0.062972,0.787096
1677114405,572589322,0.388437,0.638727,0.169064,0.613261,0.008509,0.062270,0.787376
1677114405,582353648,0.388385,0.639445,0.168844,0.613367,0.008935,0.061052,0.787384
1677114405,592245079,0.388565,0.640229,0.168668,0.614166,0.008962,0.060727,0.786786
1677114405,602005310,0.388581,0.640862,0.168568,0.615081,0.009328,0.059159,0.786186
1677114405,611563041,0.388655,0.641292,0.168496,0.615674,0.010117,0.058049,0.785795
1677114405,621913424,0.388691,0.641786,0.168393,0.616269,0.011236,0.057293,0.785368
1677114405,632414207,0.388687,0.642669,0.168187,0.617848,0.012543,0.057164,0.784116
1677114405,642077639,0.388597,0.643409,0.167912,0.617787,0.013510,0.056474,0.784198
1677114405,651799189,0.388552,0.644407,0.167617,0.617881,0.014047,0.056348,0.784124
1677114405,661597020,0.388393,0.645186,0.167309,0.616702,0.014680,0.055928,0.785070
1677114405,671481657,0.388443,0.646048,0.167035,0.615470,0.014558,0.056543,0.785995
1677114405,682053063,0.388244,0.647060,0.166753,0.615153,0.014692,0.056251,0.786261
1677114405,692477915,0.388149,0.647903,0.166501,0.614375,0.013953,0.056900,0.786836
1677114405,702302891,0.387925,0.648683,0.166230,0.613851,0.013187,0.057308,0.787228
1677114405,712452868,0.387777,0.649575,0.165967,0.614114,0.011534,0.058805,0.786939
1677114405,722125649,0.387402,0.650122,0.165700,0.613105,0.010799,0.059363,0.787694
1677114405,731916745,0.387178,0.650739,0.165428,0.612165,0.009761,0.060687,0.788337
1677114405,741473089,0.386838,0.651541,0.165130,0.612103,0.009746,0.061598,0.788315
1677114405,751577962,0.386704,0.652202,0.164885,0.611319,0.009123,0.062494,0.788860
1677114405,762003387,0.386522,0.652919,0.164615,0.610882,0.009057,0.062706,0.789183
1677114405,772082614,0.386517,0.653584,0.164371,0.610400,0.008390,0.062926,0.789545
1677114405,782004084,0.386402,0.654111,0.164116,0.609676,0.008568,0.062691,0.790121
1677114405,792338506,0.386389,0.654682,0.163856,0.609260,0.008153,0.062454,0.790465
1677114405,801970416,0.386477,0.655178,0.163646,0.609046,0.007322,0.062747,0.790615
1677114405,812249440,0.386402,0.655537,0.163537,0.610056,0.007102,0.062779,0.789836
1677114405,822518161,0.386362,0.655746,0.163441,0.611195,0.006681,0.063240,0.788921
1677114405,832533650,0.386222,0.655975,0.163256,0.611650,0.005634,0.063147,0.788584
1677114405,842315684,0.385989,0.656255,0.163035,0.612193,0.005407,0.063670,0.788122
1677114405,852613781,0.386050,0.656591,0.162861,0.613694,0.003717,0.064891,0.786864
1677114405,862134165,0.385933,0.656730,0.162737,0.614643,0.003412,0.065329,0.786088
1677114405,871717561,0.385837,0.656947,0.162546,0.615485,0.003119,0.065450,0.785420
1677114405,881895157,0.385775,0.657264,0.162338,0.615986,0.002423,0.065211,0.785050
1677114405,892107271,0.385873,0.657638,0.162109,0.616706,0.001755,0.065295,0.784479
1677114405,902088953,0.385966,0.657858,0.161929,0.617487,0.001196,0.065092,0.783882
1677114405,911827533,0.385987,0.658126,0.161719,0.619269,0.001109,0.064438,0.782530
1677114405,922103438,0.386036,0.658126,0.161524,0.619942,0.001313,0.063751,0.782052
1677114405,931652404,0.386101,0.658238,0.161300,0.621296,0.001657,0.062732,0.781059
1677114405,941880957,0.386433,0.658371,0.161135,0.622931,0.000986,0.062235,0.779796
1677114405,951854503,0.386644,0.658439,0.161018,0.624092,0.001363,0.061207,0.778948
1677114405,961770672,0.386903,0.658750,0.160847,0.625620,0.001510,0.059547,0.777851
1677114405,972283816,0.387234,0.659084,0.160685,0.626266,0.001939,0.058354,0.777420
1677114405,982823326,0.387517,0.659538,0.160529,0.627106,0.002446,0.056531,0.776876
1677114405,992742803,0.387929,0.659832,0.160444,0.627367,0.002912,0.055419,0.776744
1677114406,1962168,0.388197,0.660413,0.160344,0.628704,0.003812,0.053516,0.775792
1677114406,11872105,0.388466,0.660754,0.160271,0.628567,0.004342,0.051296,0.776050
1677114406,21961845,0.388808,0.661379,0.160219,0.629451,0.004991,0.050106,0.775407
1677114406,32199788,0.388907,0.661947,0.160137,0.630267,0.006098,0.047819,0.774880
1677114406,42303177,0.389306,0.662420,0.160075,0.630819,0.006114,0.046804,0.774493
1677114406,52067109,0.389397,0.662983,0.159973,0.631900,0.007515,0.044688,0.773724
1677114406,62301867,0.389849,0.663500,0.159864,0.632845,0.008087,0.043851,0.772993
1677114406,71908900,0.390173,0.663991,0.159735,0.633526,0.009704,0.041926,0.772523
1677114406,82691871,0.390543,0.664714,0.159554,0.634967,0.011693,0.039174,0.771457
1677114406,92583979,0.391104,0.665291,0.159379,0.635050,0.013629,0.036739,0.771477
1677114406,102837178,0.391690,0.665965,0.159246,0.635388,0.015298,0.033594,0.771310
1677114406,113144684,0.392276,0.666863,0.159072,0.636665,0.017421,0.031038,0.770319
1677114406,122442629,0.392771,0.667458,0.158991,0.636807,0.019444,0.028414,0.770254
1677114406,132297181,0.393085,0.668225,0.158891,0.637370,0.021503,0.025518,0.769835
1677114406,141829438,0.393560,0.669076,0.158781,0.638132,0.022704,0.025027,0.769185
1677114406,152156049,0.393710,0.669949,0.158674,0.638839,0.023747,0.023420,0.768617
1677114406,162309491,0.393881,0.670770,0.158589,0.639192,0.024261,0.023551,0.768303
1677114406,173097845,0.393865,0.671485,0.158533,0.638996,0.024599,0.023442,0.768459
1677114406,182542525,0.393895,0.672328,0.158515,0.639241,0.024465,0.024349,0.768231
1677114406,192887676,0.393906,0.673140,0.158490,0.639443,0.023901,0.025060,0.768058
1677114406,202889794,0.393751,0.673851,0.158537,0.638996,0.024004,0.024712,0.768438
1677114406,212051195,0.393777,0.674826,0.158544,0.639434,0.023020,0.024395,0.768114
1677114406,222659820,0.393782,0.675661,0.158588,0.639252,0.022926,0.023666,0.768291
1677114406,232509826,0.393961,0.676662,0.158644,0.639480,0.023038,0.023077,0.768116
1677114406,242310845,0.394262,0.677589,0.158698,0.639160,0.023650,0.022512,0.768380
1677114406,252441899,0.394519,0.678683,0.158767,0.638742,0.024983,0.021348,0.768719
1677114406,262620932,0.394903,0.679924,0.158817,0.638688,0.025260,0.019492,0.768804
1677114406,272436796,0.395176,0.681130,0.158891,0.638276,0.026325,0.017933,0.769148
1677114406,282137869,0.395458,0.682251,0.158992,0.637617,0.027149,0.016966,0.769688
1677114406,292600627,0.395724,0.683318,0.159095,0.636878,0.027429,0.016335,0.770303
1677114406,302530089,0.395733,0.684493,0.159178,0.636731,0.028109,0.015397,0.770419
1677114406,312657889,0.395843,0.685555,0.159218,0.636271,0.027967,0.015471,0.770803
1677114406,322452348,0.395829,0.686688,0.159256,0.636424,0.028120,0.015699,0.770666
1677114406,331998228,0.395823,0.687734,0.159260,0.636373,0.028313,0.016184,0.770692
1677114406,341874766,0.395879,0.688727,0.159298,0.636347,0.027919,0.016941,0.770711
1677114406,352284845,0.395675,0.689693,0.159312,0.636435,0.028403,0.016622,0.770628
1677114406,362602715,0.395834,0.690420,0.159328,0.635594,0.027518,0.017685,0.771330
1677114406,372364996,0.395774,0.691413,0.159322,0.636049,0.027359,0.017995,0.770954
1677114406,382267703,0.395818,0.692322,0.159298,0.636057,0.027336,0.018806,0.770928
1677114406,392321077,0.395818,0.693149,0.159304,0.635932,0.027070,0.019308,0.771029
1677114406,402591476,0.395725,0.694109,0.159304,0.636529,0.027084,0.019168,0.770539
1677114406,412104149,0.395753,0.694917,0.159295,0.636730,0.026937,0.019481,0.770370
1677114406,422388263,0.395742,0.695767,0.159283,0.637116,0.026864,0.019580,0.770051
1677114406,432720552,0.395820,0.696402,0.159215,0.636730,0.026719,0.019844,0.770368
1677114406,442742166,0.395894,0.697259,0.159127,0.637606,0.026451,0.019991,0.769648
1677114406,452426671,0.395921,0.697849,0.159054,0.637601,0.026913,0.019982,0.769637
1677114406,462340729,0.396038,0.698513,0.158928,0.637910,0.027059,0.020454,0.769363
1677114406,471840953,0.396039,0.699208,0.158817,0.638753,0.027196,0.020488,0.768658
1677114406,482147348,0.396155,0.699568,0.158752,0.638841,0.026630,0.020617,0.768601
1677114406,492002611,0.396166,0.700075,0.158675,0.639814,0.026410,0.020438,0.767804
1677114406,502674137,0.396193,0.700566,0.158612,0.640492,0.026256,0.020248,0.767249
1677114406,512572704,0.396372,0.700972,0.158545,0.640667,0.025525,0.020219,0.767128
1677114406,523031690,0.396457,0.701454,0.158499,0.641614,0.025318,0.020184,0.766344
1677114406,532590091,0.396498,0.701633,0.158475,0.641852,0.025346,0.019709,0.766156
1677114406,542040168,0.396606,0.701851,0.158458,0.643010,0.024891,0.018970,0.765218
1677114406,552022827,0.396648,0.701835,0.158479,0.643952,0.025005,0.018001,0.764445
1677114406,563196449,0.396907,0.701791,0.158536,0.645719,0.024107,0.017699,0.762989
1677114406,572742388,0.397149,0.701713,0.158548,0.647475,0.023548,0.017419,0.761523
1677114406,582614528,0.397272,0.701562,0.158495,0.648804,0.023745,0.016427,0.760407
1677114406,592785827,0.397505,0.701205,0.158446,0.649205,0.023456,0.015414,0.760095
1677114406,602431740,0.397784,0.701053,0.158423,0.650814,0.023372,0.014415,0.758741
1677114406,612086826,0.398007,0.700848,0.158381,0.652449,0.023677,0.013242,0.757347
1677114406,622605345,0.398350,0.700552,0.158285,0.653760,0.023293,0.012199,0.756245
1677114406,632767851,0.398619,0.700170,0.158159,0.654425,0.023615,0.011507,0.755671
1677114406,642746411,0.398948,0.700115,0.157992,0.656214,0.023446,0.010653,0.754136
1677114406,652324433,0.399120,0.699795,0.157866,0.656622,0.024303,0.009765,0.753765
1677114406,662279701,0.399399,0.699448,0.157696,0.656824,0.024651,0.009090,0.753586
1677114406,671973858,0.399657,0.699254,0.157578,0.657623,0.024792,0.008252,0.752894
1677114406,682326700,0.399970,0.699111,0.157462,0.658171,0.024213,0.006960,0.752447
1677114406,692755521,0.400168,0.698984,0.157377,0.658358,0.024519,0.005691,0.752284
1677114406,702903214,0.400477,0.698896,0.157332,0.658571,0.024814,0.005516,0.752089
1677114406,712396484,0.400707,0.698767,0.157294,0.658600,0.025064,0.004979,0.752060
1677114406,722421310,0.400788,0.698660,0.157275,0.658925,0.025138,0.004154,0.751777
1677114406,732231512,0.400879,0.698568,0.157215,0.659537,0.024910,0.004091,0.751248
1677114406,742199528,0.400880,0.698440,0.157169,0.660063,0.024493,0.004029,0.750800
1677114406,752841638,0.400891,0.698337,0.157080,0.660906,0.022896,0.004007,0.750109
1677114406,762424321,0.400827,0.698172,0.157026,0.661601,0.021863,0.004350,0.749525
1677114406,773158357,0.400677,0.697844,0.157020,0.662196,0.020876,0.004419,0.749027
1677114406,782109630,0.400565,0.697649,0.157028,0.663670,0.019945,0.004966,0.747743
1677114406,792371740,0.400501,0.697349,0.157047,0.665274,0.019355,0.005995,0.746324
1677114406,802181262,0.400358,0.696909,0.157110,0.666745,0.018734,0.006169,0.745025
1677114406,812628507,0.400258,0.696424,0.157167,0.668422,0.018379,0.006623,0.743526
1677114406,822581559,0.400267,0.695879,0.157225,0.670136,0.017801,0.006918,0.741993
1677114406,832950195,0.400211,0.695484,0.157286,0.672270,0.017755,0.006449,0.740065
1677114406,842517357,0.400269,0.694909,0.157327,0.673494,0.017695,0.006490,0.738952
1677114406,852189993,0.400285,0.694616,0.157321,0.675708,0.017630,0.005963,0.736935
1677114406,862614727,0.400349,0.694208,0.157331,0.677562,0.018431,0.005983,0.735210
1677114406,872740049,0.400364,0.693839,0.157350,0.679783,0.019265,0.005525,0.733139
1677114406,882437938,0.400493,0.693417,0.157375,0.681654,0.020348,0.005862,0.731368
1677114406,892868097,0.400578,0.693208,0.157354,0.683041,0.019705,0.004755,0.730099
1677114406,902507888,0.400737,0.692943,0.157349,0.683490,0.019638,0.004160,0.729684
1677114406,912599765,0.400824,0.692841,0.157319,0.684625,0.020020,0.003066,0.728614
1677114406,922579453,0.400875,0.692580,0.157349,0.685172,0.020564,0.002035,0.728088
1677114406,932390200,0.401040,0.692289,0.157349,0.685692,0.020286,0.001793,0.727607
1677114406,942207516,0.401021,0.692088,0.157452,0.686685,0.020560,0.001721,0.726662
1677114406,952582628,0.400941,0.691836,0.157514,0.687516,0.020120,0.001902,0.725888
1677114406,962951488,0.400854,0.691670,0.157612,0.688902,0.019485,0.003338,0.724585
1677114406,972725145,0.400664,0.691370,0.157684,0.689652,0.018957,0.005020,0.723875
1677114406,982826251,0.400342,0.691059,0.157797,0.690406,0.018455,0.006239,0.723160
1677114406,992938672,0.400022,0.690896,0.157879,0.691830,0.017910,0.007332,0.721801
1677114407,2565394,0.399947,0.690572,0.157953,0.692677,0.016731,0.009148,0.720996
1677114407,12380356,0.399729,0.690387,0.158038,0.693988,0.015898,0.009160,0.719753
1677114407,22460605,0.399615,0.689987,0.158117,0.694202,0.015746,0.009471,0.719546
1677114407,32505677,0.399696,0.689749,0.158201,0.695220,0.015074,0.009205,0.718580
1677114407,43279531,0.399799,0.689547,0.158318,0.696508,0.015585,0.008820,0.717326
1677114407,52986785,0.400103,0.689343,0.158417,0.697592,0.015716,0.008299,0.716274
1677114407,63385422,0.400408,0.689156,0.158512,0.698228,0.015841,0.007080,0.715665
1677114407,72163032,0.400634,0.688900,0.158551,0.698801,0.016959,0.005648,0.715093
1677114407,82440267,0.400990,0.688642,0.158636,0.699657,0.017505,0.004541,0.714250
1677114407,92808133,0.401277,0.688217,0.158681,0.699776,0.018519,0.003671,0.714113
1677114407,102881662,0.401495,0.688186,0.158777,0.701274,0.018711,0.001880,0.712644
1677114407,112907824,0.401747,0.687983,0.158888,0.701649,0.018692,0.001113,0.712276
1677114407,123409864,0.401919,0.687862,0.158962,0.701960,0.018923,0.000965,0.711964
1677114407,132897778,0.401981,0.687745,0.159029,0.702204,0.018966,0.000545,0.711723
1677114407,142079101,0.402033,0.687622,0.159151,0.702415,0.018349,0.000451,0.711531
1677114407,152340483,0.401992,0.687466,0.159267,0.702668,0.018317,0.000584,0.711281
1677114407,162591942,0.402051,0.687525,0.159420,0.703958,0.017175,0.000891,0.710033
1677114407,172912593,0.401950,0.687425,0.159563,0.704726,0.017081,0.001133,0.709273
1677114407,182987175,0.401940,0.687186,0.159686,0.704827,0.016419,0.001513,0.709188
1677114407,192830000,0.401973,0.686985,0.159790,0.705098,0.015738,0.001859,0.708933
1677114407,202184725,0.401934,0.686759,0.159878,0.705576,0.015814,0.001904,0.708455
1677114407,212305032,0.402019,0.686569,0.160026,0.706394,0.015119,0.001408,0.707656
1677114407,222413554,0.402006,0.686282,0.160129,0.706925,0.015579,0.000787,0.707116
1677114407,232855789,0.402178,0.686009,0.160288,0.707754,0.015121,0.000144,0.706297
1677114407,242907815,0.402323,0.685658,0.160436,0.708548,0.015256,-0.000512,0.705497
1677114407,252612890,0.402512,0.685387,0.160611,0.709968,0.015253,-0.001311,0.704067
1677114407,262207421,0.402671,0.684919,0.160792,0.710853,0.015416,-0.002119,0.703168
1677114407,272235266,0.402803,0.684604,0.160989,0.712246,0.015812,-0.002784,0.701747
1677114407,282347985,0.402989,0.684335,0.161172,0.713368,0.015963,-0.003138,0.700601
1677114407,292630772,0.403001,0.684040,0.161308,0.713660,0.016744,-0.003664,0.700283
1677114407,302937655,0.403090,0.683983,0.161445,0.714204,0.016435,-0.004643,0.699729
1677114407,312908790,0.403239,0.683977,0.161584,0.714332,0.016253,-0.004596,0.699603
1677114407,322312105,0.403295,0.683886,0.161777,0.714384,0.015734,-0.005108,0.699558
1677114407,332898630,0.403274,0.683566,0.161936,0.714096,0.015795,-0.005331,0.699849
1677114407,342272357,0.403260,0.683419,0.162245,0.715268,0.015788,-0.005305,0.698652
1677114407,352377898,0.403196,0.683236,0.162542,0.716795,0.015884,-0.005501,0.697082
1677114407,362564166,0.403208,0.682945,0.162876,0.718508,0.015325,-0.005280,0.695330
1677114407,372721803,0.403140,0.682501,0.163241,0.719672,0.015486,-0.005294,0.694121
1677114407,382650446,0.403217,0.682100,0.163650,0.720844,0.015060,-0.004696,0.692918
1677114407,392553896,0.403071,0.681875,0.164102,0.722143,0.015423,-0.005224,0.691552
1677114407,402381031,0.403092,0.681654,0.164516,0.722796,0.015208,-0.005135,0.690875
1677114407,412248649,0.403164,0.681579,0.164986,0.723528,0.014685,-0.004907,0.690121
1677114407,422707166,0.403096,0.681385,0.165450,0.723421,0.014760,-0.005159,0.690230
1677114407,432788696,0.403140,0.681333,0.165999,0.723891,0.014597,-0.004771,0.689743
1677114407,442834423,0.403098,0.681220,0.166555,0.724157,0.014683,-0.004805,0.689462
1677114407,452953555,0.403028,0.681031,0.167154,0.724386,0.014428,-0.004851,0.689227
1677114407,462792786,0.403034,0.680870,0.167809,0.725123,0.013741,-0.004362,0.688468
1677114407,472287425,0.402841,0.680535,0.168496,0.725729,0.013698,-0.004559,0.687829
1677114407,482392286,0.402798,0.680291,0.169202,0.727204,0.013028,-0.004052,0.686285
1677114407,492979498,0.402690,0.679851,0.169953,0.728320,0.012856,-0.003839,0.685106
1677114407,502885637,0.402731,0.679493,0.170735,0.729863,0.012175,-0.003083,0.683478
1677114407,512758813,0.402639,0.679017,0.171549,0.730688,0.012424,-0.003308,0.682590
1677114407,523122518,0.402630,0.678526,0.172406,0.731205,0.012425,-0.003293,0.682037
1677114407,532393857,0.402582,0.678370,0.173314,0.732613,0.012780,-0.003503,0.680516
1677114407,542367110,0.402684,0.678093,0.174236,0.733191,0.012332,-0.003483,0.679903
1677114407,552640230,0.402585,0.677713,0.175135,0.733127,0.013289,-0.003468,0.679953
1677114407,563187551,0.402791,0.677494,0.176123,0.733735,0.012353,-0.003035,0.679317
1677114407,572920850,0.402738,0.677274,0.177177,0.734520,0.012676,-0.002991,0.678462
1677114407,583114664,0.402696,0.676938,0.178230,0.735240,0.013190,-0.002945,0.677672
1677114407,592723754,0.402741,0.676576,0.179363,0.736558,0.013087,-0.003031,0.676241
1677114407,602667886,0.402815,0.675973,0.180510,0.737328,0.013432,-0.002598,0.675396
1677114407,612352457,0.402932,0.675396,0.181689,0.738673,0.013114,-0.002858,0.673930
1677114407,622575091,0.403047,0.674798,0.182919,0.740266,0.013356,-0.003009,0.672174
1677114407,633183246,0.403081,0.674189,0.184135,0.741894,0.014003,-0.003453,0.670362
1677114407,642702596,0.403243,0.673519,0.185370,0.743379,0.014452,-0.003379,0.668706
1677114407,652906946,0.403440,0.672919,0.186632,0.744984,0.014552,-0.003322,0.666915
1677114407,662471592,0.403519,0.672389,0.187881,0.746692,0.015501,-0.003161,0.664982
1677114407,672264177,0.403662,0.671912,0.189145,0.748607,0.015775,-0.003101,0.662820
1677114407,682522561,0.403689,0.671156,0.190415,0.749239,0.016630,-0.003292,0.662083
1677114407,693217665,0.403820,0.670690,0.191687,0.750762,0.016361,-0.003279,0.660362
1677114407,703276357,0.403926,0.670216,0.192929,0.751758,0.016316,-0.003339,0.659229
1677114407,712511243,0.403885,0.669751,0.194172,0.752202,0.016840,-0.003859,0.658706
1677114407,723011983,0.403969,0.669393,0.195471,0.752747,0.017154,-0.003392,0.658078
1677114407,732505962,0.404067,0.669092,0.196761,0.753362,0.017006,-0.003356,0.657378
1677114407,742329044,0.404097,0.668712,0.198060,0.753670,0.017075,-0.003552,0.657022
1677114407,752337142,0.404180,0.668373,0.199355,0.754305,0.016675,-0.003424,0.656304
1677114407,762396810,0.404116,0.667888,0.200631,0.754960,0.017338,-0.003742,0.655530
1677114407,772643743,0.404205,0.667306,0.201890,0.755620,0.017507,-0.003135,0.654769
1677114407,782515806,0.404304,0.666995,0.203222,0.757238,0.017517,-0.002548,0.652899
1677114407,793071988,0.404309,0.666529,0.204516,0.757997,0.017464,-0.002482,0.652020
1677114407,802650497,0.404254,0.666052,0.205778,0.758190,0.017665,-0.002238,0.651791
1677114407,812645239,0.404229,0.665838,0.207060,0.758593,0.017809,-0.001397,0.651319
1677114407,822548639,0.404147,0.665653,0.208328,0.758191,0.017982,-0.000832,0.651784
1677114407,833032147,0.404182,0.665612,0.209621,0.757791,0.017559,0.000227,0.652261
1677114407,843439687,0.404230,0.665610,0.210861,0.757383,0.016712,0.001171,0.652756
1677114407,853403333,0.404046,0.665587,0.212105,0.757237,0.016838,0.001317,0.652922
1677114407,863730450,0.404028,0.665386,0.213305,0.756993,0.016822,0.002315,0.653202
1677114407,872811973,0.403897,0.665195,0.214549,0.757562,0.017332,0.002236,0.652529
1677114407,882577409,0.404032,0.664907,0.215767,0.758353,0.017199,0.002813,0.651611
1677114407,892981229,0.404125,0.664848,0.217053,0.760447,0.017648,0.003068,0.649153
1677114407,903110733,0.404347,0.663727,0.218191,0.758820,0.017119,0.003068,0.651068
1677114407,913095558,0.404495,0.663269,0.219402,0.759269,0.017613,0.002854,0.650532
1677114407,923433895,0.404595,0.663080,0.220668,0.760180,0.018596,0.002332,0.649442
1677114407,932941875,0.404830,0.662812,0.221972,0.760115,0.019165,0.002654,0.649501
1677114407,942370907,0.405108,0.662661,0.223285,0.759934,0.018972,0.002574,0.649719
1677114407,952545514,0.405334,0.662553,0.224657,0.759513,0.019078,0.003328,0.650204
1677114407,962752587,0.405261,0.662404,0.226020,0.758950,0.019457,0.002608,0.650853
1677114407,973059758,0.405396,0.662242,0.227422,0.758503,0.018663,0.003184,0.651394
1677114407,983570011,0.405389,0.661952,0.228854,0.758202,0.018283,0.004195,0.651750
1677114407,993179922,0.405334,0.661752,0.230373,0.758972,0.017130,0.004740,0.650881
1677114408,2664184,0.405275,0.661467,0.231880,0.759654,0.016389,0.006751,0.650086
1677114408,12616525,0.405357,0.661213,0.233372,0.760532,0.014340,0.009387,0.649075
1677114408,22564543,0.405173,0.660106,0.234664,0.758726,0.011941,0.009919,0.651225
1677114408,33088871,0.405234,0.659717,0.236082,0.758483,0.008846,0.011916,0.651524
1677114408,43123856,0.404357,0.659798,0.237656,0.759825,0.010005,0.009731,0.649978
1677114408,53039145,0.404131,0.659569,0.239045,0.759446,0.009037,0.010946,0.650415
1677114408,62662163,0.403913,0.659439,0.240443,0.759145,0.008020,0.011360,0.650774
1677114408,72485319,0.403681,0.659299,0.241733,0.758644,0.006978,0.011155,0.651372
1677114408,82932728,0.403648,0.659286,0.243037,0.758561,0.006144,0.012598,0.651451
1677114408,93551568,0.403371,0.659183,0.244248,0.757911,0.006557,0.012647,0.652203
1677114408,102980308,0.403320,0.659268,0.245514,0.757918,0.005750,0.013132,0.652192
1677114408,113230354,0.403170,0.659305,0.246717,0.757624,0.006274,0.013944,0.652512
1677114408,123419378,0.403053,0.659392,0.247930,0.757677,0.006407,0.014021,0.652448
1677114408,132838642,0.402936,0.659484,0.249116,0.757679,0.007102,0.014710,0.652422
1677114408,142647393,0.402920,0.659442,0.250272,0.757335,0.007080,0.015556,0.652803
1677114408,152912955,0.402807,0.659398,0.251381,0.757174,0.007228,0.015576,0.652987
1677114408,163495106,0.402686,0.659466,0.252534,0.757561,0.007878,0.016229,0.652515
1677114408,173458380,0.402671,0.659297,0.253685,0.757290,0.007605,0.016653,0.652822
1677114408,183677065,0.402513,0.659266,0.254814,0.757684,0.007740,0.016782,0.652359
1677114408,192703716,0.402352,0.659101,0.255879,0.757533,0.008199,0.017167,0.652520
1677114408,202526516,0.402260,0.659169,0.256982,0.758188,0.008000,0.017351,0.651756
1677114408,212719827,0.402303,0.659073,0.258071,0.758358,0.007289,0.017979,0.651549
1677114408,222948075,0.402215,0.658781,0.259068,0.757756,0.007648,0.018300,0.652236
1677114408,233122656,0.402147,0.658656,0.260117,0.758197,0.008017,0.018164,0.651723
1677114408,243046680,0.402275,0.658482,0.261174,0.758478,0.008010,0.018649,0.651382
1677114408,253114218,0.402433,0.658235,0.262248,0.758946,0.008027,0.018603,0.650838
1677114408,263216795,0.402646,0.658013,0.263319,0.759547,0.007867,0.018288,0.650148
1677114408,273048285,0.402706,0.657741,0.264342,0.760019,0.009226,0.018003,0.649586
1677114408,282902822,0.402890,0.657419,0.265373,0.760295,0.010069,0.017550,0.649262
1677114408,292976581,0.403173,0.657148,0.266438,0.760437,0.010545,0.017390,0.649093
1677114408,303474564,0.403379,0.656974,0.267551,0.760838,0.011409,0.016615,0.648629
1677114408,312941515,0.403550,0.656853,0.268606,0.761224,0.012092,0.015677,0.648186
1677114408,322958679,0.403819,0.656552,0.269691,0.761138,0.012383,0.015663,0.648282
1677114408,332848844,0.403925,0.656437,0.270808,0.761747,0.012886,0.014892,0.647575
1677114408,342910043,0.404192,0.656175,0.271885,0.761601,0.012785,0.015635,0.647732
1677114408,353152676,0.404271,0.655946,0.272974,0.761311,0.013044,0.016153,0.648055
1677114408,363083366,0.404342,0.656004,0.274126,0.761667,0.012785,0.016545,0.647632
1677114408,373096650,0.404263,0.655846,0.275199,0.760938,0.012988,0.016861,0.648476
1677114408,383131528,0.404340,0.655761,0.276356,0.760752,0.012108,0.017417,0.648695
1677114408,393124853,0.404307,0.655622,0.277501,0.760503,0.011860,0.018076,0.648974
1677114408,402559461,0.404375,0.655416,0.278657,0.760356,0.011218,0.018897,0.649134
1677114408,412684744,0.404439,0.655401,0.279899,0.761202,0.010374,0.019587,0.648137
1677114408,423101463,0.404453,0.655048,0.281025,0.760825,0.009946,0.019883,0.648576
1677114408,432949733,0.404464,0.654822,0.282258,0.761067,0.009753,0.019968,0.648293
1677114408,443410868,0.404505,0.654687,0.283492,0.761648,0.009865,0.020483,0.647592
1677114408,453349131,0.404546,0.654294,0.284667,0.761308,0.009585,0.020796,0.647986
1677114408,463236624,0.404689,0.654101,0.285891,0.761670,0.008580,0.021036,0.647567
1677114408,472700510,0.404693,0.653902,0.287066,0.761589,0.008358,0.021470,0.647651
1677114408,482816470,0.404528,0.653796,0.288184,0.761559,0.009163,0.021760,0.647665
1677114408,492956846,0.404589,0.653667,0.289260,0.761163,0.008426,0.022743,0.648107
1677114408,503410418,0.404544,0.653619,0.290329,0.760929,0.008272,0.023108,0.648371
1677114408,513263706,0.404563,0.653886,0.291412,0.761609,0.007833,0.023820,0.647551
1677114408,523179496,0.404702,0.654128,0.292464,0.762070,0.007324,0.024935,0.646973
1677114408,533205660,0.404720,0.654438,0.293470,0.762760,0.006553,0.024259,0.646193
1677114408,542814834,0.405649,0.653077,0.294410,0.758307,0.000764,0.024992,0.651418
1677114408,554204802,0.405840,0.653240,0.295363,0.758493,-0.000413,0.024644,0.651215
1677114408,563533040,0.405016,0.653834,0.296466,0.760723,0.005833,0.024789,0.648577
1677114408,573601426,0.405077,0.653760,0.297299,0.760184,0.006120,0.024231,0.649227
1677114408,582945243,0.405250,0.653640,0.298106,0.759521,0.006236,0.023998,0.650010
1677114408,593160551,0.405439,0.653576,0.298898,0.759382,0.006754,0.024159,0.650161
1677114408,603080867,0.405867,0.653658,0.299735,0.759806,0.005645,0.024363,0.649669
1677114408,612803394,0.406063,0.653606,0.300491,0.759648,0.006131,0.024783,0.649834
1677114408,623400239,0.406221,0.653540,0.301184,0.759183,0.005441,0.023757,0.650421
1677114408,633123858,0.406440,0.653613,0.301905,0.759036,0.005275,0.024317,0.650573
1677114408,643933637,0.406636,0.653588,0.302530,0.758610,0.004135,0.023733,0.651100
1677114408,653311635,0.406984,0.653564,0.303168,0.758226,0.003734,0.025018,0.651501
1677114408,662999391,0.407226,0.653640,0.303764,0.758485,0.003819,0.026282,0.651149
1677114408,672768625,0.407438,0.653487,0.304232,0.757933,0.003581,0.026880,0.651768
1677114408,683083891,0.407697,0.653213,0.304615,0.756934,0.003102,0.027817,0.652891
1677114408,693414290,0.407951,0.653362,0.305058,0.757466,0.002694,0.028755,0.652235
1677114408,703456509,0.408255,0.653487,0.305458,0.757874,0.002301,0.029723,0.651720
1677114408,713304439,0.408317,0.653310,0.305771,0.757528,0.003178,0.029848,0.652113
1677114408,723758296,0.408553,0.653339,0.306050,0.758005,0.003250,0.030205,0.651541
1677114408,733401257,0.408693,0.653205,0.306331,0.758386,0.004067,0.029702,0.651115
1677114408,742839036,0.407910,0.653479,0.306831,0.760912,0.011267,0.030457,0.648042
1677114408,753241886,0.408052,0.653313,0.307082,0.761573,0.012170,0.028823,0.647323
1677114408,763923070,0.408129,0.653316,0.307248,0.762687,0.014091,0.027783,0.646017
1677114408,773841102,0.408382,0.653154,0.307371,0.763283,0.014638,0.026357,0.645360
1677114408,783643446,0.408732,0.653001,0.307507,0.763954,0.015028,0.025062,0.644609
