secs,nsecs,tx,ty,tz,rx,ry,rz,rw
1677114135,462489005,0.462020,0.503877,0.447820,0.580683,-0.040797,-0.020279,0.812854
1677114135,472902651,0.462960,0.504406,0.447888,0.582176,-0.038276,-0.021435,0.811879
1677114135,482902113,0.463875,0.504771,0.448015,0.583080,-0.035565,-0.022491,0.811324
1677114135,492775652,0.464924,0.505090,0.448145,0.584395,-0.034061,-0.023712,0.810407
1677114135,502191716,0.465981,0.505531,0.448265,0.586119,-0.031691,-0.024041,0.809248
1677114135,511936217,0.466934,0.505816,0.448365,0.587174,-0.029648,-0.025193,0.808525
1677114135,521972269,0.467696,0.506381,0.448433,0.589035,-0.027123,-0.027994,0.807167
1677114135,532297710,0.468749,0.506912,0.448373,0.589891,-0.027094,-0.029080,0.806504
1677114135,542783174,0.469791,0.507445,0.448263,0.589644,-0.026510,-0.029465,0.806690
1677114135,552750340,0.470717,0.508332,0.448020,0.589890,-0.025880,-0.030536,0.806491
1677114135,562357642,0.471718,0.509009,0.447873,0.589067,-0.025628,-0.030605,0.807098
1677114135,571804111,0.472539,0.509511,0.447789,0.587136,-0.025304,-0.031349,0.808485
1677114135,581923128,0.473240,0.510273,0.447642,0.586784,-0.024808,-0.032200,0.808723
1677114135,592077631,0.473984,0.510790,0.447553,0.585613,-0.024046,-0.032061,0.809600
1677114135,602551247,0.474747,0.511578,0.447391,0.586389,-0.024075,-0.031845,0.809045
1677114135,612302512,0.475360,0.512085,0.447277,0.586494,-0.023889,-0.031844,0.808975
1677114135,622464284,0.475925,0.512384,0.447194,0.586192,-0.023990,-0.031921,0.809187
1677114135,632279602,0.476614,0.512821,0.447100,0.586943,-0.024256,-0.030973,0.808672
1677114135,641887851,0.477074,0.513095,0.447013,0.587041,-0.024276,-0.031288,0.808588
1677114135,652091508,0.477489,0.513372,0.446899,0.587028,-0.024003,-0.031304,0.808605
1677114135,663003360,0.477996,0.513682,0.446788,0.587157,-0.024001,-0.030694,0.808535
1677114135,672373636,0.478572,0.514154,0.446651,0.587631,-0.024818,-0.030073,0.808189
1677114135,683034517,0.478972,0.514697,0.446495,0.587995,-0.024846,-0.029787,0.807934
1677114135,692503960,0.479378,0.515050,0.446336,0.587415,-0.024806,-0.029023,0.808385
1677114135,703334564,0.479786,0.515458,0.446132,0.586860,-0.024810,-0.028215,0.808816
1677114135,713209492,0.480159,0.515991,0.445880,0.586918,-0.024808,-0.027462,0.808800
1677114135,722563800,0.480507,0.516527,0.445596,0.586976,-0.024501,-0.026760,0.808791
1677114135,731820419,0.480982,0.517122,0.445322,0.587378,-0.024806,-0.026058,0.808513
1677114135,741715458,0.481347,0.517339,0.445102,0.586293,-0.024602,-0.025558,0.809322
1677114135,751878501,0.481808,0.517730,0.444861,0.586181,-0.025537,-0.025546,0.809374
1677114135,762091925,0.482018,0.518037,0.444536,0.586056,-0.025399,-0.026087,0.809452
1677114135,771983591,0.482404,0.518269,0.444256,0.585573,-0.026254,-0.026078,0.809775
1677114135,782272436,0.482721,0.518727,0.443885,0.586234,-0.026158,-0.025215,0.809326
1677114135,792998140,0.482982,0.518897,0.443552,0.585386,-0.026279,-0.024724,0.809952
1677114135,802323908,0.483222,0.519238,0.443154,0.584748,-0.026040,-0.023674,0.810451
1677114135,812585861,0.483188,0.519656,0.442687,0.584213,-0.025192,-0.023104,0.810880
1677114135,822439859,0.483266,0.520037,0.442232,0.583059,-0.024728,-0.020958,0.811783
1677114135,832623232,0.483161,0.520504,0.441634,0.581709,-0.024694,-0.019196,0.812795
1677114135,841895046,0.482982,0.520932,0.440964,0.579721,-0.024622,-0.016499,0.814276
1677114135,852185355,0.482762,0.521640,0.440124,0.578431,-0.025263,-0.013372,0.815230
1677114135,862667291,0.482463,0.522123,0.439235,0.575761,-0.025498,-0.009483,0.817165
1677114135,872460006,0.481942,0.522625,0.438235,0.573365,-0.025161,-0.006545,0.818888
1677114135,882934318,0.481612,0.522924,0.437243,0.570708,-0.025582,-0.003225,0.820748
1677114135,892972458,0.481318,0.523144,0.436244,0.568707,-0.026087,-0.000556,0.822126
1677114135,902345962,0.481257,0.523309,0.435217,0.567667,-0.026386,0.002124,0.822833
1677114135,912067297,0.481251,0.523243,0.434311,0.566942,-0.026818,0.002980,0.823315
1677114135,922119015,0.481385,0.523212,0.433405,0.567750,-0.026573,0.003157,0.822766
1677114135,931903784,0.481823,0.523003,0.432591,0.568699,-0.025208,0.003375,0.822152
1677114135,942254275,0.482237,0.522746,0.431797,0.569833,-0.022246,0.002918,0.821454
1677114135,952812755,0.482759,0.522431,0.430908,0.570826,-0.018754,0.001849,0.820855
1677114135,962091888,0.483515,0.522310,0.429941,0.572495,-0.015573,0.001253,0.819759
1677114135,972145633,0.484271,0.522164,0.428911,0.573673,-0.011864,0.000041,0.818998
1677114135,982204822,0.484960,0.522115,0.427755,0.574624,-0.007871,-0.001079,0.818379
1677114135,992666216,0.485636,0.522093,0.426511,0.574709,-0.003744,-0.001821,0.818347
1677114136,1980778,0.486347,0.522258,0.425163,0.574915,-0.000357,-0.001819,0.818211
1677114136,12433234,0.486843,0.522580,0.423712,0.574807,0.003046,-0.001507,0.818282
1677114136,22728007,0.487237,0.522925,0.422243,0.573960,0.006532,-0.000042,0.818857
1677114136,32020076,0.487446,0.523275,0.420782,0.572510,0.009742,0.001526,0.819839
1677114136,42020571,0.487678,0.523793,0.419278,0.571529,0.010882,0.003918,0.820500
1677114136,52314728,0.487651,0.524167,0.417789,0.570095,0.012093,0.006120,0.821467
1677114136,62046621,0.487569,0.524565,0.416372,0.569176,0.013312,0.009113,0.822058
1677114136,72626999,0.487586,0.525020,0.414950,0.569384,0.013561,0.012396,0.821866
1677114136,82613576,0.487461,0.525325,0.413606,0.569488,0.014306,0.014963,0.821739
1677114136,92679319,0.487433,0.525611,0.412297,0.569975,0.015465,0.018104,0.821317
1677114136,102478980,0.487364,0.525859,0.410983,0.570534,0.016143,0.020094,0.820869
1677114136,112129734,0.487472,0.526095,0.409704,0.571109,0.016673,0.022946,0.820384
1677114136,122194061,0.487512,0.526452,0.408279,0.572291,0.017102,0.025267,0.819483
1677114136,132832193,0.487508,0.526735,0.406812,0.572921,0.017310,0.027348,0.818972
1677114136,143470038,0.487503,0.527200,0.405280,0.573884,0.019231,0.030678,0.818136
1677114136,152476379,0.487567,0.527705,0.403676,0.574645,0.020814,0.034455,0.817412
1677114136,161835795,0.487529,0.528219,0.402022,0.575018,0.022404,0.037340,0.816981
1677114136,172086243,0.487550,0.528695,0.400366,0.574549,0.023672,0.040869,0.817106
1677114136,182835976,0.487488,0.529410,0.398581,0.574359,0.025131,0.044290,0.817018
1677114136,192458524,0.487494,0.530429,0.396687,0.574993,0.025670,0.047863,0.816354
1677114136,202975412,0.487380,0.531233,0.394777,0.573802,0.027226,0.051699,0.816907
1677114136,212350579,0.487283,0.532169,0.392836,0.573019,0.028221,0.055334,0.817185
1677114136,222930422,0.487149,0.532936,0.390947,0.571736,0.029460,0.058674,0.817807
1677114136,232637380,0.487083,0.533811,0.389056,0.571582,0.030172,0.061900,0.817650
1677114136,241903322,0.486733,0.534516,0.387046,0.571973,0.031598,0.063377,0.817210
1677114136,251921819,0.486655,0.535042,0.385424,0.570815,0.033052,0.065974,0.817756
1677114136,262429264,0.486920,0.536070,0.383682,0.571981,0.033418,0.070271,0.816568
1677114136,272370822,0.487053,0.537024,0.381968,0.572437,0.034563,0.073734,0.815895
1677114136,282230521,0.487115,0.537938,0.380258,0.572211,0.036765,0.076914,0.815664
1677114136,292877351,0.487129,0.538973,0.378568,0.572343,0.039203,0.079398,0.815220
1677114136,302184602,0.487198,0.539901,0.376945,0.571483,0.042300,0.082444,0.815365
1677114136,311871902,0.487216,0.540837,0.375327,0.570918,0.044711,0.085019,0.815368
1677114136,322015640,0.487247,0.541888,0.373666,0.570867,0.046707,0.087759,0.815002
1677114136,332924295,0.487240,0.542816,0.372065,0.570372,0.048329,0.090304,0.814976
1677114136,342226589,0.487234,0.543481,0.370500,0.568664,0.049391,0.092552,0.815853
1677114136,353048330,0.487114,0.544528,0.368893,0.568454,0.051152,0.095074,0.815600
1677114136,362374142,0.486966,0.545215,0.367415,0.566464,0.052799,0.097384,0.816607
1677114136,372031848,0.486886,0.546317,0.365863,0.566370,0.054223,0.099736,0.816295
1677114136,381995792,0.486912,0.547136,0.364458,0.565185,0.054505,0.101627,0.816864
1677114136,392406041,0.486672,0.547581,0.363070,0.562765,0.056671,0.103002,0.818215
1677114136,402480445,0.486599,0.548893,0.361668,0.564520,0.058315,0.106187,0.816481
1677114136,412249956,0.486666,0.549515,0.360389,0.564056,0.059459,0.108541,0.816410
1677114136,422713555,0.486640,0.550104,0.359141,0.563829,0.061544,0.110553,0.816142
1677114136,432462535,0.486623,0.550805,0.357906,0.564401,0.063600,0.112554,0.815315
1677114136,441983874,0.486588,0.551347,0.356691,0.564173,0.065904,0.114119,0.815072
1677114136,452072561,0.486713,0.551989,0.355466,0.564411,0.067139,0.116048,0.814534
1677114136,462641152,0.486825,0.552552,0.354213,0.564569,0.067914,0.117278,0.814184
1677114136,472522564,0.486993,0.553066,0.352986,0.564604,0.068883,0.118824,0.813854
1677114136,482851934,0.487045,0.553432,0.351763,0.564400,0.070047,0.119280,0.813830
1677114136,492416090,0.487259,0.553752,0.350531,0.564040,0.071155,0.120168,0.813852
1677114136,501948623,0.487450,0.554106,0.349261,0.564158,0.072250,0.120519,0.813622
1677114136,511950655,0.487249,0.554281,0.348005,0.563432,0.076218,0.120598,0.813751
1677114136,522161520,0.487489,0.554692,0.346782,0.563591,0.077825,0.121385,0.813372
1677114136,532199721,0.487691,0.555031,0.345520,0.563408,0.079472,0.122023,0.813244
1677114136,541922445,0.487759,0.555579,0.344269,0.563909,0.081198,0.122831,0.812604
1677114136,552590843,0.487589,0.556058,0.343042,0.564487,0.083592,0.123168,0.811909
1677114136,563072133,0.487879,0.556429,0.341753,0.563745,0.082474,0.125154,0.812235
1677114136,572236881,0.487704,0.556674,0.340514,0.563087,0.082921,0.126668,0.812411
1677114136,581985602,0.487542,0.557089,0.339246,0.563181,0.082471,0.128959,0.812031
1677114136,592110686,0.487120,0.557444,0.337909,0.563192,0.082500,0.131159,0.811668
1677114136,602025891,0.486742,0.557657,0.336583,0.562370,0.081861,0.134071,0.811827
1677114136,612852841,0.486318,0.557929,0.335174,0.561797,0.081116,0.137574,0.811713
1677114136,622616143,0.485813,0.558318,0.333605,0.561948,0.080438,0.140274,0.811214
1677114136,632266060,0.485350,0.558692,0.332066,0.561669,0.079808,0.143048,0.810985
1677114136,641959421,0.485098,0.558898,0.330519,0.560249,0.079112,0.146174,0.811477
1677114136,652279828,0.484749,0.559345,0.328889,0.560052,0.078735,0.147696,0.811374
1677114136,661743236,0.484679,0.559728,0.327334,0.559478,0.077987,0.149273,0.811554
1677114136,671840806,0.484607,0.560146,0.325795,0.559407,0.078535,0.150080,0.811402
1677114136,682151483,0.484735,0.560372,0.324344,0.558873,0.079030,0.150320,0.811676
1677114136,692938443,0.484855,0.560841,0.322883,0.560001,0.080446,0.150194,0.810783
1677114136,702358313,0.485106,0.561082,0.321481,0.560103,0.081947,0.149878,0.810621
1677114136,711895627,0.485336,0.561483,0.320059,0.560604,0.082971,0.149504,0.810239
1677114136,722226175,0.485667,0.561870,0.318648,0.560504,0.083692,0.149626,0.810212
1677114136,732228185,0.485727,0.562315,0.317156,0.560421,0.085147,0.149250,0.810187
1677114136,742691717,0.485838,0.562812,0.315650,0.560400,0.085440,0.149292,0.810162
1677114136,752693120,0.485984,0.563316,0.314157,0.560307,0.085679,0.150237,0.810027
1677114136,762182081,0.485867,0.563759,0.312659,0.560078,0.086203,0.150583,0.810066
1677114136,771757063,0.485894,0.564052,0.311281,0.558808,0.086243,0.152422,0.810594
1677114136,781890952,0.485669,0.564431,0.309902,0.557740,0.087095,0.154247,0.810894
1677114136,791947179,0.485405,0.565251,0.308347,0.558838,0.084756,0.155313,0.810182
1677114136,802319826,0.485240,0.565912,0.306940,0.558516,0.083359,0.158903,0.809852
1677114136,812311176,0.484808,0.566508,0.305535,0.558715,0.081555,0.161221,0.809441
1677114136,822409685,0.483973,0.566815,0.304092,0.557478,0.082252,0.163983,0.809668
1677114136,832596373,0.483858,0.568107,0.302656,0.560411,0.078903,0.169598,0.806815
1677114136,842140484,0.483366,0.568552,0.301277,0.560406,0.077108,0.172334,0.806412
1677114136,852080087,0.483063,0.568932,0.299932,0.560029,0.075193,0.175325,0.806210
1677114136,862434131,0.482740,0.569437,0.298554,0.560631,0.073310,0.177772,0.805429
1677114136,872701065,0.482493,0.569740,0.297205,0.560479,0.072185,0.179544,0.805243
1677114136,882714137,0.482462,0.570336,0.295807,0.561606,0.070574,0.181569,0.804146
1677114136,892182755,0.482274,0.570854,0.294342,0.562318,0.071142,0.182633,0.803357
1677114136,902095042,0.482436,0.571397,0.292963,0.562259,0.070675,0.184483,0.803017
1677114136,911821331,0.482383,0.571970,0.291535,0.562153,0.071590,0.184691,0.802962
1677114136,922184980,0.482422,0.572850,0.289991,0.562965,0.072567,0.185325,0.802159
1677114136,932074418,0.482741,0.573512,0.288539,0.561972,0.072685,0.186376,0.802601
1677114136,942321123,0.482821,0.574347,0.287040,0.562073,0.073654,0.186822,0.802338
1677114136,952110305,0.482943,0.575094,0.285552,0.561395,0.074645,0.187389,0.802589
1677114136,963286434,0.483043,0.575929,0.284074,0.561197,0.075229,0.188010,0.802528
1677114136,972144009,0.483088,0.576850,0.282569,0.561167,0.075893,0.189012,0.802251
1677114136,982089497,0.483006,0.577682,0.281092,0.560767,0.077486,0.190134,0.802113
1677114136,992589381,0.483026,0.578421,0.279670,0.559910,0.078205,0.191674,0.802276
1677114137,2477909,0.482860,0.579113,0.278162,0.558421,0.080717,0.193564,0.802611
1677114137,12732453,0.482760,0.580145,0.276762,0.559747,0.080755,0.195063,0.801319
1677114137,21951939,0.482809,0.581052,0.275476,0.560313,0.080518,0.197121,0.800443
1677114137,31803058,0.482911,0.581922,0.274161,0.560397,0.079858,0.199003,0.799984
1677114137,41858782,0.482782,0.582606,0.272903,0.559949,0.082266,0.200942,0.799570
1677114137,52387386,0.482646,0.583431,0.271677,0.560101,0.085041,0.203728,0.798467
1677114137,62872583,0.482652,0.584160,0.270468,0.559727,0.086370,0.205904,0.798029
1677114137,72197003,0.482362,0.585678,0.269084,0.563538,0.085421,0.205702,0.795496
1677114137,82554853,0.482123,0.586424,0.267788,0.563990,0.086536,0.205947,0.794992
1677114137,92537874,0.482370,0.587819,0.266468,0.565689,0.087072,0.209442,0.792810
1677114137,101960959,0.482389,0.588750,0.265138,0.566476,0.087818,0.210165,0.791974
1677114137,111834181,0.482942,0.589526,0.263929,0.565487,0.087594,0.212501,0.792083
1677114137,122218858,0.482750,0.590598,0.262608,0.566646,0.090627,0.212477,0.790919
1677114137,132293216,0.482727,0.591414,0.261411,0.566134,0.092892,0.211961,0.791161
1677114137,141839465,0.482976,0.592477,0.260251,0.566178,0.094249,0.212658,0.790782
1677114137,152486864,0.483043,0.593412,0.259063,0.566386,0.095807,0.212086,0.790599
1677114137,162537204,0.483369,0.594342,0.257965,0.566507,0.096266,0.212500,0.790345
1677114137,172634867,0.483464,0.595124,0.256806,0.567021,0.097745,0.212155,0.789888
1677114137,181831850,0.483653,0.595889,0.255704,0.567902,0.098756,0.212290,0.789093
1677114137,191873575,0.483726,0.596438,0.254644,0.568506,0.099917,0.211812,0.788640
1677114137,202229726,0.483901,0.597085,0.253593,0.569176,0.100510,0.212392,0.787925
1677114137,212080158,0.483845,0.597758,0.252498,0.569828,0.102141,0.213186,0.787029
1677114137,222673651,0.483624,0.598852,0.251216,0.572183,0.102931,0.213813,0.785045
1677114137,232800029,0.483667,0.599328,0.250124,0.571554,0.103043,0.215577,0.785006
1677114137,242003783,0.483393,0.599745,0.248929,0.570958,0.104806,0.216672,0.784905
1677114137,251923097,0.483144,0.600490,0.247659,0.571969,0.105784,0.218568,0.783511
1677114137,263142158,0.482957,0.601121,0.246376,0.572140,0.106778,0.220668,0.782662
1677114137,272174071,0.482715,0.601912,0.245017,0.572796,0.107486,0.222235,0.781641
1677114137,282796982,0.482379,0.602557,0.243640,0.572508,0.108272,0.222974,0.781533
1677114137,292602007,0.482142,0.603548,0.242205,0.572525,0.109721,0.225296,0.780652
1677114137,302405509,0.481811,0.604379,0.240751,0.571770,0.111247,0.226470,0.780650
1677114137,312047644,0.481451,0.605253,0.239254,0.570467,0.112517,0.227713,0.781059
1677114137,322443036,0.481230,0.606323,0.237707,0.569452,0.113741,0.230237,0.780883
1677114137,333066520,0.480986,0.607339,0.236147,0.567968,0.114895,0.232528,0.781116
1677114137,342839611,0.480637,0.608180,0.234618,0.565898,0.117085,0.234844,0.781600
1677114137,353382612,0.480317,0.609408,0.233025,0.566002,0.118420,0.237143,0.780629
1677114137,363031404,0.479997,0.610451,0.231492,0.565734,0.117551,0.236613,0.781115
1677114137,372661870,0.479615,0.611265,0.230001,0.564655,0.119281,0.237722,0.781297
1677114137,381922739,0.479439,0.612374,0.228525,0.564332,0.120008,0.239548,0.780861
1677114137,391971624,0.479132,0.613378,0.227062,0.563561,0.121364,0.240310,0.780975
1677114137,402015928,0.478860,0.614441,0.225603,0.562253,0.121995,0.241150,0.781560
1677114137,412036290,0.478567,0.615576,0.224141,0.560708,0.122746,0.242218,0.782221
1677114137,422655925,0.478119,0.616765,0.222724,0.559508,0.123766,0.242753,0.782754
1677114137,432239879,0.477850,0.617914,0.221443,0.556439,0.125943,0.245703,0.783673
1677114137,441963857,0.477438,0.618813,0.220270,0.553643,0.127912,0.247184,0.784868
1677114137,452510689,0.477012,0.620245,0.219095,0.552983,0.130030,0.250077,0.784069
1677114137,462104006,0.476613,0.620959,0.218200,0.551310,0.130836,0.250918,0.784844
1677114137,472277855,0.476115,0.621667,0.217403,0.550156,0.132440,0.252070,0.785015
1677114137,483176989,0.475794,0.622537,0.216678,0.549928,0.132697,0.253939,0.784529
1677114137,493231030,0.475402,0.623332,0.216094,0.549552,0.133122,0.255785,0.784120
1677114137,502376768,0.474965,0.624000,0.215610,0.548886,0.133345,0.257411,0.784017
1677114137,511891342,0.474375,0.624848,0.215104,0.549725,0.133773,0.259027,0.782823
1677114137,522149960,0.473971,0.625471,0.214739,0.549598,0.132431,0.260916,0.782513
1677114137,531786509,0.473507,0.626054,0.214406,0.548985,0.131553,0.263500,0.782226
1677114137,542395473,0.472763,0.626706,0.214013,0.548659,0.131725,0.265904,0.781612
1677114137,552782667,0.471937,0.627595,0.213552,0.548352,0.132084,0.269346,0.780587
1677114137,563386577,0.471111,0.628544,0.213013,0.547626,0.131730,0.273113,0.779847
1677114137,572316378,0.470091,0.629393,0.212419,0.546086,0.132268,0.276467,0.779655
1677114137,581775080,0.469450,0.630386,0.211818,0.543800,0.131181,0.281978,0.779463
1677114137,592009460,0.468137,0.631272,0.211018,0.542448,0.132447,0.283539,0.779624
1677114137,602260938,0.467276,0.632323,0.210286,0.540313,0.132847,0.287439,0.779610
1677114137,612921489,0.466350,0.633264,0.209510,0.537846,0.133588,0.290051,0.780222
1677114137,623050136,0.465622,0.634271,0.208819,0.535550,0.134001,0.292664,0.780755
1677114137,632784845,0.464850,0.635428,0.208087,0.534364,0.135214,0.294657,0.780608
1677114137,642310194,0.464302,0.636441,0.207453,0.532487,0.136160,0.296663,0.780967
1677114137,651772098,0.463752,0.637501,0.206839,0.531204,0.137630,0.298306,0.780957
1677114137,662410698,0.463283,0.638324,0.206294,0.528757,0.139457,0.300130,0.781594
1677114137,672728613,0.462704,0.639363,0.205636,0.528039,0.140844,0.301647,0.781247
1677114137,682744088,0.462009,0.640380,0.204873,0.527026,0.143617,0.303312,0.780781
1677114137,692846470,0.461434,0.641359,0.204137,0.525716,0.145417,0.304990,0.780678
1677114137,701942106,0.460928,0.642129,0.203421,0.523586,0.147096,0.306094,0.781363
1677114137,712042431,0.460474,0.643099,0.202654,0.521798,0.149283,0.307994,0.781397
1677114137,722152769,0.460036,0.644139,0.201861,0.520487,0.150944,0.309063,0.781530
1677114137,732355330,0.459616,0.645131,0.201124,0.519168,0.153456,0.310028,0.781536
1677114137,742915786,0.459358,0.646070,0.200403,0.517237,0.155930,0.311274,0.781831
1677114137,752430961,0.459064,0.647121,0.199694,0.517217,0.157564,0.311675,0.781357
1677114137,762177408,0.458746,0.647964,0.198970,0.516252,0.160031,0.311720,0.781475
1677114137,772080174,0.458578,0.648858,0.198274,0.515099,0.162099,0.312619,0.781452
1677114137,782012877,0.458321,0.649824,0.197481,0.514284,0.163731,0.313222,0.781406
1677114137,792269061,0.458155,0.650566,0.196696,0.511846,0.165340,0.314190,0.782279
1677114137,802433108,0.457774,0.651681,0.195788,0.511211,0.166909,0.315032,0.782022
1677114137,812919888,0.457587,0.652564,0.194970,0.509050,0.168006,0.316022,0.782797
1677114137,821842215,0.457390,0.653548,0.194181,0.507597,0.169539,0.317254,0.782913
1677114137,832423319,0.457107,0.654436,0.193391,0.506187,0.171871,0.317938,0.783040
1677114137,841868377,0.456986,0.655378,0.192639,0.505528,0.173065,0.318611,0.782929
1677114137,852334079,0.456886,0.656084,0.191965,0.503695,0.174428,0.318842,0.783713
1677114137,863292151,0.456721,0.657074,0.191242,0.503001,0.176079,0.319636,0.783466
1677114137,872560129,0.456535,0.658070,0.190485,0.502110,0.177568,0.320048,0.783533
1677114137,882321779,0.456458,0.658938,0.189864,0.500301,0.178810,0.320757,0.784118
1677114137,892540693,0.456247,0.659906,0.189189,0.499338,0.180577,0.321249,0.784125
1677114137,902349462,0.456065,0.660889,0.188565,0.499083,0.181762,0.321629,0.783858
1677114137,911822931,0.456024,0.661666,0.188096,0.497859,0.183002,0.322585,0.783955
1677114137,921969858,0.455842,0.662597,0.187523,0.497903,0.184537,0.323197,0.783315
1677114137,931820599,0.455787,0.663332,0.187109,0.497039,0.185939,0.324418,0.783027
1677114137,942146241,0.455613,0.664089,0.186683,0.496377,0.187618,0.325363,0.782655
1677114137,952398204,0.455371,0.664984,0.186198,0.496599,0.188735,0.326291,0.781858
1677114137,961931174,0.455046,0.665750,0.185717,0.496134,0.190425,0.327140,0.781389
1677114137,972175338,0.454809,0.666462,0.185285,0.495291,0.191492,0.328052,0.781281
1677114137,981865115,0.454648,0.667251,0.184836,0.494646,0.192285,0.329503,0.780884
1677114137,992196993,0.454391,0.668034,0.184384,0.494575,0.193511,0.330350,0.780268
1677114138,2755900,0.454126,0.668864,0.183925,0.494921,0.194456,0.330947,0.779560
1677114138,12179830,0.454001,0.669589,0.183510,0.494473,0.195253,0.331699,0.779326
1677114138,22635876,0.453862,0.670292,0.183088,0.493459,0.196535,0.332355,0.779366
1677114138,32942682,0.453644,0.671188,0.182577,0.493291,0.197568,0.332788,0.779027
1677114138,42110298,0.453572,0.672052,0.182104,0.492143,0.198059,0.333740,0.779221
1677114138,51933168,0.453257,0.673029,0.181564,0.491963,0.199567,0.334307,0.778707
1677114138,62470793,0.452974,0.673802,0.181021,0.490873,0.201024,0.334706,0.778848
1677114138,72832716,0.452717,0.674585,0.180513,0.490025,0.201935,0.335168,0.778948
1677114138,83258566,0.452388,0.675503,0.179998,0.490086,0.203452,0.336090,0.778117
1677114138,92926942,0.452199,0.676215,0.179562,0.489367,0.204053,0.337036,0.778004
1677114138,103608858,0.452086,0.676869,0.179103,0.488506,0.204734,0.338200,0.777860
1677114138,112263967,0.451727,0.677483,0.178579,0.488396,0.206164,0.338353,0.777485
1677114138,121877616,0.451559,0.678067,0.178155,0.487906,0.206933,0.339216,0.777212
1677114138,132565281,0.451228,0.678780,0.177634,0.488382,0.208763,0.339633,0.776241
1677114138,141884478,0.451098,0.679514,0.177202,0.488184,0.209864,0.340763,0.775573
1677114138,151796247,0.450672,0.680222,0.176737,0.488158,0.211976,0.340843,0.774980
1677114138,161927062,0.450338,0.681039,0.176306,0.487677,0.213089,0.341613,0.774638
1677114138,171723545,0.449791,0.681849,0.175803,0.487191,0.214484,0.342115,0.774338
1677114138,181887914,0.449319,0.682647,0.175277,0.486286,0.215188,0.343307,0.774183
1677114138,192009492,0.448840,0.683419,0.174744,0.485188,0.215638,0.344798,0.774085
1677114138,201785059,0.448218,0.684021,0.174204,0.484226,0.216560,0.345574,0.774084
1677114138,211959552,0.447791,0.684800,0.173667,0.483984,0.216680,0.347198,0.773474
1677114138,222316802,0.447431,0.685481,0.173175,0.483939,0.216749,0.348340,0.772970
1677114138,232419399,0.447181,0.686044,0.172770,0.483284,0.216896,0.349340,0.772887
1677114138,241908913,0.446935,0.686609,0.172508,0.483518,0.218015,0.349811,0.772212
1677114138,251957347,0.446858,0.687065,0.172437,0.485528,0.219135,0.349639,0.770710
1677114138,262277108,0.446697,0.687440,0.172406,0.487791,0.220612,0.349150,0.769080
1677114138,272715906,0.446469,0.687912,0.172278,0.489084,0.221103,0.349342,0.768030
1677114138,282753788,0.446102,0.688312,0.172047,0.489024,0.221473,0.349801,0.767753
1677114138,292434129,0.445747,0.688769,0.171858,0.489143,0.221991,0.350864,0.767043
1677114138,302071581,0.445567,0.689033,0.171793,0.489686,0.222310,0.351640,0.766248
1677114138,311763987,0.445309,0.689356,0.171747,0.491957,0.222644,0.352274,0.764402
1677114138,321866844,0.445128,0.689619,0.171648,0.493698,0.222662,0.352858,0.763004
1677114138,331855544,0.444909,0.689895,0.171532,0.494812,0.222366,0.353046,0.762281
1677114138,342463416,0.444670,0.690190,0.171389,0.495537,0.222185,0.353073,0.761851
1677114138,352263163,0.444308,0.690506,0.171258,0.496046,0.223147,0.353393,0.761090
1677114138,363266136,0.444060,0.690814,0.171167,0.496858,0.223269,0.353466,0.760490
1677114138,371780238,0.443696,0.691279,0.171040,0.498735,0.223228,0.353355,0.759324
1677114138,381934289,0.443334,0.691674,0.170927,0.500100,0.223025,0.353579,0.758380
1677114138,392137752,0.442865,0.691946,0.170774,0.500858,0.223827,0.353873,0.757507
1677114138,402504943,0.442517,0.692071,0.170700,0.501004,0.223888,0.354254,0.757214
1677114138,412645797,0.442007,0.692434,0.170573,0.502793,0.223749,0.354594,0.755909
1677114138,422467721,0.441464,0.692712,0.170442,0.504091,0.224125,0.354963,0.754759
1677114138,431831901,0.440978,0.692726,0.170378,0.504530,0.224240,0.355051,0.754390
1677114138,441693095,0.440439,0.693019,0.170231,0.506080,0.223845,0.355513,0.753251
1677114138,451704055,0.439917,0.693011,0.170155,0.506474,0.223759,0.355386,0.753071
1677114138,461842641,0.439380,0.693275,0.170058,0.508099,0.223562,0.355719,0.751877
1677114138,472509782,0.439055,0.693175,0.170027,0.507930,0.223239,0.356308,0.751809
1677114138,482134248,0.438462,0.693360,0.169933,0.509967,0.223189,0.355732,0.750716
1677114138,492053963,0.438129,0.693300,0.169926,0.510404,0.222786,0.355597,0.750603
1677114138,501995748,0.437791,0.693256,0.169853,0.511299,0.222559,0.354871,0.750405
1677114138,512083645,0.437356,0.693211,0.169720,0.512150,0.223021,0.354039,0.750080
1677114138,522318340,0.437024,0.693082,0.169589,0.512803,0.222750,0.352866,0.750268
1677114138,532151497,0.436721,0.693024,0.169455,0.514110,0.222602,0.351916,0.749863
1677114138,542506364,0.436573,0.692762,0.169406,0.514853,0.222313,0.350819,0.749953
1677114138,552982960,0.436255,0.692693,0.169281,0.516987,0.222250,0.349168,0.749274
1677114138,562487602,0.436214,0.692463,0.169221,0.517776,0.221264,0.347790,0.749661
1677114138,572184661,0.436049,0.692362,0.169136,0.519094,0.220395,0.346275,0.749707
1677114138,581691074,0.435865,0.692174,0.169025,0.520060,0.219883,0.344317,0.750090
1677114138,591676316,0.435650,0.692036,0.168900,0.521272,0.219734,0.342633,0.750063
1677114138,601837801,0.435445,0.691868,0.168809,0.522997,0.218707,0.340279,0.750235
1677114138,611932112,0.435335,0.691594,0.168725,0.523692,0.218029,0.338599,0.750707
1677114138,621695776,0.435114,0.691601,0.168613,0.525545,0.217412,0.337512,0.750080
1677114138,631745724,0.434808,0.691509,0.168458,0.527408,0.216525,0.335999,0.749708
1677114138,641741161,0.434519,0.691243,0.168306,0.528479,0.215827,0.334641,0.749762
1677114138,651801124,0.434148,0.691044,0.168122,0.530192,0.215440,0.333536,0.749156
1677114138,662075903,0.433832,0.690861,0.167916,0.532127,0.214631,0.332667,0.748403
1677114138,672228797,0.433422,0.690594,0.167701,0.534100,0.214120,0.331128,0.747826
1677114138,682614542,0.433123,0.690391,0.167496,0.536083,0.213202,0.330257,0.747054
1677114138,692621271,0.432843,0.690232,0.167261,0.538021,0.212117,0.329284,0.746400
1677114138,702103118,0.432495,0.689911,0.167047,0.539176,0.211968,0.328002,0.746172
1677114138,711781427,0.432326,0.689810,0.166907,0.540734,0.210939,0.327385,0.745607
1677114138,721644058,0.431931,0.689634,0.166809,0.542209,0.211143,0.325596,0.745262
1677114138,731914114,0.431621,0.689687,0.166725,0.543935,0.210650,0.324196,0.744754
1677114138,742180039,0.431404,0.689726,0.166635,0.544999,0.209512,0.322888,0.744865
1677114138,752405985,0.430969,0.689843,0.166515,0.546229,0.209106,0.320974,0.744906
1677114138,762874400,0.430627,0.689943,0.166412,0.547233,0.208885,0.319407,0.744905
1677114138,772819502,0.430357,0.689986,0.166369,0.548045,0.208347,0.318086,0.745023
1677114138,781823583,0.430007,0.689946,0.166326,0.548725,0.208202,0.316554,0.745216
1677114138,792115547,0.429722,0.689981,0.166280,0.549448,0.207755,0.315785,0.745134
1677114138,802650735,0.429439,0.689956,0.166199,0.550425,0.206666,0.314418,0.745294
1677114138,812899736,0.429135,0.689913,0.166115,0.551022,0.206441,0.313300,0.745386
1677114138,822605130,0.428800,0.689865,0.166003,0.551750,0.206037,0.311701,0.745629
1677114138,832679516,0.428391,0.689849,0.165955,0.552633,0.205886,0.309785,0.745815
1677114138,842166892,0.428162,0.689904,0.165925,0.553086,0.205292,0.308547,0.746157
1677114138,851730998,0.427794,0.689911,0.165908,0.553356,0.205356,0.306674,0.746711
1677114138,862012822,0.427620,0.689993,0.165874,0.553478,0.204509,0.305111,0.747493
1677114138,872721534,0.427382,0.690137,0.165878,0.553679,0.203741,0.303388,0.748254
1677114138,882213006,0.426991,0.690264,0.165921,0.554104,0.203489,0.301330,0.748840
1677114138,892323552,0.426661,0.690291,0.165966,0.554107,0.203171,0.299526,0.749647
1677114138,902076137,0.426341,0.690462,0.166024,0.554885,0.201963,0.298070,0.749978
1677114138,911817994,0.425908,0.690286,0.166077,0.554404,0.201299,0.296102,0.751291
1677114138,922031251,0.425455,0.690367,0.166044,0.554931,0.200444,0.294470,0.751772
1677114138,931734007,0.425188,0.690469,0.166015,0.555649,0.199058,0.293600,0.751950
1677114138,942199845,0.424847,0.690407,0.165989,0.556304,0.198488,0.291744,0.752339
1677114138,952486394,0.424584,0.690327,0.165930,0.557150,0.198014,0.289304,0.752780
1677114138,962489358,0.424423,0.690303,0.165817,0.557803,0.197625,0.286471,0.753482
1677114138,971906344,0.424422,0.690331,0.165695,0.558091,0.197059,0.283411,0.754573
1677114138,981910878,0.424484,0.690445,0.165548,0.558783,0.196560,0.279209,0.755757
1677114138,992232891,0.424461,0.690687,0.165331,0.560494,0.196671,0.273756,0.756455
1677114139,1922864,0.424839,0.690851,0.165227,0.561578,0.196458,0.269716,0.757158
1677114139,11875668,0.425057,0.690916,0.165126,0.562751,0.196230,0.264223,0.758282
1677114139,22818133,0.425276,0.691019,0.165029,0.563584,0.195846,0.259845,0.759275
1677114139,32014189,0.425209,0.691272,0.164891,0.565092,0.195126,0.255280,0.759888
1677114139,42001857,0.424995,0.691460,0.164743,0.566523,0.194319,0.251633,0.760245
1677114139,52241121,0.424626,0.691575,0.164609,0.567838,0.193318,0.248998,0.760387
1677114139,63106623,0.424125,0.691317,0.164534,0.567982,0.191905,0.246951,0.761304
1677114139,73268442,0.423365,0.691353,0.164356,0.570110,0.190350,0.245837,0.760464
1677114139,82874690,0.422599,0.691116,0.164175,0.571645,0.188013,0.245451,0.760018
1677114139,92570676,0.421808,0.690793,0.163977,0.573727,0.185480,0.245987,0.758897
1677114139,102622495,0.421021,0.690231,0.163757,0.575187,0.182856,0.246530,0.758253
1677114139,111839077,0.420122,0.689547,0.163589,0.576806,0.180572,0.246194,0.757679
1677114139,122068733,0.419411,0.689068,0.163429,0.578936,0.177427,0.246332,0.756751
1677114139,132498642,0.418734,0.688601,0.163343,0.580300,0.175215,0.246172,0.756275
1677114139,143043898,0.418079,0.688292,0.163300,0.581694,0.172401,0.244522,0.756385
1677114139,152504671,0.417433,0.688018,0.163373,0.581877,0.170149,0.242526,0.757397
1677114139,162489358,0.416786,0.688047,0.163502,0.582588,0.167974,0.240547,0.757967
1677114139,172422316,0.416267,0.687956,0.163664,0.582702,0.165394,0.238169,0.759196
1677114139,181713447,0.415467,0.688090,0.163772,0.583982,0.163411,0.235603,0.759442
1677114139,192140900,0.414850,0.687862,0.163867,0.583432,0.161565,0.234114,0.760720
1677114139,202215401,0.414197,0.687715,0.163849,0.583745,0.158851,0.232734,0.761474
1677114139,212430226,0.413389,0.687558,0.163761,0.585156,0.156290,0.230770,0.761519
1677114139,222584937,0.412730,0.687232,0.163701,0.586515,0.153801,0.229838,0.761262
1677114139,232325034,0.412089,0.686760,0.163619,0.588078,0.151083,0.228622,0.760966
1677114139,241718202,0.411462,0.686175,0.163494,0.589341,0.148916,0.227592,0.760726
1677114139,252124803,0.410980,0.685523,0.163341,0.590723,0.146126,0.226267,0.760589
1677114139,261938154,0.410568,0.684818,0.163199,0.592423,0.143531,0.224116,0.760399
1677114139,272302957,0.410305,0.684275,0.163078,0.594705,0.141736,0.222002,0.759573
1677114139,282265164,0.410162,0.683605,0.162959,0.595953,0.140028,0.218600,0.759899
1677114139,292351864,0.410158,0.683195,0.162774,0.597462,0.138840,0.214859,0.759999
1677114139,302223416,0.410417,0.682862,0.162638,0.598356,0.137337,0.211043,0.760637
1677114139,311683458,0.410541,0.682597,0.162465,0.599443,0.136965,0.205593,0.761341
1677114139,321780427,0.410916,0.682319,0.162337,0.599484,0.136502,0.200852,0.762656
1677114139,332304510,0.411096,0.682423,0.162225,0.600553,0.136302,0.195768,0.763172
1677114139,342671122,0.411484,0.682395,0.162139,0.600653,0.135323,0.191204,0.764424
1677114139,352551743,0.411505,0.682398,0.162079,0.601097,0.135868,0.186194,0.765215
1677114139,361835498,0.411721,0.682482,0.162064,0.601825,0.135149,0.181997,0.765780
1677114139,371876938,0.411790,0.682342,0.162077,0.601688,0.134727,0.177986,0.766904
1677114139,381739241,0.411929,0.682311,0.162084,0.602269,0.133310,0.174923,0.767400
1677114139,391627801,0.411846,0.682349,0.162025,0.603771,0.132453,0.171882,0.767055
1677114139,401711426,0.411815,0.682003,0.161979,0.603868,0.131525,0.169545,0.767658
1677114139,411646372,0.411664,0.681704,0.161904,0.604654,0.130233,0.167152,0.767785
1677114139,421728663,0.411543,0.681354,0.161855,0.604526,0.128862,0.165935,0.768381
1677114139,431652737,0.411086,0.681088,0.161820,0.604802,0.127953,0.164236,0.768680
1677114139,441702229,0.410742,0.681128,0.161784,0.605834,0.126098,0.163966,0.768231
1677114139,451797739,0.410228,0.680997,0.161801,0.606031,0.124388,0.163614,0.768430
1677114139,462117157,0.409759,0.681026,0.161867,0.606195,0.122643,0.164851,0.768317
1677114139,472269593,0.409083,0.680994,0.161915,0.606039,0.120811,0.165107,0.768675
1677114139,482347908,0.408464,0.680979,0.161992,0.605876,0.118692,0.166206,0.768897
1677114139,492338795,0.407813,0.681037,0.162086,0.606602,0.116579,0.167325,0.768405
1677114139,502179762,0.407194,0.681037,0.162211,0.607080,0.114103,0.168657,0.768107
1677114139,511870110,0.406429,0.681099,0.162237,0.607315,0.112374,0.169981,0.767885
1677114139,521939964,0.405884,0.681154,0.162254,0.606810,0.109418,0.171983,0.768265
1677114139,532210834,0.405211,0.681089,0.162209,0.606255,0.107268,0.173041,0.768769
1677114139,542283664,0.404660,0.681068,0.162194,0.606205,0.105390,0.174255,0.768793
1677114139,552867217,0.404364,0.681266,0.162192,0.607276,0.102944,0.176344,0.767803
1677114139,562558905,0.403821,0.681274,0.162193,0.607659,0.101974,0.176399,0.767617
1677114139,571881387,0.403586,0.681492,0.162186,0.608108,0.100244,0.177171,0.767311
1677114139,581785361,0.403334,0.681634,0.162156,0.607862,0.099392,0.177086,0.767637
1677114139,591909482,0.403164,0.681924,0.162129,0.608649,0.098334,0.176908,0.767190
1677114139,602256984,0.403022,0.682095,0.162148,0.609279,0.097727,0.176353,0.766895
1677114139,612289861,0.402971,0.682295,0.162080,0.610108,0.096865,0.175750,0.766484
1677114139,622261200,0.402899,0.682602,0.161992,0.611163,0.096086,0.174829,0.765952
1677114139,632339856,0.402901,0.682768,0.161852,0.611224,0.095619,0.173564,0.766249
1677114139,641584560,0.403026,0.683148,0.161696,0.611861,0.095243,0.172880,0.765942
1677114139,651611859,0.403128,0.683380,0.161559,0.611975,0.095275,0.171379,0.766184
1677114139,661986312,0.403294,0.683613,0.161500,0.612232,0.095640,0.169636,0.766322
1677114139,671985715,0.403501,0.684092,0.161395,0.613797,0.095646,0.167678,0.765499
1677114139,681754597,0.403787,0.684239,0.161347,0.613309,0.096277,0.166296,0.766113
1677114139,692086484,0.403881,0.684665,0.161251,0.614146,0.096896,0.163963,0.765867
1677114139,702196019,0.404129,0.685062,0.161195,0.614990,0.096483,0.162210,0.765615
1677114139,711736762,0.404241,0.685295,0.161130,0.615350,0.097032,0.160647,0.765586
1677114139,721644435,0.404419,0.685653,0.161054,0.616236,0.096356,0.159589,0.765180
1677114139,732216184,0.404455,0.686075,0.160923,0.617517,0.095771,0.158520,0.764442
1677114139,742408043,0.404418,0.686373,0.160731,0.618373,0.095603,0.157674,0.763946
1677114139,752910522,0.404273,0.686647,0.160549,0.619277,0.095104,0.156156,0.763588
1677114139,762370842,0.404208,0.686740,0.160371,0.619571,0.094768,0.155611,0.763503
1677114139,772038621,0.404013,0.686929,0.160147,0.620577,0.094333,0.154332,0.762998
1677114139,782104452,0.403963,0.687241,0.159952,0.622086,0.093436,0.153545,0.762039
1677114139,792267688,0.403839,0.687567,0.159774,0.623452,0.092871,0.152104,0.761280
1677114139,802085262,0.403765,0.687847,0.159645,0.624315,0.091970,0.150601,0.760980
1677114139,812479047,0.403798,0.688171,0.159506,0.624960,0.090885,0.149168,0.760864
1677114139,822770423,0.403766,0.688522,0.159358,0.625608,0.090222,0.147440,0.760747
1677114139,832334941,0.403812,0.688853,0.159242,0.626178,0.088866,0.146029,0.760710
1677114139,842275359,0.403648,0.689231,0.159117,0.626961,0.088284,0.143889,0.760541
1677114139,851817481,0.403490,0.689659,0.159019,0.627516,0.087290,0.142118,0.760531
1677114139,862682393,0.403255,0.690156,0.158911,0.628554,0.086125,0.140351,0.760134
1677114139,872197831,0.403031,0.690488,0.158849,0.628956,0.085093,0.139396,0.760094
1677114139,882646822,0.402724,0.690862,0.158781,0.629952,0.083534,0.138064,0.759685
1677114139,892297184,0.402391,0.691130,0.158733,0.630042,0.082133,0.137172,0.759925
1677114139,902577983,0.402024,0.691440,0.158639,0.630190,0.080265,0.136292,0.760160
1677114139,911845723,0.401490,0.691899,0.158592,0.630722,0.079178,0.135453,0.759982
1677114139,921641252,0.401047,0.692179,0.158547,0.630463,0.077059,0.134582,0.760570
1677114139,931684299,0.400590,0.692801,0.158599,0.631524,0.075100,0.134334,0.759929
1677114139,941722491,0.400002,0.693199,0.158668,0.631726,0.073275,0.133083,0.760159
1677114139,952089361,0.399550,0.693729,0.158774,0.631972,0.070992,0.132740,0.760231
1677114139,962434694,0.398941,0.694142,0.158808,0.631788,0.069238,0.131648,0.760736
1677114139,971868004,0.398344,0.694506,0.158883,0.631002,0.067674,0.131514,0.761552
1677114139,981885568,0.397628,0.695179,0.158858,0.631416,0.065313,0.130582,0.761575
1677114139,991854054,0.396906,0.695897,0.158866,0.631492,0.063132,0.130601,0.761693
1677114140,1947248,0.396226,0.696297,0.158948,0.630702,0.060709,0.130715,0.762524
1677114140,12162842,0.395609,0.696631,0.159044,0.629981,0.058168,0.131519,0.763180
1677114140,22711050,0.394920,0.696940,0.159189,0.629957,0.055076,0.131604,0.763414
1677114140,32623563,0.394110,0.697317,0.159239,0.630232,0.053076,0.131951,0.763269
1677114140,42227046,0.393347,0.697615,0.159243,0.630100,0.050132,0.131663,0.763627
1677114140,51707294,0.392631,0.697914,0.159237,0.630137,0.047356,0.131814,0.763747
1677114140,62080279,0.391957,0.698278,0.159176,0.630795,0.044573,0.132404,0.763269
1677114140,72395133,0.391290,0.698652,0.159095,0.631954,0.041400,0.132525,0.762468
1677114140,82602121,0.390570,0.698573,0.159030,0.631306,0.039208,0.132411,0.763140
1677114140,92314887,0.389944,0.698644,0.158987,0.631662,0.036780,0.132481,0.762954
1677114140,102146740,0.389434,0.698690,0.158929,0.631877,0.034247,0.132372,0.762913
1677114140,111728323,0.388779,0.698873,0.158844,0.632626,0.032497,0.131719,0.762481
1677114140,121998007,0.388387,0.698897,0.158767,0.632765,0.029515,0.131028,0.762607
1677114140,132316412,0.387915,0.699013,0.158666,0.633415,0.027975,0.130539,0.762208
1677114140,142240729,0.387555,0.699128,0.158590,0.634318,0.025468,0.129553,0.761714
1677114140,152375545,0.387213,0.699174,0.158520,0.634882,0.023557,0.128718,0.761447
1677114140,162505569,0.386775,0.699206,0.158379,0.635593,0.022180,0.127457,0.761107
1677114140,171837308,0.386438,0.699343,0.158225,0.636594,0.020708,0.126366,0.760494
1677114140,181722451,0.386159,0.699409,0.158110,0.637283,0.018887,0.125312,0.760139
1677114140,191622680,0.385902,0.699289,0.158006,0.637410,0.017696,0.124563,0.760184
1677114140,201985735,0.385664,0.699350,0.157897,0.638633,0.016450,0.123746,0.759319
1677114140,212396795,0.385514,0.699351,0.157868,0.639518,0.015112,0.123248,0.758682
1677114140,222006215,0.385241,0.699346,0.157766,0.640408,0.014431,0.122301,0.758098
1677114140,232196522,0.385069,0.699504,0.157700,0.641723,0.013744,0.122243,0.757007
1677114140,241766674,0.384864,0.699498,0.157636,0.642619,0.012770,0.121491,0.756385
1677114140,251802122,0.384672,0.699502,0.157579,0.643747,0.012293,0.120946,0.755520
1677114140,262839636,0.384498,0.699513,0.157578,0.644989,0.011562,0.120376,0.754563
1677114140,272388168,0.384492,0.699318,0.157564,0.645111,0.010600,0.120624,0.754433
1677114140,282097820,0.384327,0.699207,0.157497,0.645641,0.010685,0.120200,0.754046
1677114140,292365903,0.384343,0.699151,0.157459,0.646447,0.010012,0.119730,0.753439
1677114140,302147694,0.384372,0.698976,0.157425,0.646883,0.009989,0.118976,0.753185
1677114140,311811173,0.384482,0.698779,0.157398,0.647418,0.010306,0.117973,0.752879
1677114140,321904716,0.384653,0.698697,0.157352,0.648130,0.010891,0.116762,0.752447
1677114140,331943905,0.384951,0.698602,0.157304,0.648622,0.011302,0.115443,0.752220
1677114140,342714159,0.385294,0.698580,0.157274,0.648780,0.011694,0.113759,0.752334
1677114140,351774773,0.385600,0.698627,0.157240,0.649670,0.012634,0.111856,0.751836
1677114140,362035286,0.386009,0.698338,0.157272,0.649402,0.012998,0.109835,0.752359
1677114140,371932513,0.386305,0.698327,0.157285,0.650773,0.014004,0.107548,0.751486
1677114140,381802852,0.386690,0.698048,0.157310,0.651192,0.014477,0.105242,0.751441
1677114140,392532263,0.387198,0.697944,0.157286,0.652179,0.014035,0.102947,0.750912
1677114140,402536966,0.387523,0.697838,0.157226,0.652879,0.014685,0.099891,0.750703
1677114140,411816759,0.387971,0.697912,0.157194,0.654017,0.014721,0.096951,0.750097
1677114140,422211726,0.388376,0.697870,0.157190,0.654264,0.015880,0.094357,0.750189
1677114140,432232706,0.388803,0.697957,0.157241,0.655235,0.016335,0.092189,0.749601
1677114140,441958149,0.389194,0.697965,0.157272,0.656101,0.016680,0.090054,0.749095
1677114140,451983373,0.389416,0.697930,0.157332,0.657127,0.017181,0.088378,0.748384
1677114140,461793685,0.389610,0.697731,0.157397,0.657775,0.017075,0.087016,0.747976
1677114140,472067577,0.389749,0.697532,0.157447,0.659123,0.016581,0.085904,0.746929
1677114140,482260640,0.389737,0.697388,0.157472,0.661438,0.016143,0.084283,0.745074
1677114140,492686299,0.389928,0.697025,0.157544,0.662956,0.014690,0.083884,0.743799
1677114140,502777220,0.390012,0.696837,0.157630,0.664785,0.014118,0.082955,0.742281
1677114140,511726576,0.390045,0.696637,0.157703,0.665677,0.013520,0.082020,0.741595
1677114140,521807870,0.390052,0.696629,0.157743,0.666779,0.013183,0.081197,0.740702
1677114140,532434028,0.390127,0.696517,0.157780,0.667203,0.012885,0.080920,0.740356
1677114140,542377931,0.390104,0.696339,0.157825,0.667537,0.012322,0.079625,0.740204
1677114140,552588758,0.390238,0.696264,0.157859,0.668263,0.011489,0.079258,0.739602
1677114140,562571364,0.390302,0.696184,0.157862,0.668834,0.011234,0.078658,0.739153
1677114140,572242166,0.390399,0.696066,0.157899,0.669301,0.010901,0.078026,0.738803
1677114140,581812212,0.390475,0.695884,0.157974,0.670101,0.010598,0.077382,0.738150
1677114140,592118618,0.390538,0.695657,0.158062,0.671633,0.010131,0.076130,0.736893
1677114140,602159663,0.390536,0.695321,0.158183,0.673215,0.010260,0.075117,0.735550
1677114140,612706226,0.390707,0.695080,0.158349,0.675084,0.009394,0.074941,0.733864
1677114140,622701903,0.390723,0.694746,0.158451,0.675920,0.009324,0.074850,0.733104
1677114140,632260723,0.390606,0.694449,0.158491,0.675548,0.010060,0.074774,0.733446
1677114140,641993644,0.390632,0.694749,0.158511,0.676441,0.009219,0.075128,0.732597
1677114140,652142681,0.390367,0.694763,0.158478,0.675468,0.009544,0.074693,0.733534
1677114140,663325734,0.390276,0.694889,0.158485,0.675353,0.008990,0.075232,0.733593
1677114140,673848522,0.390103,0.694668,0.158526,0.674931,0.008796,0.075611,0.733944
1677114140,682692888,0.390043,0.694681,0.158566,0.676377,0.007961,0.076020,0.732578
1677114140,692949698,0.390117,0.694508,0.158606,0.677191,0.006650,0.076753,0.731763
1677114140,702408166,0.390007,0.694173,0.158614,0.677947,0.006579,0.076364,0.731104
1677114140,711927350,0.390038,0.693914,0.158651,0.679078,0.006582,0.076264,0.730064
1677114140,722142793,0.390033,0.693600,0.158697,0.680059,0.006879,0.075501,0.729227
1677114140,732324717,0.390108,0.693251,0.158795,0.680641,0.007496,0.074682,0.728762
1677114140,742632681,0.390321,0.692969,0.158875,0.680985,0.007652,0.074039,0.728505
1677114140,752632200,0.390495,0.692891,0.158946,0.681942,0.008184,0.073261,0.727682
1677114140,762826701,0.390712,0.692693,0.159037,0.682389,0.008221,0.072210,0.727368
1677114140,771752396,0.390982,0.692450,0.159129,0.682963,0.008144,0.071456,0.726904
1677114140,781658667,0.391086,0.692134,0.159217,0.683648,0.008748,0.070384,0.726357
1677114140,791746886,0.391281,0.691805,0.159368,0.684553,0.008612,0.069384,0.725603
1677114140,801982577,0.391448,0.691472,0.159571,0.685842,0.008040,0.068426,0.724482
1677114140,812374726,0.391607,0.691092,0.159796,0.687186,0.007623,0.067507,0.723298
1677114140,822166592,0.391603,0.690644,0.160036,0.688495,0.007897,0.066572,0.722136
1677114140,831953507,0.391763,0.690090,0.160276,0.689677,0.007893,0.066213,0.721041
1677114140,841772310,0.391838,0.689596,0.160570,0.691217,0.008114,0.065675,0.719611
1677114140,851826895,0.391956,0.689210,0.160868,0.693005,0.008098,0.065238,0.717929
1677114140,862277321,0.392038,0.688790,0.161145,0.694242,0.008178,0.064473,0.716801
1677114140,872968854,0.392266,0.688431,0.161404,0.694897,0.007646,0.064356,0.716183
1677114140,882253749,0.392280,0.688293,0.161633,0.695766,0.007833,0.063587,0.715406
1677114140,892438690,0.392366,0.688118,0.161819,0.695927,0.007718,0.063353,0.715270
1677114140,902449739,0.392396,0.687864,0.161985,0.695602,0.007671,0.062911,0.715627
1677114140,911994367,0.392424,0.687759,0.162204,0.696129,0.006978,0.062320,0.715173
1677114140,921929041,0.392387,0.687518,0.162425,0.696933,0.006957,0.062314,0.714390
1677114140,931931475,0.392308,0.687139,0.162701,0.698051,0.007415,0.061828,0.713335
1677114140,942399001,0.392528,0.686714,0.163102,0.699947,0.006640,0.061797,0.711486
1677114140,952458589,0.392631,0.686238,0.163496,0.702209,0.007109,0.060803,0.709335
1677114140,962373603,0.392798,0.685545,0.163872,0.703716,0.008109,0.059459,0.707942
1677114140,971791841,0.393214,0.685078,0.164286,0.705670,0.008191,0.057858,0.706127
1677114140,981959221,0.393598,0.684421,0.164635,0.706521,0.009068,0.055774,0.705432
1677114140,992242287,0.394022,0.684036,0.165007,0.707855,0.009912,0.053204,0.704281
1677114141,2341721,0.394571,0.683840,0.165364,0.709552,0.010741,0.051036,0.702720
1677114141,12882723,0.395136,0.683415,0.165672,0.709868,0.011690,0.049228,0.702515
1677114141,22496971,0.395522,0.682978,0.165964,0.710139,0.013452,0.047096,0.702356
1677114141,32265969,0.395935,0.682695,0.166268,0.711308,0.014638,0.045034,0.701283
1677114141,41742146,0.396336,0.682162,0.166612,0.711820,0.015617,0.043498,0.700839
1677114141,51874874,0.396685,0.681718,0.166993,0.713116,0.016206,0.042012,0.699598
1677114141,61990685,0.396965,0.681224,0.167440,0.714778,0.016562,0.040719,0.697968
1677114141,72198013,0.397085,0.680682,0.167929,0.716650,0.017238,0.039250,0.696114
1677114141,82208518,0.397229,0.680096,0.168476,0.718431,0.017728,0.038727,0.694293
1677114141,92665143,0.397430,0.679436,0.169031,0.719460,0.017671,0.038623,0.693234
1677114141,103146229,0.397602,0.679080,0.169619,0.720914,0.017372,0.038550,0.691733
1677114141,112441569,0.397598,0.678681,0.170175,0.721340,0.017414,0.038152,0.691311
1677114141,121794035,0.397567,0.678585,0.170770,0.722391,0.017481,0.037733,0.690234
1677114141,132008274,0.397514,0.678294,0.171378,0.722522,0.017302,0.037712,0.690101
1677114141,142133775,0.397598,0.678066,0.172037,0.723076,0.016339,0.038449,0.689504
1677114141,152725348,0.397423,0.677679,0.172724,0.723434,0.015994,0.038502,0.689133
1677114141,162636171,0.397357,0.677394,0.173484,0.724573,0.014657,0.038907,0.687943
1677114141,172276102,0.397174,0.677119,0.174255,0.726196,0.014022,0.039461,0.686211
1677114141,181892740,0.397061,0.676652,0.175101,0.727288,0.012431,0.039771,0.685066
1677114141,192169119,0.396840,0.676102,0.175946,0.728160,0.012182,0.040452,0.684104
1677114141,202454329,0.396816,0.675671,0.176823,0.729621,0.010886,0.041100,0.682529
1677114141,212087182,0.396807,0.675239,0.177685,0.730793,0.010263,0.041889,0.681235
1677114141,223104873,0.396814,0.674933,0.178592,0.731977,0.009883,0.042292,0.679944
1677114141,232506280,0.396740,0.674569,0.179492,0.732369,0.010152,0.041858,0.679545
1677114141,241762165,0.396757,0.674380,0.180384,0.732817,0.010277,0.041804,0.679062
1677114141,251966057,0.396941,0.674273,0.181355,0.733197,0.009677,0.041906,0.678654
1677114141,262369601,0.396976,0.674175,0.182317,0.733690,0.010217,0.042037,0.678106
1677114141,271911431,0.396957,0.673946,0.183279,0.734101,0.010817,0.041695,0.677673
1677114141,281991073,0.396997,0.673729,0.184305,0.735042,0.010880,0.041900,0.676639
1677114141,292357952,0.396983,0.673235,0.185342,0.735540,0.011205,0.042196,0.676073
1677114141,302019540,0.396983,0.672893,0.186472,0.737335,0.010893,0.042672,0.674090
1677114141,311639901,0.396932,0.672412,0.187609,0.739096,0.010110,0.042989,0.672151
1677114141,321984938,0.396784,0.671829,0.188769,0.740740,0.009879,0.043129,0.670333
1677114141,332037589,0.396698,0.671225,0.189956,0.742356,0.009354,0.043923,0.668499
1677114141,342262988,0.396523,0.670664,0.191144,0.744035,0.009126,0.044337,0.666605
1677114141,352266869,0.396424,0.670120,0.192333,0.745043,0.008878,0.045276,0.665419
1677114141,362976289,0.396366,0.669653,0.193543,0.745867,0.008036,0.046309,0.664435
1677114141,372577654,0.396155,0.669367,0.194721,0.746720,0.007814,0.046735,0.663449
1677114141,381833246,0.395906,0.669157,0.195906,0.747240,0.007564,0.046934,0.662852
1677114141,392382906,0.395726,0.668983,0.197057,0.747461,0.007126,0.048012,0.662530
1677114141,401903995,0.395586,0.668881,0.198231,0.747812,0.006475,0.049053,0.662064
1677114141,412206701,0.395424,0.668702,0.199394,0.748155,0.005669,0.049845,0.661625
1677114141,422122131,0.395123,0.668328,0.200575,0.748215,0.005803,0.050244,0.661526
1677114141,432115218,0.395049,0.668137,0.201783,0.749558,0.005022,0.051113,0.659943
1677114141,441881777,0.394924,0.667663,0.202988,0.750109,0.004671,0.051226,0.659311
1677114141,451920149,0.394883,0.667286,0.204206,0.750962,0.004893,0.051967,0.658279
1677114141,463404451,0.395013,0.667025,0.205443,0.751994,0.004389,0.052522,0.657060
1677114141,471725713,0.394907,0.666670,0.206578,0.752235,0.005532,0.052030,0.656814
1677114141,481785708,0.395075,0.666493,0.207771,0.752895,0.005459,0.052305,0.656036
1677114141,492149043,0.395144,0.666355,0.208929,0.753537,0.005842,0.051473,0.655361
1677114141,501947621,0.395392,0.666081,0.210099,0.753475,0.005831,0.051409,0.655437
1677114141,511873261,0.395370,0.665907,0.211248,0.753923,0.007098,0.050512,0.654980
1677114141,522017393,0.395666,0.665664,0.212432,0.754213,0.006848,0.050282,0.654666
1677114141,531903003,0.395753,0.665262,0.213572,0.754103,0.007478,0.049704,0.654830
1677114141,541993502,0.395878,0.665059,0.214787,0.755055,0.008129,0.049554,0.653736
1677114141,552504353,0.396001,0.664759,0.215976,0.755685,0.008498,0.049179,0.653031
1677114141,563289889,0.396165,0.664435,0.217209,0.756290,0.008540,0.048786,0.652360
1677114141,572189567,0.396375,0.664174,0.218435,0.757015,0.008387,0.048780,0.651520
1677114141,581897809,0.396446,0.663875,0.219692,0.757713,0.008675,0.048071,0.650757
1677114141,591906855,0.396562,0.663754,0.220953,0.758967,0.008696,0.047782,0.649315
1677114141,602189808,0.396786,0.663034,0.222134,0.758159,0.009197,0.048657,0.650187
1677114141,612447633,0.396842,0.662766,0.223345,0.758356,0.009747,0.048858,0.649934
1677114141,622454826,0.396868,0.662476,0.224573,0.758202,0.010333,0.048769,0.650111
1677114141,632499605,0.396994,0.662333,0.225882,0.758615,0.009804,0.048782,0.649637
1677114141,642119380,0.396986,0.662117,0.227108,0.758686,0.010567,0.049464,0.649490
1677114141,651771818,0.396965,0.661864,0.228371,0.759046,0.010985,0.049748,0.649041
1677114141,662014145,0.397089,0.661760,0.229705,0.760216,0.010693,0.050794,0.647593
1677114141,673136603,0.397035,0.661362,0.230966,0.760680,0.011221,0.051354,0.646995
1677114141,682536208,0.397347,0.660659,0.232307,0.761304,0.008504,0.050542,0.646367
1677114141,692453551,0.397381,0.660176,0.233600,0.762301,0.008521,0.050417,0.645199
1677114141,701796546,0.397639,0.659588,0.234888,0.763117,0.008005,0.051007,0.644195
1677114141,711821757,0.397722,0.659072,0.236102,0.764277,0.008490,0.050540,0.642849
1677114141,722151770,0.398067,0.658546,0.237310,0.765109,0.008341,0.051087,0.641817
1677114141,732666835,0.398331,0.658031,0.238438,0.765782,0.008381,0.050873,0.641031
1677114141,742617789,0.398598,0.657707,0.239558,0.767034,0.008627,0.050934,0.639523
1677114141,752450953,0.398857,0.657184,0.240574,0.767488,0.008714,0.050594,0.639005
1677114141,762753125,0.399029,0.656817,0.241609,0.768435,0.009281,0.050097,0.637896
1677114141,772083198,0.399299,0.656349,0.242576,0.768730,0.009373,0.049742,0.637568
1677114141,781969285,0.399593,0.655936,0.243556,0.768864,0.009475,0.049432,0.637428
1677114141,792093482,0.400020,0.655547,0.244512,0.768683,0.008977,0.050055,0.637605
1677114141,802318297,0.400487,0.655189,0.245418,0.768432,0.008362,0.050997,0.637842
1677114141,812383738,0.401170,0.654750,0.246326,0.767971,0.006689,0.052304,0.638310
1677114141,822015364,0.400887,0.654716,0.247348,0.769323,0.008903,0.048552,0.636950
1677114141,832541805,0.401060,0.654417,0.248253,0.769472,0.009410,0.047809,0.636819
1677114141,842071451,0.401454,0.654074,0.249155,0.769176,0.009284,0.048142,0.637153
1677114141,851678001,0.401635,0.653885,0.250057,0.769209,0.010068,0.047883,0.637122
1677114141,861875250,0.401881,0.653671,0.250967,0.769209,0.010063,0.047565,0.637146
1677114141,872976660,0.402044,0.653477,0.251857,0.769176,0.010701,0.047689,0.637165
1677114141,882316207,0.402261,0.653222,0.252729,0.768897,0.010631,0.047846,0.637491
1677114141,892729057,0.402415,0.652895,0.253564,0.768259,0.010835,0.048089,0.638238
1677114141,902023444,0.402627,0.652880,0.254509,0.768713,0.010455,0.048395,0.637675
1677114141,911755563,0.402854,0.652551,0.255369,0.767852,0.009988,0.048838,0.638685
1677114141,921823099,0.403002,0.652425,0.256229,0.767672,0.009927,0.048929,0.638895
1677114141,931976363,0.403128,0.652334,0.257115,0.767482,0.009843,0.048976,0.639121
1677114141,942867185,0.403348,0.652398,0.258013,0.767833,0.009270,0.049161,0.638693
1677114141,952562929,0.403555,0.652085,0.258761,0.766802,0.009344,0.049612,0.639896
1677114141,962427378,0.403730,0.652063,0.259627,0.766958,0.009376,0.049532,0.639713
1677114141,972527234,0.403981,0.651831,0.260487,0.766462,0.009362,0.049491,0.640312
1677114141,981900893,0.404171,0.651789,0.261395,0.766681,0.009812,0.049558,0.640038
1677114141,992004854,0.404330,0.651489,0.262227,0.765821,0.010266,0.049218,0.641086
1677114142,2808764,0.404654,0.651384,0.263126,0.765613,0.009987,0.049721,0.641299
1677114142,12376516,0.404807,0.651349,0.264078,0.765671,0.010462,0.049500,0.641240
1677114142,23105441,0.405082,0.651296,0.264993,0.765579,0.010477,0.049929,0.641316
1677114142,33033816,0.405307,0.651229,0.265927,0.765342,0.010362,0.050258,0.641575
1677114142,41945602,0.405423,0.651140,0.266867,0.765050,0.010688,0.050153,0.641925
1677114142,52016392,0.405653,0.651200,0.267799,0.765300,0.010241,0.050403,0.641616
1677114142,62069711,0.405812,0.650968,0.268671,0.764633,0.010020,0.050688,0.642392
1677114142,72142489,0.405930,0.650899,0.269590,0.764814,0.009902,0.050604,0.642184
1677114142,81931917,0.406087,0.650772,0.270482,0.764817,0.009777,0.051104,0.642143
1677114142,92188390,0.406257,0.650636,0.271327,0.764667,0.009953,0.051672,0.642274
1677114142,102923566,0.406392,0.650711,0.272233,0.764857,0.009991,0.051433,0.642065
1677114142,112482238,0.406636,0.650686,0.273015,0.764254,0.010108,0.051776,0.642754
1677114142,121745880,0.406803,0.650869,0.273851,0.764145,0.010970,0.051566,0.642886
1677114142,131876642,0.407126,0.651044,0.274616,0.763970,0.011139,0.051623,0.643088
1677114142,142271145,0.407336,0.651120,0.275349,0.763286,0.012467,0.051760,0.643863
1677114142,152452884,0.407706,0.651364,0.276164,0.763486,0.012467,0.050910,0.643694
1677114142,162585811,0.408101,0.651343,0.276890,0.762907,0.012764,0.050789,0.644383
1677114142,171879158,0.408475,0.651338,0.277572,0.762570,0.013457,0.050273,0.644809
1677114142,181820154,0.408722,0.651285,0.278241,0.762285,0.014558,0.049495,0.645182
1677114142,191871411,0.409059,0.651238,0.278924,0.762455,0.015004,0.048847,0.645021
1677114142,202139302,0.409333,0.651111,0.279507,0.762394,0.015956,0.048666,0.645083
1677114142,212302187,0.410158,0.651007,0.280297,0.763463,0.012027,0.047334,0.644002
1677114142,222351879,0.410442,0.650797,0.280896,0.763383,0.011948,0.047142,0.644113
1677114142,233047526,0.410673,0.650754,0.281479,0.763807,0.011794,0.046994,0.643624
1677114142,242400500,0.410786,0.650828,0.282062,0.764217,0.012045,0.046887,0.643140
1677114142,251982062,0.410471,0.651028,0.282726,0.765255,0.015680,0.047828,0.641757
1677114142,262133065,0.410549,0.651278,0.283257,0.765744,0.015087,0.047484,0.641213
1677114142,272796892,0.410605,0.651274,0.283673,0.765172,0.014638,0.047305,0.641919
1677114142,282416244,0.411199,0.651181,0.283991,0.763438,0.010534,0.047438,0.644050
1677114142,292380274,0.411246,0.651234,0.284410,0.762918,0.010105,0.047666,0.644656
1677114142,302322484,0.411217,0.651567,0.284936,0.763669,0.010054,0.047705,0.643765
1677114142,312207487,0.411456,0.651509,0.285306,0.762967,0.008972,0.048452,0.644556
1677114142,321915817,0.410737,0.651921,0.285914,0.765157,0.013793,0.047979,0.641905
1677114142,332027426,0.410773,0.651880,0.286348,0.765013,0.014225,0.048597,0.642021
1677114142,342722959,0.410758,0.651920,0.286756,0.765073,0.014672,0.048419,0.641953
1677114142,352371500,0.410815,0.652056,0.287202,0.765407,0.014994,0.048729,0.641524
1677114142,362444863,0.410867,0.652292,0.287657,0.765943,0.015326,0.048838,0.640868
1677114142,371856126,0.410857,0.652344,0.288064,0.765872,0.015974,0.048444,0.640967
1677114142,382041894,0.411016,0.652509,0.288533,0.766414,0.015941,0.048457,0.640318
1677114142,392100158,0.411090,0.652714,0.289015,0.766980,0.016496,0.047786,0.639676
1677114142,402410191,0.411238,0.652859,0.289484,0.767508,0.017012,0.047771,0.639031
1677114142,412264648,0.411297,0.653028,0.289964,0.768331,0.017969,0.047254,0.638052
1677114142,422547193,0.411431,0.653228,0.290467,0.769277,0.018252,0.046688,0.636946
1677114142,432899889,0.411584,0.653433,0.290922,0.770177,0.018640,0.046495,0.635860
1677114142,442044240,0.411567,0.653558,0.291338,0.770844,0.019817,0.045752,0.635069
1677114142,451709681,0.411933,0.652120,0.291581,0.766360,0.019325,0.046558,0.640430
1677114142,461987838,0.411952,0.652074,0.291972,0.766468,0.019723,0.046194,0.640315
1677114142,472661261,0.412063,0.651914,0.292423,0.766233,0.019442,0.046257,0.640601
1677114142,482503379,0.412272,0.651801,0.292875,0.766341,0.018527,0.046617,0.640472
1677114142,492332229,0.412302,0.651571,0.293314,0.766143,0.018176,0.046277,0.640744
1677114142,502462916,0.412307,0.651594,0.293760,0.766584,0.017804,0.045977,0.640248
1677114142,511838785,0.412350,0.651534,0.294153,0.766427,0.017912,0.046443,0.640400
1677114142,521820100,0.412299,0.651408,0.294530,0.765682,0.017988,0.046174,0.641308
1677114142,532053491,0.412435,0.651549,0.294920,0.765767,0.017532,0.046420,0.641201
1677114142,542637775,0.412624,0.651535,0.295303,0.765477,0.017024,0.046944,0.641522
1677114142,551921387,0.412657,0.651447,0.295687,0.764996,0.017372,0.046535,0.642117
1677114142,562707474,0.412876,0.651302,0.296120,0.764769,0.017364,0.046296,0.642405
1677114142,572156477,0.413033,0.651263,0.296596,0.765204,0.017352,0.045760,0.641925
1677114142,581838162,0.413192,0.650961,0.297051,0.764945,0.017760,0.045205,0.642261
1677114142,592321432,0.413354,0.650822,0.297515,0.765501,0.018315,0.044913,0.641604
1677114142,602585102,0.413570,0.650545,0.297947,0.765524,0.018405,0.044586,0.641596
1677114142,612639428,0.413770,0.650184,0.298339,0.765145,0.018677,0.044162,0.642070
1677114142,622840564,0.413966,0.650049,0.298805,0.765382,0.018397,0.043492,0.641841
1677114142,633124427,0.414157,0.649899,0.299250,0.765089,0.018387,0.043193,0.642212
1677114142,641807251,0.414276,0.649760,0.299694,0.764526,0.018455,0.043128,0.642884
1677114142,651973314,0.414415,0.649787,0.300119,0.764357,0.018260,0.043265,0.643081
1677114142,662546808,0.414475,0.649709,0.300504,0.763667,0.018013,0.043096,0.643919
1677114142,673151596,0.414722,0.649761,0.300945,0.763522,0.016999,0.044149,0.644046
1677114142,683382373,0.414842,0.649666,0.301353,0.763005,0.015843,0.043911,0.644705
1677114142,693080546,0.415059,0.649538,0.301756,0.762733,0.014078,0.044150,0.645052
1677114142,702384326,0.415251,0.649282,0.302069,0.761869,0.013228,0.045008,0.646030
1677114142,712977772,0.415397,0.649278,0.302396,0.762332,0.011975,0.045160,0.645497
1677114142,722006197,0.415638,0.649081,0.302678,0.761947,0.010528,0.045451,0.645957
1677114142,732379260,0.415889,0.648976,0.302996,0.761729,0.009355,0.045600,0.646221
1677114142,742746572,0.416172,0.648813,0.303261,0.761092,0.008130,0.045827,0.646972
1677114142,752715728,0.416424,0.648783,0.303578,0.760514,0.007123,0.045549,0.647683
1677114142,762459300,0.416608,0.649064,0.303914,0.760705,0.007367,0.046088,0.647418
1677114142,772431141,0.416659,0.649281,0.304260,0.760493,0.007867,0.045763,0.647684
1677114142,781875445,0.416942,0.649463,0.304532,0.759720,0.007298,0.045896,0.648588
1677114142,792134268,0.416864,0.649636,0.304804,0.758979,0.008112,0.045287,0.649488
