secs,nsecs,tx,ty,tz,rx,ry,rz,rw
1677114068,253153661,0.237398,0.650065,0.545054,0.454736,-0.171166,-0.327283,0.810434
1677114068,263335732,0.238329,0.650519,0.544518,0.455200,-0.169449,-0.326868,0.810702
1677114068,273622576,0.238973,0.651208,0.543865,0.454407,-0.167126,-0.326080,0.811945
1677114068,283613451,0.239586,0.652169,0.543045,0.453539,-0.165266,-0.323687,0.813767
1677114068,294052284,0.239825,0.653259,0.542216,0.451435,-0.163129,-0.320752,0.816525
1677114068,303721443,0.240145,0.654660,0.541203,0.450237,-0.162469,-0.316034,0.819154
1677114068,313550141,0.240225,0.656156,0.540209,0.447143,-0.164606,-0.312798,0.821660
1677114068,323911946,0.240172,0.657702,0.539219,0.444557,-0.165957,-0.308351,0.824468
1677114068,334077022,0.240344,0.659181,0.538195,0.442706,-0.168201,-0.303264,0.826892
1677114068,344006383,0.240533,0.660633,0.537221,0.441607,-0.170078,-0.299176,0.828583
1677114068,353352589,0.240845,0.661722,0.536412,0.440290,-0.171554,-0.296097,0.830085
1677114068,363554466,0.241338,0.662675,0.535685,0.439909,-0.173870,-0.295670,0.829957
1677114068,373911088,0.242252,0.663185,0.535070,0.440053,-0.176294,-0.295760,0.829337
1677114068,383556629,0.243174,0.663547,0.534535,0.440335,-0.177824,-0.298938,0.827719
1677114068,393246704,0.244561,0.663750,0.533933,0.441226,-0.179205,-0.302488,0.825655
1677114068,403287602,0.246060,0.663938,0.533264,0.441799,-0.178947,-0.307461,0.823565
1677114068,413318892,0.247707,0.664009,0.532529,0.441354,-0.177302,-0.312759,0.822163
1677114068,423535223,0.249315,0.664306,0.531674,0.440295,-0.174285,-0.319198,0.820901
1677114068,434017440,0.251271,0.664724,0.530649,0.439214,-0.171926,-0.324513,0.819892
1677114068,443094496,0.253043,0.665234,0.529597,0.437050,-0.168739,-0.329423,0.819753
1677114068,453858887,0.254906,0.666152,0.528300,0.436091,-0.166508,-0.333679,0.818998
1677114068,463228930,0.256368,0.667173,0.527053,0.434189,-0.163689,-0.337565,0.818984
1677114068,473518745,0.257873,0.668354,0.525670,0.432025,-0.164050,-0.340842,0.818700
1677114068,484225896,0.259208,0.669515,0.524279,0.429175,-0.166312,-0.343234,0.818742
1677114068,493997700,0.260499,0.670617,0.522952,0.426420,-0.168456,-0.343741,0.819531
1677114068,503445181,0.261487,0.671783,0.521730,0.424035,-0.169521,-0.344307,0.820311
1677114068,513359058,0.262235,0.672932,0.520564,0.422591,-0.169850,-0.344637,0.820849
1677114068,523650161,0.263030,0.673998,0.519423,0.422187,-0.170494,-0.344196,0.821108
1677114068,533356263,0.263857,0.674964,0.518304,0.422926,-0.171301,-0.343380,0.820902
1677114068,543310753,0.264483,0.675701,0.517364,0.423291,-0.171341,-0.342838,0.820932
1677114068,553803469,0.265204,0.676424,0.516431,0.424856,-0.171836,-0.342214,0.820280
1677114068,563387458,0.265767,0.677079,0.515523,0.427032,-0.171612,-0.342102,0.819243
1677114068,574161091,0.266191,0.677517,0.514764,0.428687,-0.170574,-0.341703,0.818762
1677114068,583436699,0.266691,0.678130,0.513933,0.431261,-0.170240,-0.341491,0.817567
1677114068,593114000,0.267099,0.678636,0.513147,0.432745,-0.170191,-0.341109,0.816953
1677114068,603695943,0.267546,0.679188,0.512327,0.433424,-0.170351,-0.340013,0.817016
1677114068,614727197,0.267886,0.679936,0.511360,0.433960,-0.170037,-0.339327,0.817082
1677114068,624372741,0.268452,0.680768,0.510234,0.433994,-0.170644,-0.337790,0.817574
1677114068,633744468,0.268798,0.681707,0.509045,0.433294,-0.170218,-0.336946,0.818382
1677114068,643603928,0.269494,0.682696,0.507665,0.433674,-0.170263,-0.334644,0.819116
1677114068,653641132,0.270013,0.683828,0.506236,0.433828,-0.170153,-0.333807,0.819398
1677114068,663248824,0.270393,0.684704,0.504844,0.433012,-0.168953,-0.332962,0.820422
1677114068,674102207,0.271034,0.685767,0.503287,0.433260,-0.168657,-0.331841,0.820806
1677114068,684703061,0.271605,0.686619,0.501776,0.432442,-0.168321,-0.330902,0.821685
1677114068,693871337,0.272243,0.687592,0.500172,0.432487,-0.168292,-0.330305,0.821907
1677114068,703430731,0.272902,0.688498,0.498495,0.432694,-0.168169,-0.329856,0.822004
1677114068,713265476,0.273324,0.689366,0.496870,0.432485,-0.166702,-0.330384,0.822200
1677114068,723195482,0.274121,0.690277,0.495039,0.433411,-0.166985,-0.330157,0.821746
1677114068,733349261,0.274669,0.691084,0.493253,0.433318,-0.165892,-0.330218,0.821993
1677114068,743609111,0.275384,0.691992,0.491178,0.433542,-0.165479,-0.329851,0.822105
1677114068,754053071,0.276034,0.693023,0.488968,0.432987,-0.164705,-0.329932,0.822520
1677114068,763580627,0.276897,0.694161,0.486535,0.432206,-0.164350,-0.328933,0.823402
1677114068,773794633,0.277711,0.695488,0.483924,0.431247,-0.163949,-0.328612,0.824112
1677114068,783239654,0.278457,0.696663,0.481278,0.429653,-0.162909,-0.327196,0.825713
1677114068,793457995,0.279316,0.697854,0.478535,0.428479,-0.162514,-0.325648,0.827012
1677114068,803540147,0.279864,0.699049,0.475868,0.427074,-0.160455,-0.325502,0.828197
1677114068,814079660,0.280799,0.700202,0.473085,0.427275,-0.160115,-0.324251,0.828650
1677114068,823338418,0.281466,0.701155,0.470515,0.426292,-0.158867,-0.324193,0.829418
1677114068,834102016,0.282094,0.701957,0.468045,0.425322,-0.157037,-0.324169,0.830274
1677114068,843526628,0.282964,0.702897,0.465472,0.426094,-0.156478,-0.324051,0.830030
1677114068,853341634,0.283696,0.703616,0.463076,0.425976,-0.155752,-0.324230,0.830157
1677114068,863188801,0.284267,0.704153,0.460821,0.425849,-0.154641,-0.323862,0.830573
1677114068,873490045,0.285089,0.704630,0.458518,0.426791,-0.155229,-0.322271,0.830599
1677114068,884652067,0.285563,0.705131,0.456287,0.427402,-0.156292,-0.322328,0.830063
1677114068,894333309,0.286170,0.705509,0.454097,0.428152,-0.156676,-0.320619,0.830266
1677114068,904291298,0.286786,0.705854,0.451820,0.428685,-0.157955,-0.319196,0.830297
1677114068,913422195,0.287146,0.706328,0.449532,0.428961,-0.157358,-0.318609,0.830494
1677114068,923080514,0.287754,0.706631,0.447115,0.429127,-0.158768,-0.317171,0.830690
1677114068,933081513,0.288191,0.706907,0.444658,0.429308,-0.158963,-0.316036,0.830992
1677114068,944174607,0.288647,0.707008,0.442205,0.428816,-0.159555,-0.315380,0.831381
1677114068,953715619,0.289268,0.707200,0.439552,0.430056,-0.159775,-0.314821,0.830910
1677114068,962998379,0.289888,0.707125,0.436947,0.430528,-0.159453,-0.314608,0.830808
1677114068,973487249,0.290509,0.707001,0.434237,0.431116,-0.158802,-0.315521,0.830281
1677114068,983105830,0.291429,0.706746,0.431454,0.431876,-0.158726,-0.316058,0.829697
1677114068,993165429,0.292334,0.706346,0.428660,0.431996,-0.158116,-0.317348,0.829258
1677114069,3296574,0.293405,0.706006,0.425726,0.433038,-0.157317,-0.318930,0.828259
1677114069,13472092,0.294320,0.705610,0.422800,0.433414,-0.155369,-0.321643,0.827381
1677114069,22912058,0.295366,0.705137,0.419850,0.433792,-0.153253,-0.323906,0.826694
1677114069,33358312,0.296482,0.704714,0.416838,0.434533,-0.151642,-0.326168,0.825712
1677114069,43394919,0.297642,0.704304,0.413797,0.435608,-0.150267,-0.328125,0.824620
1677114069,53147364,0.298800,0.703809,0.410765,0.436780,-0.149373,-0.329224,0.823724
1677114069,63464972,0.299585,0.703226,0.407852,0.436849,-0.148139,-0.331471,0.823009
1677114069,73868242,0.300390,0.702751,0.404866,0.437818,-0.146917,-0.333029,0.822084
1677114069,83457014,0.301329,0.702263,0.401828,0.438804,-0.146339,-0.333524,0.821461
1677114069,94004707,0.302123,0.701836,0.398758,0.438994,-0.145847,-0.334618,0.821002
1677114069,103565078,0.303011,0.701458,0.395607,0.439333,-0.146049,-0.335169,0.820559
1677114069,113210304,0.303925,0.701062,0.392430,0.439721,-0.146435,-0.335044,0.820334
1677114069,123442647,0.304728,0.700608,0.389237,0.439628,-0.146388,-0.335397,0.820248
1677114069,133435780,0.305417,0.700005,0.386138,0.438533,-0.146080,-0.336039,0.820626
1677114069,143598140,0.306328,0.699509,0.382921,0.438591,-0.146306,-0.336286,0.820454
1677114069,154191949,0.307227,0.698972,0.379739,0.438713,-0.146270,-0.337129,0.820049
1677114069,164362606,0.308257,0.698359,0.376541,0.439188,-0.146244,-0.337461,0.819662
1677114069,173636901,0.309004,0.697691,0.373493,0.439254,-0.144953,-0.339026,0.819211
1677114069,184092546,0.309995,0.696831,0.370395,0.439834,-0.145577,-0.340164,0.818316
1677114069,193253007,0.310862,0.695927,0.367385,0.440337,-0.145638,-0.341608,0.817433
1677114069,204503318,0.312042,0.694942,0.364225,0.441761,-0.147623,-0.342364,0.815991
1677114069,213876763,0.312852,0.693977,0.361167,0.442281,-0.147545,-0.344482,0.814831
1677114069,224372981,0.313709,0.692942,0.358031,0.442517,-0.147091,-0.346412,0.813967
1677114069,234463401,0.314854,0.692019,0.354757,0.443916,-0.146579,-0.347375,0.812886
1677114069,243965784,0.315940,0.691166,0.351480,0.444704,-0.145622,-0.349079,0.811897
1677114069,254009739,0.317068,0.690285,0.348199,0.445318,-0.144348,-0.350589,0.811137
1677114069,263303764,0.318237,0.689366,0.344885,0.445701,-0.143641,-0.351988,0.810446
1677114069,273454783,0.319266,0.688558,0.341648,0.445835,-0.143305,-0.354604,0.809290
1677114069,285112092,0.320036,0.687683,0.338551,0.445351,-0.141619,-0.357404,0.808621
1677114069,294135902,0.320380,0.686612,0.335584,0.442738,-0.139383,-0.362578,0.808141
1677114069,303477004,0.322056,0.686224,0.332113,0.446231,-0.141496,-0.363491,0.805438
1677114069,313862667,0.323497,0.685101,0.328786,0.446127,-0.143150,-0.363827,0.805052
1677114069,324578384,0.324554,0.684209,0.325646,0.445866,-0.143249,-0.365308,0.804508
1677114069,333272409,0.325529,0.683484,0.322428,0.446439,-0.143164,-0.366876,0.803491
1677114069,343327141,0.326483,0.682720,0.319221,0.447165,-0.143397,-0.367974,0.802543
1677114069,353446103,0.327295,0.681883,0.316074,0.447383,-0.143024,-0.369183,0.801933
1677114069,363704348,0.328420,0.681379,0.312525,0.450551,-0.143603,-0.369693,0.799818
1677114069,373253607,0.329162,0.680508,0.309466,0.449228,-0.145110,-0.372070,0.799188
1677114069,383368232,0.330226,0.679755,0.306142,0.450377,-0.143031,-0.372133,0.798886
1677114069,393518099,0.330645,0.679062,0.303074,0.447934,-0.142779,-0.376593,0.798215
1677114069,403454341,0.332307,0.678086,0.299383,0.447720,-0.144315,-0.375235,0.798698
1677114069,413681662,0.333497,0.677913,0.295901,0.448655,-0.143990,-0.377056,0.797373
1677114069,423406319,0.334208,0.677356,0.292659,0.446598,-0.142241,-0.379977,0.797456
1677114069,433806663,0.335248,0.676962,0.289307,0.447130,-0.140487,-0.380891,0.797032
1677114069,443507282,0.336366,0.676639,0.286005,0.448177,-0.140453,-0.382798,0.795535
1677114069,453271588,0.337175,0.676163,0.282797,0.449573,-0.138729,-0.384380,0.794286
1677114069,463298107,0.337871,0.675701,0.279736,0.451369,-0.137129,-0.386203,0.792659
1677114069,474036046,0.338816,0.675338,0.276501,0.454626,-0.135339,-0.387102,0.790665
1677114069,484159380,0.339591,0.674836,0.273535,0.455675,-0.134575,-0.388688,0.789412
1677114069,493654497,0.340340,0.674196,0.270755,0.454788,-0.133302,-0.389943,0.789521
1677114069,504115011,0.340963,0.673770,0.267932,0.454041,-0.131440,-0.391744,0.789371
1677114069,513166853,0.341861,0.673516,0.264967,0.454581,-0.131408,-0.393072,0.788405
1677114069,523402136,0.343169,0.673186,0.261766,0.455450,-0.134740,-0.393285,0.787234
1677114069,533310989,0.343722,0.673031,0.259144,0.455322,-0.133474,-0.394984,0.786673
1677114069,544025027,0.344656,0.672770,0.256318,0.455341,-0.135858,-0.396041,0.785722
1677114069,553797010,0.345200,0.672382,0.253803,0.454925,-0.133505,-0.396108,0.786332
1677114069,563708770,0.345858,0.672236,0.251169,0.454538,-0.134641,-0.397348,0.785736
1677114069,573938559,0.345696,0.672064,0.248831,0.451925,-0.132258,-0.401002,0.785792
1677114069,583061697,0.346973,0.672040,0.246090,0.453994,-0.134804,-0.398404,0.785488
1677114069,593144032,0.347657,0.672177,0.243541,0.454791,-0.135782,-0.398702,0.784707
1677114069,603234062,0.348279,0.672243,0.241011,0.455515,-0.135938,-0.398464,0.784380
1677114069,614241590,0.349042,0.672565,0.238338,0.457430,-0.137522,-0.398738,0.782850
1677114069,623882816,0.349435,0.672323,0.236126,0.455883,-0.136994,-0.399360,0.783527
1677114069,633548940,0.349926,0.672242,0.233827,0.455368,-0.137218,-0.400250,0.783333
1677114069,643742367,0.350656,0.672316,0.231413,0.456847,-0.137038,-0.400524,0.782363
1677114069,653183125,0.351237,0.672149,0.229157,0.457601,-0.136467,-0.401010,0.781773
1677114069,663246475,0.351777,0.672036,0.226905,0.458895,-0.135643,-0.402037,0.780630
1677114069,673612515,0.352412,0.671809,0.224730,0.460195,-0.135594,-0.403163,0.779291
1677114069,683807426,0.352824,0.671483,0.222710,0.461394,-0.134401,-0.404738,0.777971
1677114069,693736257,0.353551,0.671152,0.220627,0.463456,-0.135032,-0.405832,0.776064
1677114069,704313079,0.354022,0.670796,0.218645,0.465237,-0.134305,-0.407277,0.774366
1677114069,713517660,0.354433,0.670460,0.216775,0.466141,-0.134691,-0.409607,0.772523
1677114069,723082887,0.354940,0.670193,0.214879,0.467764,-0.135541,-0.410753,0.770783
1677114069,733383391,0.355236,0.669882,0.213090,0.467938,-0.136570,-0.412355,0.769640
1677114069,744439481,0.355615,0.669582,0.211316,0.468578,-0.138162,-0.412856,0.768698
1677114069,753092648,0.355855,0.669248,0.209713,0.468438,-0.140057,-0.413345,0.768177
1677114069,763138296,0.355987,0.669014,0.208213,0.468679,-0.141696,-0.414230,0.767252
1677114069,773525835,0.356175,0.668713,0.206767,0.469573,-0.143681,-0.414200,0.766352
1677114069,783094385,0.356410,0.668547,0.205307,0.471569,-0.146272,-0.414347,0.764554
1677114069,793090546,0.356397,0.667857,0.204056,0.470804,-0.148609,-0.414678,0.764396
1677114069,803153164,0.356483,0.667614,0.202720,0.472281,-0.150299,-0.414942,0.763010
1677114069,814314888,0.356681,0.667406,0.201315,0.473301,-0.152929,-0.415397,0.761606
1677114069,823486011,0.356826,0.667162,0.199933,0.473101,-0.154942,-0.416317,0.760821
1677114069,834000818,0.356881,0.666973,0.198577,0.472168,-0.156335,-0.417709,0.760353
1677114069,843303311,0.357144,0.666853,0.197129,0.472462,-0.157812,-0.417950,0.759732
1677114069,853607758,0.357354,0.666694,0.195730,0.472848,-0.159579,-0.418370,0.758891
1677114069,863766256,0.357479,0.666586,0.194345,0.473654,-0.161050,-0.419026,0.757715
1677114069,873527657,0.357598,0.666437,0.193006,0.474311,-0.162536,-0.419881,0.756512
1677114069,883890763,0.357702,0.666240,0.191693,0.474576,-0.163508,-0.420314,0.755896
1677114069,894304406,0.358002,0.666246,0.190286,0.475533,-0.165266,-0.420655,0.754722
1677114069,903408482,0.358161,0.666197,0.188976,0.474968,-0.166199,-0.421337,0.754492
1677114069,913222278,0.358399,0.666262,0.187652,0.474652,-0.167768,-0.422153,0.753888
1677114069,923347747,0.358584,0.666382,0.186414,0.474612,-0.169097,-0.422876,0.753210
1677114069,933310236,0.358791,0.666366,0.185256,0.474380,-0.171033,-0.423080,0.752804
1677114069,943423683,0.358754,0.666207,0.184345,0.473591,-0.172134,-0.423624,0.752744
1677114069,953502996,0.358921,0.666291,0.183285,0.474859,-0.173790,-0.423616,0.751569
1677114069,963861677,0.358897,0.666450,0.182408,0.475653,-0.174686,-0.424143,0.750561
1677114069,973677773,0.358861,0.666475,0.181555,0.475973,-0.175129,-0.424562,0.750018
1677114069,983367933,0.358967,0.666364,0.180797,0.476084,-0.175670,-0.423851,0.750223
1677114069,993190553,0.359049,0.666680,0.179971,0.477226,-0.176532,-0.424847,0.748730
1677114070,3727352,0.359212,0.666697,0.179230,0.477629,-0.177666,-0.424562,0.748367
1677114070,14313670,0.359448,0.667015,0.178465,0.479239,-0.178887,-0.424693,0.746971
1677114070,24346159,0.359407,0.666896,0.177976,0.479096,-0.179183,-0.424566,0.747064
1677114070,34076981,0.359537,0.667176,0.177380,0.480052,-0.181370,-0.425140,0.745595
1677114070,43553792,0.359517,0.667180,0.176914,0.480170,-0.182795,-0.424843,0.745340
1677114070,54262902,0.359555,0.667071,0.176533,0.480187,-0.184296,-0.423984,0.745448
1677114070,63227602,0.359507,0.667455,0.176094,0.480992,-0.185526,-0.424569,0.744290
1677114070,73948546,0.359590,0.667611,0.175679,0.481392,-0.186962,-0.423381,0.744349
1677114070,84232995,0.359757,0.668089,0.175170,0.481881,-0.188975,-0.422241,0.744172
1677114070,94209552,0.359588,0.668489,0.174831,0.480812,-0.190018,-0.421205,0.745184
1677114070,103483436,0.359615,0.669060,0.174390,0.480868,-0.192546,-0.418331,0.746118
1677114070,113215774,0.359259,0.669623,0.174118,0.480040,-0.193933,-0.416109,0.747532
1677114070,123262187,0.359198,0.670432,0.173739,0.481781,-0.196490,-0.412410,0.747795
1677114070,133321017,0.358657,0.670894,0.173677,0.482561,-0.198457,-0.408951,0.748671
1677114070,143568110,0.358456,0.671353,0.173529,0.484608,-0.202576,-0.404969,0.748411
1677114070,153905952,0.358063,0.671575,0.173377,0.485818,-0.205151,-0.401846,0.748608
1677114070,163563740,0.357961,0.671771,0.173091,0.486349,-0.208170,-0.399792,0.748529
1677114070,173856422,0.357893,0.671833,0.172854,0.487027,-0.210158,-0.398625,0.748156
1677114070,183533154,0.358061,0.671780,0.172641,0.488943,-0.211958,-0.397532,0.746978
1677114070,194074066,0.357951,0.671619,0.172556,0.489948,-0.213016,-0.398446,0.745530
1677114070,203539171,0.358205,0.671391,0.172344,0.491412,-0.214664,-0.398125,0.744265
1677114070,214388746,0.358312,0.671206,0.172134,0.491967,-0.214776,-0.398404,0.743716
1677114070,223839174,0.358526,0.671076,0.171890,0.493115,-0.215660,-0.398046,0.742891
1677114070,233365540,0.358624,0.671032,0.171721,0.495231,-0.216472,-0.397348,0.741620
1677114070,243343810,0.358596,0.670796,0.171580,0.496894,-0.217227,-0.396171,0.740916
1677114070,253443520,0.358686,0.670723,0.171364,0.499173,-0.217771,-0.394713,0.740002
1677114070,263104272,0.358902,0.670741,0.171022,0.501570,-0.218615,-0.393401,0.738831
1677114070,273605560,0.359058,0.670474,0.170724,0.503005,-0.219124,-0.391842,0.738533
1677114070,284237650,0.358957,0.670299,0.170562,0.504682,-0.218242,-0.391402,0.737882
1677114070,293576263,0.359206,0.669931,0.170379,0.506614,-0.219252,-0.390006,0.736998
1677114070,303265739,0.359418,0.669671,0.170232,0.508988,-0.219098,-0.389060,0.735907
1677114070,313449606,0.359744,0.669250,0.170007,0.510232,-0.219311,-0.388365,0.735349
1677114070,323140324,0.360164,0.668876,0.169803,0.511774,-0.218991,-0.387418,0.734872
1677114070,333161212,0.360551,0.668499,0.169638,0.513249,-0.218726,-0.386870,0.734212
1677114070,343386637,0.360835,0.668116,0.169493,0.514594,-0.218930,-0.386805,0.733243
1677114070,353758824,0.361219,0.667861,0.169323,0.516905,-0.218639,-0.385795,0.732235
1677114070,364197407,0.361374,0.667542,0.169166,0.517964,-0.217637,-0.385213,0.732092
1677114070,373893872,0.361767,0.667350,0.168962,0.519201,-0.217752,-0.384367,0.731626
1677114070,383327937,0.362159,0.667249,0.168758,0.520847,-0.217855,-0.383079,0.731101
1677114070,393249150,0.362562,0.667114,0.168658,0.522363,-0.218145,-0.380700,0.731175
1677114070,403584221,0.362680,0.667091,0.168631,0.523971,-0.217614,-0.378893,0.731121
1677114070,414523808,0.362992,0.667069,0.168468,0.526166,-0.217984,-0.375793,0.731035
1677114070,423826326,0.363161,0.667048,0.168318,0.527741,-0.217388,-0.372797,0.731611
1677114070,433047154,0.363404,0.667066,0.168125,0.529552,-0.217080,-0.369275,0.732179
1677114070,443272023,0.363483,0.666857,0.168049,0.530787,-0.216225,-0.365370,0.733496
1677114070,453253481,0.363579,0.666871,0.167974,0.532785,-0.215771,-0.362554,0.733578
1677114070,463098143,0.363827,0.666754,0.167843,0.534287,-0.215657,-0.359410,0.734067
1677114070,473110331,0.364109,0.666746,0.167684,0.535913,-0.215360,-0.357003,0.734143
1677114070,483113298,0.364486,0.666600,0.167497,0.537294,-0.214577,-0.353771,0.734927
1677114070,493388085,0.364706,0.666521,0.167380,0.538817,-0.213487,-0.351250,0.735339
1677114070,503688056,0.364844,0.666266,0.167322,0.540326,-0.211821,-0.348132,0.736196
1677114070,513263691,0.365073,0.666022,0.167235,0.542181,-0.211056,-0.344956,0.736546
1677114070,524299933,0.365333,0.665709,0.167114,0.543775,-0.210386,-0.341829,0.737020
1677114070,533726927,0.365649,0.665389,0.166966,0.545437,-0.209113,-0.338470,0.737705
1677114070,543914136,0.365981,0.665069,0.166856,0.546761,-0.208088,-0.335875,0.738200
1677114070,553524346,0.366287,0.664779,0.166756,0.548323,-0.206454,-0.333220,0.738704
1677114070,563816862,0.366575,0.664510,0.166656,0.549684,-0.204943,-0.330765,0.739216
1677114070,574081015,0.367080,0.664278,0.166466,0.551689,-0.204206,-0.327475,0.739391
1677114070,583696343,0.367519,0.664115,0.166194,0.553481,-0.203421,-0.324293,0.739671
1677114070,593220749,0.367943,0.663971,0.165885,0.555509,-0.202734,-0.320052,0.740186
1677114070,603432540,0.368050,0.663954,0.165587,0.557764,-0.200822,-0.315621,0.740914
1677114070,613350505,0.368073,0.663973,0.165319,0.559931,-0.200259,-0.310934,0.741413
1677114070,623425063,0.368119,0.663894,0.165158,0.561877,-0.199956,-0.305067,0.742459
1677114070,634237981,0.368277,0.664061,0.164997,0.564291,-0.200080,-0.299225,0.742972
1677114070,643533149,0.368241,0.664194,0.164889,0.565055,-0.198746,-0.293941,0.744857
1677114070,653300808,0.368531,0.664474,0.164734,0.565559,-0.198274,-0.288751,0.746628
1677114070,663379568,0.368906,0.664796,0.164602,0.566370,-0.197596,-0.283472,0.748214
1677114070,674249878,0.369252,0.665043,0.164500,0.567355,-0.196869,-0.278638,0.749474
1677114070,683712908,0.369541,0.665136,0.164471,0.568009,-0.195993,-0.274173,0.750854
1677114070,693364945,0.369875,0.665124,0.164382,0.568770,-0.194622,-0.269707,0.752251
1677114070,703420923,0.370355,0.665255,0.164222,0.570835,-0.192860,-0.265672,0.752576
1677114070,713175617,0.370667,0.664851,0.164131,0.571293,-0.190767,-0.262659,0.753819
1677114070,723267067,0.371243,0.664494,0.164044,0.573208,-0.188367,-0.259557,0.754043
1677114070,733345322,0.372053,0.664136,0.163903,0.575359,-0.187024,-0.257812,0.753337
1677114070,743761083,0.372801,0.663683,0.163783,0.576857,-0.183778,-0.257003,0.753267
1677114070,754426142,0.373931,0.663195,0.163578,0.578836,-0.180888,-0.255559,0.752939
1677114070,763890042,0.375065,0.662703,0.163436,0.581099,-0.177837,-0.254974,0.752121
1677114070,773967315,0.376094,0.662098,0.163278,0.582684,-0.174246,-0.254905,0.751759
1677114070,783114083,0.377299,0.661552,0.163080,0.584835,-0.171078,-0.254157,0.751069
1677114070,793513125,0.378298,0.660869,0.162924,0.586671,-0.167078,-0.253197,0.750862
1677114070,803505089,0.379299,0.660080,0.162859,0.588598,-0.163711,-0.252075,0.750473
1677114070,813552676,0.380330,0.659298,0.162793,0.590623,-0.160974,-0.251425,0.749692
1677114070,823763867,0.381357,0.658677,0.162667,0.592909,-0.157291,-0.250775,0.748886
1677114070,833839240,0.382474,0.658117,0.162461,0.594465,-0.154021,-0.250586,0.748395
1677114070,843214105,0.383576,0.657627,0.162220,0.596082,-0.150351,-0.249678,0.748159
1677114070,853732646,0.384622,0.657321,0.162025,0.598520,-0.147257,-0.248578,0.747193
1677114070,864147365,0.385578,0.656920,0.161853,0.600539,-0.144530,-0.246467,0.746805
1677114070,873268128,0.386413,0.656527,0.161714,0.602413,-0.141946,-0.243636,0.746720
1677114070,883819328,0.387185,0.656394,0.161521,0.604463,-0.139357,-0.240745,0.746489
1677114070,893802347,0.387937,0.656237,0.161304,0.605986,-0.137121,-0.237342,0.746758
1677114070,903419339,0.388506,0.656112,0.161129,0.607148,-0.134375,-0.234191,0.747308
1677114070,913406226,0.389250,0.656042,0.160959,0.608708,-0.131971,-0.229943,0.747787
1677114070,923442970,0.389934,0.656002,0.160800,0.609942,-0.129682,-0.225861,0.748425
1677114070,933291458,0.390694,0.655932,0.160624,0.610790,-0.127592,-0.221766,0.749316
1677114070,943298191,0.391311,0.655894,0.160432,0.611818,-0.125222,-0.218045,0.749969
1677114070,953654636,0.391891,0.655742,0.160260,0.613181,-0.122624,-0.213816,0.750503
1677114070,963670515,0.392590,0.655584,0.160077,0.614921,-0.120671,-0.209206,0.750695
1677114070,973809697,0.393212,0.655572,0.159861,0.616948,-0.118282,-0.205223,0.750512
1677114070,983191721,0.393911,0.655418,0.159619,0.618188,-0.116358,-0.200703,0.751014
1677114070,994144545,0.394570,0.655395,0.159442,0.619690,-0.114181,-0.196612,0.751193
1677114071,3509653,0.395201,0.655367,0.159301,0.621046,-0.111554,-0.192129,0.751627
1677114071,14036383,0.395857,0.655410,0.159253,0.621880,-0.108970,-0.187590,0.752463
1677114071,23847107,0.396487,0.655623,0.159218,0.621892,-0.106470,-0.184150,0.753660
1677114071,33130715,0.397281,0.656037,0.159249,0.621938,-0.104086,-0.179925,0.754974
1677114071,43387787,0.397865,0.656421,0.159346,0.621677,-0.101248,-0.175936,0.756513
1677114071,53163128,0.398614,0.656988,0.159457,0.622295,-0.099615,-0.171310,0.757284
1677114071,63021632,0.399195,0.657274,0.159594,0.621432,-0.097342,-0.166430,0.759373
1677114071,73062019,0.399749,0.657923,0.159633,0.621594,-0.095525,-0.162317,0.760361
1677114071,83707765,0.400213,0.658496,0.159670,0.621096,-0.092880,-0.157464,0.762114
1677114071,93348966,0.400686,0.659152,0.159713,0.620999,-0.091043,-0.152345,0.763454
1677114071,103148433,0.401118,0.659620,0.159836,0.620222,-0.089534,-0.146700,0.765368
1677114071,113485698,0.401567,0.660394,0.159905,0.620316,-0.088524,-0.140865,0.766504
1677114071,124192641,0.401871,0.661099,0.160027,0.619692,-0.086522,-0.134539,0.768371
1677114071,132982281,0.402200,0.661643,0.160220,0.618589,-0.085085,-0.128492,0.770453
1677114071,143422176,0.402591,0.662194,0.160475,0.617768,-0.083200,-0.122455,0.772298
1677114071,153724982,0.403131,0.662813,0.160736,0.617071,-0.081122,-0.116623,0.773978
1677114071,163585615,0.403773,0.663474,0.160963,0.615974,-0.078861,-0.112443,0.775702
1677114071,173524329,0.404540,0.664152,0.161160,0.615228,-0.076168,-0.108807,0.777081
1677114071,183115042,0.405342,0.664828,0.161292,0.615002,-0.073923,-0.106670,0.777772
1677114071,193378462,0.406282,0.665466,0.161373,0.615338,-0.070643,-0.103380,0.778255
1677114071,203695283,0.407270,0.666181,0.161410,0.616151,-0.068067,-0.100618,0.778204
1677114071,214154448,0.407993,0.666602,0.161370,0.615805,-0.064226,-0.098062,0.779130
1677114071,223470522,0.408777,0.667221,0.161363,0.616975,-0.061403,-0.095057,0.778804
1677114071,232964737,0.409388,0.667624,0.161325,0.617346,-0.058382,-0.091913,0.779120
1677114071,242984069,0.409917,0.668034,0.161347,0.617581,-0.055251,-0.088502,0.779556
1677114071,253287120,0.410517,0.668583,0.161348,0.618332,-0.052782,-0.083967,0.779634
1677114071,262896211,0.410890,0.668910,0.161372,0.617867,-0.049949,-0.080705,0.780533
1677114071,273235558,0.411347,0.669345,0.161383,0.617710,-0.047073,-0.076215,0.781287
1677114071,283113401,0.411937,0.669915,0.161412,0.617954,-0.045700,-0.072049,0.781571
1677114071,293287080,0.412351,0.670545,0.161410,0.618255,-0.043547,-0.068399,0.781784
1677114071,303326506,0.412552,0.671038,0.161396,0.618011,-0.040434,-0.064877,0.782444
1677114071,313290932,0.412910,0.671562,0.161405,0.617864,-0.038847,-0.061091,0.782945
1677114071,324204272,0.413075,0.672098,0.161386,0.618037,-0.036013,-0.057273,0.783232
1677114071,333291177,0.413320,0.672887,0.161297,0.619001,-0.034700,-0.053385,0.782805
1677114071,343850834,0.413294,0.673470,0.161199,0.619022,-0.032193,-0.049685,0.783139
1677114071,353459442,0.413368,0.674064,0.161160,0.619349,-0.030321,-0.044717,0.783254
1677114071,363926518,0.413322,0.674584,0.161132,0.619743,-0.029004,-0.040315,0.783232
1677114071,374187030,0.413111,0.675137,0.161035,0.620233,-0.027109,-0.036043,0.783120
1677114071,383176795,0.413065,0.675751,0.160973,0.620922,-0.026058,-0.031405,0.782810
1677114071,393097219,0.413078,0.676284,0.160882,0.621090,-0.024882,-0.026245,0.782904
1677114071,403338277,0.412825,0.677023,0.160773,0.622210,-0.022500,-0.022221,0.782211
1677114071,413680437,0.412755,0.677616,0.160671,0.622614,-0.021173,-0.017977,0.782036
1677114071,423443754,0.412594,0.678413,0.160559,0.624100,-0.019229,-0.013842,0.780985
1677114071,434686992,0.412337,0.679022,0.160417,0.625005,-0.016827,-0.009594,0.780380
1677114071,443599236,0.412097,0.679713,0.160263,0.626318,-0.014673,-0.005660,0.779409
1677114071,453548373,0.411873,0.680188,0.160098,0.626974,-0.012688,-0.001274,0.778936
1677114071,463270456,0.411511,0.680511,0.159930,0.627412,-0.010708,0.001953,0.778611
1677114071,473292426,0.411392,0.681035,0.159718,0.629168,-0.009445,0.005621,0.777191
1677114071,483040896,0.411336,0.681208,0.159506,0.629776,-0.007784,0.009234,0.776683
1677114071,493732197,0.411365,0.681427,0.159272,0.631191,-0.006592,0.011567,0.775513
1677114071,503861864,0.411443,0.681610,0.159006,0.632569,-0.004457,0.013358,0.774376
1677114071,513165164,0.411689,0.681734,0.158781,0.633885,-0.002536,0.014564,0.773286
1677114071,523081344,0.411936,0.681893,0.158508,0.635307,-0.000021,0.014187,0.772129
1677114071,533436259,0.412390,0.682240,0.158243,0.637581,0.001758,0.013451,0.770264
1677114071,543551746,0.412676,0.682499,0.158018,0.639232,0.005165,0.012091,0.768901
1677114071,553629605,0.413255,0.682861,0.157730,0.641159,0.007282,0.011164,0.767293
1677114071,564218960,0.413738,0.682979,0.157453,0.642004,0.009650,0.010054,0.766575
1677114071,573887391,0.414017,0.683155,0.157157,0.643058,0.012928,0.008869,0.765657
1677114071,583474897,0.414352,0.683356,0.156881,0.644696,0.014677,0.007693,0.764259
1677114071,593244401,0.414657,0.683442,0.156670,0.645762,0.016603,0.007319,0.763323
1677114071,603413010,0.414835,0.683649,0.156481,0.647150,0.018136,0.006673,0.762118
1677114071,613396301,0.414923,0.683883,0.156288,0.648043,0.019534,0.006381,0.761326
1677114071,623483289,0.415046,0.684010,0.156155,0.648651,0.019976,0.006576,0.760795
1677114071,633519080,0.414921,0.684186,0.156007,0.649700,0.020847,0.006983,0.759873
1677114071,643076534,0.414755,0.684421,0.155899,0.650777,0.021556,0.008186,0.758918
1677114071,653138573,0.414361,0.684664,0.155764,0.651208,0.022217,0.009184,0.758519
1677114071,662999168,0.413936,0.685108,0.155625,0.651864,0.022383,0.011301,0.757921
1677114071,673257624,0.413303,0.685522,0.155474,0.652386,0.022206,0.013131,0.757447
1677114071,683781016,0.412699,0.685829,0.155388,0.652922,0.021431,0.015970,0.756954
1677114071,693539727,0.412052,0.686088,0.155347,0.653118,0.020885,0.019452,0.756718
1677114071,703513709,0.411320,0.686380,0.155245,0.653448,0.020088,0.021630,0.756395
1677114071,713031372,0.410760,0.686836,0.155136,0.653962,0.018916,0.024044,0.755909
1677114071,723410922,0.410106,0.687301,0.155048,0.654346,0.019076,0.025778,0.755515
1677114071,733093704,0.409702,0.687722,0.154967,0.654602,0.018571,0.027440,0.755247
1677114071,743459257,0.409319,0.688291,0.154892,0.655276,0.018703,0.028648,0.754615
1677114071,753658427,0.408943,0.688721,0.154815,0.655314,0.018765,0.028783,0.754575
1677114071,763682775,0.408691,0.689184,0.154740,0.656012,0.019035,0.029033,0.753952
1677114071,773062544,0.408422,0.689509,0.154637,0.656552,0.020069,0.029054,0.753454
1677114071,782988506,0.408179,0.689839,0.154503,0.657315,0.021055,0.028916,0.752767
1677114071,793574586,0.408120,0.690242,0.154375,0.658291,0.021041,0.028798,0.751918
1677114071,803483645,0.407909,0.690438,0.154287,0.658718,0.022024,0.028573,0.751525
1677114071,813616692,0.407738,0.690667,0.154231,0.659422,0.023065,0.028785,0.750867
1677114071,823268160,0.407586,0.690928,0.154177,0.659911,0.024171,0.029012,0.750394
1677114071,833872363,0.407392,0.691184,0.154099,0.660401,0.025079,0.029081,0.749930
1677114071,843604174,0.407246,0.691300,0.154031,0.660648,0.025791,0.029258,0.749682
1677114071,852992057,0.407095,0.691449,0.153967,0.661539,0.025960,0.029148,0.748894
1677114071,862836337,0.406839,0.691442,0.153872,0.661776,0.026844,0.028646,0.748673
1677114071,873356284,0.406667,0.691497,0.153757,0.662246,0.027412,0.028520,0.748242
1677114071,883961514,0.406593,0.691711,0.153614,0.663425,0.027126,0.027954,0.747228
1677114071,893214348,0.406491,0.691816,0.153499,0.663964,0.027248,0.027502,0.746762
1677114071,903703529,0.406330,0.691932,0.153385,0.664753,0.027334,0.026549,0.746091
1677114071,912991549,0.406185,0.691976,0.153240,0.665506,0.027221,0.025265,0.745468
1677114071,923628979,0.406104,0.691987,0.153121,0.666287,0.026938,0.024394,0.744809
1677114071,933124565,0.405871,0.692042,0.153015,0.666978,0.027421,0.023341,0.744207
1677114071,943399276,0.405709,0.692190,0.152963,0.667508,0.027614,0.023286,0.743726
1677114071,953995504,0.405406,0.692229,0.152883,0.667348,0.028255,0.023221,0.743848
1677114071,964199282,0.405174,0.692433,0.152837,0.668374,0.027570,0.023694,0.742936
1677114071,974069862,0.404800,0.692474,0.152806,0.669371,0.027101,0.024233,0.742038
1677114071,982946146,0.404492,0.692210,0.152689,0.669352,0.026782,0.025575,0.742022
1677114071,992987659,0.404087,0.692151,0.152563,0.670125,0.026223,0.026165,0.741324
1677114072,3305933,0.403742,0.692032,0.152461,0.670592,0.025566,0.026933,0.740896
1677114072,13951561,0.403384,0.692010,0.152396,0.671730,0.025022,0.027188,0.739874
1677114072,23718665,0.403142,0.691782,0.152340,0.672368,0.024096,0.026991,0.739332
1677114072,33308583,0.402900,0.691646,0.152277,0.673458,0.023892,0.026869,0.738350
1677114072,43858566,0.402761,0.691447,0.152194,0.674046,0.023656,0.026302,0.737842
1677114072,53749818,0.402706,0.691315,0.152089,0.675138,0.023646,0.025738,0.736863
1677114072,63110433,0.402726,0.691027,0.151964,0.676339,0.023714,0.024585,0.735798
1677114072,73896582,0.402761,0.690681,0.151820,0.677781,0.024527,0.023282,0.734486
1677114072,84578590,0.403026,0.690306,0.151633,0.678943,0.025046,0.021993,0.733434
1677114072,93872523,0.403074,0.690120,0.151495,0.680683,0.026879,0.019182,0.731833
1677114072,103312118,0.403556,0.689912,0.151372,0.681995,0.027462,0.017669,0.730628
1677114072,112921253,0.403798,0.689650,0.151285,0.683443,0.029273,0.015199,0.729259
1677114072,123182776,0.404223,0.689295,0.151163,0.685014,0.031070,0.013315,0.727745
1677114072,133807385,0.404703,0.689004,0.151057,0.687076,0.032632,0.011442,0.725762
1677114072,144300194,0.405144,0.688604,0.150918,0.688764,0.034327,0.008876,0.724118
1677114072,153684018,0.405651,0.688369,0.150817,0.690762,0.035171,0.006220,0.722200
1677114072,163525420,0.406157,0.687801,0.150631,0.691335,0.036219,0.003622,0.721617
1677114072,173700521,0.406682,0.687449,0.150478,0.693127,0.036981,0.000889,0.719866
1677114072,183298695,0.407105,0.687158,0.150364,0.695105,0.038314,-0.001767,0.717885
1677114072,193005317,0.407536,0.686780,0.150202,0.696611,0.039386,-0.004164,0.716355
1677114072,203316586,0.408148,0.686407,0.150115,0.698180,0.039598,-0.005616,0.714804
1677114072,213016196,0.408481,0.685960,0.150054,0.699573,0.040732,-0.007995,0.713354
1677114072,223016659,0.408838,0.685508,0.150032,0.701098,0.041392,-0.010291,0.711788
1677114072,233066466,0.409238,0.685170,0.150030,0.703004,0.041361,-0.012242,0.709877
1677114072,243029998,0.409626,0.684771,0.149998,0.704503,0.041607,-0.013879,0.708345
1677114072,253353727,0.409919,0.684385,0.149982,0.706320,0.041531,-0.016052,0.706491
1677114072,263068493,0.410301,0.683936,0.149901,0.707422,0.041766,-0.016989,0.705351
1677114072,273175561,0.410557,0.683607,0.149787,0.708816,0.041944,-0.018414,0.703904
1677114072,282951640,0.410840,0.683349,0.149660,0.709778,0.042275,-0.019017,0.702898
1677114072,292852130,0.411077,0.683189,0.149445,0.710635,0.042711,-0.019513,0.701992
1677114072,303166117,0.411222,0.682817,0.149279,0.710709,0.043370,-0.020052,0.701861
1677114072,312962405,0.411468,0.682704,0.149172,0.711905,0.043349,-0.020447,0.700638
1677114072,323027696,0.411522,0.682379,0.149059,0.712257,0.044117,-0.021507,0.700201
1677114072,333238730,0.411710,0.682242,0.149001,0.713201,0.043686,-0.021943,0.699253
1677114072,343181436,0.411812,0.682028,0.148947,0.713781,0.043784,-0.022144,0.698648
1677114072,353506637,0.411835,0.681889,0.148896,0.714808,0.043547,-0.022603,0.697597
1677114072,363998666,0.411727,0.681700,0.148875,0.715730,0.043644,-0.022543,0.696647
1677114072,373522954,0.411516,0.681391,0.148872,0.716196,0.043330,-0.022669,0.696183
1677114072,383325261,0.411329,0.681141,0.148901,0.717009,0.042907,-0.021669,0.695405
1677114072,393688656,0.411071,0.681008,0.149024,0.718451,0.041553,-0.021142,0.694013
1677114072,403239802,0.410711,0.680537,0.149141,0.718739,0.041257,-0.019245,0.693788
1677114072,413602955,0.410442,0.680584,0.149371,0.721258,0.039316,-0.017683,0.691324
1677114072,423896622,0.409884,0.680207,0.149511,0.721713,0.039036,-0.015986,0.690905
1677114072,434054105,0.409427,0.680111,0.149685,0.722699,0.037731,-0.014566,0.689979
1677114072,443392689,0.409085,0.679989,0.149826,0.722850,0.036243,-0.012289,0.689944
1677114072,453721882,0.408692,0.680108,0.149927,0.723341,0.034871,-0.011268,0.689518
1677114072,463235382,0.408362,0.680033,0.149983,0.723012,0.034134,-0.009796,0.689922
1677114072,473408877,0.408148,0.680040,0.150091,0.723182,0.032783,-0.008809,0.689823
1677114072,484107172,0.407964,0.679922,0.150225,0.723357,0.031943,-0.008040,0.689689
1677114072,494164409,0.407757,0.679868,0.150433,0.724429,0.031134,-0.007826,0.688602
1677114072,504248889,0.407608,0.679559,0.150648,0.725104,0.030853,-0.007268,0.687909
1677114072,513332148,0.407505,0.679386,0.150936,0.726746,0.030568,-0.006686,0.686193
1677114072,523660849,0.407437,0.679063,0.151175,0.727809,0.030143,-0.006713,0.685084
1677114072,533252448,0.407396,0.678670,0.151360,0.728236,0.030432,-0.006191,0.684623
1677114072,543272230,0.407427,0.678602,0.151564,0.729701,0.029827,-0.006267,0.683087
1677114072,553715568,0.407284,0.678457,0.151674,0.730387,0.030426,-0.006340,0.682326
1677114072,563954104,0.407232,0.678395,0.151753,0.730978,0.030362,-0.006241,0.681697
1677114072,573799260,0.407102,0.678260,0.151787,0.730685,0.030936,-0.005891,0.681988
1677114072,583102923,0.407052,0.678281,0.151820,0.730560,0.030487,-0.005985,0.682142
1677114072,593150637,0.406981,0.678411,0.151937,0.730705,0.030210,-0.005678,0.682001
1677114072,603403796,0.406843,0.678260,0.152095,0.730536,0.030169,-0.005557,0.682185
1677114072,613763669,0.406846,0.678016,0.152331,0.731189,0.029172,-0.005399,0.681530
1677114072,624016644,0.406657,0.677810,0.152634,0.732842,0.029289,-0.005352,0.679747
1677114072,633145856,0.406565,0.677262,0.152918,0.733787,0.029245,-0.004635,0.678734
1677114072,643107129,0.406423,0.676796,0.153244,0.735135,0.028831,-0.004621,0.677291
1677114072,653957277,0.406343,0.676453,0.153535,0.736328,0.028088,-0.004352,0.676028
1677114072,663418688,0.406245,0.676202,0.153840,0.737412,0.027427,-0.004140,0.674874
1677114072,673317203,0.406139,0.676004,0.154107,0.738136,0.026755,-0.003698,0.674111
1677114072,684029644,0.406158,0.675814,0.154374,0.738883,0.025374,-0.003082,0.673348
1677114072,694089674,0.405949,0.675574,0.154640,0.739314,0.025151,-0.002885,0.672885
1677114072,703578147,0.405842,0.675238,0.154867,0.739712,0.024818,-0.002360,0.672462
1677114072,713268297,0.405763,0.675008,0.155128,0.740448,0.024185,-0.002124,0.671675
1677114072,723304845,0.405678,0.674761,0.155401,0.741158,0.023662,-0.002152,0.670910
1677114072,733132665,0.405604,0.674520,0.155656,0.741600,0.023646,-0.002107,0.670422
1677114072,743440616,0.405490,0.674346,0.155944,0.742273,0.023867,-0.002250,0.669669
1677114072,753172368,0.405449,0.674033,0.156238,0.742774,0.023869,-0.002358,0.669112
1677114072,762899847,0.405452,0.673835,0.156581,0.743917,0.023511,-0.002600,0.667853
1677114072,773709478,0.405460,0.673487,0.156872,0.744390,0.023856,-0.002176,0.667315
1677114072,783098324,0.405405,0.673345,0.157247,0.745450,0.023814,-0.002610,0.666131
1677114072,793165282,0.405318,0.672960,0.157540,0.745177,0.024037,-0.002673,0.666428
1677114072,803415977,0.405262,0.672799,0.157900,0.745678,0.023527,-0.003286,0.665882
1677114072,814017361,0.405199,0.672638,0.158311,0.746078,0.023332,-0.002891,0.665444
1677114072,824213228,0.405102,0.672379,0.158738,0.746417,0.022680,-0.003334,0.665083
1677114072,833231216,0.404999,0.672062,0.159213,0.746894,0.022343,-0.002930,0.664561
1677114072,843261551,0.404830,0.671787,0.159772,0.747819,0.021696,-0.003029,0.663541
1677114072,853158233,0.404736,0.671413,0.160273,0.748406,0.021250,-0.002220,0.662897
1677114072,862964261,0.404525,0.671108,0.160871,0.749134,0.020438,-0.002219,0.662100
1677114072,873469648,0.404383,0.670966,0.161489,0.750130,0.019750,-0.001275,0.660994
1677114072,884772295,0.404257,0.670666,0.162130,0.750303,0.018615,-0.000936,0.660831
1677114072,893481255,0.403932,0.670420,0.162785,0.750502,0.018497,-0.000625,0.660609
1677114072,903815537,0.403786,0.670186,0.163469,0.750900,0.017632,-0.000033,0.660180
1677114072,913416899,0.403673,0.669944,0.164190,0.751565,0.016400,0.000217,0.659455
1677114072,923869724,0.403391,0.669623,0.164897,0.751959,0.016612,0.000742,0.659000
1677114072,933095717,0.403251,0.669324,0.165660,0.752655,0.015892,0.000897,0.658223
1677114072,943700070,0.403054,0.668980,0.166415,0.753281,0.015748,0.001340,0.657509
1677114072,953315316,0.402974,0.668671,0.167186,0.754313,0.014948,0.001585,0.656342
1677114072,963800234,0.402770,0.668386,0.167942,0.755303,0.014475,0.000889,0.655216
1677114072,974036802,0.402695,0.668006,0.168626,0.755831,0.014445,0.001085,0.654607
1677114072,984335388,0.402776,0.667670,0.169326,0.756700,0.013522,0.000717,0.653622
1677114072,993512609,0.402766,0.667292,0.170012,0.757343,0.014221,0.000319,0.652862
1677114073,3416734,0.402888,0.666873,0.170725,0.757699,0.014384,-0.000532,0.652445
1677114073,13347852,0.403105,0.666704,0.171526,0.758759,0.015053,-0.001211,0.651197
1677114073,22913751,0.403199,0.666449,0.172319,0.759114,0.016422,-0.002747,0.650745
1677114073,33478663,0.403382,0.666133,0.173099,0.758998,0.017897,-0.003309,0.650838
1677114073,43548076,0.403535,0.665933,0.173934,0.759286,0.019106,-0.004407,0.650462
1677114073,53024795,0.403648,0.665808,0.174820,0.759840,0.020017,-0.005342,0.649780
1677114073,63312332,0.403803,0.665532,0.175672,0.759691,0.020411,-0.005818,0.649937
1677114073,73972369,0.403765,0.665330,0.176556,0.759907,0.020936,-0.006911,0.649658
1677114073,83566539,0.403833,0.665213,0.177543,0.760471,0.020894,-0.006376,0.649005
1677114073,93108044,0.403769,0.664965,0.178497,0.760681,0.020524,-0.006606,0.648768
1677114073,103586168,0.403669,0.664704,0.179507,0.760733,0.020418,-0.006221,0.648714
1677114073,112964817,0.403582,0.664463,0.180592,0.760723,0.019888,-0.005620,0.648748
1677114073,123161133,0.403442,0.664188,0.181668,0.760468,0.019574,-0.004716,0.649064
1677114073,133317689,0.403241,0.664195,0.182863,0.761026,0.018926,-0.004257,0.648432
1677114073,143781928,0.403077,0.664108,0.184040,0.761159,0.018539,-0.003566,0.648290
1677114073,154079481,0.402795,0.663885,0.185249,0.760724,0.019236,-0.002881,0.648783
1677114073,164239120,0.402664,0.663797,0.186503,0.760754,0.019640,-0.001806,0.648740
1677114073,174391399,0.402617,0.663800,0.187842,0.760829,0.020156,-0.000774,0.648639
1677114073,183109177,0.402444,0.663722,0.189222,0.760412,0.021483,-0.000551,0.649086
1677114073,193666947,0.402477,0.663763,0.190646,0.760628,0.021858,-0.000668,0.648819
1677114073,203414899,0.402452,0.663569,0.192030,0.760290,0.022913,-0.000759,0.649179
1677114073,213006255,0.402744,0.663483,0.193503,0.760851,0.021981,-0.001210,0.648553
1677114073,223438207,0.402860,0.663128,0.194937,0.760697,0.022404,-0.002078,0.648718
1677114073,233739705,0.403056,0.662908,0.196437,0.761069,0.022696,-0.002694,0.648268
1677114073,243626927,0.403201,0.662719,0.197905,0.761544,0.023698,-0.003457,0.647670
1677114073,253276017,0.403494,0.662588,0.199410,0.762049,0.024177,-0.004066,0.647055
1677114073,264489220,0.403698,0.662421,0.200868,0.761970,0.025357,-0.005042,0.647096
1677114073,273878304,0.403966,0.662423,0.202373,0.762227,0.026577,-0.005573,0.646740
1677114073,283121819,0.404263,0.662342,0.203831,0.761795,0.027578,-0.005933,0.647204
1677114073,294093456,0.404457,0.662376,0.205343,0.761839,0.028820,-0.006311,0.647095
1677114073,303356251,0.404515,0.662371,0.206833,0.761791,0.030181,-0.006805,0.647084
1677114073,313089561,0.404629,0.662352,0.208340,0.761911,0.030841,-0.006702,0.646912
1677114073,323315967,0.404618,0.662329,0.209832,0.762199,0.031588,-0.006457,0.646539
1677114073,333283995,0.404724,0.662332,0.211337,0.762539,0.031147,-0.005721,0.646166
1677114073,343119960,0.404548,0.662285,0.212797,0.762790,0.031257,-0.005906,0.645863
1677114073,353282406,0.404486,0.662105,0.214258,0.762383,0.030938,-0.004940,0.646367
1677114073,363831894,0.404393,0.662089,0.215697,0.762241,0.030938,-0.004479,0.646538
1677114073,373160402,0.404281,0.662100,0.217207,0.762064,0.031141,-0.003996,0.646740
1677114073,383401871,0.404274,0.662238,0.218739,0.762340,0.031483,-0.003183,0.646403
1677114073,394490638,0.404410,0.662504,0.220252,0.763091,0.031095,-0.002095,0.645539
1677114073,402999504,0.404345,0.662647,0.221792,0.763366,0.031744,-0.001390,0.645184
1677114073,413286355,0.404382,0.662086,0.223279,0.761194,0.029989,-0.001641,0.647829
1677114073,423428343,0.404337,0.661945,0.224821,0.760879,0.029599,-0.001172,0.648217
1677114073,433037287,0.404279,0.661881,0.226409,0.761264,0.028956,-0.000405,0.647796
1677114073,443057192,0.404052,0.661410,0.227896,0.760787,0.028139,-0.000743,0.648391
1677114073,453183713,0.404062,0.661473,0.229524,0.761948,0.027788,0.001612,0.647039
1677114073,463269313,0.403932,0.660803,0.231008,0.761411,0.026276,0.001448,0.647735
1677114073,473252718,0.404114,0.660297,0.232508,0.760934,0.024808,0.003662,0.648345
1677114073,483636124,0.404449,0.659992,0.234053,0.761141,0.022456,0.006007,0.648169
1677114073,494130832,0.403762,0.659901,0.235703,0.761710,0.024194,0.002660,0.647461
1677114073,503214107,0.403776,0.659801,0.237244,0.762125,0.023514,0.002967,0.646996
1677114073,513522291,0.403678,0.659664,0.238724,0.762371,0.023348,0.002901,0.646713
1677114073,524216681,0.403688,0.659367,0.240144,0.762212,0.023228,0.003575,0.646901
1677114073,533107794,0.403745,0.659071,0.241543,0.762232,0.022448,0.003594,0.646904
1677114073,542893386,0.403710,0.658907,0.242922,0.762694,0.022447,0.003810,0.646359
1677114073,553048470,0.403707,0.658621,0.244262,0.762414,0.022411,0.003608,0.646691
1677114073,563391852,0.403655,0.658454,0.245585,0.762483,0.022590,0.003423,0.646604
1677114073,573599780,0.403675,0.658197,0.246879,0.762306,0.023065,0.004121,0.646793
1677114073,582896850,0.403674,0.658040,0.248201,0.762587,0.022453,0.003422,0.646487
1677114073,593131398,0.403647,0.657720,0.249448,0.762420,0.022638,0.003658,0.646676
1677114073,603539232,0.403575,0.657403,0.250667,0.762344,0.022469,0.003426,0.646773
1677114073,613618102,0.403517,0.657172,0.251845,0.762550,0.021969,0.003271,0.646548
1677114073,623589609,0.403490,0.656861,0.252973,0.762330,0.020923,0.003138,0.646842
1677114073,633503969,0.403279,0.656678,0.254070,0.762395,0.021002,0.002952,0.646764
1677114073,644086002,0.403249,0.656351,0.255099,0.761870,0.020423,0.003504,0.647398
1677114073,654203851,0.403046,0.656195,0.256124,0.762062,0.019888,0.003170,0.647191
1677114073,663282775,0.402850,0.655918,0.257099,0.761829,0.019726,0.003247,0.647469
1677114073,673773243,0.402817,0.655588,0.258083,0.761405,0.018699,0.003578,0.647997
1677114073,684193892,0.402642,0.655422,0.259100,0.761731,0.018455,0.003400,0.647622
1677114073,693688448,0.402515,0.655120,0.260046,0.761699,0.017900,0.003230,0.647675
1677114073,703693236,0.402336,0.654844,0.261000,0.761549,0.017665,0.002977,0.647860
1677114073,713326432,0.402186,0.654739,0.261924,0.761776,0.017536,0.002897,0.647597
1677114073,723138446,0.401923,0.654563,0.262785,0.761276,0.017921,0.002563,0.648175
1677114073,733242609,0.401788,0.654372,0.263635,0.760501,0.018035,0.002826,0.649080
1677114073,743503859,0.401759,0.654276,0.264466,0.760013,0.017395,0.002871,0.649669
1677114073,753044097,0.401624,0.654188,0.265320,0.759728,0.017134,0.002868,0.650008
1677114073,763283386,0.401489,0.654040,0.266193,0.759601,0.016491,0.002370,0.650176
1677114073,773587346,0.401328,0.653769,0.267081,0.759469,0.016410,0.002494,0.650332
1677114073,783258041,0.401156,0.653441,0.267957,0.759436,0.016090,0.001987,0.650380
1677114073,793618808,0.401048,0.653133,0.268861,0.759815,0.015822,0.001772,0.649944
1677114073,803325530,0.400941,0.652706,0.269710,0.759880,0.015697,0.001591,0.649872
1677114073,814223168,0.400793,0.652432,0.270557,0.760269,0.015922,0.001170,0.649412
1677114073,823276861,0.400685,0.652136,0.271389,0.760273,0.016086,0.000428,0.649405
1677114073,833614702,0.400748,0.651877,0.272200,0.760028,0.015941,0.000552,0.649695
1677114073,844251985,0.400745,0.651755,0.273019,0.759995,0.015542,-0.000388,0.649743
1677114073,853363634,0.400669,0.651712,0.273813,0.760003,0.016168,-0.000731,0.649718
1677114073,863214088,0.400684,0.651554,0.274561,0.759472,0.015831,-0.001559,0.650346
1677114073,874037000,0.400659,0.651269,0.275262,0.758489,0.016172,-0.001599,0.651484
1677114073,883072219,0.400522,0.651222,0.276024,0.758495,0.016806,-0.002090,0.651458
1677114073,893542189,0.400418,0.651166,0.276831,0.758746,0.016932,-0.002476,0.651162
1677114073,904214448,0.400436,0.650858,0.277586,0.758341,0.016499,-0.002281,0.651646
1677114073,914139147,0.400335,0.650621,0.278370,0.758368,0.016805,-0.002214,0.651606
1677114073,923440588,0.400253,0.650383,0.279169,0.758461,0.016761,-0.002307,0.651499
1677114073,933506734,0.400008,0.650230,0.279967,0.758619,0.017698,-0.002830,0.651288
1677114073,943285052,0.400023,0.649886,0.280695,0.757980,0.017595,-0.002633,0.652036
1677114073,954136367,0.399959,0.649863,0.281494,0.758204,0.017730,-0.003000,0.651769
1677114073,964354785,0.399821,0.649732,0.282237,0.757741,0.018160,-0.003306,0.652294
1677114073,973373840,0.399775,0.649656,0.282956,0.757014,0.018145,-0.003830,0.653136
1677114073,983121676,0.399789,0.649678,0.283711,0.756388,0.017596,-0.004246,0.653873
1677114073,993340764,0.399717,0.649675,0.284474,0.755910,0.017311,-0.004434,0.654431
1677114074,3163900,0.399759,0.649755,0.285212,0.756208,0.016522,-0.004238,0.654109
1677114074,13294228,0.399685,0.649592,0.285936,0.756045,0.016136,-0.003954,0.654309
1677114074,23568038,0.400284,0.649478,0.286767,0.756938,0.010456,-0.004426,0.653389
1677114074,33831696,0.400273,0.649509,0.287487,0.757443,0.009529,-0.003778,0.652820
1677114074,43231871,0.400185,0.649820,0.288244,0.758755,0.008719,-0.003686,0.651308
1677114074,53267185,0.400046,0.649940,0.288906,0.758858,0.008207,-0.003453,0.651195
1677114074,63024394,0.400037,0.650336,0.289613,0.759867,0.007309,-0.002931,0.650030
1677114074,73297061,0.399920,0.650629,0.290287,0.760414,0.006847,-0.002918,0.649396
1677114074,84489802,0.399068,0.651427,0.291218,0.763175,0.011191,-0.002963,0.646088
1677114074,93825350,0.399084,0.649983,0.291686,0.757669,0.010574,-0.002482,0.652549
1677114074,103953875,0.399027,0.649888,0.292224,0.756489,0.010563,-0.002359,0.653916
1677114074,112935288,0.399185,0.650111,0.292878,0.756466,0.009683,-0.001727,0.653959
1677114074,123785137,0.399145,0.650301,0.293493,0.756422,0.009894,-0.002049,0.654006
1677114074,133465363,0.399374,0.650172,0.294051,0.755748,0.008934,-0.001502,0.654800
1677114074,143441954,0.399538,0.650243,0.294616,0.756351,0.008345,-0.001604,0.654111
