secs,nsecs,tx,ty,tz,rx,ry,rz,rw
1677114707,781025350,0.316981,0.534034,0.515627,0.519772,-0.114367,-0.022219,0.846324
1677114707,791576532,0.317362,0.534216,0.514579,0.519563,-0.115194,-0.021708,0.846353
1677114707,801128383,0.317623,0.534332,0.513542,0.518887,-0.115789,-0.021540,0.846691
1677114707,811115701,0.317971,0.534604,0.512357,0.519006,-0.116409,-0.021296,0.846539
1677114707,821727047,0.318381,0.534722,0.511212,0.518081,-0.117258,-0.020424,0.847010
1677114707,832279827,0.318707,0.534995,0.509900,0.518029,-0.117684,-0.020294,0.846985
1677114707,841796437,0.319123,0.535144,0.508577,0.517474,-0.118294,-0.020048,0.847246
1677114707,852045576,0.319711,0.535307,0.507201,0.517502,-0.119526,-0.019356,0.847072
1677114707,861696536,0.320133,0.535308,0.505812,0.516800,-0.119706,-0.019800,0.847465
1677114707,871151530,0.320821,0.535516,0.504348,0.517423,-0.119724,-0.019124,0.847097
1677114707,881355489,0.321527,0.535445,0.502935,0.516755,-0.120311,-0.019140,0.847422
1677114707,891191558,0.322180,0.535604,0.501455,0.516913,-0.120104,-0.019498,0.847346
1677114707,901130203,0.322807,0.535511,0.499922,0.515924,-0.119756,-0.020370,0.847978
1677114707,911011001,0.323601,0.535701,0.498340,0.515916,-0.119709,-0.020445,0.847987
1677114707,921763590,0.324304,0.535792,0.496718,0.515421,-0.119934,-0.021306,0.848235
1677114707,931094115,0.325173,0.535885,0.495055,0.514852,-0.120355,-0.021339,0.848520
1677114707,941062625,0.325842,0.535958,0.493364,0.514129,-0.120364,-0.021984,0.848941
1677114707,951552313,0.326500,0.536026,0.491628,0.513444,-0.119397,-0.021874,0.849494
1677114707,960912298,0.327159,0.535976,0.489878,0.512489,-0.119217,-0.022178,0.850088
1677114707,971091059,0.327769,0.535886,0.488110,0.511647,-0.119416,-0.023176,0.850541
1677114707,981602765,0.328551,0.535952,0.486385,0.512238,-0.119174,-0.022530,0.850237
1677114707,990874235,0.329286,0.535793,0.484761,0.512306,-0.120283,-0.023334,0.850018
1677114708,1047883,0.329362,0.535199,0.483126,0.510925,-0.118427,-0.026712,0.851009
1677114708,11437849,0.330764,0.534972,0.481758,0.511754,-0.123534,-0.025101,0.849834
1677114708,21042899,0.331589,0.534531,0.480155,0.512050,-0.124200,-0.024794,0.849568
1677114708,31352799,0.331979,0.534259,0.478266,0.513998,-0.121824,-0.025611,0.848710
1677114708,41676090,0.332764,0.533489,0.476801,0.512926,-0.125796,-0.027399,0.848724
1677114708,51422747,0.333318,0.533026,0.475072,0.513860,-0.126741,-0.029049,0.847963
1677114708,61255318,0.334014,0.532227,0.473445,0.513358,-0.128381,-0.029707,0.847997
1677114708,71020895,0.334573,0.531638,0.471713,0.513731,-0.129766,-0.030684,0.847526
1677114708,81406241,0.335166,0.531158,0.469938,0.514588,-0.131122,-0.030596,0.846800
1677114708,91321350,0.335492,0.530348,0.468232,0.513967,-0.133362,-0.031974,0.846776
1677114708,101769773,0.336325,0.530388,0.466341,0.517433,-0.135791,-0.028726,0.844393
1677114708,112134886,0.336019,0.529620,0.464678,0.515232,-0.133007,-0.027584,0.846218
1677114708,121196495,0.336159,0.529208,0.462987,0.514908,-0.134872,-0.025655,0.846180
1677114708,131638707,0.336509,0.529114,0.461124,0.515671,-0.137567,-0.022058,0.845383
1677114708,141151242,0.336793,0.528344,0.459373,0.512366,-0.140067,-0.017160,0.847094
1677114708,151411859,0.336437,0.528383,0.457182,0.512505,-0.140609,-0.015354,0.846955
1677114708,161747783,0.336563,0.528490,0.454940,0.512525,-0.143912,-0.012315,0.846437
1677114708,171859905,0.336527,0.528417,0.452670,0.511152,-0.145456,-0.009540,0.847039
1677114708,181658591,0.336705,0.528236,0.450410,0.509359,-0.147604,-0.006854,0.847773
1677114708,191977307,0.337165,0.528526,0.448046,0.510235,-0.149944,-0.004295,0.846852
1677114708,201229939,0.337421,0.528305,0.445851,0.508763,-0.149498,-0.002501,0.847823
1677114708,210930008,0.337848,0.528426,0.443533,0.509086,-0.149168,-0.001311,0.847690
1677114708,221397474,0.338591,0.528639,0.441288,0.509463,-0.148860,0.000653,0.847518
1677114708,231872307,0.339118,0.528863,0.438911,0.509655,-0.147253,0.001009,0.847684
1677114708,242330920,0.339895,0.529058,0.436604,0.509167,-0.146469,0.001676,0.848111
1677114708,252192449,0.340619,0.529806,0.433915,0.510970,-0.144908,0.001585,0.847295
1677114708,261282057,0.341311,0.529815,0.431620,0.508853,-0.144591,0.001411,0.848622
1677114708,270835034,0.341990,0.530141,0.429015,0.508743,-0.143845,0.000659,0.848816
1677114708,280973550,0.342824,0.530409,0.426415,0.508363,-0.141129,0.001801,0.849498
1677114708,291237303,0.343571,0.530713,0.423844,0.507864,-0.140039,0.001904,0.849976
1677114708,301896743,0.344303,0.531196,0.421181,0.507851,-0.138302,0.001875,0.850268
1677114708,311403800,0.345011,0.531667,0.418586,0.507812,-0.136840,0.001230,0.850530
1677114708,322081671,0.345745,0.531968,0.416166,0.506405,-0.135939,0.000528,0.851513
1677114708,331303109,0.346465,0.532305,0.413749,0.506249,-0.134258,-0.000287,0.851872
1677114708,340832995,0.347198,0.532829,0.411237,0.508062,-0.131802,-0.000898,0.851176
1677114708,350963562,0.347885,0.532994,0.408982,0.508200,-0.130359,-0.001157,0.851316
1677114708,361261068,0.348437,0.533249,0.406666,0.509189,-0.129161,-0.002014,0.850905
1677114708,371565306,0.349091,0.533362,0.404410,0.509147,-0.129063,-0.001807,0.850946
1677114708,381224251,0.349553,0.533534,0.402083,0.509569,-0.128364,-0.002034,0.850798
1677114708,391268880,0.350025,0.533590,0.399813,0.509232,-0.127759,-0.001831,0.851092
1677114708,401244058,0.350488,0.533873,0.397451,0.509838,-0.126733,-0.001693,0.850883
1677114708,410961862,0.350983,0.534255,0.395027,0.510448,-0.125881,-0.001721,0.850643
1677114708,421260292,0.351455,0.534511,0.392618,0.509955,-0.124397,-0.001803,0.851157
1677114708,432284658,0.352010,0.534908,0.390156,0.509405,-0.123249,-0.001949,0.851653
1677114708,441757775,0.352540,0.535254,0.387715,0.508468,-0.121896,-0.002508,0.852406
1677114708,451840753,0.353144,0.535632,0.385274,0.507795,-0.120963,-0.002965,0.852938
1677114708,461611712,0.353632,0.535863,0.382885,0.506726,-0.119243,-0.003330,0.853815
1677114708,471162623,0.354250,0.536239,0.380474,0.506938,-0.118862,-0.003300,0.853741
1677114708,481635363,0.354632,0.536397,0.378100,0.506356,-0.116834,-0.003295,0.854367
1677114708,492492535,0.354987,0.536611,0.375742,0.506303,-0.115135,-0.003340,0.854629
1677114708,501615224,0.355273,0.536880,0.373365,0.506377,-0.113074,-0.003441,0.854859
1677114708,511711818,0.355721,0.537235,0.371061,0.506745,-0.111713,-0.002910,0.854822
1677114708,521341341,0.356238,0.537632,0.368766,0.507019,-0.111101,-0.002166,0.854742
1677114708,531563363,0.356602,0.537994,0.366454,0.506882,-0.109722,-0.002099,0.855001
1677114708,540963434,0.357079,0.538496,0.364145,0.506925,-0.108750,-0.001813,0.855100
1677114708,551220895,0.357498,0.538983,0.361873,0.506392,-0.107355,-0.001431,0.855593
1677114708,562232536,0.357796,0.539233,0.359748,0.503543,-0.106881,-0.001825,0.857332
1677114708,572211583,0.358142,0.539831,0.357514,0.502238,-0.104353,-0.001166,0.858409
1677114708,581434091,0.358617,0.540504,0.355281,0.501527,-0.102982,-0.000383,0.858991
1677114708,591507982,0.358822,0.541016,0.353106,0.500062,-0.100864,-0.000565,0.860095
1677114708,601491734,0.359327,0.541765,0.350869,0.499508,-0.098763,0.000753,0.860661
1677114708,610920666,0.359633,0.542456,0.348705,0.498710,-0.096668,0.001269,0.861361
1677114708,621124215,0.360208,0.543266,0.346575,0.498592,-0.095761,0.002753,0.861527
1677114708,631768028,0.360476,0.543764,0.344569,0.496524,-0.094627,0.002479,0.862846
1677114708,640888322,0.360912,0.544609,0.342424,0.496060,-0.093544,0.003275,0.863229
1677114708,651367950,0.361270,0.545327,0.340388,0.494950,-0.092867,0.003358,0.863938
1677114708,661047201,0.361453,0.545881,0.338462,0.492928,-0.091470,0.003264,0.865242
1677114708,671404616,0.361895,0.546662,0.336513,0.492033,-0.090734,0.004440,0.865824
1677114708,681631572,0.362224,0.547435,0.334604,0.490669,-0.089185,0.005826,0.866750
1677114708,692473460,0.362427,0.548255,0.332656,0.489193,-0.087610,0.006310,0.867741
1677114708,701842104,0.362649,0.549172,0.330709,0.487975,-0.085682,0.007516,0.868610
1677114708,712661380,0.362921,0.550137,0.328789,0.486722,-0.083765,0.009092,0.869484
1677114708,721837733,0.363201,0.551131,0.326861,0.485916,-0.081886,0.010726,0.870095
1677114708,731593700,0.363404,0.552009,0.325029,0.484804,-0.080184,0.011857,0.870859
1677114708,741247212,0.363870,0.552594,0.323305,0.482444,-0.082711,0.010243,0.871953
1677114708,751583798,0.364240,0.553512,0.321468,0.482073,-0.080419,0.012070,0.872349
1677114708,762085284,0.364607,0.554331,0.319749,0.481227,-0.078387,0.013354,0.872982
1677114708,771319657,0.364843,0.554899,0.318091,0.479011,-0.075474,0.013976,0.874447
1677114708,781552826,0.365165,0.556128,0.316076,0.479486,-0.073927,0.014821,0.874305
1677114708,791366908,0.365558,0.557226,0.314280,0.480592,-0.072843,0.015528,0.873776
1677114708,801142505,0.365924,0.558094,0.312698,0.480846,-0.071256,0.016682,0.873745
1677114708,810969550,0.366154,0.558832,0.311154,0.481088,-0.068918,0.017721,0.873780
1677114708,821307882,0.366462,0.559692,0.309556,0.482492,-0.067473,0.019116,0.873088
1677114708,831145548,0.366811,0.560671,0.307980,0.484248,-0.066144,0.020986,0.872175
1677114708,841526696,0.367022,0.561500,0.306452,0.484635,-0.064578,0.022251,0.872046
1677114708,851534870,0.367406,0.562360,0.304924,0.484177,-0.063595,0.024081,0.872323
1677114708,861815054,0.367587,0.563321,0.303247,0.483161,-0.061657,0.024753,0.873007
1677114708,871063876,0.368133,0.564656,0.301467,0.482701,-0.060523,0.026735,0.873282
1677114708,881411312,0.368432,0.566044,0.299625,0.481575,-0.058890,0.027001,0.874007
1677114708,891107699,0.368799,0.567599,0.297649,0.479356,-0.053866,0.028985,0.875486
1677114708,901641580,0.369347,0.568921,0.296105,0.477627,-0.056133,0.028842,0.876293
1677114708,911695459,0.369605,0.570065,0.294593,0.474155,-0.055417,0.028357,0.878238
1677114708,921366784,0.370116,0.571400,0.292912,0.471077,-0.055159,0.028878,0.879892
1677114708,931421645,0.370264,0.572820,0.291275,0.469547,-0.051239,0.030283,0.880899
1677114708,941172783,0.370700,0.574209,0.289690,0.467943,-0.051198,0.031697,0.881705
1677114708,951289395,0.370884,0.575409,0.288166,0.465896,-0.049829,0.032929,0.882822
1677114708,962005394,0.371370,0.576679,0.286727,0.464449,-0.050150,0.034984,0.883486
1677114708,971455403,0.371502,0.577908,0.285284,0.463327,-0.048857,0.035735,0.884118
1677114708,981757093,0.371817,0.579059,0.283916,0.462080,-0.048426,0.037018,0.884741
1677114708,991619249,0.372161,0.580393,0.282523,0.461518,-0.046944,0.038851,0.885035
1677114709,1313796,0.372101,0.580979,0.281380,0.458252,-0.046826,0.036593,0.886833
1677114709,11139043,0.372993,0.582695,0.279897,0.459373,-0.046343,0.040496,0.886109
1677114709,21287837,0.373348,0.583789,0.278576,0.457969,-0.045119,0.041191,0.886866
1677114709,31781633,0.373560,0.584872,0.277205,0.456755,-0.043414,0.040964,0.887588
1677114709,41564795,0.374051,0.585967,0.275930,0.455911,-0.042600,0.041629,0.888030
1677114709,51616435,0.374657,0.587292,0.274462,0.456556,-0.040961,0.043177,0.887702
1677114709,62029529,0.375108,0.588023,0.273454,0.455128,-0.040523,0.043494,0.888440
1677114709,71283893,0.375760,0.589048,0.272239,0.455422,-0.039923,0.044852,0.888249
1677114709,81184526,0.376507,0.589793,0.271173,0.453745,-0.038777,0.046914,0.889050
1677114709,91526800,0.376249,0.591112,0.269791,0.455025,-0.036941,0.041950,0.888723
1677114709,102050915,0.376670,0.592054,0.268662,0.453472,-0.037221,0.040343,0.889579
1677114709,111626496,0.377409,0.592961,0.267637,0.452309,-0.035767,0.042136,0.890147
1677114709,121741262,0.377893,0.593910,0.266546,0.451671,-0.034461,0.042238,0.890518
1677114709,131644655,0.378398,0.594843,0.265522,0.451314,-0.033667,0.042838,0.890701
1677114709,141610902,0.378629,0.595367,0.264684,0.448526,-0.032518,0.042302,0.892176
1677114709,152029767,0.379144,0.596276,0.263718,0.449164,-0.032314,0.043539,0.891802
1677114709,162110228,0.379927,0.596807,0.262916,0.447882,-0.032855,0.046418,0.892282
1677114709,171865255,0.380052,0.597655,0.261917,0.448611,-0.031443,0.046322,0.891972
1677114709,181607997,0.380384,0.598420,0.261025,0.448455,-0.031175,0.047010,0.892024
1677114709,192414678,0.380731,0.599379,0.259949,0.449213,-0.030640,0.047623,0.891628
1677114709,201450931,0.381113,0.600410,0.258834,0.449659,-0.029804,0.048289,0.891396
1677114709,211101202,0.381449,0.601748,0.257472,0.451384,-0.028455,0.049214,0.890517
1677114709,221361391,0.381886,0.602054,0.256869,0.445746,-0.027054,0.050069,0.893348
1677114709,231794415,0.382312,0.602876,0.255903,0.443894,-0.026139,0.050663,0.894264
1677114709,242080839,0.382644,0.603757,0.254823,0.442643,-0.025142,0.050526,0.894920
1677114709,251243279,0.383117,0.604707,0.253815,0.441642,-0.024348,0.051362,0.895389
1677114709,261938852,0.383595,0.605695,0.252730,0.440874,-0.023651,0.052244,0.895735
1677114709,271307305,0.383975,0.606588,0.251703,0.439610,-0.023045,0.052432,0.896361
1677114709,281363009,0.384242,0.607405,0.250707,0.437508,-0.022159,0.052140,0.897428
1677114709,292128131,0.384761,0.608464,0.249664,0.436291,-0.021236,0.053370,0.897971
1677114709,302160940,0.385097,0.609402,0.248618,0.434529,-0.020017,0.053393,0.898851
1677114709,312401783,0.385458,0.610432,0.247563,0.432889,-0.018776,0.053560,0.899659
1677114709,322115852,0.386004,0.611500,0.246576,0.431093,-0.018456,0.054224,0.900488
1677114709,331861530,0.386399,0.612865,0.245345,0.430505,-0.019007,0.054137,0.900763
1677114709,341200995,0.386791,0.613877,0.244403,0.427838,-0.017736,0.054585,0.902031
1677114709,351844475,0.387238,0.614862,0.243568,0.424628,-0.016328,0.055736,0.903503
1677114709,362328514,0.387505,0.615990,0.242603,0.422248,-0.015650,0.055919,0.904619
1677114709,371490226,0.387912,0.617107,0.241712,0.419681,-0.015426,0.056935,0.905753
1677114709,381197005,0.388061,0.618090,0.240865,0.416282,-0.014242,0.057166,0.907325
1677114709,391970303,0.388472,0.619317,0.239930,0.413978,-0.014087,0.058537,0.908294
1677114709,401606087,0.388824,0.620578,0.239052,0.412062,-0.014004,0.059570,0.909099
1677114709,411197636,0.389008,0.621747,0.238203,0.409279,-0.012736,0.060180,0.910333
1677114709,421799282,0.389239,0.623017,0.237335,0.406989,-0.012318,0.060731,0.911329
1677114709,431825189,0.389440,0.624273,0.236499,0.404338,-0.011730,0.061371,0.912473
1677114709,441990699,0.389749,0.625469,0.235732,0.401330,-0.011519,0.062556,0.913722
1677114709,452569029,0.389979,0.626718,0.234949,0.398663,-0.011436,0.063368,0.914834
1677114709,461975744,0.390072,0.627869,0.234233,0.395751,-0.010625,0.063858,0.916074
1677114709,471193004,0.390314,0.629145,0.233456,0.393798,-0.009762,0.065421,0.916814
1677114709,481323994,0.390581,0.630404,0.232666,0.391975,-0.009593,0.066497,0.917519
1677114709,491867799,0.390709,0.631586,0.231921,0.389428,-0.008668,0.067080,0.918570
1677114709,501496689,0.390988,0.632848,0.231162,0.386902,-0.008321,0.068148,0.919562
1677114709,511808220,0.391181,0.634252,0.230239,0.384919,-0.007871,0.068530,0.920369
1677114709,521719266,0.391372,0.635552,0.229377,0.381772,-0.007438,0.068999,0.921647
1677114709,531654603,0.391546,0.636866,0.228463,0.378281,-0.006466,0.069581,0.923049
1677114709,541146514,0.391750,0.638258,0.227505,0.374954,-0.005971,0.070153,0.924366
1677114709,551592854,0.391904,0.639558,0.226615,0.369949,-0.005168,0.070690,0.926345
1677114709,561741082,0.392043,0.640998,0.225560,0.365909,-0.004407,0.071342,0.927902
1677114709,571722960,0.392184,0.642589,0.224432,0.362552,-0.003908,0.072333,0.929144
1677114709,581747338,0.392260,0.644125,0.223293,0.359192,-0.003158,0.073269,0.930378
1677114709,591897454,0.392332,0.645682,0.222121,0.356309,-0.003170,0.074463,0.931391
1677114709,601317478,0.392386,0.647268,0.220881,0.354249,-0.004461,0.075122,0.932118
1677114709,611481189,0.392448,0.648346,0.220207,0.347384,-0.001380,0.077191,0.934539
1677114709,621892401,0.392419,0.649620,0.219265,0.343207,-0.000779,0.078282,0.935992
1677114709,631271685,0.392383,0.650954,0.218265,0.339683,-0.000251,0.079110,0.937207
1677114709,641794538,0.392348,0.652305,0.217289,0.336548,0.000609,0.080459,0.938223
1677114709,651817129,0.392532,0.653603,0.216384,0.333016,0.000623,0.082859,0.939273
1677114709,661554108,0.392569,0.654770,0.215535,0.328709,0.000906,0.084469,0.940646
1677114709,671389990,0.392811,0.655996,0.214613,0.324087,0.001620,0.087756,0.941947
1677114709,681629022,0.391929,0.657600,0.213140,0.322986,0.001675,0.083101,0.942747
1677114709,691583878,0.392041,0.658909,0.212072,0.318981,0.001693,0.085128,0.943929
1677114709,701993427,0.391989,0.660306,0.210861,0.316282,0.002272,0.086229,0.944735
1677114709,712265960,0.392050,0.661461,0.209936,0.312255,0.003041,0.087717,0.945935
1677114709,722251131,0.391965,0.662716,0.208934,0.309734,0.004059,0.088188,0.946716
1677114709,731735285,0.391862,0.663824,0.207993,0.306977,0.004976,0.088596,0.947571
1677114709,741303053,0.391950,0.665138,0.206807,0.305169,0.007028,0.090258,0.947985
1677114709,751815824,0.391770,0.666210,0.205907,0.301556,0.006975,0.089953,0.949170
1677114709,761631297,0.391811,0.667292,0.205078,0.297188,0.006082,0.091187,0.950435
1677114709,772244364,0.391584,0.668508,0.203962,0.293541,0.006719,0.091843,0.951501
1677114709,782325574,0.391488,0.669715,0.202844,0.289150,0.007256,0.093570,0.952672
1677114709,791560552,0.391288,0.670823,0.201749,0.284375,0.007004,0.094551,0.954014
1677114709,801136691,0.391621,0.671922,0.200775,0.278966,0.004781,0.097125,0.955365
1677114709,811544992,0.391355,0.673134,0.199635,0.275797,0.006458,0.098424,0.956142
1677114709,821645273,0.391158,0.674299,0.198557,0.273272,0.007466,0.099572,0.956740
1677114709,832199227,0.390861,0.675208,0.197822,0.269416,0.008614,0.099976,0.957781
1677114709,841592135,0.390832,0.676334,0.196892,0.267513,0.008736,0.101650,0.958138
1677114709,851980084,0.390581,0.677347,0.196041,0.265086,0.009506,0.102353,0.958730
1677114709,862020631,0.390555,0.678351,0.195248,0.262246,0.009075,0.103943,0.959344
1677114709,871409827,0.390320,0.679290,0.194395,0.259096,0.009523,0.104751,0.960107
1677114709,881362670,0.390057,0.680315,0.193408,0.255684,0.010011,0.105471,0.960938
1677114709,892010276,0.389890,0.681405,0.192291,0.252377,0.010627,0.106795,0.961659
1677114709,902284284,0.389720,0.682398,0.191236,0.248384,0.010079,0.107220,0.962657
1677114709,912095432,0.389701,0.683441,0.190188,0.244851,0.010478,0.108667,0.963395
1677114709,921849914,0.389535,0.684400,0.189304,0.241139,0.011310,0.108959,0.964288
1677114709,931402846,0.389415,0.685284,0.188503,0.237759,0.011311,0.108756,0.965150
1677114709,941253385,0.389293,0.686235,0.187624,0.235741,0.012325,0.109169,0.965586
1677114709,951661297,0.389209,0.687084,0.186959,0.233215,0.011822,0.109419,0.966177
1677114709,962303172,0.389007,0.687878,0.186209,0.231274,0.012123,0.109301,0.966653
1677114709,971366446,0.388922,0.688701,0.185506,0.229107,0.012045,0.110379,0.967048
1677114709,981667376,0.388699,0.689549,0.184720,0.226953,0.011919,0.110745,0.967515
1677114709,992085681,0.388557,0.690388,0.183816,0.224030,0.011888,0.111690,0.968088
1677114710,1401631,0.388327,0.691237,0.182841,0.220499,0.012360,0.111989,0.968858
1677114710,11144482,0.388016,0.692232,0.181695,0.217531,0.013347,0.111961,0.969519
1677114710,21196486,0.387982,0.693158,0.180794,0.212803,0.013280,0.113111,0.970435
1677114710,31238949,0.387707,0.694199,0.179636,0.209806,0.013382,0.113202,0.971075
1677114710,41720035,0.387463,0.695188,0.178675,0.206174,0.013908,0.113616,0.971797
1677114710,51963641,0.387145,0.696200,0.177735,0.203358,0.014492,0.114161,0.972318
1677114710,61758943,0.386797,0.697135,0.176918,0.201296,0.014129,0.114609,0.972700
1677114710,71166816,0.386759,0.698150,0.176157,0.199987,0.013709,0.117117,0.972677
1677114710,81523265,0.386180,0.698901,0.175544,0.198328,0.014403,0.117159,0.973002
1677114710,92107468,0.385884,0.699722,0.174911,0.196679,0.014442,0.118697,0.973150
1677114710,101877677,0.385464,0.700475,0.174227,0.194486,0.014936,0.119576,0.973475
1677114710,111427677,0.385270,0.701346,0.173362,0.193061,0.014571,0.121166,0.973568
1677114710,121914843,0.384970,0.701962,0.172787,0.189293,0.015163,0.121877,0.974210
1677114710,131584749,0.384708,0.702826,0.171758,0.187896,0.014738,0.122231,0.974442
1677114710,141308157,0.384575,0.703495,0.171006,0.184469,0.014871,0.122883,0.975013
1677114710,151265213,0.384453,0.704148,0.170142,0.181565,0.015445,0.123518,0.975469
1677114710,162148695,0.384447,0.704787,0.169382,0.178993,0.015621,0.124538,0.975811
1677114710,172170413,0.384318,0.705354,0.168604,0.177679,0.015821,0.124404,0.976065
1677114710,182067436,0.384335,0.705733,0.168072,0.175799,0.016006,0.124933,0.976335
1677114710,192206028,0.384282,0.706189,0.167346,0.175607,0.016627,0.124500,0.976415
1677114710,202355195,0.384382,0.706612,0.166759,0.174691,0.016881,0.125005,0.976510
1677114710,211284834,0.384372,0.706934,0.166075,0.173550,0.017520,0.124760,0.976734
1677114710,221568685,0.384322,0.707227,0.165286,0.172077,0.017757,0.123955,0.977092
1677114710,231239999,0.384513,0.707474,0.164653,0.169173,0.017517,0.124075,0.977588
1677114710,241976223,0.384691,0.707815,0.163737,0.167646,0.018203,0.124376,0.977801
1677114710,251962695,0.384657,0.707972,0.163177,0.164036,0.018531,0.123141,0.978563
1677114710,261899113,0.384799,0.708314,0.162269,0.163167,0.019378,0.123297,0.978672
1677114710,271336167,0.385038,0.708602,0.161557,0.161927,0.019584,0.123813,0.978809
1677114710,281480888,0.385058,0.708763,0.160880,0.160652,0.020809,0.123230,0.979067
1677114710,292107348,0.385108,0.708863,0.160402,0.159000,0.021167,0.122788,0.979385
1677114710,301429134,0.385232,0.709060,0.159877,0.158818,0.021308,0.123278,0.979349
1677114710,311167994,0.385297,0.709138,0.159483,0.159022,0.021469,0.123049,0.979342
1677114710,321205633,0.385471,0.709121,0.159246,0.159388,0.021566,0.122943,0.979293
1677114710,331273513,0.385570,0.709038,0.159230,0.159665,0.021809,0.122505,0.979298
1677114710,341361096,0.385817,0.709086,0.159011,0.161294,0.021927,0.122640,0.979011
1677114710,351420575,0.385946,0.709067,0.158919,0.161840,0.022503,0.122305,0.978950
1677114710,361705971,0.386128,0.709035,0.158727,0.162410,0.021918,0.121728,0.978941
1677114710,371452806,0.386237,0.708875,0.158741,0.160595,0.022777,0.120947,0.979317
1677114710,381951036,0.386455,0.708925,0.158296,0.160598,0.022917,0.120757,0.979337
1677114710,391506650,0.386600,0.709039,0.157700,0.161159,0.021620,0.120161,0.979348
1677114710,401490944,0.386749,0.708933,0.157468,0.158161,0.022858,0.119761,0.979857
1677114710,411515320,0.386932,0.708983,0.157150,0.158532,0.023000,0.119664,0.979806
1677114710,421874583,0.387000,0.708930,0.157305,0.159912,0.023038,0.119352,0.979619
1677114710,431870707,0.387096,0.708794,0.157495,0.160715,0.023962,0.119838,0.979406
1677114710,441664428,0.387096,0.708591,0.157569,0.160909,0.023501,0.119681,0.979404
1677114710,451867362,0.387162,0.708441,0.157468,0.161588,0.023373,0.119877,0.979272
1677114710,461849577,0.387317,0.708245,0.157565,0.162171,0.023473,0.120209,0.979132
1677114710,471489303,0.387439,0.708036,0.157615,0.163461,0.023802,0.120152,0.978916
1677114710,481341512,0.387586,0.707868,0.157572,0.164872,0.023942,0.119856,0.978713
1677114710,491522280,0.387652,0.707515,0.157792,0.164122,0.023770,0.119023,0.978945
1677114710,501785818,0.387920,0.707513,0.157507,0.166316,0.023655,0.119138,0.978563
1677114710,512119991,0.387860,0.707173,0.157842,0.165310,0.025846,0.118417,0.978766
1677114710,521710873,0.388304,0.707271,0.157440,0.169911,0.022973,0.119656,0.977898
1677114710,531747947,0.388275,0.706963,0.157580,0.170234,0.024372,0.119083,0.977878
1677114710,541459040,0.388433,0.706678,0.157693,0.171721,0.024935,0.119364,0.977570
1677114710,551729324,0.388556,0.706407,0.157837,0.173616,0.024505,0.119211,0.977264
1677114710,561904389,0.388681,0.706029,0.158037,0.174924,0.025212,0.119087,0.977028
1677114710,573033438,0.388765,0.705604,0.158154,0.176584,0.025235,0.118037,0.976857
1677114710,582020474,0.389009,0.705247,0.158332,0.178202,0.025335,0.117686,0.976602
1677114710,591959670,0.389251,0.704895,0.158419,0.180559,0.025681,0.117108,0.976230
1677114710,601744554,0.389512,0.704494,0.158666,0.182041,0.025283,0.116178,0.976076
1677114710,611299931,0.389729,0.704107,0.158813,0.183760,0.025808,0.115529,0.975817
1677114710,621557324,0.390041,0.703782,0.158902,0.186043,0.025820,0.115332,0.975408
1677114710,632148334,0.390360,0.703410,0.159108,0.188422,0.025568,0.115113,0.974983
1677114710,642109808,0.390617,0.702951,0.159500,0.189994,0.026243,0.115039,0.974669
1677114710,651888257,0.390553,0.702417,0.159636,0.193079,0.026924,0.113030,0.974279
1677114710,662049423,0.390815,0.701969,0.159876,0.195347,0.026516,0.113149,0.973824
1677114710,671369165,0.390932,0.701516,0.160007,0.197688,0.026703,0.112220,0.973454
1677114710,681464596,0.391126,0.701060,0.160263,0.199052,0.026952,0.111861,0.973211
1677114710,691934807,0.391191,0.700727,0.160235,0.201921,0.027299,0.111060,0.972702
1677114710,702358084,0.391289,0.700337,0.160346,0.203881,0.027325,0.110554,0.972350
1677114710,711772780,0.391380,0.699906,0.160476,0.206253,0.027358,0.109866,0.971926
1677114710,721962443,0.391462,0.699440,0.160606,0.208614,0.027397,0.109474,0.971465
1677114710,732322823,0.391389,0.698999,0.160728,0.210617,0.027384,0.108109,0.971186
1677114710,741164749,0.391611,0.698698,0.160760,0.212830,0.027273,0.108400,0.970674
1677114710,751344554,0.391775,0.698352,0.160830,0.213813,0.028012,0.108787,0.970394
1677114710,761856645,0.391695,0.698069,0.160785,0.215361,0.027621,0.107724,0.970182
1677114710,772333024,0.391624,0.697836,0.160699,0.216579,0.027470,0.107024,0.969992
1677114710,782039034,0.391722,0.697726,0.160562,0.218359,0.027571,0.107998,0.969482
1677114710,792031423,0.391605,0.697507,0.160511,0.219752,0.027534,0.107785,0.969192
1677114710,801642930,0.391493,0.697247,0.160510,0.221426,0.026879,0.107902,0.968817
1677114710,811331570,0.391286,0.696960,0.160558,0.222630,0.026525,0.107782,0.968563
1677114710,821703471,0.391185,0.696709,0.160611,0.223811,0.026242,0.108595,0.968208
1677114710,831700535,0.391201,0.696389,0.160793,0.225391,0.026089,0.109664,0.967725
1677114710,841468814,0.391034,0.695894,0.161142,0.227423,0.025997,0.108960,0.967332
1677114710,852370154,0.391237,0.695462,0.161368,0.229884,0.025138,0.109480,0.966714
1677114710,862432209,0.391324,0.694966,0.161627,0.231528,0.025272,0.108633,0.966414
1677114710,871661361,0.391439,0.694518,0.161921,0.232971,0.024891,0.106972,0.966262
1677114710,881834900,0.391686,0.694132,0.162142,0.234879,0.024772,0.105781,0.965934
1677114710,892809879,0.392024,0.693716,0.162398,0.236107,0.024416,0.104781,0.965753
1677114710,902132524,0.392247,0.693331,0.162615,0.238008,0.024248,0.103331,0.965446
1677114710,911535906,0.392556,0.692976,0.162777,0.240333,0.024076,0.102781,0.964933
1677114710,921701135,0.392695,0.692388,0.163217,0.240953,0.024151,0.101983,0.964861
1677114710,932523888,0.392824,0.691982,0.163287,0.244041,0.024595,0.101686,0.964105
1677114710,942040649,0.392847,0.691479,0.163507,0.246645,0.024790,0.100885,0.963522
1677114710,951673475,0.393061,0.690968,0.163765,0.249745,0.024537,0.101394,0.962676
1677114710,962346268,0.393066,0.690221,0.164188,0.251836,0.025023,0.100669,0.962195
1677114710,971688831,0.393261,0.689532,0.164532,0.254694,0.025331,0.100581,0.961443
1677114710,981667534,0.393662,0.688774,0.164968,0.257459,0.025551,0.101293,0.960626
1677114710,992355930,0.393829,0.688037,0.165216,0.261995,0.026772,0.099998,0.959501
1677114711,1676251,0.394213,0.687040,0.165835,0.264859,0.027122,0.098664,0.958843
1677114711,11498368,0.394782,0.686080,0.166351,0.268418,0.027487,0.097421,0.957969
1677114711,22094552,0.395359,0.685121,0.166786,0.271861,0.027576,0.095451,0.957194
1677114711,33165917,0.395827,0.684226,0.167117,0.275577,0.028542,0.092521,0.956390
1677114711,42560368,0.396604,0.683345,0.167519,0.279106,0.028315,0.090897,0.955529
1677114711,52405141,0.397265,0.682427,0.167897,0.282699,0.028867,0.088823,0.954651
1677114711,61843868,0.397887,0.681604,0.168169,0.286370,0.029608,0.087206,0.953683
1677114711,71828259,0.398381,0.680687,0.168544,0.289796,0.029975,0.085267,0.952811
1677114711,81497210,0.398855,0.679860,0.168869,0.294004,0.030802,0.084183,0.951592
1677114711,92033377,0.399247,0.679054,0.169161,0.298287,0.031598,0.083458,0.950295
1677114711,101911484,0.399602,0.678146,0.169533,0.301322,0.032363,0.083009,0.949351
1677114711,112116330,0.399863,0.677244,0.169881,0.304576,0.033481,0.082690,0.948301
1677114711,121807796,0.400204,0.676393,0.170187,0.308308,0.034033,0.083003,0.947047
1677114711,131561169,0.400407,0.675428,0.170529,0.311815,0.034493,0.082631,0.945914
1677114711,141389124,0.400698,0.674573,0.170770,0.316081,0.035350,0.082761,0.944454
1677114711,151422962,0.400944,0.673590,0.171098,0.319472,0.036703,0.082766,0.943261
1677114711,161727875,0.401298,0.672617,0.171447,0.322730,0.036986,0.082573,0.942157
1677114711,172222961,0.401562,0.671876,0.171576,0.327281,0.038059,0.082352,0.940562
1677114711,182056286,0.401902,0.670889,0.171948,0.329711,0.039014,0.082241,0.939683
1677114711,191849731,0.402193,0.670155,0.172093,0.333919,0.039449,0.081699,0.938226
1677114711,202108701,0.402407,0.669347,0.172376,0.336737,0.040750,0.081272,0.937199
1677114711,211304418,0.402785,0.668714,0.172503,0.340112,0.040677,0.081209,0.935988
1677114711,221370846,0.402985,0.667964,0.172712,0.342518,0.041297,0.080726,0.935125
1677114711,231404707,0.403247,0.667423,0.172824,0.345417,0.042016,0.080961,0.934006
1677114711,241917708,0.403426,0.666823,0.172971,0.347737,0.042433,0.080818,0.933138
1677114711,251970910,0.403543,0.666329,0.173120,0.349733,0.042940,0.080797,0.932371
1677114711,261960707,0.403766,0.665948,0.173137,0.352186,0.043184,0.081478,0.931376
1677114711,271377051,0.403744,0.665466,0.173197,0.353771,0.044411,0.081407,0.930724
1677114711,281629474,0.403877,0.665048,0.173289,0.355497,0.044454,0.081730,0.930035
1677114711,292388441,0.403982,0.664613,0.173372,0.357608,0.045186,0.082184,0.929151
1677114711,302527639,0.404127,0.664031,0.173639,0.359030,0.045409,0.082565,0.928557
1677114711,312080153,0.404206,0.663703,0.173704,0.362495,0.045741,0.082847,0.927169
1677114711,321747708,0.404276,0.663139,0.173927,0.364077,0.046139,0.082978,0.926517
1677114711,331576678,0.404406,0.662743,0.173957,0.366273,0.046469,0.083365,0.925600
1677114711,341571970,0.404390,0.662210,0.174060,0.367931,0.046828,0.082530,0.924999
1677114711,351794048,0.404587,0.661944,0.174071,0.371244,0.047717,0.083312,0.923558
1677114711,362416894,0.404759,0.661382,0.174375,0.373593,0.048122,0.082997,0.922618
1677114711,372076802,0.405032,0.661023,0.174400,0.377879,0.048665,0.083553,0.920792
1677114711,382547125,0.405108,0.660370,0.174607,0.380716,0.050020,0.082832,0.919615
1677114711,392326519,0.405418,0.659919,0.174654,0.384895,0.050399,0.082846,0.917852
1677114711,401892293,0.405639,0.659384,0.174727,0.388702,0.051247,0.082551,0.916226
1677114711,411535062,0.405907,0.658884,0.174833,0.392257,0.052285,0.082478,0.914657
1677114711,422149741,0.406553,0.658866,0.174659,0.398139,0.051910,0.084684,0.911932
1677114711,432440469,0.406589,0.658238,0.174710,0.401141,0.053319,0.083496,0.910643
1677114711,441949454,0.406810,0.657558,0.174852,0.403809,0.053789,0.083030,0.909479
1677114711,451856050,0.407045,0.656788,0.175059,0.406048,0.054006,0.082491,0.908517
1677114711,462081651,0.407207,0.656351,0.175012,0.410591,0.054429,0.082210,0.906473
1677114711,471369472,0.407521,0.655754,0.175055,0.413848,0.054472,0.082293,0.904981
1677114711,481882070,0.407708,0.654938,0.175251,0.415676,0.055156,0.081813,0.904145
1677114711,492377717,0.407894,0.654339,0.175282,0.418773,0.055489,0.081292,0.902741
1677114711,502006457,0.408204,0.653825,0.175285,0.422226,0.055887,0.081385,0.901098
1677114711,512384324,0.408286,0.653211,0.175286,0.425570,0.056339,0.079984,0.899622
1677114711,522251515,0.408447,0.652503,0.175365,0.427814,0.057096,0.079182,0.898580
1677114711,532407321,0.408802,0.651880,0.175420,0.430389,0.057118,0.079506,0.897319
1677114711,541632529,0.408924,0.651514,0.175310,0.434523,0.057215,0.079015,0.895362
1677114711,551503980,0.409064,0.650794,0.175425,0.436451,0.057755,0.078848,0.894404
1677114711,561911103,0.409221,0.650433,0.175350,0.440386,0.057696,0.078976,0.892465
1677114711,571782078,0.409280,0.650089,0.175291,0.444074,0.057633,0.078892,0.890647
1677114711,581842266,0.409273,0.649673,0.175264,0.446694,0.058054,0.078700,0.889326
1677114711,591785941,0.409384,0.649229,0.175317,0.448643,0.057857,0.079128,0.888319
1677114711,601746480,0.409469,0.648975,0.175306,0.451275,0.057993,0.079598,0.886934
1677114711,611485991,0.409490,0.648768,0.175290,0.453948,0.058063,0.080001,0.885528
1677114711,621802998,0.409438,0.648490,0.175274,0.456153,0.058224,0.079860,0.884396
1677114711,632073117,0.409439,0.648459,0.175128,0.459325,0.058033,0.080225,0.882733
1677114711,641373971,0.409479,0.648184,0.175153,0.460715,0.057894,0.080678,0.881976
1677114711,652129352,0.409384,0.648079,0.175139,0.462743,0.057664,0.080511,0.880944
1677114711,661959797,0.409292,0.648020,0.175098,0.464203,0.058013,0.080849,0.880121
1677114711,671948923,0.409287,0.648115,0.175017,0.465715,0.057261,0.081100,0.879349
1677114711,681584610,0.409119,0.648334,0.174916,0.467605,0.057096,0.080990,0.878365
1677114711,691673085,0.409014,0.648486,0.174889,0.469168,0.056640,0.081331,0.877530
1677114711,702308867,0.408805,0.648627,0.174858,0.471042,0.056555,0.081295,0.876534
1677114711,712053141,0.408800,0.648774,0.174881,0.472497,0.055688,0.082307,0.875712
1677114711,722409688,0.408595,0.649070,0.174786,0.474630,0.055628,0.082500,0.874543
1677114711,732285140,0.408340,0.649228,0.174778,0.475748,0.055968,0.082793,0.873886
1677114711,741470219,0.408102,0.649484,0.174721,0.477644,0.055482,0.082871,0.872875
1677114711,751683315,0.407939,0.649643,0.174688,0.478816,0.055129,0.083609,0.872184
1677114711,762182103,0.407586,0.649808,0.174599,0.480238,0.055088,0.083553,0.871410
1677114711,771536383,0.407424,0.649967,0.174569,0.481303,0.054269,0.084269,0.870805
1677114711,781784437,0.407197,0.650380,0.174436,0.483839,0.053095,0.084400,0.869458
1677114711,791987443,0.406898,0.650644,0.174385,0.485944,0.052989,0.084782,0.868253
1677114711,802417437,0.406714,0.650810,0.174366,0.487617,0.052382,0.085293,0.867301
1677114711,811901360,0.406486,0.651089,0.174244,0.490502,0.051642,0.085447,0.865702
1677114711,822345198,0.406323,0.651072,0.174267,0.492149,0.050473,0.084995,0.864880
1677114711,831952074,0.406124,0.651363,0.174124,0.495464,0.050017,0.084667,0.863044
1677114711,841822398,0.406076,0.651382,0.174098,0.497124,0.048550,0.083976,0.862240
1677114711,852225909,0.406003,0.651747,0.173938,0.499789,0.047987,0.083880,0.860739
1677114711,861854562,0.405902,0.652082,0.173787,0.501683,0.047399,0.083284,0.859728
1677114711,872102794,0.405825,0.652447,0.173693,0.503239,0.047434,0.083369,0.858808
1677114711,881691509,0.405646,0.652867,0.173576,0.505614,0.047238,0.082709,0.857486
1677114711,891990275,0.405449,0.653140,0.173527,0.507796,0.047345,0.082191,0.856240
1677114711,901856454,0.405322,0.653463,0.173464,0.510272,0.047259,0.082392,0.854752
1677114711,912380311,0.405141,0.653808,0.173352,0.512515,0.047487,0.082643,0.853372
1677114711,922296981,0.404948,0.654223,0.173178,0.514581,0.047454,0.082762,0.852118
1677114711,932308155,0.404793,0.654593,0.173021,0.515960,0.047937,0.083483,0.851186
1677114711,941506545,0.404657,0.655181,0.172800,0.518518,0.047873,0.084327,0.849551
1677114711,951616213,0.404458,0.655410,0.172691,0.519351,0.048354,0.085128,0.848935
1677114711,961996850,0.404243,0.655921,0.172504,0.521526,0.048572,0.086238,0.847476
1677114711,971951043,0.403963,0.656515,0.172314,0.524180,0.048678,0.086942,0.845758
1677114711,982524231,0.403913,0.656898,0.172300,0.525483,0.047835,0.088294,0.844857
1677114711,992345016,0.403647,0.657411,0.172231,0.527275,0.048543,0.089613,0.843561
1677114712,1690163,0.403397,0.657920,0.172154,0.528714,0.048818,0.090510,0.842548
1677114712,11653416,0.403249,0.658536,0.171980,0.530399,0.048959,0.092080,0.841309
1677114712,21674640,0.403113,0.659052,0.171865,0.531321,0.048999,0.093600,0.840557
1677114712,31883688,0.402939,0.659728,0.171692,0.533260,0.049084,0.094925,0.839174
1677114712,42327282,0.402795,0.660287,0.171589,0.534720,0.049541,0.096483,0.838040
1677114712,52274560,0.402642,0.660792,0.171517,0.535984,0.049283,0.097167,0.837169
1677114712,61955870,0.402553,0.661453,0.171401,0.537519,0.049748,0.098740,0.835972
1677114712,71514373,0.402483,0.662015,0.171329,0.538273,0.049724,0.099565,0.835390
1677114712,81789804,0.402513,0.662822,0.171190,0.539726,0.049789,0.100981,0.834278
1677114712,92029316,0.402584,0.663410,0.171150,0.540121,0.049421,0.101975,0.833923
1677114712,102009630,0.402408,0.664000,0.171065,0.540812,0.050683,0.101776,0.833424
1677114712,112313784,0.402599,0.664610,0.171072,0.540931,0.050745,0.103086,0.833182
1677114712,122250627,0.402684,0.665380,0.171017,0.541865,0.050902,0.103494,0.832515
1677114712,131704866,0.402716,0.666196,0.170953,0.542669,0.051634,0.103903,0.831894
1677114712,141366284,0.402882,0.667049,0.170918,0.543564,0.051843,0.104567,0.831214
1677114712,151544981,0.402897,0.667739,0.170924,0.544042,0.052861,0.104475,0.830848
1677114712,162218449,0.402996,0.668472,0.170903,0.544685,0.053419,0.104572,0.830379
1677114712,172464750,0.403221,0.669447,0.170787,0.546264,0.053824,0.105687,0.829174
1677114712,181794662,0.403187,0.670026,0.170700,0.546035,0.054546,0.104871,0.829381
1677114712,191756711,0.403389,0.671022,0.170526,0.547629,0.054675,0.105459,0.828246
1677114712,201552756,0.403486,0.671615,0.170477,0.547533,0.055642,0.105655,0.828220
1677114712,211608063,0.403650,0.672429,0.170431,0.548162,0.056391,0.106431,0.827654
1677114712,221799112,0.403703,0.673176,0.170387,0.548324,0.056746,0.106402,0.827526
1677114712,232233083,0.403744,0.674234,0.170275,0.549745,0.057347,0.106986,0.826466
1677114712,242208311,0.403675,0.675006,0.170200,0.550176,0.058095,0.106736,0.826159
1677114712,251897123,0.403758,0.675792,0.170163,0.550730,0.058762,0.107712,0.825616
1677114712,262005706,0.403590,0.676698,0.170061,0.552135,0.059763,0.107511,0.824631
1677114712,271284515,0.403648,0.677417,0.170003,0.552510,0.059780,0.108021,0.824312
1677114712,281661174,0.403652,0.678272,0.169848,0.553470,0.060417,0.108824,0.823516
1677114712,292246526,0.403680,0.678989,0.169734,0.554319,0.060461,0.109086,0.822906
1677114712,302222832,0.403698,0.679719,0.169587,0.555900,0.060796,0.109607,0.821745
1677114712,311702506,0.403702,0.680320,0.169429,0.557622,0.061069,0.109599,0.820558
1677114712,322481266,0.403812,0.680954,0.169256,0.559813,0.061136,0.109996,0.819007
1677114712,331814780,0.403834,0.681494,0.169065,0.561583,0.061620,0.109461,0.817830
1677114712,341566678,0.403899,0.682078,0.168875,0.563438,0.061856,0.109037,0.816592
1677114712,351626222,0.403990,0.682752,0.168685,0.565585,0.062016,0.108352,0.815186
1677114712,362153204,0.404049,0.683301,0.168521,0.566914,0.062983,0.107865,0.814252
1677114712,372313829,0.404182,0.683983,0.168309,0.568764,0.063286,0.107580,0.812976
1677114712,382185312,0.404205,0.684659,0.168106,0.570611,0.063897,0.106788,0.811737
1677114712,392473161,0.404265,0.685271,0.167865,0.572243,0.063954,0.106244,0.810654
1677114712,401589276,0.404279,0.685756,0.167643,0.573555,0.064323,0.105741,0.809763
1677114712,411420016,0.404343,0.686228,0.167463,0.574863,0.064449,0.105787,0.808819
1677114712,421447167,0.404376,0.686609,0.167349,0.575937,0.064341,0.105583,0.808089
1677114712,431873312,0.404376,0.686995,0.167234,0.577011,0.064353,0.105446,0.807340
1677114712,441547565,0.404326,0.687396,0.167089,0.578118,0.064214,0.104950,0.806624
1677114712,451849125,0.404428,0.687880,0.166928,0.579655,0.063653,0.105474,0.805496
1677114712,462394698,0.404309,0.688160,0.166806,0.580988,0.063426,0.104592,0.804668
1677114712,471543458,0.404303,0.688453,0.166699,0.582515,0.062676,0.104164,0.803678
1677114712,481950655,0.404247,0.688841,0.166513,0.584146,0.062246,0.104036,0.802543
1677114712,492607590,0.404072,0.689314,0.166257,0.585758,0.061700,0.103612,0.801464
1677114712,502804749,0.403849,0.689813,0.165906,0.587386,0.061843,0.103624,0.800259
1677114712,512248208,0.403641,0.690100,0.165622,0.588708,0.061338,0.103606,0.799328
1677114712,522434252,0.403458,0.690313,0.165467,0.590381,0.061177,0.104284,0.798018
1677114712,532129454,0.403201,0.690522,0.165312,0.592477,0.060718,0.104225,0.796506
1677114712,541598008,0.402999,0.690901,0.165112,0.594444,0.060027,0.104561,0.795047
1677114712,551923526,0.402820,0.691364,0.164908,0.595790,0.059509,0.105416,0.793965
1677114712,562761214,0.402607,0.691715,0.164740,0.596492,0.059480,0.106148,0.793342
1677114712,573425403,0.402215,0.692114,0.164555,0.598011,0.059629,0.105859,0.792226
1677114712,582618128,0.402022,0.692443,0.164441,0.599391,0.059167,0.106044,0.791192
1677114712,592591229,0.401770,0.692796,0.164341,0.600695,0.058847,0.106228,0.790201
1677114712,601753212,0.401683,0.693075,0.164252,0.601230,0.057783,0.106265,0.789868
1677114712,611534870,0.401412,0.693577,0.164122,0.602158,0.057842,0.106074,0.789182
1677114712,621908229,0.401239,0.694071,0.164039,0.602568,0.057483,0.105913,0.788917
1677114712,632107154,0.401199,0.694615,0.163981,0.602997,0.056927,0.106307,0.788576
1677114712,641332089,0.401010,0.695294,0.163888,0.604413,0.056724,0.105802,0.787575
1677114712,652125805,0.400964,0.695503,0.163879,0.604014,0.056439,0.105555,0.787934
1677114712,661898019,0.400867,0.696056,0.163775,0.605423,0.056354,0.105008,0.786931
1677114712,672223122,0.400964,0.696244,0.163732,0.605668,0.055695,0.104474,0.786861
1677114712,681277745,0.401084,0.696692,0.163666,0.607413,0.055213,0.103720,0.785648
1677114712,692353564,0.401284,0.697018,0.163575,0.608329,0.054786,0.102740,0.785098
1677114712,701922630,0.401367,0.697381,0.163441,0.609000,0.055230,0.101208,0.784746
1677114712,711952207,0.401594,0.697844,0.163264,0.609374,0.055559,0.100499,0.784523
1677114712,722214244,0.401727,0.698242,0.163071,0.609485,0.056116,0.099249,0.784557
1677114712,731960534,0.401944,0.698732,0.162868,0.610303,0.056262,0.098478,0.784007
1677114712,741662969,0.402200,0.699052,0.162703,0.610858,0.056307,0.098135,0.783614
1677114712,751972212,0.402390,0.699405,0.162537,0.612015,0.056631,0.097739,0.782737
1677114712,762792395,0.402563,0.699698,0.162352,0.613237,0.057239,0.097228,0.781799
1677114712,772171019,0.402731,0.700046,0.162117,0.614794,0.057085,0.096235,0.780711
1677114712,782468581,0.402855,0.700266,0.161896,0.616029,0.057424,0.095330,0.779822
1677114712,791867338,0.403116,0.700261,0.161745,0.616730,0.057376,0.094618,0.779358
1677114712,802053274,0.403330,0.700369,0.161616,0.618078,0.058091,0.093906,0.778323
1677114712,811542804,0.403586,0.700564,0.161502,0.619182,0.058413,0.092994,0.777530
1677114712,821507543,0.403824,0.700792,0.161359,0.619399,0.058920,0.092105,0.777425
1677114712,831679919,0.403950,0.701172,0.161220,0.619838,0.059355,0.090430,0.777239
1677114712,841762369,0.404295,0.701505,0.161173,0.620091,0.059455,0.089719,0.777112
1677114712,851949260,0.404544,0.701882,0.161209,0.620601,0.059522,0.089145,0.776766
1677114712,862332149,0.404548,0.702315,0.161179,0.620883,0.060536,0.088038,0.776588
1677114712,871494988,0.404767,0.702814,0.161158,0.620745,0.060032,0.088100,0.776730
1677114712,881810705,0.404787,0.703263,0.161122,0.620546,0.060103,0.088141,0.776879
1677114712,892347936,0.404794,0.703687,0.161094,0.620922,0.059999,0.088273,0.776572
1677114712,902552614,0.404722,0.703848,0.161108,0.620846,0.059983,0.088424,0.776617
1677114712,912380606,0.404647,0.704125,0.161084,0.621311,0.059705,0.088992,0.776201
1677114712,922176162,0.404530,0.704627,0.161032,0.622030,0.059325,0.089605,0.775584
1677114712,931724857,0.404303,0.705145,0.160969,0.621968,0.059388,0.090438,0.775532
1677114712,941531101,0.404016,0.705637,0.160950,0.621784,0.059314,0.090803,0.775642
1677114712,951938039,0.403815,0.706299,0.160963,0.622483,0.058899,0.092010,0.774971
1677114712,962453057,0.403559,0.706711,0.160984,0.622193,0.058811,0.093478,0.775035
1677114712,972641167,0.403225,0.707246,0.160990,0.622416,0.058627,0.094618,0.774731
1677114712,981967217,0.402946,0.707641,0.161051,0.622165,0.058287,0.095863,0.774806
1677114712,991919872,0.402521,0.708104,0.161129,0.623241,0.057898,0.096645,0.773872
1677114713,1530719,0.402206,0.708220,0.161296,0.623680,0.057103,0.097982,0.773409
1677114713,11597390,0.401869,0.708366,0.161446,0.624809,0.056359,0.099442,0.772365
1677114713,21830434,0.401568,0.708332,0.161559,0.625159,0.055381,0.101012,0.771949
1677114713,31859250,0.401160,0.708307,0.161656,0.625912,0.054806,0.101495,0.771317
1677114713,41811417,0.400995,0.708296,0.161682,0.626633,0.053455,0.102538,0.770688
1677114713,52022901,0.400716,0.708070,0.161666,0.625991,0.053364,0.103050,0.771147
1677114713,61969744,0.400438,0.708243,0.161549,0.626904,0.052941,0.103218,0.770412
1677114713,71440947,0.400271,0.708098,0.161447,0.626850,0.051897,0.103532,0.770485
1677114713,81501079,0.400007,0.707869,0.161376,0.627054,0.051189,0.103929,0.770312
1677114713,91882432,0.399639,0.707722,0.161255,0.628175,0.049816,0.104312,0.769437
1677114713,101847936,0.399263,0.707361,0.161155,0.628122,0.048246,0.104956,0.769493
1677114713,111913703,0.398722,0.707161,0.161021,0.628658,0.047637,0.105884,0.768966
1677114713,122594520,0.398194,0.706942,0.160938,0.629183,0.045757,0.106483,0.768568
1677114713,132873584,0.397734,0.706608,0.160840,0.629796,0.044139,0.107797,0.767977
1677114713,142237789,0.397182,0.706271,0.160742,0.631296,0.042556,0.108498,0.766735
1677114713,151517233,0.396864,0.706014,0.160660,0.633526,0.040277,0.109970,0.764806
1677114713,162325829,0.396277,0.705375,0.160497,0.634690,0.039005,0.109688,0.763948
1677114713,172213923,0.395795,0.704953,0.160325,0.636633,0.037231,0.109432,0.762454
1677114713,182553447,0.395489,0.704393,0.160174,0.637949,0.035901,0.109683,0.761381
1677114713,192532919,0.395162,0.703977,0.160038,0.640144,0.034327,0.108272,0.759813
1677114713,202403149,0.394925,0.703568,0.159878,0.642000,0.033691,0.107012,0.758452
1677114713,211901185,0.394816,0.703133,0.159787,0.643357,0.033461,0.105524,0.757520
1677114713,221957550,0.394797,0.702795,0.159735,0.644945,0.033230,0.103711,0.756429
1677114713,231873461,0.394867,0.702554,0.159695,0.647122,0.032646,0.101524,0.754891
1677114713,241847385,0.394941,0.702159,0.159653,0.648500,0.032577,0.099610,0.753966
1677114713,252194481,0.394968,0.701829,0.159548,0.650435,0.032304,0.097200,0.752624
1677114713,262441409,0.395132,0.701369,0.159449,0.651545,0.031807,0.095916,0.751849
1677114713,271807902,0.394997,0.700984,0.159268,0.653200,0.031625,0.093123,0.750771
1677114713,281781308,0.395083,0.700735,0.159127,0.654778,0.031154,0.092394,0.749506
1677114713,291747870,0.395024,0.700284,0.158967,0.655747,0.030582,0.090733,0.748884
1677114713,301728156,0.394984,0.700012,0.158820,0.657130,0.030187,0.089803,0.747800
1677114713,312364049,0.394867,0.699688,0.158657,0.658039,0.030072,0.089153,0.747082
1677114713,322161521,0.394792,0.699209,0.158548,0.658135,0.029423,0.088213,0.747135
1677114713,332461055,0.394655,0.699031,0.158487,0.659566,0.029362,0.087638,0.745942
1677114713,341761373,0.394448,0.698696,0.158421,0.660332,0.029773,0.087238,0.745295
1677114713,351892755,0.394439,0.698475,0.158369,0.661449,0.028824,0.087104,0.744357
1677114713,362840729,0.394333,0.698216,0.158283,0.662140,0.028382,0.087122,0.743757
1677114713,372287837,0.394195,0.698012,0.158189,0.662752,0.027712,0.087006,0.743251
1677114713,382238376,0.394000,0.697727,0.158064,0.663109,0.027395,0.087017,0.742943
1677114713,391735328,0.393861,0.697485,0.157991,0.663960,0.026255,0.087471,0.742170
1677114713,401667141,0.393632,0.697124,0.157872,0.664682,0.025816,0.087812,0.741499
1677114713,411836230,0.393429,0.696874,0.157799,0.666720,0.024672,0.087805,0.739707
1677114713,421711454,0.393369,0.696397,0.157715,0.668166,0.023506,0.088677,0.738334
1677114713,431629402,0.393171,0.695811,0.157614,0.669612,0.023044,0.088291,0.737085
1677114713,441548712,0.393036,0.695435,0.157478,0.671820,0.022532,0.087997,0.735124
1677114713,451874131,0.392914,0.694955,0.157345,0.673160,0.022316,0.087027,0.734019
1677114713,462329144,0.393016,0.694542,0.157201,0.673936,0.022097,0.086970,0.733320
1677114713,471788628,0.393158,0.694282,0.157035,0.675148,0.021730,0.086094,0.732319
1677114713,482031604,0.393149,0.693996,0.156824,0.676003,0.022589,0.084939,0.731638
1677114713,491864882,0.393348,0.693692,0.156680,0.676991,0.022539,0.084046,0.730829
1677114713,502158032,0.393578,0.693376,0.156557,0.678223,0.022400,0.083138,0.729794
1677114713,512568103,0.393607,0.693097,0.156484,0.679672,0.023411,0.082046,0.728538
1677114713,522044738,0.393835,0.692616,0.156392,0.680497,0.022825,0.081520,0.727844
1677114713,532208521,0.393857,0.692323,0.156357,0.682137,0.022617,0.080516,0.726426
1677114713,541670250,0.393917,0.691936,0.156264,0.683459,0.022262,0.080346,0.725212
1677114713,552032538,0.393958,0.691565,0.156167,0.684588,0.021688,0.080040,0.724198
1677114713,561708188,0.393821,0.691249,0.156056,0.685607,0.021827,0.079173,0.723324
1677114713,571488242,0.393836,0.690994,0.155969,0.686395,0.021772,0.078591,0.722642
1677114713,581604111,0.393954,0.690923,0.155948,0.687372,0.021136,0.078160,0.721779
1677114713,592481852,0.394058,0.690776,0.155906,0.687434,0.021339,0.078258,0.721703
1677114713,602377020,0.394104,0.690828,0.155846,0.688197,0.021201,0.077503,0.721061
1677114713,611902802,0.394141,0.690605,0.155773,0.687952,0.021449,0.076821,0.721360
1677114713,622323899,0.394222,0.690507,0.155690,0.688313,0.021739,0.076799,0.721009
1677114713,632417680,0.394290,0.690455,0.155684,0.688771,0.021419,0.076658,0.720596
1677114713,642448764,0.394191,0.690373,0.155643,0.688981,0.021829,0.076326,0.720419
1677114713,652174028,0.394194,0.690221,0.155601,0.688937,0.021468,0.076478,0.720455
1677114713,662046174,0.394185,0.690121,0.155554,0.689332,0.020724,0.076786,0.720066
1677114713,671495078,0.394080,0.690005,0.155493,0.690142,0.020678,0.076694,0.719301
1677114713,681763803,0.394133,0.689768,0.155436,0.690648,0.019937,0.077168,0.718786
1677114713,692053339,0.393928,0.689508,0.155342,0.691515,0.020481,0.076549,0.718003
1677114713,701715548,0.394042,0.689238,0.155256,0.692275,0.020088,0.076778,0.717257
1677114713,711947939,0.394098,0.688948,0.155205,0.693212,0.019883,0.075799,0.716461
1677114713,722023097,0.394167,0.688758,0.155158,0.694457,0.020332,0.074881,0.715338
1677114713,731899469,0.394451,0.688459,0.155169,0.695123,0.020248,0.074292,0.714755
1677114713,741507221,0.394534,0.688368,0.155156,0.696271,0.021449,0.073092,0.713725
1677114713,751898738,0.394696,0.688113,0.155145,0.696436,0.022360,0.071784,0.713670
1677114713,762041615,0.394903,0.688031,0.155128,0.696797,0.022882,0.070803,0.713398
1677114713,772494586,0.395096,0.687927,0.155159,0.697150,0.023258,0.070291,0.713092
1677114713,781874447,0.395275,0.687815,0.155152,0.697748,0.023079,0.069457,0.712594
1677114713,791669654,0.395309,0.687579,0.155117,0.697970,0.024037,0.069051,0.712385
1677114713,801850782,0.395374,0.687511,0.155162,0.699199,0.024128,0.068241,0.711253
1677114713,811801617,0.395501,0.687264,0.155228,0.700034,0.024091,0.068438,0.710414
1677114713,822219291,0.395431,0.686912,0.155247,0.700594,0.024479,0.067644,0.709925
1677114713,832170806,0.395543,0.686900,0.155332,0.702295,0.024170,0.068061,0.708213
1677114713,842351910,0.395597,0.686539,0.155358,0.702281,0.023987,0.067999,0.708239
1677114713,852268828,0.395551,0.686392,0.155398,0.702913,0.024107,0.067822,0.707625
1677114713,862541813,0.395551,0.686275,0.155419,0.703447,0.023704,0.067494,0.707138
1677114713,871854957,0.395589,0.686148,0.155463,0.703962,0.023053,0.067143,0.706681
1677114713,881946121,0.395559,0.685948,0.155473,0.704026,0.023161,0.067090,0.706618
1677114713,891998627,0.395596,0.685887,0.155430,0.704102,0.022706,0.066947,0.706571
1677114713,902099326,0.395615,0.685868,0.155436,0.704061,0.022194,0.066798,0.706643
1677114713,911892035,0.395639,0.686024,0.155429,0.704752,0.021568,0.066448,0.706006
1677114713,922675179,0.395700,0.685876,0.155445,0.704225,0.021336,0.066444,0.706539
1677114713,932265893,0.395726,0.685844,0.155477,0.704554,0.021495,0.066423,0.706208
1677114713,942034045,0.395806,0.685774,0.155524,0.704954,0.021483,0.066360,0.705815
1677114713,952024298,0.395827,0.685732,0.155598,0.705737,0.022102,0.066159,0.705031
1677114713,962603802,0.395939,0.685596,0.155690,0.706155,0.021862,0.065719,0.704662
1677114713,972602138,0.395995,0.685525,0.155775,0.706990,0.021820,0.065509,0.703845
1677114713,982634446,0.396129,0.685352,0.155840,0.707568,0.021595,0.065311,0.703290
1677114713,992777721,0.396179,0.685192,0.155935,0.708537,0.021730,0.064924,0.702345
1677114714,2091196,0.396302,0.684919,0.156020,0.709207,0.021440,0.064588,0.701708
1677114714,11729196,0.396363,0.684701,0.156106,0.710020,0.021363,0.064212,0.700923
1677114714,22337710,0.396393,0.684498,0.156203,0.710917,0.021575,0.063717,0.700051
1677114714,32109966,0.396490,0.684346,0.156296,0.711611,0.021567,0.063607,0.699356
1677114714,42528662,0.396503,0.684223,0.156405,0.712200,0.021662,0.063083,0.698801
1677114714,53690774,0.396556,0.684128,0.156455,0.712374,0.021514,0.062783,0.698655
1677114714,62562372,0.396583,0.684139,0.156498,0.712715,0.021584,0.063025,0.698283
1677114714,71690443,0.396602,0.683932,0.156525,0.712232,0.021677,0.063283,0.698749
1677114714,81997761,0.396594,0.683813,0.156567,0.712709,0.021531,0.063038,0.698290
1677114714,92295155,0.396634,0.683683,0.156645,0.713632,0.021195,0.062874,0.697371
1677114714,102080695,0.396625,0.683401,0.156681,0.714208,0.021524,0.062724,0.696785
1677114714,111653773,0.396738,0.683056,0.156767,0.714663,0.020887,0.062660,0.696343
1677114714,121864362,0.396773,0.682849,0.156864,0.715552,0.020795,0.062144,0.695479
1677114714,132266007,0.396837,0.682597,0.156936,0.715964,0.020374,0.061216,0.695149
1677114714,142348920,0.396997,0.682440,0.157064,0.716650,0.019666,0.060793,0.694500
1677114714,151708409,0.397125,0.682250,0.157177,0.717213,0.019852,0.060559,0.693933
1677114714,162884032,0.397269,0.681979,0.157330,0.717650,0.020209,0.060137,0.693508
1677114714,172825099,0.397381,0.681646,0.157472,0.718000,0.020504,0.059211,0.693217
1677114714,181791800,0.397481,0.681463,0.157675,0.719201,0.020954,0.058428,0.692024
1677114714,192175527,0.397696,0.681449,0.157947,0.720722,0.020703,0.058175,0.690468
1677114714,201724012,0.397854,0.681234,0.158204,0.721316,0.020227,0.057894,0.689886
1677114714,211855887,0.397858,0.681051,0.158427,0.721678,0.020351,0.057851,0.689507
1677114714,222082489,0.397806,0.680880,0.158582,0.722004,0.020150,0.057580,0.689195
1677114714,232367595,0.397765,0.680825,0.158766,0.722615,0.020021,0.058069,0.688516
1677114714,242561866,0.397802,0.680795,0.158987,0.723310,0.019359,0.058849,0.687739
1677114714,253319115,0.397693,0.680665,0.159191,0.723837,0.019068,0.058771,0.687199
1677114714,262800165,0.397615,0.680537,0.159371,0.724459,0.019189,0.058776,0.686540
1677114714,272265432,0.397651,0.680269,0.159592,0.724562,0.018849,0.058856,0.686434
1677114714,281728671,0.397701,0.680261,0.159861,0.725591,0.018417,0.058592,0.685380
1677114714,292129956,0.397736,0.680214,0.160099,0.726252,0.018544,0.058459,0.684687
1677114714,302351572,0.397818,0.680067,0.160385,0.726863,0.018413,0.058305,0.684056
1677114714,312818038,0.397840,0.679973,0.160671,0.727931,0.018630,0.057765,0.682958
1677114714,322212716,0.398050,0.679767,0.161034,0.728828,0.018084,0.058179,0.681981
1677114714,332198016,0.398073,0.679537,0.161348,0.729732,0.018548,0.058266,0.680993
1677114714,341690513,0.398012,0.679450,0.161703,0.731154,0.018763,0.057465,0.679529
1677114714,351943023,0.398210,0.679126,0.162076,0.731322,0.017844,0.057540,0.679366
1677114714,363086305,0.398178,0.679078,0.162481,0.732307,0.017978,0.057243,0.678326
1677114714,372961838,0.398202,0.678943,0.162896,0.732696,0.017817,0.056765,0.677950
1677114714,382693463,0.398280,0.678896,0.163376,0.733417,0.017401,0.056230,0.677226
1677114714,392099991,0.398367,0.678633,0.163861,0.733580,0.017530,0.056068,0.677059
1677114714,402275377,0.398588,0.678307,0.164386,0.734303,0.016972,0.055977,0.676297
1677114714,411761257,0.398765,0.678035,0.164933,0.735739,0.017202,0.055712,0.674750
1677114714,421990011,0.398894,0.677688,0.165553,0.737193,0.017481,0.055314,0.673188
1677114714,431968966,0.398978,0.677316,0.166189,0.738658,0.018209,0.054836,0.671599
1677114714,441840355,0.399180,0.677024,0.166844,0.740152,0.018251,0.054747,0.669959
1677114714,451711702,0.399201,0.676713,0.167494,0.741392,0.019034,0.054435,0.668590
1677114714,461981908,0.399329,0.676291,0.168131,0.741952,0.019156,0.054442,0.667964
1677114714,471548460,0.399494,0.676179,0.168864,0.743374,0.018997,0.054938,0.666345
1677114714,481914430,0.399522,0.675894,0.169580,0.743987,0.018989,0.054895,0.665665
1677114714,492065027,0.399578,0.675619,0.170269,0.744471,0.018960,0.055344,0.665086
1677114714,502418418,0.399595,0.675554,0.171059,0.745826,0.018896,0.055551,0.663552
1677114714,512573877,0.399747,0.675355,0.171845,0.746665,0.018430,0.055798,0.662600
1677114714,522519109,0.399691,0.675092,0.172630,0.747188,0.019482,0.056096,0.661954
1677114714,532291344,0.399742,0.674872,0.173472,0.747782,0.020032,0.056317,0.661248
1677114714,541793355,0.399835,0.674677,0.174331,0.748589,0.020631,0.056537,0.660297
1677114714,551962592,0.399978,0.674532,0.175255,0.749598,0.021421,0.056927,0.659092
1677114714,562131738,0.400194,0.674195,0.176159,0.749991,0.022693,0.057118,0.658586
1677114714,572607373,0.400449,0.674059,0.177185,0.751245,0.023568,0.056572,0.657171
1677114714,582384798,0.400793,0.673864,0.178202,0.752033,0.024678,0.056246,0.656258
1677114714,592890526,0.401047,0.673777,0.179226,0.752749,0.026805,0.055780,0.655392
1677114714,602254732,0.401444,0.673719,0.180294,0.753118,0.027803,0.055406,0.654959
1677114714,611846775,0.401782,0.673462,0.181325,0.752536,0.029194,0.054565,0.655637
1677114714,622197393,0.402058,0.673527,0.182455,0.753045,0.030552,0.053568,0.655073
1677114714,632457954,0.402456,0.673414,0.183604,0.753213,0.031396,0.053035,0.654884
1677114714,642769924,0.402769,0.673289,0.184775,0.753714,0.032573,0.052402,0.654299
1677114714,652100175,0.403051,0.673058,0.185963,0.754268,0.034035,0.051942,0.653624
1677114714,662762724,0.403365,0.672845,0.187181,0.755235,0.035728,0.051690,0.652435
1677114714,671836741,0.403651,0.672398,0.188360,0.755483,0.037457,0.050515,0.652143
1677114714,682062838,0.403992,0.672198,0.189646,0.756895,0.038939,0.049533,0.650492
1677114714,692257324,0.404398,0.672026,0.190961,0.758240,0.040443,0.048822,0.648885
1677114714,702659164,0.404756,0.671639,0.192246,0.758575,0.042301,0.047734,0.648456
1677114714,712235855,0.405230,0.671529,0.193620,0.759450,0.043041,0.047242,0.647419
1677114714,722554346,0.405574,0.671388,0.195028,0.759995,0.044054,0.046560,0.646761
1677114714,732712401,0.405794,0.671015,0.196394,0.759544,0.045074,0.045693,0.647282
1677114714,741956598,0.406071,0.670884,0.197852,0.759811,0.045497,0.046047,0.646914
1677114714,752273210,0.406181,0.670778,0.199343,0.760125,0.045812,0.046193,0.646512
1677114714,762957799,0.406310,0.670613,0.200845,0.760266,0.045270,0.046789,0.646341
1677114714,772369579,0.406276,0.670465,0.202357,0.760419,0.044696,0.046779,0.646202
1677114714,782845157,0.406233,0.670184,0.203871,0.760115,0.044473,0.047916,0.646491
1677114714,792742088,0.406007,0.670124,0.205435,0.760810,0.044574,0.048458,0.645626
1677114714,802412257,0.406094,0.669807,0.206961,0.760456,0.043138,0.049819,0.646037
1677114714,811973300,0.405988,0.669548,0.208530,0.760571,0.042661,0.050792,0.645857
1677114714,821933305,0.406062,0.669325,0.210143,0.760889,0.041378,0.052208,0.645454
1677114714,832734245,0.405864,0.669061,0.211680,0.761196,0.041272,0.052496,0.645075
1677114714,842062618,0.405912,0.668710,0.213264,0.761085,0.040249,0.053459,0.645191
1677114714,852397298,0.405874,0.668549,0.214895,0.761713,0.039450,0.054154,0.644442
1677114714,862635926,0.405838,0.668211,0.216497,0.761548,0.038738,0.054319,0.644665
1677114714,872115202,0.405877,0.667952,0.218160,0.761860,0.037962,0.054742,0.644307
1677114714,881958898,0.405949,0.667973,0.219898,0.763044,0.037413,0.055374,0.642882
1677114714,892386722,0.406152,0.666977,0.221571,0.760740,0.036349,0.056237,0.645594
1677114714,902399749,0.406161,0.666673,0.223353,0.760880,0.035691,0.056023,0.645483
1677114714,912465277,0.406248,0.666376,0.225167,0.760814,0.035130,0.056778,0.645526
1677114714,922915464,0.406302,0.666025,0.227003,0.760547,0.034198,0.057479,0.645828
1677114714,932506808,0.406279,0.665674,0.228804,0.759987,0.033735,0.058415,0.646428
1677114714,942028696,0.406298,0.665407,0.230652,0.759711,0.032638,0.059492,0.646711
1677114714,952107939,0.406176,0.665258,0.232485,0.759767,0.032151,0.060339,0.646591
1677114714,963280693,0.406111,0.664924,0.234328,0.759019,0.031464,0.061296,0.647413
1677114714,972390882,0.406039,0.664626,0.236161,0.758545,0.030726,0.062406,0.647898
1677114714,982072580,0.406186,0.664233,0.237942,0.757847,0.029075,0.064055,0.648629
1677114714,992567215,0.406416,0.663606,0.239648,0.756548,0.027585,0.066582,0.649955
1677114715,1961916,0.406833,0.663111,0.241386,0.756025,0.024531,0.068795,0.650455
1677114715,12209210,0.406022,0.662942,0.243247,0.757530,0.027381,0.065842,0.648894
1677114715,22881703,0.405979,0.662575,0.244941,0.758071,0.026986,0.066231,0.648238
1677114715,32360069,0.405772,0.662165,0.246577,0.758592,0.028033,0.067107,0.647495
1677114715,42752292,0.405954,0.661855,0.248134,0.758986,0.027499,0.068942,0.646862
1677114715,53164577,0.405999,0.661592,0.249667,0.759649,0.026933,0.069712,0.646025
1677114715,63509999,0.406021,0.660943,0.251028,0.759237,0.025424,0.068361,0.646714
1677114715,72093741,0.406010,0.660355,0.252290,0.758380,0.025379,0.068332,0.647724
1677114715,82234991,0.406210,0.660112,0.253587,0.758407,0.024585,0.068617,0.647693
1677114715,92411411,0.406280,0.659916,0.254843,0.758631,0.024846,0.068843,0.647397
1677114715,102029359,0.406461,0.659630,0.256073,0.758600,0.024851,0.068730,0.647444
1677114715,112811449,0.406587,0.659384,0.257286,0.758675,0.025430,0.068083,0.647403
1677114715,122426132,0.406805,0.658867,0.258421,0.757579,0.025841,0.067784,0.648700
1677114715,132842215,0.407039,0.658870,0.259703,0.758274,0.026179,0.067445,0.647909
1677114715,141976596,0.407345,0.658649,0.260925,0.757965,0.026036,0.067445,0.648276
1677114715,151884660,0.407505,0.658481,0.262140,0.757720,0.026471,0.067163,0.648574
1677114715,162338759,0.407581,0.658334,0.263337,0.757640,0.026876,0.066804,0.648688
1677114715,172797575,0.407778,0.658173,0.264531,0.757538,0.026663,0.067208,0.648775
1677114715,182571865,0.407792,0.657991,0.265709,0.757625,0.027020,0.067064,0.648673
1677114715,192963434,0.407874,0.657653,0.266868,0.757289,0.026882,0.067082,0.649070
1677114715,202784816,0.407933,0.657576,0.268036,0.757678,0.026734,0.067573,0.648570
1677114715,212034499,0.407975,0.657455,0.269251,0.757766,0.026004,0.067316,0.648524
1677114715,222205510,0.408054,0.657243,0.270399,0.757081,0.025792,0.068077,0.649252
1677114715,232574119,0.408103,0.657329,0.271625,0.757362,0.025627,0.068920,0.648842
1677114715,242711255,0.408096,0.657198,0.272774,0.756812,0.025892,0.069566,0.649404
1677114715,252442035,0.408123,0.657245,0.273949,0.757152,0.025264,0.069581,0.649031
1677114715,263301204,0.408182,0.657276,0.275165,0.757382,0.025747,0.071059,0.648583
1677114715,272101695,0.408208,0.657199,0.276333,0.757484,0.025403,0.071077,0.648476
1677114715,281919975,0.408276,0.657148,0.277465,0.757382,0.025390,0.071652,0.648532
1677114715,292685148,0.408384,0.657318,0.278657,0.758036,0.025092,0.072385,0.647697
1677114715,302852316,0.408424,0.657261,0.279757,0.757720,0.025190,0.072594,0.648040
1677114715,312516076,0.408614,0.657419,0.280892,0.758012,0.024899,0.073514,0.647606
1677114715,322363978,0.408724,0.657357,0.281936,0.757458,0.024892,0.073670,0.648236
1677114715,332670942,0.408749,0.657525,0.283027,0.757809,0.025925,0.073892,0.647760
1677114715,341803104,0.408864,0.657614,0.284092,0.758169,0.026117,0.073863,0.647335
1677114715,352226832,0.409130,0.657597,0.285148,0.758397,0.025868,0.074303,0.647027
1677114715,362070507,0.409250,0.657583,0.286171,0.758607,0.026695,0.074677,0.646704
1677114715,372386723,0.409636,0.657624,0.287221,0.758945,0.025701,0.074959,0.646315
1677114715,382197913,0.409640,0.657547,0.288165,0.758783,0.026652,0.074697,0.646498
1677114715,392550468,0.409797,0.657569,0.289198,0.758930,0.026705,0.074803,0.646310
1677114715,402470478,0.409926,0.657549,0.290196,0.758783,0.026267,0.074827,0.646498
1677114715,412124807,0.410108,0.657776,0.291197,0.759014,0.025712,0.075428,0.646179
1677114715,422420941,0.410191,0.657903,0.292113,0.758666,0.024842,0.075485,0.646615
1677114715,432724239,0.410141,0.657909,0.292927,0.757675,0.024991,0.075842,0.647728
1677114715,442423472,0.410060,0.658192,0.293838,0.758203,0.024805,0.075750,0.647128
1677114715,452519064,0.410160,0.658379,0.294645,0.758550,0.024317,0.076623,0.646637
1677114715,462667227,0.410255,0.658700,0.295481,0.759596,0.023587,0.076863,0.645407
1677114715,472071505,0.410372,0.658917,0.296272,0.760413,0.022478,0.076851,0.644485
1677114715,482199846,0.410448,0.659198,0.297038,0.760956,0.022022,0.076982,0.643844
1677114715,492582832,0.410509,0.659527,0.297803,0.761546,0.021320,0.076924,0.643176
1677114715,502711507,0.410697,0.658202,0.298293,0.756139,0.021074,0.077595,0.649452
1677114715,512156940,0.410850,0.658051,0.298962,0.754686,0.020288,0.078283,0.651083
1677114715,522836860,0.410793,0.658066,0.299547,0.754142,0.020673,0.078145,0.651718
1677114715,532522648,0.410867,0.658055,0.300162,0.753772,0.019748,0.077756,0.652221
1677114715,542685743,0.410926,0.657943,0.300696,0.753306,0.019179,0.077626,0.652792
1677114715,552145330,0.410180,0.658023,0.301345,0.754609,0.024126,0.077443,0.651142
1677114715,562609157,0.410219,0.658050,0.301819,0.755498,0.023734,0.077228,0.650150
1677114715,572447291,0.410203,0.657849,0.302181,0.755596,0.023966,0.077378,0.650010
1677114715,582184650,0.410609,0.658484,0.302735,0.758110,0.022869,0.078864,0.646937
1677114715,592808483,0.410623,0.658411,0.303097,0.758497,0.023213,0.078793,0.646479
1677114715,602025468,0.410336,0.657468,0.303273,0.756201,0.023962,0.076929,0.649360
1677114715,611999348,0.410420,0.657337,0.303563,0.755988,0.023642,0.076703,0.649646
1677114715,622767852,0.410523,0.657327,0.303886,0.756025,0.023382,0.076715,0.649611
1677114715,632648543,0.410928,0.658051,0.304305,0.757746,0.022519,0.078109,0.647467
1677114715,642444272,0.411086,0.658012,0.304543,0.757410,0.022217,0.078839,0.647781
1677114715,652900433,0.411185,0.657954,0.304734,0.757030,0.022147,0.079437,0.648155
1677114715,662755069,0.411225,0.658021,0.304922,0.757232,0.022183,0.079778,0.647876
1677114715,672127312,0.411238,0.657936,0.305048,0.757015,0.022032,0.079528,0.648165
1677114715,681989602,0.411336,0.657799,0.305195,0.756553,0.021499,0.079484,0.648727
1677114715,692811686,0.411273,0.657655,0.305315,0.756026,0.021974,0.079301,0.649348
1677114715,702590131,0.411326,0.657692,0.305501,0.756373,0.021598,0.079222,0.648967
1677114715,712524438,0.411366,0.657553,0.305634,0.756096,0.021323,0.078918,0.649335
1677114715,722526062,0.411353,0.657471,0.305769,0.756100,0.021795,0.079067,0.649296
1677114715,732501820,0.411383,0.657310,0.305849,0.755683,0.021884,0.079321,0.649748
1677114715,742167818,0.411477,0.657403,0.305950,0.756011,0.021585,0.079971,0.649297
1677114715,752424731,0.411521,0.657335,0.306015,0.755641,0.021248,0.080238,0.649705
1677114715,762422302,0.411676,0.657280,0.306079,0.755476,0.020689,0.081238,0.649791
1677114715,772846709,0.411625,0.657153,0.306101,0.754960,0.020807,0.081144,0.650398
1677114715,782845320,0.411791,0.657037,0.306142,0.754645,0.020203,0.081350,0.650757
1677114715,793004421,0.412485,0.656688,0.306420,0.754709,0.015195,0.081211,0.650837
1677114715,802444085,0.412549,0.656532,0.306452,0.754860,0.014830,0.080251,0.650789
1677114715,812011682,0.412736,0.656271,0.306397,0.754919,0.014028,0.079442,0.650837
1677114715,822163470,0.412788,0.655767,0.306285,0.754649,0.014074,0.078196,0.651300
1677114715,831980587,0.412956,0.655503,0.306200,0.755518,0.013988,0.077319,0.650399
