secs,nsecs,tx,ty,tz,rx,ry,rz,rw
1677113677,51115359,0.311931,0.538298,0.534035,0.411716,-0.118311,-0.101334,0.897900
1677113677,60549473,0.311910,0.538542,0.533954,0.411458,-0.119207,-0.100378,0.898007
1677113677,70520940,0.311891,0.538781,0.533805,0.411543,-0.119745,-0.098930,0.898057
1677113677,80561637,0.311752,0.538978,0.533641,0.411734,-0.119973,-0.098032,0.898037
1677113677,91394760,0.311733,0.539143,0.533337,0.412070,-0.120405,-0.096725,0.897967
1677113677,100950937,0.311701,0.539255,0.533001,0.411710,-0.121358,-0.095954,0.898087
1677113677,110471655,0.311855,0.539494,0.532510,0.412211,-0.122232,-0.094313,0.897912
1677113677,119905534,0.311828,0.539541,0.532012,0.411103,-0.122071,-0.093685,0.898508
1677113677,130212610,0.312034,0.539560,0.531403,0.410262,-0.122798,-0.092660,0.898899
1677113677,140725172,0.312209,0.539664,0.530639,0.410154,-0.122898,-0.092273,0.898975
1677113677,150205304,0.312475,0.539723,0.529811,0.410555,-0.122927,-0.092286,0.898786
1677113677,160595414,0.312901,0.539640,0.528994,0.411116,-0.121885,-0.091435,0.898759
1677113677,170322589,0.313403,0.539564,0.528140,0.412096,-0.121547,-0.091333,0.898366
1677113677,180159961,0.313902,0.539228,0.527304,0.412070,-0.120629,-0.091629,0.898472
1677113677,190248538,0.314363,0.539050,0.526344,0.413323,-0.119680,-0.092855,0.897897
1677113677,199943544,0.315088,0.538738,0.525430,0.414163,-0.119415,-0.093212,0.897508
1677113677,210002111,0.315805,0.538375,0.524481,0.415041,-0.119247,-0.094174,0.897024
1677113677,220334944,0.316454,0.538106,0.523432,0.416456,-0.118278,-0.095502,0.896356
1677113677,230989564,0.317132,0.537663,0.522503,0.416695,-0.117089,-0.096340,0.896311
1677113677,240099976,0.317732,0.537457,0.521400,0.417759,-0.115172,-0.097586,0.895930
1677113677,249986974,0.318438,0.537215,0.520331,0.418192,-0.114084,-0.098326,0.895786
1677113677,259848671,0.319090,0.536912,0.519335,0.417558,-0.113213,-0.099182,0.896098
1677113677,270487808,0.319836,0.536765,0.518321,0.417918,-0.112445,-0.099243,0.896020
1677113677,281090966,0.320277,0.536591,0.517388,0.418216,-0.111835,-0.100679,0.895797
1677113677,290545488,0.320753,0.536276,0.516607,0.418421,-0.111257,-0.101389,0.895693
1677113677,300731901,0.321304,0.536133,0.515762,0.420156,-0.111062,-0.101314,0.894913
1677113677,310534467,0.321698,0.535739,0.515109,0.420674,-0.111477,-0.101674,0.894577
1677113677,320268773,0.322124,0.535474,0.514440,0.421947,-0.111628,-0.101027,0.894032
1677113677,330263032,0.322311,0.535179,0.513801,0.423152,-0.112235,-0.101570,0.893325
1677113677,340429073,0.322595,0.534915,0.513183,0.424485,-0.112389,-0.100662,0.892776
1677113677,350558609,0.322770,0.534645,0.512568,0.425754,-0.112881,-0.099886,0.892196
1677113677,361230370,0.322800,0.534356,0.511947,0.426603,-0.113332,-0.099296,0.891799
1677113677,370970937,0.322898,0.534217,0.511195,0.428237,-0.114149,-0.098220,0.891031
1677113677,380150709,0.323194,0.534105,0.510383,0.429953,-0.115091,-0.095825,0.890344
1677113677,390524815,0.323193,0.533827,0.509657,0.430424,-0.116049,-0.095057,0.890074
1677113677,400057394,0.323334,0.533670,0.508847,0.431579,-0.116966,-0.093796,0.889529
1677113677,410310383,0.323618,0.533571,0.507955,0.432988,-0.117847,-0.092233,0.888891
1677113677,420865726,0.323838,0.533362,0.507145,0.433357,-0.118462,-0.091629,0.888691
1677113677,430240774,0.324211,0.533246,0.506223,0.434228,-0.118851,-0.090558,0.888324
1677113677,439944829,0.324664,0.533124,0.505332,0.435135,-0.119211,-0.089874,0.887901
1677113677,450305830,0.325023,0.533124,0.504319,0.436325,-0.118394,-0.090394,0.887374
1677113677,460371624,0.325773,0.533196,0.503263,0.438085,-0.118134,-0.089570,0.886624
1677113677,470126971,0.326183,0.532953,0.502401,0.437487,-0.116919,-0.090737,0.886962
1677113677,480569781,0.326899,0.532896,0.501424,0.437952,-0.116210,-0.091211,0.886777
1677113677,491049212,0.327523,0.532873,0.500408,0.438449,-0.115235,-0.092926,0.886481
1677113677,500325480,0.328437,0.532849,0.499385,0.439314,-0.114624,-0.093078,0.886115
1677113677,510104171,0.329171,0.532808,0.498443,0.439960,-0.113399,-0.094061,0.885849
1677113677,520373316,0.329612,0.532656,0.497379,0.439708,-0.110873,-0.096384,0.886044
1677113677,529978540,0.330436,0.532768,0.496353,0.441169,-0.110012,-0.096212,0.885444
1677113677,540153996,0.331186,0.532849,0.495288,0.442224,-0.109365,-0.095939,0.885027
1677113677,550453300,0.331828,0.532899,0.494205,0.442383,-0.108389,-0.095633,0.885101
1677113677,560048542,0.332408,0.532997,0.493112,0.442424,-0.107884,-0.094970,0.885213
1677113677,570192907,0.332960,0.533156,0.491948,0.442456,-0.107184,-0.093745,0.885413
1677113677,580470761,0.333493,0.533459,0.490714,0.443267,-0.106977,-0.092675,0.885145
1677113677,590662610,0.333985,0.533538,0.489648,0.442653,-0.106642,-0.091323,0.885633
1677113677,600043044,0.334534,0.533703,0.488560,0.442893,-0.106176,-0.089554,0.885750
1677113677,610192828,0.334955,0.533775,0.487562,0.442687,-0.106386,-0.088736,0.885910
1677113677,620511300,0.335431,0.533793,0.486624,0.442284,-0.106225,-0.087528,0.886251
1677113677,630032444,0.335970,0.533916,0.485596,0.442944,-0.106036,-0.086002,0.886093
1677113677,640322518,0.336525,0.533963,0.484653,0.443296,-0.105937,-0.084400,0.886083
1677113677,650650373,0.336978,0.534091,0.483644,0.444091,-0.105799,-0.083580,0.885779
1677113677,660471389,0.337390,0.534045,0.482729,0.444185,-0.105228,-0.082369,0.885913
1677113677,669979205,0.337985,0.534137,0.481704,0.445226,-0.104692,-0.080147,0.885658
1677113677,680048794,0.338342,0.534080,0.480787,0.445348,-0.103998,-0.079062,0.885776
1677113677,690851906,0.338817,0.534053,0.479824,0.446140,-0.103793,-0.077597,0.885531
1677113677,700837508,0.339319,0.533991,0.478884,0.446937,-0.103762,-0.075910,0.885279
1677113677,710865406,0.339681,0.533711,0.478016,0.446723,-0.103440,-0.074601,0.885536
1677113677,720920455,0.340320,0.533690,0.476983,0.448222,-0.104337,-0.072743,0.884827
1677113677,730105084,0.340971,0.533493,0.475967,0.448731,-0.104825,-0.071013,0.884652
1677113677,740057639,0.341583,0.533442,0.474865,0.450027,-0.104974,-0.070012,0.884056
1677113677,750012841,0.342113,0.533402,0.473708,0.450971,-0.104624,-0.069779,0.883635
1677113677,760548827,0.343007,0.533563,0.472302,0.453274,-0.103249,-0.068045,0.882752
1677113677,770797016,0.343762,0.533303,0.471230,0.452248,-0.102731,-0.067801,0.883358
1677113677,780252676,0.345102,0.532749,0.470131,0.450278,-0.103254,-0.065095,0.884506
1677113677,790208843,0.345869,0.532846,0.468722,0.451288,-0.101660,-0.066074,0.884103
1677113677,800056486,0.346819,0.532863,0.467327,0.451798,-0.099804,-0.066410,0.884029
1677113677,810420878,0.347842,0.532854,0.465893,0.452529,-0.098251,-0.067207,0.883769
1677113677,820329268,0.348878,0.532731,0.464489,0.452580,-0.097102,-0.068385,0.883779
1677113677,830123941,0.349828,0.532612,0.463049,0.453163,-0.095527,-0.070104,0.883518
1677113677,840375255,0.350858,0.532341,0.461745,0.453112,-0.094379,-0.071230,0.883577
1677113677,849905982,0.351863,0.532296,0.460229,0.454656,-0.092601,-0.072306,0.882884
1677113677,860193149,0.353300,0.532159,0.458821,0.456353,-0.091269,-0.070413,0.882300
1677113677,870356552,0.354142,0.532012,0.457391,0.457803,-0.090087,-0.071156,0.881611
1677113677,880149717,0.355052,0.531939,0.455900,0.459571,-0.088909,-0.069984,0.880904
1677113677,889988109,0.355623,0.531857,0.454436,0.460117,-0.087128,-0.068826,0.880888
1677113677,900760693,0.356329,0.532022,0.452838,0.461420,-0.087232,-0.066369,0.880385
1677113677,910402676,0.356976,0.532269,0.451212,0.462268,-0.087446,-0.062756,0.880184
1677113677,920311279,0.357199,0.532343,0.449595,0.461196,-0.086636,-0.059640,0.881042
1677113677,929975378,0.357982,0.533043,0.447677,0.463184,-0.087473,-0.052860,0.880349
1677113677,939940688,0.358366,0.533345,0.445804,0.462777,-0.087609,-0.048460,0.880803
1677113677,950386041,0.358600,0.533557,0.443925,0.461841,-0.088097,-0.045801,0.881388
1677113677,960302428,0.359115,0.533761,0.442028,0.460925,-0.088307,-0.041852,0.882042
1677113677,971394374,0.359747,0.534024,0.440138,0.460608,-0.088660,-0.038314,0.882333
1677113677,980605441,0.360446,0.534274,0.438224,0.461055,-0.088309,-0.035109,0.882268
1677113677,989978311,0.361045,0.534324,0.436439,0.460670,-0.086483,-0.032857,0.882737
1677113678,280678,0.361914,0.534455,0.434579,0.461748,-0.084877,-0.030319,0.882420
1677113678,10375050,0.362826,0.534549,0.432766,0.463270,-0.083066,-0.028111,0.881868
1677113678,20784401,0.363842,0.534500,0.431002,0.464680,-0.081565,-0.026480,0.881316
1677113678,30743236,0.364644,0.534478,0.429190,0.466609,-0.079376,-0.026420,0.880499
1677113678,40330209,0.365701,0.534315,0.427466,0.468141,-0.077934,-0.025536,0.879840
1677113678,51760318,0.366703,0.534096,0.425684,0.469735,-0.076673,-0.025212,0.879110
1677113678,60645363,0.367782,0.533766,0.423972,0.470937,-0.074855,-0.023733,0.878665
1677113678,70208862,0.368650,0.533616,0.422098,0.473245,-0.073991,-0.024146,0.877486
1677113678,80937113,0.369557,0.533446,0.420213,0.475096,-0.072392,-0.023497,0.876636
1677113678,91121114,0.370519,0.533190,0.418370,0.476116,-0.071146,-0.022165,0.876220
1677113678,100982122,0.371447,0.533013,0.416458,0.477280,-0.069997,-0.020783,0.875712
1677113678,110881168,0.372162,0.532855,0.414530,0.478103,-0.068308,-0.019917,0.875417
1677113678,120796567,0.373006,0.533019,0.412430,0.480112,-0.067061,-0.018326,0.874448
1677113678,130063069,0.373793,0.533063,0.410374,0.481239,-0.066471,-0.016654,0.873907
1677113678,140156389,0.374458,0.533141,0.408283,0.482044,-0.065145,-0.015357,0.873587
1677113678,150631869,0.375080,0.533066,0.406321,0.482022,-0.064298,-0.014082,0.873683
1677113678,161302586,0.375919,0.533188,0.404309,0.483110,-0.064475,-0.012150,0.873098
1677113678,170499199,0.376665,0.533317,0.402359,0.484097,-0.064275,-0.010626,0.872586
1677113678,179678619,0.377404,0.533414,0.400465,0.485539,-0.065196,-0.009984,0.871724
1677113678,190010292,0.378085,0.533448,0.398650,0.486633,-0.065073,-0.009211,0.871131
1677113678,200035016,0.378759,0.533363,0.396950,0.487681,-0.065565,-0.008671,0.870513
1677113678,210185049,0.379326,0.533308,0.395274,0.489323,-0.064950,-0.007827,0.869646
1677113678,220390868,0.380069,0.533343,0.393575,0.491856,-0.065726,-0.006658,0.868167
1677113678,230685989,0.380557,0.532928,0.392049,0.491838,-0.061710,-0.004424,0.868486
1677113678,240330513,0.381183,0.533086,0.390302,0.494682,-0.061613,-0.002818,0.866883
1677113678,250685057,0.381699,0.532952,0.388623,0.495856,-0.061374,-0.001520,0.866232
1677113678,260682215,0.382269,0.533142,0.386774,0.497763,-0.060989,0.000338,0.865166
1677113678,269954057,0.382704,0.533189,0.384989,0.498100,-0.059710,0.002274,0.865058
1677113678,280369509,0.383091,0.533383,0.383087,0.498718,-0.058910,0.003592,0.864753
1677113678,290569927,0.383673,0.533663,0.381198,0.498945,-0.058872,0.005867,0.864611
1677113678,300456464,0.384094,0.533903,0.379255,0.498789,-0.058701,0.007317,0.864703
1677113678,310881761,0.384600,0.534248,0.377342,0.498712,-0.058287,0.009459,0.864754
1677113678,321038295,0.384997,0.534648,0.375408,0.499019,-0.057937,0.010904,0.864583
1677113678,330376551,0.385494,0.535036,0.373526,0.499773,-0.057866,0.012276,0.864134
1677113678,340901814,0.385963,0.535269,0.371727,0.499866,-0.056956,0.014235,0.864110
1677113678,350050604,0.386397,0.535523,0.369958,0.500498,-0.055774,0.016011,0.863791
1677113678,359961424,0.386808,0.535605,0.368292,0.500652,-0.055293,0.016958,0.863714
1677113678,369859838,0.387263,0.535794,0.366596,0.501663,-0.054660,0.018343,0.863140
1677113678,379839670,0.387769,0.536009,0.364936,0.502977,-0.054059,0.019991,0.862376
1677113678,389965540,0.388063,0.536079,0.363351,0.503519,-0.053010,0.020994,0.862101
1677113678,400164962,0.388433,0.536144,0.361796,0.504052,-0.052744,0.022253,0.861774
1677113678,410451106,0.388759,0.536383,0.360179,0.505063,-0.052182,0.023808,0.861175
1677113678,420779087,0.388885,0.536482,0.358606,0.505121,-0.051715,0.024959,0.861136
1677113678,430547711,0.389273,0.536735,0.357028,0.505720,-0.051977,0.027477,0.860692
1677113678,440123806,0.389313,0.537013,0.355433,0.506170,-0.051811,0.029047,0.860386
1677113678,450413441,0.389522,0.537410,0.353828,0.507536,-0.053063,0.031498,0.859418
1677113678,460485453,0.389388,0.537437,0.352314,0.507341,-0.052646,0.033718,0.859475
1677113678,470011816,0.389424,0.537779,0.350689,0.508509,-0.053128,0.036985,0.858620
1677113678,480786624,0.389372,0.537996,0.349073,0.509489,-0.053595,0.039883,0.857880
1677113678,490186930,0.389281,0.538222,0.347446,0.510039,-0.053934,0.042670,0.857398
1677113678,500278762,0.389287,0.538428,0.345850,0.510549,-0.055030,0.045395,0.856884
1677113678,510691931,0.389227,0.538596,0.344215,0.510771,-0.055103,0.047872,0.856613
1677113678,520846198,0.389168,0.538863,0.342527,0.511634,-0.055256,0.049648,0.855987
1677113678,530065750,0.389428,0.539090,0.340878,0.512286,-0.055517,0.052365,0.855417
1677113678,540035989,0.389572,0.539398,0.339173,0.513434,-0.054891,0.053984,0.854668
1677113678,550151901,0.389756,0.539705,0.337485,0.514711,-0.053162,0.055280,0.853926
1677113678,560830550,0.389985,0.540067,0.335853,0.516199,-0.051193,0.056161,0.853091
1677113678,570555649,0.390528,0.540206,0.334238,0.515525,-0.052086,0.056683,0.853410
1677113678,580344892,0.390957,0.540549,0.332567,0.516005,-0.050750,0.057542,0.853143
1677113678,590394179,0.391379,0.540889,0.330862,0.516022,-0.049627,0.058494,0.853134
1677113678,600021350,0.391630,0.541466,0.328966,0.517190,-0.047587,0.059175,0.852495
1677113678,610662988,0.391995,0.541882,0.327190,0.517048,-0.046795,0.060705,0.852518
1677113678,620546339,0.392295,0.542414,0.325329,0.517500,-0.045895,0.062137,0.852189
1677113678,630611977,0.392398,0.542699,0.323502,0.516995,-0.041721,0.063984,0.852574
1677113678,640601249,0.392666,0.543267,0.321579,0.517807,-0.041351,0.065438,0.851988
1677113678,650446508,0.393015,0.543567,0.319811,0.517057,-0.041100,0.067371,0.852305
1677113678,660002413,0.393300,0.544166,0.317975,0.517860,-0.040500,0.069016,0.851715
1677113678,670025846,0.393505,0.544575,0.316216,0.517645,-0.039483,0.070552,0.851767
1677113678,680351090,0.393704,0.545270,0.314367,0.518894,-0.038314,0.071826,0.850953
1677113678,690288833,0.393941,0.545754,0.312645,0.519130,-0.037375,0.073334,0.850723
1677113678,700376183,0.394374,0.546381,0.310967,0.520297,-0.038474,0.075000,0.849815
1677113678,710555990,0.394402,0.546792,0.309132,0.519125,-0.035118,0.076217,0.850569
1677113678,720304114,0.394475,0.547275,0.307368,0.518721,-0.033652,0.077592,0.850750
1677113678,729987893,0.394683,0.547877,0.305591,0.518979,-0.032577,0.079297,0.850477
1677113678,740340098,0.394885,0.548450,0.303807,0.519163,-0.031638,0.080867,0.850253
1677113678,750535078,0.395168,0.549030,0.302015,0.519506,-0.031455,0.082593,0.849884
1677113678,760813394,0.395541,0.549370,0.300258,0.518595,-0.033320,0.082491,0.850379
1677113678,770546248,0.395663,0.550106,0.298396,0.519554,-0.030263,0.085048,0.849656
1677113678,780872496,0.395957,0.550733,0.296555,0.519858,-0.028981,0.086430,0.849375
1677113678,790399406,0.396147,0.551523,0.294612,0.520695,-0.026399,0.087952,0.848790
1677113678,799970298,0.396251,0.552247,0.292723,0.520861,-0.021963,0.089650,0.848637
1677113678,810201313,0.397156,0.552837,0.290885,0.519818,-0.026182,0.089213,0.849202
1677113678,820493298,0.397688,0.553521,0.289047,0.519074,-0.024763,0.090303,0.849585
1677113678,830608139,0.398136,0.554431,0.287076,0.519478,-0.023185,0.090683,0.849342
1677113678,840199771,0.398536,0.555196,0.285105,0.518688,-0.019728,0.091765,0.849796
1677113678,850595155,0.399211,0.555982,0.283292,0.519030,-0.019810,0.092161,0.849542
1677113678,859952029,0.399776,0.556698,0.281460,0.518489,-0.018241,0.092315,0.849891
1677113678,870013485,0.400358,0.557520,0.279615,0.518764,-0.016927,0.092804,0.849697
1677113678,880423339,0.400842,0.558284,0.277785,0.518971,-0.014859,0.093078,0.849579
1677113678,890658512,0.401513,0.559087,0.276016,0.519283,-0.013005,0.094425,0.849270
1677113678,900266744,0.401912,0.559925,0.274211,0.518731,-0.011310,0.094252,0.849651
1677113678,910233868,0.402476,0.560866,0.272485,0.518800,-0.010230,0.095284,0.849508
1677113678,920028020,0.402892,0.561627,0.270795,0.517775,-0.008695,0.095684,0.850105
1677113678,930021474,0.403426,0.562508,0.269081,0.516970,-0.008082,0.096669,0.850489
1677113678,940113610,0.403886,0.563439,0.267381,0.516146,-0.007328,0.097948,0.850850
1677113678,950252839,0.404300,0.564357,0.265656,0.515145,-0.005952,0.098954,0.851351
1677113678,959926252,0.405010,0.565244,0.264004,0.513785,-0.006424,0.100632,0.851972
1677113678,969985692,0.404803,0.566633,0.262199,0.515781,-0.001002,0.101513,0.850684
1677113678,980413643,0.405612,0.567508,0.260617,0.513981,-0.003292,0.101812,0.851732
1677113678,990128198,0.405878,0.568706,0.258949,0.514195,-0.002073,0.103067,0.851456
1677113679,210804,0.406152,0.569464,0.257505,0.512726,0.000244,0.104727,0.852141
1677113679,10427196,0.406491,0.570686,0.255948,0.513318,0.001403,0.106697,0.851539
1677113679,20853862,0.406717,0.571549,0.254466,0.512069,0.003500,0.108330,0.852078
1677113679,30500362,0.407098,0.572771,0.252936,0.511963,0.004246,0.110503,0.851860
1677113679,40857603,0.407261,0.573896,0.251386,0.511169,0.006489,0.112187,0.852102
1677113679,50969512,0.407579,0.575101,0.249848,0.510060,0.007743,0.114154,0.852495
1677113679,60354426,0.408116,0.576222,0.248338,0.508193,0.006762,0.115556,0.853429
1677113679,69883348,0.408155,0.577578,0.246788,0.507484,0.010550,0.117835,0.853501
1677113679,80291791,0.408427,0.578733,0.245348,0.505792,0.011943,0.119664,0.854232
1677113679,90448902,0.408584,0.580072,0.243901,0.505333,0.014047,0.121315,0.854239
1677113679,100794918,0.408801,0.581278,0.242611,0.504805,0.015304,0.123130,0.854270
1677113679,110921880,0.408984,0.582445,0.241364,0.504308,0.016730,0.125098,0.854250
1677113679,120382206,0.409133,0.583620,0.240132,0.504224,0.018134,0.127118,0.853973
1677113679,130119781,0.409114,0.584544,0.239018,0.502822,0.019869,0.128663,0.854530
1677113679,140262661,0.409014,0.585470,0.237857,0.500848,0.022415,0.130480,0.855350
1677113679,150720453,0.408912,0.586780,0.236578,0.500254,0.024687,0.133144,0.855225
1677113679,160408325,0.409093,0.588617,0.235238,0.500966,0.026045,0.137649,0.854053
1677113679,170602701,0.409120,0.590054,0.234006,0.500300,0.026122,0.140406,0.853993
1677113679,180375945,0.409155,0.591455,0.232776,0.499025,0.026819,0.143751,0.854161
1677113679,190407355,0.409021,0.592702,0.231603,0.497307,0.028028,0.146028,0.854737
1677113679,199889051,0.408976,0.593904,0.230455,0.495859,0.029424,0.148425,0.855119
1677113679,210788867,0.409037,0.595240,0.229391,0.495353,0.030494,0.151068,0.854912
1677113679,220441024,0.409173,0.596511,0.228401,0.495186,0.031331,0.153395,0.854564
1677113679,230654202,0.409129,0.597516,0.227477,0.494560,0.032782,0.154280,0.854713
1677113679,240633062,0.409158,0.598649,0.226554,0.494783,0.033686,0.155295,0.854364
1677113679,250568512,0.409274,0.599685,0.225693,0.494682,0.034543,0.156489,0.854171
1677113679,261057190,0.409091,0.600633,0.224788,0.494009,0.037465,0.157118,0.854322
1677113679,269912327,0.409328,0.601523,0.224029,0.492680,0.038144,0.159003,0.854710
1677113679,280769811,0.409487,0.602633,0.223165,0.492397,0.039177,0.160894,0.854473
1677113679,290590825,0.409716,0.603935,0.222244,0.493262,0.038888,0.162101,0.853759
1677113679,301015629,0.409785,0.604873,0.221438,0.492264,0.040214,0.163501,0.854006
1677113679,310536367,0.409730,0.605798,0.220586,0.491171,0.041598,0.164029,0.854468
1677113679,320236065,0.409959,0.606925,0.219803,0.489895,0.042449,0.166379,0.854704
1677113679,330080158,0.409998,0.608051,0.218857,0.489815,0.043435,0.167168,0.854546
1677113679,340398254,0.409695,0.608707,0.218012,0.487012,0.046613,0.167407,0.855933
1677113679,350794627,0.409890,0.609930,0.217109,0.487133,0.046067,0.168325,0.855713
1677113679,361719704,0.410130,0.611225,0.216169,0.487427,0.046097,0.170086,0.855196
1677113679,370586433,0.409854,0.611583,0.215315,0.484155,0.049151,0.169895,0.856921
1677113679,380513028,0.410036,0.612549,0.214399,0.484309,0.050038,0.170956,0.856571
1677113679,390499264,0.410108,0.613452,0.213489,0.484388,0.051729,0.171598,0.856298
1677113679,399933528,0.410206,0.614295,0.212601,0.484032,0.053465,0.172032,0.856305
1677113679,410415024,0.410400,0.615104,0.211744,0.482818,0.055288,0.172869,0.856707
1677113679,420767345,0.410449,0.616142,0.210649,0.482705,0.057317,0.173229,0.856564
1677113679,431272438,0.410596,0.617123,0.209676,0.481495,0.058729,0.173840,0.857026
1677113679,440593251,0.410616,0.618175,0.208600,0.480391,0.060128,0.173839,0.857548
1677113679,450613419,0.410748,0.619282,0.207540,0.479030,0.062071,0.175072,0.857921
1677113679,460502466,0.410634,0.620260,0.206529,0.477409,0.064355,0.174969,0.858676
1677113679,470070017,0.410757,0.621340,0.205557,0.476097,0.065729,0.176209,0.859047
1677113679,480238120,0.410756,0.622588,0.204554,0.476072,0.067453,0.177321,0.858698
1677113679,490345629,0.410767,0.623434,0.203720,0.474718,0.068187,0.177796,0.859291
1677113679,500767972,0.410663,0.624401,0.202862,0.474271,0.069318,0.178475,0.859307
1677113679,510421031,0.410603,0.625274,0.202022,0.473451,0.069444,0.179161,0.859607
1677113679,520129673,0.410460,0.626115,0.201156,0.472541,0.070018,0.179871,0.859912
1677113679,530100061,0.410386,0.626998,0.200317,0.471450,0.070675,0.181125,0.860194
1677113679,540188167,0.410189,0.627950,0.199389,0.471211,0.071780,0.181873,0.860075
1677113679,550644090,0.410175,0.628774,0.198584,0.470123,0.072684,0.183042,0.860347
1677113679,561020015,0.410170,0.629581,0.197806,0.468945,0.073468,0.184069,0.860704
1677113679,570603778,0.410009,0.630538,0.196913,0.468810,0.074859,0.184359,0.860596
1677113679,580648532,0.410018,0.631455,0.196057,0.467957,0.075876,0.185497,0.860726
1677113679,590092508,0.409932,0.632179,0.195233,0.466123,0.077232,0.185861,0.861522
1677113679,600079695,0.409935,0.633032,0.194379,0.464997,0.078053,0.186770,0.861860
1677113679,610303373,0.409762,0.633858,0.193508,0.463982,0.079490,0.186623,0.862307
1677113679,620661068,0.409751,0.634761,0.192579,0.463348,0.080634,0.187471,0.862358
1677113679,631463363,0.409782,0.635582,0.191736,0.461899,0.081662,0.188421,0.862832
1677113679,641130112,0.409677,0.636403,0.190847,0.460534,0.083292,0.188730,0.863337
1677113679,650784944,0.409549,0.637213,0.189912,0.459457,0.084272,0.188859,0.863788
1677113679,660313254,0.409519,0.638102,0.188971,0.458729,0.085219,0.189400,0.863964
1677113679,669879936,0.409450,0.638907,0.188078,0.457736,0.086523,0.189960,0.864238
1677113679,680084574,0.409449,0.639576,0.187282,0.455959,0.087394,0.190106,0.865057
1677113679,690489895,0.409413,0.640261,0.186522,0.454864,0.088331,0.189796,0.865606
1677113679,700745591,0.409433,0.640972,0.185833,0.454355,0.089288,0.189668,0.865803
1677113679,710874689,0.409592,0.641598,0.185260,0.453691,0.090459,0.190164,0.865921
1677113679,720649988,0.409565,0.642284,0.184599,0.454891,0.091753,0.189632,0.865272
1677113679,730135785,0.409727,0.642791,0.184157,0.455317,0.091825,0.189248,0.865124
1677113679,740229481,0.409882,0.643213,0.183715,0.455708,0.092198,0.188890,0.864957
1677113679,750601954,0.410016,0.643591,0.183275,0.455729,0.092768,0.188451,0.864981
1677113679,761057929,0.410156,0.644194,0.182769,0.456656,0.092774,0.188324,0.864519
1677113679,770779203,0.410204,0.644562,0.182301,0.456436,0.093221,0.187416,0.864784
1677113679,780732441,0.410503,0.645044,0.181854,0.456172,0.092592,0.187596,0.864952
1677113679,790068141,0.410550,0.645473,0.181367,0.456325,0.093305,0.186628,0.865004
1677113679,799908443,0.410734,0.645868,0.180909,0.456494,0.093060,0.185487,0.865186
1677113679,810250206,0.410994,0.646283,0.180460,0.456291,0.093504,0.185315,0.865283
1677113679,820377919,0.411128,0.646707,0.179975,0.456428,0.094279,0.184573,0.865284
1677113679,830298886,0.411213,0.647168,0.179450,0.456560,0.094847,0.183530,0.865375
1677113679,840333520,0.411322,0.647853,0.178855,0.457610,0.095163,0.183116,0.864873
1677113679,850461364,0.411262,0.648074,0.178404,0.456663,0.096551,0.181808,0.865496
1677113679,860574151,0.411212,0.648618,0.177866,0.457213,0.097372,0.181026,0.865277
1677113679,870755098,0.411255,0.649073,0.177315,0.457474,0.098082,0.181024,0.865059
1677113679,880811964,0.411169,0.649397,0.176868,0.457349,0.098863,0.180201,0.865208
1677113679,890772688,0.411111,0.649673,0.176431,0.457326,0.099509,0.179989,0.865191
1677113679,900695367,0.411148,0.650098,0.175914,0.457867,0.099689,0.180316,0.864816
1677113679,911185507,0.410992,0.650395,0.175465,0.458350,0.099979,0.179818,0.864630
1677113679,920572719,0.411154,0.650415,0.175341,0.459124,0.100051,0.180475,0.864074
1677113679,931209721,0.411109,0.650300,0.175380,0.462720,0.100106,0.179444,0.862362
1677113679,939961534,0.411135,0.650107,0.175473,0.466502,0.099533,0.179195,0.860441
1677113679,950851405,0.410992,0.649748,0.175479,0.467940,0.099147,0.178314,0.859887
1677113679,960868859,0.410874,0.649684,0.175312,0.468885,0.098400,0.178187,0.859484
1677113679,970112973,0.410798,0.649699,0.175104,0.469853,0.097807,0.178718,0.858913
1677113679,980355357,0.410625,0.649673,0.175002,0.471601,0.097354,0.178689,0.858012
1677113679,989808470,0.410489,0.649496,0.174964,0.473777,0.096868,0.178918,0.856820
1677113679,999837149,0.410231,0.649270,0.174952,0.475678,0.096559,0.178872,0.855811
1677113680,10605241,0.410123,0.649022,0.174916,0.476913,0.095667,0.179814,0.855025
1677113680,20385277,0.409857,0.648908,0.174730,0.479053,0.094636,0.179883,0.853929
1677113680,29956679,0.409578,0.648752,0.174647,0.481124,0.094298,0.180094,0.852757
1677113680,40404918,0.409354,0.648515,0.174570,0.483064,0.093955,0.180372,0.851638
1677113680,51083850,0.409094,0.648353,0.174458,0.485213,0.093481,0.180408,0.850460
1677113680,60190364,0.408854,0.648175,0.174354,0.486924,0.093129,0.180351,0.849532
1677113680,70345724,0.408577,0.648040,0.174267,0.488719,0.092687,0.179765,0.848674
1677113680,80554295,0.408354,0.648040,0.174160,0.491255,0.092258,0.179808,0.847246
1677113680,90596234,0.408002,0.647985,0.174066,0.493483,0.092176,0.178861,0.846160
1677113680,101111735,0.407787,0.647856,0.174059,0.494857,0.091535,0.178644,0.845473
1677113680,110891802,0.407518,0.647759,0.173927,0.496287,0.091227,0.178640,0.844668
1677113680,120227888,0.407106,0.647707,0.173761,0.498358,0.090628,0.177758,0.843699
1677113680,130262109,0.406762,0.647636,0.173622,0.500424,0.089801,0.177624,0.842592
1677113680,140535089,0.406446,0.647504,0.173498,0.502442,0.088562,0.177721,0.841501
1677113680,150995041,0.405978,0.647193,0.173459,0.503935,0.087965,0.177203,0.840780
1677113680,161155990,0.405621,0.646992,0.173350,0.506373,0.086270,0.176706,0.839594
1677113680,170848546,0.405254,0.646850,0.173184,0.508779,0.085188,0.176771,0.838236
1677113680,180834564,0.405001,0.647232,0.173010,0.513261,0.083700,0.178021,0.835384
1677113680,189948006,0.404533,0.647014,0.172826,0.515554,0.082672,0.176837,0.834325
1677113680,200103990,0.404170,0.646674,0.172760,0.516858,0.081642,0.175717,0.833856
1677113680,210138739,0.403779,0.646577,0.172557,0.519464,0.080583,0.174070,0.832684
1677113680,220253866,0.403382,0.646390,0.172380,0.521505,0.080140,0.172430,0.831792
1677113680,230794609,0.403056,0.646192,0.172207,0.523632,0.079116,0.170025,0.831049
1677113680,240127414,0.402975,0.645912,0.172114,0.524944,0.076861,0.167457,0.830954
1677113680,250397161,0.402853,0.646002,0.171929,0.527561,0.076053,0.165877,0.829687
1677113680,259897941,0.402710,0.645905,0.171809,0.529187,0.074761,0.163525,0.829235
1677113680,270178686,0.402461,0.646193,0.171588,0.532614,0.073709,0.160652,0.827696
1677113680,280195971,0.402342,0.646143,0.171481,0.534044,0.073194,0.158451,0.827244
1677113680,290594269,0.402168,0.646255,0.171279,0.536547,0.072285,0.155669,0.826232
1677113680,300929272,0.401990,0.646098,0.171175,0.537448,0.071616,0.152830,0.826235
1677113680,310592783,0.401818,0.646382,0.170980,0.539959,0.070777,0.150686,0.825063
1677113680,320571051,0.401622,0.646400,0.170863,0.541142,0.069944,0.148354,0.824781
1677113680,330120306,0.401547,0.646499,0.170735,0.542864,0.068695,0.146656,0.824058
1677113680,340317487,0.401314,0.646510,0.170620,0.544490,0.067438,0.143921,0.823571
1677113680,350527079,0.401191,0.646522,0.170505,0.546217,0.066757,0.141834,0.822845
1677113680,361155116,0.400959,0.646771,0.170307,0.549026,0.065456,0.138897,0.821580
1677113680,370534308,0.400996,0.647108,0.170191,0.551236,0.063363,0.136240,0.820709
1677113680,380764014,0.400894,0.647420,0.170080,0.552353,0.062969,0.134260,0.820314
1677113680,390192319,0.400755,0.647881,0.169931,0.553774,0.062307,0.131645,0.819830
1677113680,400047524,0.400615,0.648361,0.169839,0.554822,0.062132,0.129507,0.819475
1677113680,410038656,0.400347,0.648879,0.169759,0.555754,0.062081,0.127169,0.819214
1677113680,420785707,0.400052,0.649422,0.169642,0.556568,0.061695,0.125036,0.819019
1677113680,430609396,0.399737,0.649994,0.169545,0.557307,0.061768,0.124139,0.818648
1677113680,441078506,0.399354,0.650668,0.169453,0.558555,0.060932,0.122778,0.818064
1677113680,450207473,0.398848,0.651291,0.169335,0.559727,0.060464,0.121779,0.817447
1677113680,460768358,0.398440,0.651803,0.169269,0.560320,0.059113,0.121037,0.817250
1677113680,470264380,0.397989,0.652425,0.169144,0.561580,0.057828,0.120002,0.816629
1677113680,480165281,0.397518,0.652800,0.169139,0.561955,0.056514,0.118222,0.816723
1677113680,490691243,0.397268,0.653342,0.169148,0.562626,0.054880,0.116802,0.816577
1677113680,500930620,0.396959,0.654221,0.169044,0.564246,0.053258,0.114203,0.815934
1677113680,511308501,0.396759,0.655179,0.168947,0.564792,0.051563,0.111339,0.816061
1677113680,520582135,0.396621,0.656319,0.168804,0.565421,0.049737,0.108171,0.816164
1677113680,530749015,0.396429,0.657504,0.168714,0.566096,0.048754,0.105046,0.816164
1677113680,540069528,0.396194,0.658620,0.168691,0.566603,0.047946,0.101919,0.816256
1677113680,550539433,0.395999,0.659647,0.168722,0.566580,0.046446,0.099902,0.816609
1677113680,561176982,0.395564,0.660749,0.168702,0.567076,0.045102,0.097864,0.816586
1677113680,570248419,0.395026,0.661734,0.168688,0.567279,0.043428,0.096517,0.816697
1677113680,579934134,0.394502,0.662737,0.168668,0.568126,0.041066,0.095881,0.816305
1677113680,590296997,0.393860,0.663652,0.168676,0.569060,0.038725,0.095326,0.815833
1677113680,600076179,0.393145,0.664307,0.168742,0.569051,0.037094,0.095044,0.815948
1677113680,610241782,0.392456,0.665131,0.168753,0.569548,0.035999,0.094933,0.815664
1677113680,620167671,0.391959,0.666022,0.168680,0.570082,0.034290,0.094737,0.815387
1677113680,630170875,0.391297,0.666860,0.168617,0.570397,0.033748,0.093031,0.815385
1677113680,640158111,0.390917,0.667812,0.168499,0.571091,0.032924,0.091780,0.815075
1677113680,650451486,0.390693,0.668752,0.168423,0.571859,0.032037,0.090490,0.814716
1677113680,659954059,0.390518,0.669651,0.168334,0.572684,0.031316,0.088832,0.814347
1677113680,669988368,0.390342,0.670353,0.168318,0.572761,0.031151,0.086937,0.814504
1677113680,680318493,0.390290,0.671152,0.168255,0.573558,0.030408,0.085033,0.814172
1677113680,690383165,0.390232,0.671966,0.168179,0.574453,0.030021,0.083131,0.813752
1677113680,700526749,0.390353,0.672600,0.168171,0.574754,0.028935,0.082017,0.813691
1677113680,710580259,0.390210,0.673092,0.168097,0.575069,0.028943,0.079478,0.813721
1677113680,720448526,0.390209,0.673637,0.168029,0.576066,0.028079,0.077324,0.813253
1677113680,730171136,0.390324,0.674207,0.167900,0.577230,0.027006,0.075927,0.812595
1677113680,740250331,0.390508,0.674660,0.167778,0.577798,0.025489,0.074732,0.812351
1677113680,750793791,0.390487,0.675337,0.167573,0.579404,0.025047,0.073544,0.811329
1677113680,761292225,0.390418,0.675901,0.167387,0.580528,0.024824,0.072248,0.810649
1677113680,770202099,0.390316,0.676580,0.167238,0.582197,0.024848,0.071625,0.809506
1677113680,780434628,0.390156,0.677203,0.167090,0.583614,0.025008,0.070956,0.808538
1677113680,790142253,0.390107,0.677856,0.166946,0.584617,0.025120,0.071233,0.807786
1677113680,800158404,0.390045,0.678670,0.166786,0.586181,0.024734,0.071284,0.806659
1677113680,810562807,0.389888,0.679295,0.166600,0.586666,0.025048,0.070938,0.806327
1677113680,820651674,0.389773,0.679896,0.166398,0.587396,0.025053,0.070789,0.805808
1677113680,830720996,0.389778,0.680744,0.166170,0.589298,0.024414,0.071240,0.804399
1677113680,840484741,0.389703,0.681214,0.165992,0.590228,0.023812,0.070586,0.803792
1677113680,850488532,0.389642,0.681659,0.165810,0.591356,0.023438,0.069919,0.803032
1677113680,860390541,0.389648,0.682149,0.165562,0.592878,0.023358,0.069312,0.801964
1677113680,869732591,0.389763,0.682703,0.165344,0.594907,0.022822,0.068716,0.800527
1677113680,880287972,0.389859,0.682864,0.165155,0.595323,0.023455,0.067466,0.800305
1677113680,890438320,0.390239,0.683361,0.164957,0.597582,0.022772,0.066635,0.798710
1677113680,900592718,0.390455,0.683786,0.164710,0.599620,0.023289,0.064098,0.797374
1677113680,910584902,0.390848,0.684029,0.164485,0.600259,0.024038,0.062021,0.797035
1677113680,920180575,0.391194,0.684457,0.164243,0.601786,0.025121,0.059324,0.796055
1677113680,930036724,0.391780,0.684903,0.164012,0.603301,0.025695,0.056988,0.795060
1677113680,940195490,0.392400,0.685347,0.163795,0.605160,0.026367,0.054584,0.793793
1677113680,950171849,0.392903,0.685719,0.163598,0.606742,0.027474,0.051406,0.792759
1677113680,960957075,0.393423,0.686214,0.163291,0.608625,0.028709,0.048441,0.791458
1677113680,970745262,0.393967,0.686619,0.162983,0.609841,0.029611,0.045361,0.790670
1677113680,980432127,0.394513,0.686953,0.162711,0.611080,0.030854,0.042910,0.789802
1677113680,990721906,0.394920,0.687381,0.162418,0.613464,0.031864,0.040187,0.788055
1677113681,331912,0.395355,0.687697,0.162163,0.614745,0.033000,0.038482,0.787095
1677113681,10285201,0.395522,0.687969,0.161873,0.615924,0.034390,0.036468,0.786209
1677113681,21105154,0.395681,0.688049,0.161684,0.616839,0.035047,0.035273,0.785517
1677113681,31044563,0.395833,0.688215,0.161507,0.618853,0.035517,0.034993,0.783923
1677113681,40771018,0.395816,0.688396,0.161356,0.620361,0.035724,0.034484,0.782743
1677113681,50323308,0.395832,0.688698,0.161165,0.621085,0.035468,0.034826,0.782165
1677113681,59894726,0.395585,0.688982,0.161032,0.621236,0.035312,0.035078,0.782042
1677113681,69993139,0.395484,0.689109,0.161013,0.621253,0.034584,0.037181,0.781963
1677113681,80102013,0.395154,0.689279,0.160995,0.622279,0.032835,0.038303,0.781168
1677113681,90346581,0.394753,0.689603,0.160997,0.623367,0.030977,0.039873,0.780297
1677113681,101004217,0.394346,0.689806,0.160876,0.623012,0.028257,0.040978,0.780627
1677113681,110842518,0.393911,0.690311,0.160772,0.623652,0.025464,0.042081,0.780153
1677113681,120675990,0.393448,0.690500,0.160791,0.623186,0.023565,0.043703,0.780496
1677113681,130121295,0.392950,0.690826,0.160817,0.623553,0.021607,0.044476,0.780215
1677113681,140311186,0.392505,0.691160,0.160901,0.623645,0.019291,0.045803,0.780126
1677113681,150555710,0.391927,0.691639,0.160899,0.623916,0.017712,0.046964,0.779878
1677113681,161005575,0.391525,0.692101,0.160845,0.623981,0.015231,0.048647,0.779775
1677113681,171048655,0.391022,0.692503,0.160749,0.623936,0.013126,0.050036,0.779761
1677113681,180964016,0.390448,0.692886,0.160685,0.624098,0.011188,0.051109,0.779592
1677113681,191343115,0.389853,0.693286,0.160636,0.624494,0.010167,0.053072,0.779158
1677113681,200224599,0.389411,0.693743,0.160570,0.625273,0.008257,0.055029,0.778420
1677113681,210363967,0.388781,0.693940,0.160551,0.625308,0.006636,0.055909,0.778344
1677113681,220863773,0.388215,0.694231,0.160449,0.625832,0.005552,0.057601,0.777808
1677113681,231360198,0.387756,0.694458,0.160333,0.626356,0.003121,0.059136,0.777285
1677113681,240869393,0.387190,0.694763,0.160186,0.627364,0.000822,0.060567,0.776367
1677113681,251063285,0.386607,0.694971,0.160054,0.628031,-0.001406,0.062230,0.775695
1677113681,260308079,0.385908,0.695262,0.159933,0.628824,-0.003392,0.064042,0.774899
1677113681,269956211,0.385266,0.695408,0.159838,0.628583,-0.005360,0.066454,0.774880
1677113681,280145326,0.384576,0.695748,0.159715,0.629157,-0.007550,0.068859,0.774185
1677113681,290635001,0.383855,0.696184,0.159574,0.630108,-0.009963,0.070919,0.773198
1677113681,301062865,0.383192,0.696453,0.159448,0.630387,-0.012315,0.073468,0.772699
1677113681,310459018,0.382441,0.696696,0.159316,0.630473,-0.014122,0.075497,0.772402
1677113681,320455297,0.381706,0.697035,0.159150,0.630858,-0.015374,0.077602,0.771855
1677113681,330375554,0.381078,0.697277,0.159032,0.630942,-0.016983,0.079694,0.771539
1677113681,340116483,0.380497,0.697600,0.158925,0.631470,-0.018367,0.081955,0.770839
1677113681,350199628,0.379957,0.697895,0.158814,0.632078,-0.019622,0.083907,0.770099
1677113681,360643697,0.379380,0.698083,0.158703,0.632409,-0.020214,0.085454,0.769641
1677113681,370385122,0.379007,0.698253,0.158591,0.632662,-0.021186,0.086754,0.769262
1677113681,381384714,0.378707,0.698542,0.158453,0.633661,-0.021762,0.088140,0.768265
1677113681,390297865,0.378475,0.698805,0.158338,0.634544,-0.021888,0.088828,0.767454
1677113681,400090115,0.378308,0.699011,0.158219,0.635297,-0.021521,0.089152,0.766802
1677113681,410638422,0.378303,0.699248,0.158070,0.636239,-0.021126,0.089291,0.766016
1677113681,420722067,0.378321,0.699267,0.158001,0.636610,-0.020227,0.088676,0.765803
1677113681,430309586,0.378488,0.699368,0.157894,0.637725,-0.019289,0.088022,0.764975
1677113681,441020531,0.378629,0.699458,0.157792,0.639036,-0.018146,0.086175,0.764119
1677113681,451073070,0.379069,0.699428,0.157655,0.639958,-0.017061,0.085293,0.763471
1677113681,459805989,0.379298,0.699344,0.157575,0.640939,-0.015553,0.082489,0.762988
1677113681,469789911,0.379901,0.699428,0.157475,0.642599,-0.014539,0.081685,0.761697
1677113681,479757768,0.380255,0.699255,0.157371,0.643394,-0.013152,0.079086,0.761326
1677113681,489931077,0.380831,0.699197,0.157281,0.644170,-0.012053,0.077678,0.760832
1677113681,500413936,0.381258,0.698915,0.157165,0.644207,-0.010694,0.075293,0.761061
1677113681,510481747,0.381721,0.698879,0.157032,0.645357,-0.009720,0.073439,0.760281
1677113681,520360703,0.382201,0.698606,0.157003,0.645904,-0.008642,0.071878,0.759978
1677113681,530503196,0.382602,0.698480,0.156937,0.647238,-0.007502,0.070123,0.759019
1677113681,539898926,0.383049,0.698232,0.156860,0.647946,-0.006720,0.068553,0.758565
1677113681,550386985,0.383356,0.697963,0.156719,0.648717,-0.005420,0.066783,0.758074
1677113681,560411574,0.383801,0.697793,0.156606,0.649648,-0.004941,0.065904,0.757357
1677113681,570690241,0.384061,0.697426,0.156478,0.650240,-0.004219,0.064084,0.757010
1677113681,580566465,0.384415,0.697178,0.156327,0.651573,-0.003739,0.063501,0.755914
1677113681,590235136,0.384635,0.696849,0.156143,0.652638,-0.002639,0.062959,0.755045
1677113681,600378235,0.384842,0.696520,0.155916,0.654114,-0.002471,0.062051,0.753843
1677113681,610435141,0.385098,0.696046,0.155666,0.655318,-0.002285,0.061643,0.752831
1677113681,620561183,0.385188,0.695642,0.155387,0.657148,-0.002052,0.061055,0.751282
1677113681,630198752,0.385421,0.695131,0.155079,0.658763,-0.002717,0.060728,0.749890
1677113681,640251132,0.385516,0.694770,0.154829,0.660671,-0.002630,0.060634,0.748218
1677113681,650315774,0.385549,0.694283,0.154574,0.661962,-0.002381,0.060013,0.747127
1677113681,659911835,0.385752,0.693930,0.154395,0.663581,-0.003024,0.060046,0.745684
1677113681,669977707,0.385748,0.693509,0.154150,0.665010,-0.002312,0.059185,0.744482
1677113681,680683301,0.386017,0.693099,0.153954,0.666294,-0.002810,0.059101,0.743338
1677113681,690098182,0.386244,0.692802,0.153701,0.668030,-0.002465,0.058460,0.741830
1677113681,700936197,0.386566,0.692443,0.153476,0.669205,-0.001969,0.058082,0.740802
1677113681,710566041,0.386874,0.692165,0.153244,0.670626,-0.000847,0.056875,0.739611
1677113681,720787395,0.387290,0.691746,0.153085,0.671264,0.000344,0.055562,0.739133
1677113681,729999742,0.387800,0.691559,0.152901,0.672714,0.001643,0.054005,0.737927
1677113681,739876091,0.388272,0.691028,0.152727,0.672830,0.003535,0.051875,0.737968
1677113681,750563499,0.389011,0.690744,0.152544,0.674042,0.004312,0.050224,0.736971
1677113681,760759354,0.389673,0.690525,0.152390,0.675569,0.005837,0.047984,0.735711
1677113681,770523797,0.390362,0.690292,0.152251,0.676876,0.007203,0.045406,0.734660
1677113681,780059399,0.391086,0.690059,0.152209,0.677624,0.008726,0.043315,0.734080
1677113681,790199673,0.391756,0.690096,0.152164,0.678952,0.009964,0.040655,0.732989
1677113681,799781177,0.392294,0.689917,0.152157,0.679095,0.011730,0.038158,0.732964
1677113681,810108819,0.392906,0.690044,0.152096,0.680548,0.012623,0.036140,0.731703
1677113681,820257468,0.393379,0.689833,0.151973,0.681093,0.013961,0.034256,0.731262
1677113681,830671426,0.393945,0.689655,0.151897,0.681897,0.014428,0.033300,0.730547
1677113681,840342416,0.394274,0.689486,0.151854,0.682975,0.016022,0.032414,0.729546
1677113681,849890174,0.394655,0.689337,0.151824,0.683968,0.016042,0.031292,0.728664
1677113681,859764843,0.394913,0.689144,0.151756,0.684323,0.016663,0.030844,0.728336
1677113681,869836205,0.395088,0.689016,0.151744,0.684789,0.016862,0.030539,0.727906
1677113681,880249187,0.395153,0.689076,0.151723,0.686151,0.016640,0.030373,0.726635
1677113681,890461796,0.395221,0.688932,0.151804,0.686941,0.015698,0.030961,0.725883
1677113681,900920449,0.395127,0.688730,0.151889,0.687935,0.014883,0.031535,0.724935
1677113681,910238005,0.394978,0.688415,0.151922,0.688503,0.014092,0.032545,0.724366
1677113681,920109826,0.394664,0.688423,0.151924,0.690568,0.012901,0.033167,0.722392
1677113681,929722677,0.394431,0.688162,0.151825,0.691338,0.011713,0.035097,0.721584
1677113681,939751893,0.394088,0.687787,0.151695,0.691793,0.010403,0.036336,0.721106
1677113681,950006802,0.393715,0.687515,0.151574,0.692631,0.009612,0.038000,0.720226
1677113681,960480512,0.393490,0.687309,0.151431,0.693697,0.008124,0.039925,0.719114
1677113681,970794399,0.393209,0.687098,0.151369,0.694959,0.006895,0.040955,0.717849
1677113681,980280054,0.392945,0.686746,0.151270,0.695721,0.005866,0.041327,0.717098
1677113681,990506832,0.392816,0.686503,0.151224,0.696896,0.004807,0.042201,0.715913
1677113681,999832551,0.392757,0.686365,0.151166,0.698295,0.003567,0.042501,0.714538
1677113682,10015048,0.392672,0.686032,0.151136,0.698557,0.002992,0.043262,0.714239
1677113682,20426317,0.392606,0.685836,0.151096,0.699459,0.001939,0.043285,0.713358
1677113682,31129573,0.392495,0.685680,0.150977,0.700486,0.001366,0.043195,0.712356
1677113682,40100481,0.392451,0.685349,0.150815,0.701127,0.000950,0.043229,0.711724
1677113682,50059007,0.392453,0.685114,0.150656,0.702626,0.000472,0.042741,0.710274
1677113682,60068005,0.392492,0.684722,0.150508,0.703735,0.000080,0.042124,0.709212
1677113682,69715471,0.392544,0.684295,0.150334,0.704536,-0.000012,0.040968,0.708484
1677113682,80013823,0.392670,0.684119,0.150187,0.706198,0.000365,0.040371,0.706863
1677113682,90615313,0.392914,0.683928,0.150087,0.707428,-0.000069,0.039473,0.705682
1677113682,100231587,0.393057,0.683562,0.149917,0.707484,0.000712,0.038840,0.705661
1677113682,109926614,0.393187,0.683396,0.149757,0.708330,0.000883,0.037506,0.704884
1677113682,120735300,0.393345,0.683178,0.149597,0.708804,0.001422,0.036733,0.704447
1677113682,130372612,0.393494,0.682908,0.149461,0.709317,0.001553,0.035247,0.704006
1677113682,139908809,0.393686,0.682713,0.149399,0.710627,0.001548,0.033825,0.702754
1677113682,150515919,0.393896,0.682380,0.149351,0.711582,0.001907,0.032512,0.701848
1677113682,161211853,0.394275,0.681988,0.149369,0.712815,0.001685,0.031946,0.700622
1677113682,170630262,0.394378,0.681602,0.149355,0.714662,0.002716,0.030213,0.698812
1677113682,180892372,0.394511,0.681171,0.149373,0.716594,0.003787,0.029033,0.696876
1677113682,190432774,0.394855,0.680616,0.149379,0.717978,0.003514,0.028504,0.695473
1677113682,200129935,0.394949,0.680242,0.149457,0.719815,0.003914,0.027107,0.693625
1677113682,210172668,0.395104,0.679931,0.149536,0.721642,0.004004,0.026332,0.691754
1677113682,220593636,0.395254,0.679515,0.149576,0.722499,0.003859,0.025750,0.690881
1677113682,230206881,0.395313,0.679209,0.149641,0.723598,0.003733,0.025079,0.689756
1677113682,241127652,0.395457,0.678974,0.149701,0.724463,0.003163,0.025122,0.688848
1677113682,250651627,0.395429,0.678746,0.149783,0.725239,0.002946,0.024183,0.688066
1677113682,260267694,0.395467,0.678409,0.149837,0.725530,0.002306,0.023527,0.687785
1677113682,270196925,0.395652,0.678215,0.149932,0.726615,0.001211,0.023669,0.686636
1677113682,280362923,0.395597,0.677850,0.150004,0.727161,0.001660,0.023242,0.686072
1677113682,291015411,0.395742,0.677529,0.150158,0.728349,0.000731,0.022585,0.684833
1677113682,300436555,0.395826,0.677086,0.150353,0.729281,0.000858,0.022460,0.683845
1677113682,311188100,0.395935,0.676551,0.150513,0.730320,0.000839,0.021808,0.682757
1677113682,320410594,0.396052,0.676177,0.150746,0.732090,0.000987,0.021343,0.680872
1677113682,330070284,0.396267,0.675728,0.151056,0.733878,0.000748,0.021051,0.678955
1677113682,340357100,0.396435,0.675291,0.151362,0.735527,0.001083,0.020654,0.677179
1677113682,350693536,0.396530,0.674780,0.151655,0.736792,0.001450,0.019936,0.675824
1677113682,361010918,0.396639,0.674422,0.151942,0.738210,0.001352,0.019041,0.674301
1677113682,370217312,0.396844,0.674098,0.152270,0.739645,0.000644,0.018587,0.672740
1677113682,380867208,0.396878,0.673717,0.152582,0.740637,0.000758,0.017836,0.671668
1677113682,390627000,0.397018,0.673422,0.152987,0.741897,0.000234,0.017676,0.670280
1677113682,400712272,0.396937,0.673091,0.153332,0.742542,0.000953,0.017438,0.669572
1677113682,410155043,0.397044,0.672914,0.153743,0.743720,0.000220,0.017550,0.668260
1677113682,420612778,0.396968,0.672767,0.154155,0.744654,0.000443,0.017662,0.667217
1677113682,430570215,0.396979,0.672571,0.154540,0.745414,-0.000276,0.017932,0.666360
1677113682,440423865,0.396744,0.672550,0.154991,0.746708,0.000390,0.018143,0.664905
1677113682,450371301,0.396657,0.672365,0.155444,0.747605,0.000051,0.018673,0.663881
1677113682,460356680,0.396527,0.672202,0.155861,0.748240,0.000037,0.019339,0.663146
1677113682,469895513,0.396429,0.672178,0.156299,0.749377,-0.000249,0.019799,0.661847
1677113682,480239272,0.396292,0.672035,0.156681,0.749945,-0.000406,0.019355,0.661217
1677113682,490395239,0.396317,0.672058,0.157167,0.751194,-0.000959,0.019484,0.659794
1677113682,500375617,0.396317,0.671987,0.157621,0.752216,-0.000743,0.019744,0.658620
1677113682,510732884,0.396315,0.671799,0.158062,0.753012,-0.000210,0.019766,0.657709
1677113682,521138812,0.396358,0.671598,0.158554,0.754138,0.000088,0.019512,0.656426
1677113682,530328229,0.396422,0.671443,0.159038,0.755382,0.000314,0.018907,0.655012
1677113682,540093062,0.396490,0.671275,0.159547,0.756700,0.000835,0.018219,0.653508
1677113682,550500296,0.396626,0.671075,0.160135,0.757700,0.001572,0.017866,0.652357
1677113682,560615309,0.396853,0.670888,0.160706,0.758747,0.002215,0.017231,0.651154
1677113682,570815874,0.397041,0.670725,0.161342,0.759685,0.003318,0.016375,0.650076
1677113682,580427581,0.397178,0.670690,0.162058,0.761348,0.004745,0.014721,0.648159
1677113682,590437350,0.397683,0.670523,0.162759,0.762544,0.004902,0.013868,0.646769
1677113682,599812325,0.397935,0.670249,0.163452,0.763431,0.006933,0.012603,0.645729
1677113682,610227439,0.398361,0.670097,0.164161,0.764886,0.008386,0.011205,0.644014
1677113682,620845007,0.398709,0.669927,0.164851,0.766238,0.010776,0.009861,0.642391
1677113682,630974450,0.399177,0.669711,0.165571,0.767115,0.012677,0.008348,0.641330
1677113682,640677204,0.399553,0.669720,0.166320,0.768553,0.015261,0.006935,0.639567
1677113682,650307050,0.399987,0.669572,0.167038,0.769089,0.017718,0.005974,0.638868
1677113682,660044955,0.400365,0.669757,0.167835,0.770464,0.020067,0.004357,0.637153
1677113682,669762847,0.400739,0.669603,0.168585,0.770471,0.022794,0.003694,0.637057
1677113682,680060437,0.401157,0.669659,0.169429,0.771136,0.024790,0.002879,0.636181
1677113682,690118374,0.401497,0.669777,0.170325,0.772143,0.026525,0.001320,0.634893
1677113682,700290862,0.401827,0.669648,0.171231,0.772506,0.028179,0.001137,0.634381
1677113682,710584212,0.402007,0.669475,0.172194,0.773078,0.029661,0.000177,0.633617
1677113682,720883636,0.402152,0.669435,0.173199,0.774461,0.030284,-0.000359,0.631896
1677113682,729880599,0.402169,0.669240,0.174232,0.775496,0.030337,-0.000506,0.630624
1677113682,740219715,0.402195,0.669026,0.175240,0.776506,0.029655,0.000374,0.629411
1677113682,750732515,0.402013,0.669005,0.176338,0.778273,0.028602,0.001174,0.627273
1677113682,760974822,0.401718,0.668704,0.177371,0.779085,0.027149,0.002344,0.626326
1677113682,770876630,0.401402,0.668491,0.178468,0.780359,0.025556,0.004427,0.624793
1677113682,780587272,0.400966,0.668274,0.179579,0.781859,0.024104,0.006050,0.622959
1677113682,790711057,0.400559,0.668127,0.180762,0.783651,0.022604,0.007625,0.620743
1677113682,800067789,0.400259,0.667773,0.181849,0.784556,0.021467,0.010222,0.619602
1677113682,809839539,0.400086,0.667766,0.183039,0.786113,0.020457,0.012593,0.617616
1677113682,819919611,0.399923,0.667785,0.184203,0.787401,0.019511,0.013416,0.615987
1677113682,830293740,0.399685,0.667821,0.185368,0.788070,0.019711,0.013858,0.615114
1677113682,840143591,0.399712,0.667802,0.186548,0.788443,0.019748,0.014824,0.614613
1677113682,850557116,0.399709,0.667926,0.187775,0.789494,0.020260,0.014861,0.613244
1677113682,860162958,0.399986,0.667757,0.188958,0.789736,0.020408,0.015705,0.612907
1677113682,869978928,0.400131,0.667864,0.190233,0.791271,0.021450,0.015108,0.610903
1677113682,880308659,0.400382,0.667718,0.191418,0.791874,0.022844,0.014830,0.610076
1677113682,890672635,0.400753,0.667703,0.192661,0.793192,0.024080,0.014489,0.608323
1677113682,900644600,0.401110,0.667673,0.193919,0.794215,0.025359,0.013117,0.606965
1677113682,910524766,0.401467,0.667683,0.195164,0.795016,0.027182,0.012433,0.605852
1677113682,921065462,0.401893,0.667808,0.196485,0.795809,0.028539,0.012065,0.604755
1677113682,930088341,0.402271,0.667905,0.197795,0.796066,0.029575,0.011317,0.604381
1677113682,939832686,0.402494,0.668105,0.199110,0.796424,0.030929,0.011024,0.603846
1677113682,950148314,0.402660,0.668274,0.200395,0.796395,0.032115,0.010889,0.603825
1677113682,960447878,0.402826,0.668521,0.201714,0.796557,0.032594,0.011241,0.603579
1677113682,970630244,0.402963,0.668724,0.203026,0.796293,0.032151,0.011641,0.603944
1677113682,980694976,0.402951,0.669031,0.204399,0.796417,0.032141,0.012857,0.603756
1677113682,990579367,0.402792,0.669261,0.205769,0.796708,0.031181,0.012881,0.603423
1677113683,227368,0.402679,0.669370,0.207102,0.796670,0.030712,0.015108,0.603445
1677113683,10298822,0.402621,0.669451,0.208446,0.797109,0.029570,0.017008,0.602872
1677113683,20719341,0.402426,0.669551,0.209816,0.797987,0.028961,0.018506,0.601694
1677113683,30670002,0.402374,0.669557,0.211145,0.798630,0.028240,0.019909,0.600830
1677113683,40859754,0.402297,0.669440,0.212454,0.798986,0.028122,0.021068,0.600322
1677113683,50418579,0.402512,0.669420,0.213793,0.799406,0.027235,0.022245,0.599761
1677113683,59950573,0.402566,0.669397,0.215143,0.799757,0.027780,0.022528,0.599258
1677113683,69940028,0.402757,0.669404,0.216454,0.799850,0.027957,0.022054,0.599143
1677113683,80053659,0.402801,0.669339,0.217712,0.799209,0.029748,0.021802,0.599921
1677113683,90268402,0.402872,0.669314,0.218936,0.798362,0.031789,0.021771,0.600943
1677113683,100021103,0.402873,0.669342,0.220152,0.797799,0.033890,0.020907,0.601607
1677113683,109973781,0.403796,0.670187,0.221825,0.800202,0.031916,0.022939,0.598441
1677113683,120270896,0.404228,0.670134,0.223124,0.800326,0.031081,0.022433,0.598339
1677113683,130509641,0.404449,0.670275,0.224468,0.800949,0.031907,0.022941,0.597441
1677113683,140076419,0.404681,0.670472,0.225834,0.801849,0.032398,0.023680,0.596178
1677113683,149824066,0.404716,0.669825,0.227024,0.799888,0.031894,0.022819,0.598867
1677113683,160145496,0.405016,0.669750,0.228379,0.799891,0.030668,0.024209,0.598873
1677113683,170455190,0.404992,0.669661,0.229669,0.799820,0.030776,0.025080,0.598926
1677113683,180765849,0.405015,0.669679,0.231004,0.800351,0.029967,0.025704,0.598231
1677113683,190836899,0.405064,0.669604,0.232226,0.800402,0.028626,0.026448,0.598195
1677113683,200490209,0.404922,0.669616,0.233493,0.800552,0.028326,0.027162,0.597977
1677113683,209916641,0.404952,0.669612,0.234763,0.800648,0.027351,0.028364,0.597838
1677113683,220042335,0.404934,0.669516,0.235982,0.800383,0.026665,0.029396,0.598174
1677113683,230414852,0.405105,0.669498,0.237225,0.800697,0.025371,0.031525,0.597701
1677113683,240315216,0.405263,0.669249,0.238324,0.800240,0.024179,0.033348,0.598264
1677113683,250420661,0.405480,0.669092,0.239491,0.800316,0.022896,0.035571,0.598084
1677113683,261002597,0.405114,0.669165,0.240754,0.801406,0.023378,0.033075,0.596747
1677113683,270178596,0.405023,0.669033,0.241828,0.801263,0.023523,0.033442,0.596914
1677113683,280005633,0.405084,0.668948,0.242958,0.801188,0.022944,0.034345,0.596986
1677113683,290209898,0.405190,0.668898,0.244089,0.801135,0.021955,0.034578,0.597080
1677113683,300225171,0.405163,0.668979,0.245259,0.801435,0.021696,0.034774,0.596676
1677113683,310545239,0.405060,0.668921,0.246351,0.801423,0.021784,0.034898,0.596682
1677113683,320625271,0.405136,0.668924,0.247452,0.801558,0.020983,0.035804,0.596474
1677113683,330376621,0.405018,0.668668,0.248404,0.800899,0.020937,0.036659,0.597309
1677113683,339911990,0.404946,0.668685,0.249495,0.801179,0.020410,0.037536,0.596898
1677113683,350394960,0.404782,0.668650,0.250487,0.801250,0.020376,0.038844,0.596720
1677113683,361184504,0.404526,0.668672,0.251459,0.801432,0.020383,0.039247,0.596449
1677113683,370748768,0.404301,0.668768,0.252380,0.801146,0.020415,0.040467,0.596751
1677113683,381051277,0.404131,0.669008,0.253352,0.801114,0.020018,0.041547,0.596733
1677113683,390283018,0.404066,0.669178,0.254205,0.800359,0.018795,0.042498,0.597718
1677113683,400092049,0.403829,0.669349,0.255108,0.799619,0.018814,0.042941,0.598675
1677113683,410383948,0.403606,0.669551,0.255987,0.799128,0.018865,0.043414,0.599294
1677113683,420700658,0.403487,0.669722,0.256886,0.798920,0.018958,0.044160,0.599514
1677113683,431118118,0.403510,0.669565,0.257703,0.798275,0.018396,0.044861,0.600338
1677113683,440443635,0.403472,0.669630,0.258602,0.798991,0.018380,0.044825,0.599388
1677113683,450454195,0.403421,0.669443,0.259440,0.799323,0.019002,0.045015,0.598912
1677113683,460526157,0.403529,0.669230,0.260282,0.799810,0.018921,0.044781,0.598282
1677113683,469875154,0.403536,0.669067,0.261122,0.800483,0.019855,0.044375,0.597380
1677113683,480518429,0.403660,0.668876,0.261972,0.800932,0.020089,0.043903,0.596805
1677113683,491143597,0.403795,0.668763,0.262808,0.801340,0.020454,0.043176,0.596298
1677113683,500757072,0.404029,0.668669,0.263635,0.801526,0.020447,0.043302,0.596040
1677113683,510649742,0.404212,0.668578,0.264438,0.801316,0.020907,0.043079,0.596322
1677113683,520069751,0.404414,0.668684,0.265284,0.801515,0.020977,0.042539,0.596091
1677113683,530051130,0.404595,0.668654,0.266053,0.800944,0.021396,0.042231,0.596864
1677113683,540119815,0.404755,0.668775,0.266885,0.800659,0.021955,0.042316,0.597221
1677113683,550576718,0.404834,0.668737,0.267655,0.799669,0.022362,0.041741,0.598571
1677113683,560834943,0.405069,0.668962,0.268546,0.799579,0.021842,0.042309,0.598671
1677113683,570344949,0.405104,0.668979,0.269403,0.799145,0.022132,0.042191,0.599247
1677113683,579834628,0.405179,0.668878,0.270219,0.798546,0.021992,0.042505,0.600028
1677113683,589841718,0.405167,0.669053,0.271123,0.799086,0.022010,0.042473,0.599310
1677113683,599853807,0.405211,0.669040,0.271996,0.799135,0.022021,0.042927,0.599212
1677113683,609806939,0.405261,0.669084,0.272912,0.799352,0.021846,0.043051,0.598921
1677113683,619780551,0.405338,0.669034,0.273832,0.799261,0.022041,0.043439,0.599007
1677113683,630319954,0.405465,0.669022,0.274776,0.799174,0.021653,0.043598,0.599125
1677113683,640301399,0.405586,0.669052,0.275704,0.799080,0.021629,0.044136,0.599212
1677113683,650191031,0.405653,0.669079,0.276647,0.799039,0.021949,0.044516,0.599227
1677113683,659993060,0.405763,0.669118,0.277602,0.798924,0.022248,0.045192,0.599319
1677113683,670224905,0.405745,0.669263,0.278630,0.799238,0.022906,0.045233,0.598873
1677113683,679998019,0.405995,0.669306,0.279548,0.799022,0.022042,0.045664,0.599160
1677113683,690263407,0.406137,0.669315,0.280476,0.798754,0.022160,0.046079,0.599481
1677113683,700648116,0.406177,0.669359,0.281399,0.798775,0.022485,0.045996,0.599448
1677113683,710658911,0.406336,0.669385,0.282304,0.798648,0.022525,0.046136,0.599604
1677113683,720199583,0.406488,0.669323,0.283169,0.798353,0.022192,0.045478,0.600060
1677113683,730050816,0.406796,0.669418,0.284068,0.798669,0.021848,0.046146,0.599601
1677113683,739937482,0.407073,0.669348,0.284872,0.798638,0.021418,0.045922,0.599675
1677113683,750302437,0.407184,0.669237,0.285645,0.798802,0.022097,0.045566,0.599459
1677113683,760638501,0.407477,0.669118,0.286371,0.799001,0.022374,0.045389,0.599197
1677113683,769867258,0.407777,0.668999,0.287104,0.799241,0.022896,0.045405,0.598855
1677113683,780140365,0.408072,0.669003,0.287857,0.799730,0.023486,0.045183,0.598197
1677113683,790103433,0.408252,0.668879,0.288512,0.799340,0.024886,0.044751,0.598693
1677113683,799756245,0.408622,0.668854,0.289253,0.799414,0.024936,0.044501,0.598611
1677113683,809870223,0.408881,0.669001,0.290008,0.799910,0.025823,0.044129,0.597937
1677113683,820750143,0.409226,0.668783,0.290591,0.799035,0.026290,0.043767,0.599113
1677113683,831202011,0.409627,0.668652,0.291271,0.798649,0.026446,0.043284,0.599655
1677113683,840063134,0.409843,0.668627,0.291950,0.798864,0.027142,0.042022,0.599428
1677113683,850198534,0.410149,0.668471,0.292595,0.798710,0.027489,0.041653,0.599643
1677113683,859790414,0.410496,0.668419,0.293233,0.798797,0.027358,0.041031,0.599575
1677113683,869801626,0.410697,0.668242,0.293808,0.798540,0.027526,0.040737,0.599931
1677113683,880014721,0.410843,0.668277,0.294412,0.798786,0.027857,0.040433,0.599608
1677113683,890985802,0.411039,0.668246,0.294921,0.798572,0.027641,0.040896,0.599872
1677113683,900782398,0.411069,0.668088,0.295344,0.797891,0.027672,0.040318,0.600814
1677113683,910905687,0.411129,0.668030,0.295819,0.797524,0.027560,0.040453,0.601298
1677113683,920428728,0.411205,0.667949,0.296314,0.797109,0.026726,0.040624,0.601874
1677113683,930106982,0.411208,0.667902,0.296828,0.796684,0.026382,0.041008,0.602425
1677113683,940001392,0.411126,0.667658,0.297281,0.795704,0.025951,0.040659,0.603762
1677113683,950330120,0.411177,0.667664,0.297819,0.795456,0.024678,0.041032,0.604116
1677113683,960160385,0.411042,0.667664,0.298392,0.795267,0.024408,0.041556,0.604341
1677113683,970886698,0.411200,0.668393,0.299199,0.797411,0.023094,0.043125,0.601451
1677113683,980541427,0.411080,0.668439,0.299694,0.797526,0.022557,0.043975,0.601257
1677113683,990563637,0.411005,0.668547,0.300157,0.797996,0.021592,0.044958,0.600596
1677113683,999941631,0.410963,0.668670,0.300602,0.798413,0.020613,0.046502,0.599957
1677113684,10059853,0.410818,0.668705,0.300949,0.798473,0.019534,0.046688,0.599899
1677113684,20260450,0.410646,0.668849,0.301282,0.798741,0.019451,0.047315,0.599497
1677113684,30056110,0.410617,0.668973,0.301620,0.798989,0.018435,0.047284,0.599201
1677113684,40445547,0.410526,0.669002,0.301872,0.798920,0.018383,0.047515,0.599276
1677113684,50340603,0.409635,0.669419,0.302339,0.800887,0.023337,0.046437,0.596556
1677113684,59846786,0.409614,0.669517,0.302575,0.801201,0.023738,0.046250,0.596133
1677113684,69811942,0.409610,0.669801,0.302875,0.802259,0.024185,0.045939,0.594714
1677113684,80190297,0.409758,0.669880,0.303050,0.802695,0.024502,0.045906,0.594115
1677113684,89813450,0.409842,0.669913,0.303227,0.802860,0.024908,0.045352,0.593918
1677113684,100071803,0.409981,0.670010,0.303393,0.802950,0.025328,0.045121,0.593797
1677113684,110771949,0.409987,0.670084,0.303595,0.803059,0.025938,0.044280,0.593686
1677113684,120986401,0.409927,0.670040,0.303754,0.802504,0.027115,0.044003,0.594404
1677113684,130312670,0.410031,0.670274,0.304066,0.803032,0.026945,0.043884,0.593707
1677113684,140024968,0.409979,0.670312,0.304315,0.802880,0.027109,0.043077,0.593964
1677113684,150323906,0.409948,0.668419,0.304038,0.796376,0.028395,0.043921,0.602537
1677113684,160686663,0.410001,0.668434,0.304364,0.796522,0.028084,0.044829,0.602291
1677113684,170316909,0.409940,0.668530,0.304712,0.797047,0.028101,0.045272,0.601563
1677113684,180633552,0.409798,0.668474,0.304998,0.797288,0.028243,0.045626,0.601209
1677113684,190697972,0.409641,0.668411,0.305309,0.797443,0.028578,0.046331,0.600934
1677113684,199986921,0.409562,0.668451,0.305652,0.797826,0.028282,0.047179,0.600373
1677113684,210228485,0.409390,0.668328,0.305960,0.797653,0.028774,0.048688,0.600460
1677113684,220117133,0.409210,0.668302,0.306227,0.797501,0.028623,0.049937,0.600566
