secs,nsecs,tx,ty,tz,rx,ry,rz,rw
1677114464,80992633,0.316069,0.536038,0.519682,0.510695,-0.099783,-0.085506,0.849660
1677114464,91015744,0.316198,0.535769,0.519293,0.511048,-0.099871,-0.085412,0.849447
1677114464,100819490,0.316252,0.535414,0.518991,0.510818,-0.099921,-0.085413,0.849579
1677114464,111566978,0.316437,0.535227,0.518593,0.511570,-0.100757,-0.085342,0.849035
1677114464,121412290,0.316510,0.534962,0.518244,0.511832,-0.100490,-0.085351,0.848908
1677114464,131262437,0.316748,0.534671,0.517887,0.512238,-0.101184,-0.085156,0.848600
1677114464,141316136,0.317025,0.534543,0.517525,0.513426,-0.101093,-0.084205,0.847988
1677114464,151269669,0.317005,0.534212,0.517150,0.513529,-0.101183,-0.085386,0.847797
1677114464,160874278,0.317290,0.534016,0.516744,0.514385,-0.101554,-0.085077,0.847264
1677114464,171120449,0.317506,0.533780,0.516339,0.514976,-0.101849,-0.085564,0.846821
1677114464,181515565,0.317836,0.533578,0.515955,0.515633,-0.101848,-0.084857,0.846492
1677114464,191574020,0.318135,0.533420,0.515497,0.516350,-0.102045,-0.085084,0.846009
1677114464,201824179,0.318435,0.533292,0.514947,0.517154,-0.102559,-0.085660,0.845397
1677114464,211844077,0.318598,0.533173,0.514481,0.517495,-0.102116,-0.086246,0.845182
1677114464,221011576,0.318906,0.533060,0.513939,0.517946,-0.101733,-0.085966,0.844981
1677114464,231047309,0.319369,0.533053,0.513320,0.518875,-0.102839,-0.085928,0.844280
1677114464,242373998,0.319778,0.533072,0.512703,0.519734,-0.102910,-0.085162,0.843821
1677114464,251315094,0.320086,0.533123,0.511952,0.520578,-0.103252,-0.085545,0.843220
1677114464,260889947,0.320443,0.533118,0.511169,0.520987,-0.103025,-0.085258,0.843024
1677114464,271326887,0.320787,0.533240,0.510318,0.521579,-0.103131,-0.085313,0.842640
1677114464,280828898,0.320817,0.533381,0.509405,0.521579,-0.100966,-0.085611,0.842872
1677114464,291337610,0.321564,0.533681,0.508457,0.522538,-0.102754,-0.084847,0.842138
1677114464,301471223,0.322099,0.533867,0.507491,0.522508,-0.102976,-0.083974,0.842217
1677114464,311144868,0.322629,0.534217,0.506412,0.523112,-0.103508,-0.083478,0.841826
1677114464,320926016,0.323084,0.534541,0.505305,0.523368,-0.103886,-0.083188,0.841649
1677114464,331326211,0.323590,0.534981,0.504134,0.523896,-0.103856,-0.082388,0.841403
1677114464,342012014,0.324003,0.535247,0.503062,0.523562,-0.104129,-0.081968,0.841618
1677114464,351239141,0.324394,0.535615,0.501934,0.523547,-0.104407,-0.081780,0.841612
1677114464,360798399,0.324761,0.535997,0.500766,0.524079,-0.104670,-0.081384,0.841286
1677114464,371494098,0.325053,0.536381,0.499654,0.524558,-0.104424,-0.080747,0.841079
1677114464,382086666,0.325579,0.536858,0.498491,0.525512,-0.105055,-0.079087,0.840563
1677114464,391553337,0.325810,0.537146,0.497401,0.525213,-0.104843,-0.078312,0.840849
1677114464,401503204,0.326011,0.537592,0.496287,0.525532,-0.104766,-0.077915,0.840696
1677114464,411734615,0.326426,0.538131,0.495118,0.526714,-0.105314,-0.076290,0.840037
1677114464,420963190,0.326683,0.538528,0.494003,0.527329,-0.105402,-0.075566,0.839705
1677114464,431223118,0.326965,0.538865,0.492932,0.527847,-0.105497,-0.074699,0.839445
1677114464,441246223,0.327353,0.539345,0.491798,0.529509,-0.105974,-0.073756,0.838421
1677114464,451065510,0.327617,0.539584,0.490733,0.529914,-0.106270,-0.073516,0.838149
1677114464,461903020,0.327971,0.539965,0.489549,0.531150,-0.106271,-0.072786,0.837429
1677114464,471632285,0.328421,0.540404,0.488317,0.532313,-0.106518,-0.071835,0.836741
1677114464,481439863,0.328731,0.540605,0.487132,0.531915,-0.105776,-0.071444,0.837122
1677114464,491057910,0.328756,0.540848,0.485750,0.531111,-0.103949,-0.073011,0.837726
1677114464,501548465,0.329497,0.541470,0.484424,0.532230,-0.104534,-0.071104,0.837107
1677114464,511339888,0.329762,0.542297,0.482801,0.534462,-0.101630,-0.070621,0.836083
1677114464,522061163,0.330583,0.542516,0.481567,0.533027,-0.105072,-0.070572,0.836577
1677114464,531573743,0.331015,0.542951,0.480117,0.532806,-0.104401,-0.070490,0.836809
1677114464,541891092,0.331154,0.543543,0.478418,0.533967,-0.100721,-0.070709,0.836501
1677114464,551311398,0.331671,0.543933,0.476929,0.534069,-0.100642,-0.070189,0.836490
1677114464,560931839,0.332080,0.544168,0.475423,0.533499,-0.100077,-0.070056,0.836932
1677114464,571364509,0.332517,0.544607,0.473833,0.534250,-0.099912,-0.070016,0.836476
1677114464,581734581,0.333037,0.544851,0.472285,0.534500,-0.100186,-0.069403,0.836335
1677114464,591890723,0.333451,0.545054,0.470825,0.534848,-0.100177,-0.069114,0.836137
1677114464,601365434,0.333802,0.545330,0.469249,0.536203,-0.099656,-0.069453,0.835303
1677114464,612085860,0.334292,0.545315,0.467794,0.536366,-0.099367,-0.068769,0.835289
1677114464,621504183,0.334711,0.545506,0.466244,0.537604,-0.098975,-0.068614,0.834553
1677114464,631251826,0.335028,0.545639,0.464623,0.538265,-0.097434,-0.068950,0.834280
1677114464,641324453,0.335341,0.545592,0.463145,0.537675,-0.096048,-0.068764,0.834836
1677114464,651707155,0.335727,0.545706,0.461563,0.537653,-0.095526,-0.069377,0.834860
1677114464,661645074,0.336276,0.546049,0.459900,0.538381,-0.095521,-0.069290,0.834398
1677114464,672104110,0.336630,0.545945,0.458366,0.537002,-0.095059,-0.070125,0.835270
1677114464,681574675,0.337049,0.546120,0.456772,0.537075,-0.094429,-0.070286,0.835281
1677114464,691070852,0.338006,0.545902,0.455243,0.535732,-0.096698,-0.068876,0.836000
1677114464,701823595,0.338140,0.546191,0.453654,0.536801,-0.095018,-0.069986,0.835415
1677114464,712419650,0.338406,0.546195,0.452198,0.536783,-0.094515,-0.070355,0.835453
1677114464,722681250,0.338580,0.546146,0.450692,0.536979,-0.094231,-0.071237,0.835284
1677114464,731764604,0.338884,0.546208,0.449209,0.538101,-0.094614,-0.071296,0.834513
1677114464,741710635,0.339057,0.546079,0.447778,0.538823,-0.094241,-0.071020,0.834113
1677114464,750997411,0.339202,0.545970,0.446402,0.539982,-0.094114,-0.070819,0.833395
1677114464,760931184,0.339353,0.545799,0.445027,0.540866,-0.093871,-0.069850,0.832931
1677114464,771467989,0.339410,0.546082,0.443443,0.543452,-0.093240,-0.069568,0.831340
1677114464,781788343,0.339403,0.545768,0.442135,0.543168,-0.093503,-0.069203,0.831527
1677114464,791524508,0.339485,0.545544,0.440758,0.543313,-0.094068,-0.068759,0.831405
1677114464,801933560,0.339641,0.545353,0.439382,0.543477,-0.094484,-0.068094,0.831305
1677114464,811655817,0.339772,0.545340,0.437933,0.544305,-0.095032,-0.067803,0.830725
1677114464,821836894,0.339806,0.545154,0.436478,0.544328,-0.095142,-0.067906,0.830689
1677114464,831268856,0.339938,0.544992,0.435044,0.544644,-0.095393,-0.067792,0.830462
1677114464,842175706,0.340145,0.544761,0.433574,0.544782,-0.095699,-0.067552,0.830356
1677114464,851891039,0.340318,0.544731,0.432059,0.545893,-0.095388,-0.067347,0.829679
1677114464,862446679,0.340462,0.544359,0.430610,0.545479,-0.095398,-0.067702,0.829921
1677114464,872001253,0.340796,0.544341,0.429063,0.546860,-0.095609,-0.067595,0.828996
1677114464,881365282,0.340991,0.544161,0.427570,0.547501,-0.095128,-0.067924,0.828601
1677114464,891283492,0.341112,0.543757,0.426137,0.547133,-0.094126,-0.068530,0.828909
1677114464,901303655,0.341589,0.543837,0.424592,0.549242,-0.093955,-0.067713,0.827600
1677114464,911566143,0.341778,0.543632,0.423105,0.549685,-0.093602,-0.068782,0.827257
1677114464,921307340,0.342242,0.543389,0.421645,0.550002,-0.093499,-0.068165,0.827109
1677114464,931676380,0.342466,0.543336,0.420162,0.550777,-0.092982,-0.068689,0.826608
1677114464,942004922,0.342753,0.543024,0.418705,0.550512,-0.092462,-0.068818,0.826832
1677114464,952058719,0.343048,0.543050,0.417218,0.551589,-0.092182,-0.069051,0.826126
1677114464,961006868,0.343321,0.542879,0.415722,0.551710,-0.091721,-0.069023,0.826099
1677114464,971430888,0.343668,0.542931,0.414157,0.552824,-0.091706,-0.069317,0.825331
1677114464,981297006,0.343909,0.542562,0.412666,0.552145,-0.092179,-0.070430,0.825638
1677114464,991783411,0.344296,0.542550,0.411107,0.553033,-0.092969,-0.070442,0.824954
1677114465,2745627,0.344640,0.542510,0.409596,0.553889,-0.093121,-0.069918,0.824407
1677114465,12544589,0.344768,0.542526,0.407967,0.554836,-0.092485,-0.070612,0.823783
1677114465,21477482,0.345013,0.542693,0.406278,0.556337,-0.091127,-0.069527,0.823014
1677114465,31367271,0.345287,0.542549,0.404686,0.556661,-0.091818,-0.069772,0.822697
1677114465,41854794,0.345455,0.542657,0.402952,0.557899,-0.091386,-0.069389,0.821938
1677114465,51613140,0.345520,0.542868,0.401166,0.558918,-0.089732,-0.068283,0.821521
1677114465,61713126,0.345760,0.542884,0.399385,0.559269,-0.091437,-0.068490,0.821076
1677114465,72201399,0.345771,0.543188,0.397481,0.560114,-0.089653,-0.066896,0.820828
1677114465,81816332,0.345962,0.543404,0.395560,0.560733,-0.089855,-0.065678,0.820482
1677114465,91162426,0.346140,0.543678,0.393567,0.561742,-0.089873,-0.064569,0.819878
1677114465,101384264,0.346168,0.543742,0.391502,0.561725,-0.089552,-0.064220,0.819952
1677114465,111493940,0.346408,0.543988,0.389358,0.562598,-0.089344,-0.063095,0.819464
1677114465,122491361,0.346662,0.544180,0.387168,0.563132,-0.089509,-0.062538,0.819121
1677114465,132017859,0.347010,0.544309,0.384962,0.562958,-0.089539,-0.062207,0.819263
1677114465,141808465,0.347412,0.544600,0.382666,0.563644,-0.088949,-0.062059,0.818867
1677114465,151134843,0.347877,0.544947,0.380346,0.564757,-0.088148,-0.062365,0.818163
1677114465,161245626,0.348341,0.545075,0.378058,0.564980,-0.086884,-0.063491,0.818057
1677114465,171576072,0.348965,0.545242,0.375731,0.565651,-0.085513,-0.064081,0.817692
1677114465,181131440,0.349670,0.545546,0.373406,0.567055,-0.084446,-0.065221,0.816740
1677114465,191532638,0.350353,0.545666,0.371084,0.567765,-0.083315,-0.067140,0.816207
1677114465,201842589,0.351012,0.545847,0.368751,0.568532,-0.080846,-0.067837,0.815863
1677114465,212152444,0.351577,0.546030,0.366376,0.569179,-0.078004,-0.068913,0.815599
1677114465,221691696,0.352493,0.546551,0.363889,0.570833,-0.076255,-0.069453,0.814562
1677114465,231388607,0.353239,0.546838,0.361476,0.571092,-0.074526,-0.070255,0.814472
1677114465,241768686,0.353755,0.547318,0.358966,0.571674,-0.071781,-0.071565,0.814196
1677114465,251522108,0.354582,0.547978,0.356482,0.572707,-0.070830,-0.071925,0.813521
1677114465,261953308,0.355044,0.548320,0.354051,0.572128,-0.068676,-0.073121,0.814006
1677114465,271228086,0.355616,0.548790,0.351563,0.572107,-0.067349,-0.073724,0.814077
1677114465,281699667,0.356278,0.549323,0.349122,0.572589,-0.067544,-0.074497,0.813652
1677114465,291114593,0.356861,0.549681,0.346766,0.572665,-0.066799,-0.074581,0.813653
1677114465,301538630,0.357251,0.550089,0.344443,0.573351,-0.066116,-0.075859,0.813107
1677114465,311714615,0.356825,0.550088,0.342173,0.571703,-0.060150,-0.077798,0.814546
1677114465,321553836,0.357204,0.550470,0.339912,0.572603,-0.058406,-0.078177,0.814004
1677114465,331743162,0.357565,0.550859,0.337711,0.573519,-0.056909,-0.078483,0.813436
1677114465,341977837,0.357987,0.551359,0.335504,0.574611,-0.055784,-0.078323,0.812758
1677114465,351308326,0.357996,0.551920,0.333345,0.575993,-0.052341,-0.078890,0.811954
1677114465,361081144,0.358756,0.552137,0.331183,0.574890,-0.054360,-0.077764,0.812711
1677114465,371515659,0.359112,0.552611,0.329017,0.575111,-0.054106,-0.077904,0.812558
1677114465,381847891,0.359347,0.553174,0.326851,0.575413,-0.053477,-0.078082,0.812369
1677114465,391854815,0.359649,0.553633,0.324761,0.575285,-0.053160,-0.078108,0.812478
1677114465,401426273,0.359896,0.554087,0.322680,0.574995,-0.053182,-0.078163,0.812676
1677114465,411726433,0.360211,0.554588,0.320602,0.574960,-0.053051,-0.078138,0.812712
1677114465,421788234,0.360508,0.555163,0.318545,0.575301,-0.052935,-0.077916,0.812500
1677114465,431675415,0.360799,0.555700,0.316508,0.575596,-0.052379,-0.077694,0.812348
1677114465,441824727,0.361046,0.556112,0.314531,0.575362,-0.051812,-0.077621,0.812557
1677114465,452241857,0.362198,0.557334,0.312483,0.579352,-0.054860,-0.074907,0.809772
1677114465,461604773,0.361561,0.557204,0.310583,0.576668,-0.050529,-0.077655,0.811708
1677114465,472498353,0.362786,0.558228,0.308649,0.580039,-0.053817,-0.074623,0.809376
1677114465,482249499,0.363020,0.558849,0.306710,0.581404,-0.052454,-0.074540,0.808494
1677114465,491461279,0.363205,0.559255,0.304790,0.581647,-0.051315,-0.074702,0.808377
1677114465,501639632,0.363461,0.559823,0.302843,0.582440,-0.050404,-0.074626,0.807870
1677114465,512397787,0.363962,0.560620,0.300889,0.584221,-0.051663,-0.074180,0.806545
1677114465,522393175,0.364488,0.561103,0.299029,0.584890,-0.053083,-0.073020,0.806073
1677114465,531667662,0.364339,0.561162,0.297094,0.582456,-0.049885,-0.073610,0.807984
1677114465,542506647,0.364457,0.562114,0.294914,0.583560,-0.046695,-0.072292,0.807497
1677114465,551751345,0.364710,0.562793,0.292912,0.583864,-0.046443,-0.071819,0.807334
1677114465,561379986,0.365073,0.563373,0.290862,0.583321,-0.048014,-0.073011,0.807527
1677114465,571732210,0.365284,0.564210,0.288838,0.584089,-0.046653,-0.071792,0.807161
1677114465,582420275,0.365364,0.565080,0.286859,0.585089,-0.045330,-0.071785,0.806513
1677114465,592130990,0.365264,0.565800,0.285010,0.585643,-0.042147,-0.071555,0.806304
1677114465,602242992,0.365749,0.566228,0.283136,0.584610,-0.044502,-0.071427,0.806938
1677114465,612268861,0.365797,0.566963,0.281219,0.585079,-0.041822,-0.071325,0.806750
1677114465,621734957,0.366149,0.567660,0.279536,0.586533,-0.042857,-0.071210,0.805650
1677114465,631491816,0.366257,0.568206,0.277917,0.587122,-0.042732,-0.071296,0.805220
1677114465,641844906,0.366410,0.569006,0.276224,0.588517,-0.043009,-0.071291,0.804186
1677114465,651461992,0.366359,0.569677,0.274560,0.588381,-0.042335,-0.071442,0.804308
1677114465,661622899,0.366607,0.570545,0.272827,0.588727,-0.043092,-0.070445,0.804103
1677114465,671866812,0.366692,0.571495,0.271100,0.588918,-0.042704,-0.069328,0.804080
1677114465,681731858,0.366781,0.572163,0.269445,0.587551,-0.042510,-0.068346,0.805174
1677114465,691375148,0.366813,0.572929,0.267902,0.586588,-0.042862,-0.068096,0.805879
1677114465,701847604,0.366787,0.573924,0.266179,0.586536,-0.040453,-0.066742,0.806154
1677114465,711889815,0.366845,0.574856,0.264499,0.586207,-0.039563,-0.065747,0.806519
1677114465,721872766,0.367077,0.575922,0.262859,0.586366,-0.040173,-0.065178,0.806420
1677114465,732080502,0.367066,0.576616,0.261278,0.584671,-0.039426,-0.065226,0.807682
1677114465,742160231,0.367218,0.577612,0.259731,0.584381,-0.038747,-0.064904,0.807951
1677114465,751445008,0.367316,0.578556,0.258186,0.583810,-0.038187,-0.065247,0.808363
1677114465,761434079,0.367481,0.579399,0.256755,0.582809,-0.037066,-0.065084,0.809150
1677114465,771619069,0.368020,0.580059,0.255277,0.580877,-0.038961,-0.064771,0.810474
1677114465,781817162,0.368165,0.581001,0.253875,0.580308,-0.038391,-0.065780,0.810828
1677114465,792093877,0.368193,0.581868,0.252560,0.579769,-0.035256,-0.065381,0.811388
1677114465,801694245,0.368350,0.582753,0.251219,0.579360,-0.033494,-0.064872,0.811795
1677114465,811886982,0.368411,0.583694,0.249931,0.579173,-0.032599,-0.065433,0.811920
1677114465,821617033,0.368495,0.584960,0.248536,0.580087,-0.030670,-0.064827,0.811392
1677114465,831604393,0.368595,0.585576,0.247470,0.578440,-0.030689,-0.064460,0.812594
1677114465,842000326,0.368621,0.586433,0.246344,0.577740,-0.030376,-0.064000,0.813141
1677114465,851929643,0.368561,0.587368,0.245211,0.577180,-0.029303,-0.063249,0.813636
1677114465,861311261,0.368546,0.588332,0.244083,0.576743,-0.029458,-0.062667,0.813986
1677114465,871988252,0.368451,0.589319,0.242963,0.576399,-0.029035,-0.061965,0.814298
1677114465,881816750,0.368359,0.590137,0.241929,0.575127,-0.029022,-0.061145,0.815260
1677114465,891583471,0.368353,0.591163,0.240836,0.574702,-0.030124,-0.060695,0.815553
1677114465,902146882,0.368223,0.592131,0.239791,0.573788,-0.029943,-0.059597,0.816284
1677114465,912369181,0.368123,0.593384,0.238671,0.573971,-0.028762,-0.057242,0.816366
1677114465,921339582,0.367899,0.594399,0.237676,0.573144,-0.028803,-0.057023,0.816961
1677114465,931673333,0.367691,0.595475,0.236654,0.572494,-0.028417,-0.055836,0.817512
1677114465,941565643,0.367375,0.596543,0.235670,0.571434,-0.027085,-0.054581,0.818383
1677114465,952622365,0.367258,0.597740,0.234707,0.570947,-0.027574,-0.052988,0.818811
1677114465,961923878,0.367134,0.599078,0.233690,0.570981,-0.027734,-0.051214,0.818895
1677114465,971879228,0.366872,0.600122,0.232750,0.569346,-0.027370,-0.049489,0.820150
1677114465,981870856,0.366611,0.601373,0.231727,0.568417,-0.027183,-0.048157,0.820880
1677114465,991906451,0.366288,0.602660,0.230693,0.567480,-0.027121,-0.047359,0.821577
1677114466,1726868,0.366106,0.603863,0.229639,0.566137,-0.027374,-0.045857,0.822579
1677114466,12216463,0.365894,0.605062,0.228626,0.564776,-0.027169,-0.044805,0.823579
1677114466,21419394,0.365867,0.606624,0.227507,0.564482,-0.027079,-0.042687,0.823896
1677114466,31407047,0.365663,0.607965,0.226439,0.563558,-0.026056,-0.041755,0.824609
1677114466,41540867,0.365296,0.609282,0.225424,0.561957,-0.024267,-0.041461,0.825770
1677114466,51964935,0.365246,0.610720,0.224408,0.561084,-0.023002,-0.039623,0.826490
1677114466,62207766,0.364938,0.611921,0.223472,0.558921,-0.021227,-0.038882,0.828037
1677114466,72317862,0.364858,0.613373,0.222507,0.558207,-0.020412,-0.036987,0.828625
1677114466,81981781,0.364540,0.614583,0.221622,0.556611,-0.019319,-0.036230,0.829758
1677114466,91793658,0.364324,0.616146,0.220668,0.556689,-0.018464,-0.034216,0.829811
1677114466,101618351,0.363915,0.617356,0.219838,0.554970,-0.017585,-0.032551,0.831047
1677114466,112216783,0.363514,0.618820,0.218958,0.554273,-0.017527,-0.031049,0.831571
1677114466,122086929,0.363070,0.620125,0.218139,0.552696,-0.017674,-0.029179,0.832684
1677114466,131802813,0.362519,0.621505,0.217254,0.551472,-0.017727,-0.027605,0.833548
1677114466,142360370,0.361986,0.622903,0.216385,0.550395,-0.018007,-0.025403,0.834324
1677114466,151469090,0.361327,0.624194,0.215535,0.548659,-0.018145,-0.023405,0.835522
1677114466,161398601,0.360763,0.625533,0.214608,0.547080,-0.018991,-0.020994,0.836602
1677114466,171704688,0.360108,0.627031,0.213603,0.545971,-0.020141,-0.019313,0.837339
1677114466,181999473,0.359444,0.628351,0.212614,0.543540,-0.020346,-0.017165,0.838961
1677114466,192013138,0.358979,0.629915,0.211462,0.542381,-0.021340,-0.014535,0.839736
1677114466,201641449,0.358274,0.631224,0.210401,0.539460,-0.020871,-0.012717,0.841656
1677114466,212310033,0.357712,0.632700,0.209267,0.537513,-0.020998,-0.011056,0.842921
1677114466,221812679,0.357233,0.634053,0.208166,0.535237,-0.021603,-0.009569,0.844371
1677114466,231548825,0.356684,0.635479,0.206993,0.533766,-0.022106,-0.008751,0.845298
1677114466,241826596,0.356237,0.636721,0.205848,0.531823,-0.022576,-0.007596,0.846521
1677114466,251743601,0.355843,0.638008,0.204686,0.530334,-0.022813,-0.006419,0.847457
1677114466,262389998,0.355376,0.639238,0.203468,0.529007,-0.022314,-0.005885,0.848304
1677114466,272230826,0.355149,0.640372,0.202291,0.527220,-0.022509,-0.004857,0.849417
1677114466,282035862,0.354921,0.641421,0.201082,0.525331,-0.023196,-0.004840,0.850568
1677114466,291930091,0.354652,0.642563,0.199823,0.523763,-0.022859,-0.004912,0.851543
1677114466,301512947,0.354405,0.643571,0.198611,0.521960,-0.022721,-0.005767,0.852648
1677114466,312207490,0.354388,0.644494,0.197449,0.520146,-0.021907,-0.004989,0.853782
1677114466,322176762,0.354365,0.645636,0.196274,0.519878,-0.021776,-0.005382,0.853946
1677114466,331532708,0.354186,0.646580,0.195170,0.519121,-0.020896,-0.006387,0.854422
1677114466,341506485,0.354192,0.647277,0.194205,0.517840,-0.020352,-0.006665,0.855209
1677114466,351878374,0.354144,0.648038,0.193231,0.517294,-0.019680,-0.007345,0.855550
1677114466,361372396,0.354113,0.648646,0.192379,0.516850,-0.019083,-0.007857,0.855827
1677114466,372090409,0.354209,0.649351,0.191493,0.517419,-0.019640,-0.008327,0.855466
1677114466,382067602,0.354281,0.649883,0.190692,0.518177,-0.020115,-0.009058,0.854989
1677114466,391527268,0.354287,0.650233,0.189953,0.518550,-0.019752,-0.009666,0.854765
1677114466,402086556,0.354189,0.650517,0.189253,0.518874,-0.018734,-0.010756,0.854578
1677114466,412175138,0.354413,0.650918,0.188566,0.520036,-0.019058,-0.010808,0.853863
1677114466,421898556,0.354276,0.651109,0.187923,0.520042,-0.017442,-0.012348,0.853873
1677114466,431563043,0.354460,0.651619,0.187207,0.521615,-0.016717,-0.012072,0.852932
1677114466,442064367,0.354646,0.651986,0.186575,0.522382,-0.016189,-0.011871,0.852476
1677114466,451973603,0.354674,0.652208,0.185954,0.522362,-0.015685,-0.012853,0.852482
1677114466,461740994,0.354826,0.652677,0.185275,0.523534,-0.015157,-0.012658,0.851776
1677114466,472473776,0.354772,0.652887,0.184687,0.523206,-0.013761,-0.013114,0.851994
1677114466,481845486,0.354952,0.653209,0.184080,0.523526,-0.014232,-0.013194,0.851788
1677114466,491508478,0.354959,0.653541,0.183453,0.524113,-0.013547,-0.013359,0.851436
1677114466,501929991,0.354884,0.653777,0.182871,0.524322,-0.012828,-0.014040,0.851307
1677114466,512433400,0.354885,0.654092,0.182265,0.525357,-0.012130,-0.014375,0.850674
1677114466,521916488,0.355087,0.654335,0.181687,0.526184,-0.012542,-0.013995,0.850163
1677114466,531419897,0.355040,0.654430,0.181148,0.526513,-0.011913,-0.014539,0.849960
1677114466,541498678,0.355142,0.654618,0.180564,0.527206,-0.011977,-0.014364,0.849532
1677114466,551985701,0.355103,0.654883,0.179919,0.528080,-0.011461,-0.014731,0.848990
1677114466,561519920,0.354994,0.655038,0.179320,0.528039,-0.010898,-0.015319,0.849012
1677114466,571855515,0.354982,0.655442,0.178637,0.528848,-0.010930,-0.015641,0.848502
1677114466,581940237,0.355058,0.655557,0.178029,0.528286,-0.011406,-0.015304,0.848852
1677114466,591811719,0.355023,0.655822,0.177340,0.528541,-0.011958,-0.015599,0.848680
1677114466,602019457,0.354845,0.655950,0.176700,0.528178,-0.011791,-0.016031,0.848901
1677114466,612575192,0.354773,0.656071,0.176136,0.527854,-0.012104,-0.016413,0.849091
1677114466,623043706,0.354790,0.656259,0.175530,0.528326,-0.012593,-0.016215,0.848794
1677114466,631800304,0.354768,0.656271,0.175035,0.528206,-0.012316,-0.016077,0.848875
1677114466,641726208,0.354680,0.656391,0.174480,0.528894,-0.012511,-0.016820,0.848429
1677114466,652016160,0.354833,0.656583,0.173938,0.530188,-0.013506,-0.016589,0.847610
1677114466,662059793,0.354746,0.656677,0.173385,0.531040,-0.013420,-0.017433,0.847061
1677114466,672401141,0.354698,0.656508,0.172932,0.530730,-0.013191,-0.018000,0.847247
1677114466,682105817,0.354767,0.656473,0.172544,0.531896,-0.013457,-0.018385,0.846503
1677114466,691521898,0.354652,0.656080,0.172420,0.534044,-0.012944,-0.019034,0.845143
1677114466,701886086,0.354746,0.655554,0.172402,0.537195,-0.014275,-0.019213,0.843119
1677114466,712065842,0.354680,0.655223,0.172243,0.539986,-0.015130,-0.019657,0.841308
1677114466,721512389,0.354692,0.655137,0.171920,0.541795,-0.015396,-0.019423,0.840145
1677114466,732214617,0.354551,0.655028,0.171615,0.543063,-0.015463,-0.020118,0.839308
1677114466,741802122,0.354465,0.654772,0.171450,0.544841,-0.015776,-0.020177,0.838148
1677114466,751578240,0.354353,0.654520,0.171305,0.547302,-0.015762,-0.020418,0.836537
1677114466,761490677,0.354329,0.654455,0.171115,0.549997,-0.015615,-0.019630,0.834790
1677114466,771697172,0.354208,0.654356,0.170882,0.551509,-0.016026,-0.019942,0.833776
1677114466,781689571,0.354194,0.654273,0.170631,0.553043,-0.016348,-0.019670,0.832760
1677114466,792188618,0.354057,0.654301,0.170384,0.555599,-0.015933,-0.019711,0.831064
1677114466,801914902,0.354020,0.654215,0.170221,0.557921,-0.016150,-0.019681,0.829503
1677114466,812417324,0.353934,0.654058,0.170038,0.559393,-0.015511,-0.019712,0.828523
1677114466,821666297,0.353946,0.654252,0.169737,0.561684,-0.015133,-0.019502,0.826984
1677114466,832160468,0.354000,0.654299,0.169476,0.563005,-0.015000,-0.019339,0.826091
1677114466,841633973,0.353864,0.654469,0.169217,0.565151,-0.014506,-0.019974,0.824618
1677114466,851597499,0.353919,0.654595,0.168995,0.567356,-0.014596,-0.019654,0.823109
1677114466,861613737,0.353795,0.654561,0.168777,0.568837,-0.014539,-0.020361,0.822070
1677114466,871724128,0.353735,0.654682,0.168493,0.570645,-0.014123,-0.020311,0.820824
1677114466,881809012,0.353848,0.654942,0.168181,0.573312,-0.014709,-0.019657,0.818969
1677114466,891856577,0.353730,0.654773,0.168001,0.574026,-0.014453,-0.019746,0.818471
1677114466,901967326,0.353631,0.655014,0.167667,0.576743,-0.014171,-0.020086,0.816556
1677114466,911706667,0.353697,0.655217,0.167407,0.578804,-0.014536,-0.019758,0.815097
1677114466,922334473,0.353708,0.656023,0.166910,0.583806,-0.013991,-0.019756,0.811532
1677114466,932184954,0.353801,0.656327,0.166614,0.586113,-0.014445,-0.019395,0.809868
1677114466,941679164,0.353836,0.656676,0.166368,0.588385,-0.014885,-0.019281,0.808214
1677114466,952116702,0.353754,0.656822,0.166086,0.589839,-0.014445,-0.019933,0.807146
1677114466,961828966,0.353840,0.657170,0.165836,0.591631,-0.014623,-0.019468,0.805841
1677114466,972193257,0.353828,0.657528,0.165540,0.593428,-0.014416,-0.019498,0.804522
1677114466,982145570,0.353869,0.657871,0.165270,0.595208,-0.015023,-0.019721,0.803189
1677114466,992650212,0.354061,0.658210,0.165111,0.596736,-0.016090,-0.019169,0.802047
1677114467,2152771,0.354058,0.658424,0.164904,0.597831,-0.016281,-0.019923,0.801209
1677114467,13022193,0.354210,0.658710,0.164712,0.598964,-0.016501,-0.020098,0.800354
1677114467,22341945,0.354382,0.659112,0.164513,0.600460,-0.016636,-0.020710,0.799214
1677114467,31752226,0.354738,0.659418,0.164311,0.601624,-0.017150,-0.020559,0.798331
1677114467,42077173,0.354994,0.659820,0.164119,0.603454,-0.017808,-0.022118,0.796892
1677114467,52413005,0.355303,0.660223,0.163993,0.604876,-0.018147,-0.023493,0.795766
1677114467,62248272,0.355695,0.660749,0.163847,0.605944,-0.017812,-0.024146,0.794941
1677114467,71995961,0.355988,0.661216,0.163695,0.606102,-0.017572,-0.025446,0.794785
1677114467,82005133,0.356434,0.662091,0.163505,0.607781,-0.017701,-0.025428,0.793500
1677114467,92009428,0.356815,0.662707,0.163390,0.608160,-0.017898,-0.025009,0.793219
1677114467,102500552,0.356996,0.663532,0.163245,0.609154,-0.017454,-0.024306,0.792487
1677114467,112922508,0.357228,0.664409,0.163129,0.610150,-0.017700,-0.022786,0.791760
1677114467,122870681,0.357345,0.665274,0.162978,0.610555,-0.017816,-0.021365,0.791485
1677114467,133072862,0.357582,0.666239,0.162839,0.611161,-0.018879,-0.019581,0.791039
1677114467,143550821,0.357731,0.667072,0.162760,0.611018,-0.019203,-0.017589,0.791188
1677114467,152473573,0.357926,0.668063,0.162656,0.611795,-0.019739,-0.015942,0.790609
1677114467,161939896,0.358149,0.669029,0.162555,0.612416,-0.020400,-0.014562,0.790139
1677114467,172361182,0.358381,0.669770,0.162478,0.612063,-0.020315,-0.013700,0.790429
1677114467,182169394,0.358990,0.670725,0.162369,0.612795,-0.021079,-0.012322,0.789864
1677114467,191881896,0.359554,0.671699,0.162277,0.613877,-0.021187,-0.011870,0.789028
1677114467,201814517,0.360265,0.672605,0.162215,0.614474,-0.021295,-0.011526,0.788565
1677114467,212660244,0.360817,0.673381,0.162195,0.614261,-0.020109,-0.012104,0.788753
1677114467,222104140,0.361596,0.674337,0.162135,0.614927,-0.019817,-0.012507,0.788236
1677114467,231624813,0.362310,0.675103,0.162128,0.614391,-0.018452,-0.012835,0.788682
1677114467,241989969,0.363193,0.676224,0.162109,0.615689,-0.018091,-0.012900,0.787676
1677114467,252032485,0.363971,0.677130,0.162129,0.615866,-0.017336,-0.013326,0.787548
1677114467,262226216,0.364587,0.678078,0.162125,0.615637,-0.015930,-0.014280,0.787739
1677114467,272524758,0.365485,0.679207,0.162059,0.616186,-0.015313,-0.013077,0.787343
1677114467,282530073,0.366026,0.679979,0.161981,0.615570,-0.014347,-0.013816,0.787830
1677114467,292053736,0.366624,0.681012,0.161932,0.616732,-0.013845,-0.013464,0.786936
1677114467,302045929,0.367210,0.681826,0.161837,0.617093,-0.012885,-0.012258,0.786689
1677114467,312541683,0.367836,0.682710,0.161739,0.617546,-0.013225,-0.011532,0.786339
1677114467,322535120,0.368297,0.683670,0.161644,0.618315,-0.012953,-0.011073,0.785745
1677114467,332575899,0.368862,0.684493,0.161535,0.618709,-0.012349,-0.009779,0.785462
1677114467,342834667,0.369383,0.685342,0.161424,0.619938,-0.012041,-0.009402,0.784502
1677114467,352212852,0.370101,0.685946,0.161396,0.620098,-0.012140,-0.008213,0.784387
1677114467,361891383,0.370699,0.686864,0.161257,0.621492,-0.011648,-0.008207,0.783291
1677114467,372728202,0.371297,0.687557,0.161152,0.621522,-0.010809,-0.008615,0.783275
1677114467,382880292,0.372232,0.688307,0.161051,0.622155,-0.010593,-0.007492,0.782787
1677114467,392808669,0.372945,0.689105,0.160863,0.623343,-0.009686,-0.007288,0.781855
1677114467,402988451,0.373642,0.689792,0.160665,0.624445,-0.009376,-0.007695,0.780975
1677114467,413098961,0.374398,0.690510,0.160488,0.626193,-0.008527,-0.006704,0.779593
1677114467,422710769,0.374967,0.690825,0.160268,0.626539,-0.007509,-0.006471,0.779327
1677114467,431876290,0.375802,0.691422,0.160051,0.628458,-0.007701,-0.005383,0.777787
1677114467,442097396,0.376308,0.691664,0.159785,0.629377,-0.006734,-0.005673,0.777050
1677114467,452228627,0.377028,0.691866,0.159559,0.630617,-0.006175,-0.005103,0.776053
1677114467,462747611,0.377723,0.692007,0.159376,0.631900,-0.005749,-0.005594,0.775009
1677114467,472654579,0.378576,0.692359,0.159216,0.633823,-0.005249,-0.006051,0.773437
1677114467,482191189,0.379513,0.692580,0.159034,0.634688,-0.005001,-0.006981,0.772721
1677114467,492308973,0.380335,0.692826,0.158831,0.635455,-0.004025,-0.008459,0.772081
1677114467,502142969,0.381213,0.693136,0.158623,0.636648,-0.002997,-0.009622,0.771089
1677114467,511877122,0.382002,0.693251,0.158495,0.637453,-0.001734,-0.010638,0.770414
1677114467,522201568,0.382997,0.693490,0.158401,0.638732,-0.001520,-0.010495,0.769356
1677114467,532302004,0.383415,0.693620,0.158287,0.638917,0.000350,-0.012473,0.769175
1677114467,542584775,0.384120,0.694069,0.158198,0.640217,0.000618,-0.012666,0.768090
1677114467,552333219,0.384734,0.694272,0.158093,0.640010,0.000877,-0.012550,0.768264
1677114467,562016586,0.385103,0.694549,0.157989,0.640175,0.001251,-0.012726,0.768122
1677114467,572481530,0.385434,0.694880,0.157878,0.640926,0.000837,-0.011954,0.767509
1677114467,582018078,0.385591,0.695051,0.157794,0.641273,0.000396,-0.011013,0.767234
1677114467,592106686,0.385776,0.695260,0.157680,0.641803,-0.000789,-0.009490,0.766810
1677114467,602399966,0.385843,0.695531,0.157554,0.642471,-0.002274,-0.008339,0.766261
1677114467,612469150,0.385876,0.695821,0.157499,0.643298,-0.003774,-0.007080,0.765574
1677114467,621726516,0.386000,0.696047,0.157519,0.643363,-0.005795,-0.005573,0.765519
1677114467,631926739,0.385890,0.696449,0.157493,0.643696,-0.006915,-0.005258,0.765232
1677114467,642145714,0.386008,0.696655,0.157467,0.643173,-0.008396,-0.004291,0.765663
1677114467,652687978,0.386107,0.696954,0.157405,0.643420,-0.009130,-0.003187,0.765452
1677114467,662457686,0.386119,0.697175,0.157366,0.643751,-0.009335,-0.002600,0.765174
1677114467,672207075,0.386349,0.697544,0.157342,0.644675,-0.010140,-0.001470,0.764388
1677114467,682618558,0.386412,0.697637,0.157283,0.643789,-0.010081,-0.001298,0.765135
1677114467,692017150,0.386645,0.698117,0.157241,0.644166,-0.010300,0.000050,0.764816
1677114467,702297835,0.386856,0.698457,0.157217,0.644011,-0.010650,0.001292,0.764941
1677114467,712548109,0.386932,0.698817,0.157231,0.644559,-0.010536,0.002388,0.764478
1677114467,722696356,0.386979,0.699102,0.157277,0.645352,-0.010641,0.003236,0.763804
1677114467,732291839,0.387093,0.699308,0.157313,0.646200,-0.010805,0.004116,0.763081
1677114467,742576666,0.387210,0.699485,0.157392,0.646937,-0.010872,0.004432,0.762453
1677114467,752058883,0.387457,0.699631,0.157462,0.647498,-0.011073,0.004618,0.761973
1677114467,761884199,0.387775,0.699937,0.157542,0.648558,-0.011034,0.004736,0.761070
1677114467,772099739,0.388012,0.700013,0.157638,0.648266,-0.009796,0.004287,0.761339
1677114467,782054876,0.388423,0.700320,0.157746,0.648212,-0.008843,0.004840,0.761393
1677114467,792214941,0.388747,0.700620,0.157817,0.647649,-0.007535,0.004800,0.761887
1677114467,802936806,0.389017,0.700879,0.157916,0.647132,-0.006403,0.005325,0.762333
1677114467,812269735,0.389365,0.701033,0.158033,0.646631,-0.005719,0.006620,0.762753
1677114467,822197383,0.389450,0.701096,0.158123,0.646514,-0.004488,0.007196,0.762855
1677114467,832227886,0.389645,0.701156,0.158232,0.647024,-0.004031,0.008051,0.762416
1677114467,842695173,0.389912,0.701079,0.158274,0.647159,-0.003574,0.009246,0.762291
1677114467,852619252,0.390163,0.701026,0.158285,0.647462,-0.003439,0.009712,0.762028
1677114467,862490160,0.390370,0.700961,0.158254,0.647866,-0.002811,0.009705,0.761687
1677114467,873068894,0.390647,0.700962,0.158219,0.648849,-0.002746,0.009504,0.760853
1677114467,882590467,0.391046,0.700885,0.158169,0.649479,-0.002534,0.009825,0.760312
1677114467,892146635,0.391269,0.700892,0.158062,0.650120,-0.001748,0.009578,0.759769
1677114467,902416664,0.391627,0.700617,0.158017,0.649660,-0.001080,0.010628,0.760149
1677114467,912453774,0.391866,0.700535,0.157923,0.650739,-0.000394,0.010791,0.759225
1677114467,922999668,0.392035,0.700314,0.157836,0.651791,0.000137,0.010629,0.758325
1677114467,932310713,0.392256,0.700027,0.157731,0.652960,0.000631,0.010679,0.757317
1677114467,942388604,0.392621,0.699796,0.157629,0.654368,0.000519,0.010820,0.756099
1677114467,952265360,0.392863,0.699459,0.157493,0.655045,0.001139,0.010643,0.755514
1677114467,962024330,0.393162,0.699150,0.157381,0.655951,0.001535,0.010717,0.754726
1677114467,972550022,0.393469,0.698858,0.157229,0.657273,0.002111,0.010939,0.753570
1677114467,982251156,0.393773,0.698521,0.157030,0.658916,0.002279,0.010940,0.752133
1677114467,992804563,0.394119,0.698068,0.156896,0.660171,0.002610,0.011249,0.751026
1677114468,3113617,0.394291,0.697755,0.156764,0.661693,0.003339,0.010658,0.749692
1677114468,13273860,0.394605,0.697538,0.156673,0.662753,0.003582,0.010835,0.748751
1677114468,22140087,0.394850,0.697356,0.156581,0.663973,0.003607,0.010749,0.747670
1677114468,31947941,0.395025,0.696952,0.156470,0.664557,0.003527,0.010469,0.747156
1677114468,42205495,0.395136,0.696639,0.156357,0.666121,0.003692,0.011110,0.745752
1677114468,52288840,0.395328,0.696188,0.156251,0.667009,0.003213,0.012217,0.744943
1677114468,62656222,0.395289,0.696045,0.156103,0.668498,0.002901,0.011980,0.743611
1677114468,73216001,0.395373,0.695855,0.155993,0.669144,0.002836,0.012841,0.743016
1677114468,82441937,0.395527,0.695658,0.155901,0.669724,0.002707,0.013562,0.742481
1677114468,92075142,0.395576,0.695523,0.155806,0.670518,0.003002,0.013489,0.741764
1677114468,102197845,0.395737,0.695311,0.155742,0.671143,0.002995,0.013302,0.741203
1677114468,112828391,0.395948,0.695026,0.155688,0.671673,0.002726,0.012703,0.740733
1677114468,122483363,0.396149,0.694881,0.155614,0.673179,0.002692,0.011424,0.739387
1677114468,132123526,0.396533,0.694517,0.155536,0.673675,0.001967,0.010051,0.738957
1677114468,142380994,0.396836,0.694381,0.155420,0.674439,0.002821,0.009134,0.738269
1677114468,152596122,0.397117,0.694151,0.155277,0.673953,0.003661,0.007332,0.738729
1677114468,162152056,0.397548,0.694165,0.155145,0.673801,0.004034,0.005762,0.738879
1677114468,172503771,0.397916,0.694093,0.154990,0.672855,0.004241,0.003639,0.739754
1677114468,182799994,0.398421,0.694335,0.154839,0.673055,0.003869,0.002145,0.739579
1677114468,193193516,0.398729,0.694278,0.154642,0.672404,0.003938,-0.000213,0.740174
1677114468,202639891,0.399168,0.694203,0.154438,0.672244,0.003719,-0.001542,0.740318
1677114468,213066346,0.399511,0.693952,0.154311,0.672028,0.003611,-0.003177,0.740510
1677114468,222493288,0.399828,0.693721,0.154161,0.672282,0.002895,-0.005056,0.740272
1677114468,231949541,0.400117,0.693343,0.153961,0.672338,0.002285,-0.006867,0.740209
1677114468,242185593,0.400498,0.693218,0.153838,0.673475,0.001396,-0.008647,0.739158
1677114468,253164714,0.400863,0.692905,0.153705,0.673462,0.001739,-0.009568,0.739158
1677114468,263175157,0.401161,0.692692,0.153571,0.673624,0.002063,-0.010837,0.738992
1677114468,273116472,0.401426,0.692595,0.153476,0.673890,0.002172,-0.012402,0.738725
1677114468,282274973,0.401774,0.692482,0.153429,0.673810,0.002268,-0.013105,0.738785
1677114468,292094364,0.402094,0.692323,0.153444,0.673733,0.002483,-0.013281,0.738851
1677114468,302403984,0.402208,0.692273,0.153452,0.674526,0.003045,-0.014488,0.738103
1677114468,312771530,0.402425,0.692159,0.153468,0.675802,0.002575,-0.014996,0.736927
1677114468,322839733,0.402547,0.691982,0.153481,0.676991,0.002762,-0.015288,0.735827
1677114468,332537084,0.402626,0.691800,0.153516,0.678190,0.002573,-0.015703,0.734715
1677114468,342598923,0.402786,0.691614,0.153538,0.679316,0.002057,-0.015408,0.733681
1677114468,352593582,0.402796,0.691352,0.153529,0.679639,0.001873,-0.015799,0.733374
1677114468,362084858,0.402782,0.691150,0.153481,0.679869,0.001789,-0.016164,0.733154
1677114468,372291007,0.402903,0.690995,0.153429,0.680186,0.000938,-0.016453,0.732855
1677114468,382495411,0.403121,0.690972,0.153423,0.680570,0.000009,-0.016415,0.732499
1677114468,393534296,0.403185,0.690957,0.153429,0.680568,0.000327,-0.016539,0.732498
1677114468,402826270,0.403310,0.690985,0.153445,0.680262,0.000082,-0.016710,0.732779
1677114468,412229560,0.403415,0.691112,0.153470,0.680341,-0.000212,-0.016738,0.732704
1677114468,422406518,0.403447,0.691143,0.153482,0.680258,-0.000662,-0.016640,0.732783
1677114468,432387224,0.403368,0.691255,0.153480,0.680946,-0.000618,-0.016487,0.732147
1677114468,442900521,0.403290,0.691248,0.153509,0.681509,-0.000192,-0.015241,0.731651
1677114468,452990989,0.403051,0.691227,0.153581,0.682355,0.000456,-0.014507,0.730877
1677114468,462907940,0.403026,0.691163,0.153681,0.683380,-0.000619,-0.013053,0.729946
1677114468,472785683,0.402717,0.690930,0.153799,0.683924,-0.000908,-0.012901,0.729438
1677114468,482611960,0.402546,0.690568,0.153920,0.684044,-0.002136,-0.011922,0.729340
1677114468,492171789,0.402470,0.690265,0.154022,0.684245,-0.004245,-0.011540,0.729148
1677114468,502474192,0.402314,0.690112,0.154138,0.684666,-0.005358,-0.011045,0.728753
1677114468,512903636,0.402393,0.689968,0.154258,0.684880,-0.007282,-0.010057,0.728550
1677114468,522912387,0.402154,0.690003,0.154332,0.685896,-0.007953,-0.010673,0.727578
1677114468,532681526,0.402057,0.689671,0.154427,0.685740,-0.008331,-0.009789,0.727733
1677114468,542460116,0.401950,0.689507,0.154563,0.686884,-0.008282,-0.008884,0.726665
1677114468,552400590,0.401783,0.689243,0.154699,0.687931,-0.007650,-0.007892,0.725693
1677114468,562319529,0.401747,0.688877,0.154866,0.689123,-0.007758,-0.006756,0.724572
1677114468,572884368,0.401604,0.688593,0.155013,0.690505,-0.007002,-0.005986,0.723269
1677114468,582924627,0.401613,0.688330,0.155179,0.691616,-0.007033,-0.005074,0.722213
1677114468,593120315,0.401655,0.687982,0.155321,0.692226,-0.007617,-0.004715,0.721625
1677114468,602576828,0.401575,0.687920,0.155445,0.693699,-0.007642,-0.005248,0.720205
1677114468,612526801,0.401537,0.687568,0.155515,0.694064,-0.007477,-0.005798,0.719851
1677114468,622362667,0.401630,0.687258,0.155599,0.694732,-0.007570,-0.005907,0.719204
1677114468,632388908,0.401814,0.686953,0.155677,0.695749,-0.007935,-0.006202,0.718214
1677114468,642939632,0.401896,0.686629,0.155752,0.696458,-0.007103,-0.006894,0.717529
1677114468,653004350,0.402085,0.686298,0.155814,0.697186,-0.006832,-0.008068,0.716813
1677114468,662724775,0.402311,0.685919,0.155914,0.697487,-0.005945,-0.008876,0.716517
1677114468,672485973,0.402589,0.685752,0.156044,0.698947,-0.005452,-0.009937,0.715084
1677114468,682861388,0.402769,0.685406,0.156179,0.699803,-0.003516,-0.010836,0.714245
1677114468,692220046,0.403101,0.685117,0.156370,0.701353,-0.002715,-0.011216,0.712721
1677114468,702498687,0.403226,0.684595,0.156557,0.702232,-0.001055,-0.012264,0.711842
1677114468,713215514,0.403392,0.684361,0.156757,0.704325,0.000045,-0.012944,0.709760
1677114468,722834315,0.403542,0.683940,0.156940,0.705204,0.001102,-0.012971,0.708885
1677114468,732189457,0.403646,0.683708,0.157074,0.706232,0.001649,-0.013618,0.707848
1677114468,742559983,0.403760,0.683447,0.157213,0.706669,0.001633,-0.013720,0.707410
1677114468,752318481,0.403791,0.683358,0.157288,0.707327,0.001784,-0.013744,0.706751
1677114468,762220436,0.403812,0.683201,0.157409,0.707484,0.001331,-0.013629,0.706596
1677114468,772402767,0.403721,0.682986,0.157547,0.707369,0.001346,-0.013342,0.706717
1677114468,782961440,0.403552,0.682817,0.157732,0.707621,0.001176,-0.013371,0.706465
1677114468,792585715,0.403467,0.682764,0.157929,0.708572,0.000730,-0.012685,0.705524
1677114468,803120230,0.403245,0.682565,0.158134,0.709311,0.000479,-0.012445,0.704785
1677114468,812638327,0.403110,0.682241,0.158357,0.709575,0.000024,-0.011345,0.704539
1677114468,822507156,0.402919,0.682029,0.158538,0.710343,0.000106,-0.010105,0.703783
1677114468,832587305,0.402699,0.681869,0.158751,0.711050,-0.000382,-0.009949,0.703071
1677114468,842840844,0.402539,0.681740,0.158986,0.711773,-0.000629,-0.009346,0.702347
1677114468,852518978,0.402413,0.681589,0.159259,0.712269,-0.001118,-0.009080,0.701847
1677114468,862181922,0.402301,0.681469,0.159516,0.712598,-0.001407,-0.008374,0.701521
1677114468,872591079,0.402189,0.681441,0.159858,0.713459,-0.001848,-0.007830,0.700651
1677114468,882588575,0.402094,0.681302,0.160161,0.713850,-0.002254,-0.007271,0.700258
1677114468,892397653,0.401916,0.681240,0.160498,0.714563,-0.001731,-0.006370,0.699540
1677114468,902795664,0.401868,0.681133,0.160866,0.715187,-0.002370,-0.005524,0.698907
1677114468,912824633,0.401602,0.681007,0.161203,0.716008,-0.002021,-0.005378,0.698068
1677114468,923021498,0.401460,0.680860,0.161589,0.716913,-0.001884,-0.004751,0.697144
1677114468,932577962,0.401281,0.680716,0.162024,0.717973,-0.001533,-0.004168,0.696056
1677114468,942868021,0.401262,0.680628,0.162495,0.719173,-0.002243,-0.003498,0.694819
1677114468,952994336,0.401167,0.680458,0.162934,0.719917,-0.002184,-0.003055,0.694050
1677114468,962434277,0.401031,0.680216,0.163444,0.720344,-0.001824,-0.002903,0.693608
1677114468,972943799,0.401000,0.680143,0.163967,0.721283,-0.001904,-0.002951,0.692632
1677114468,982910777,0.400962,0.680056,0.164552,0.722253,-0.001594,-0.002699,0.691622
1677114468,992593921,0.400950,0.679900,0.165127,0.722874,-0.001020,-0.002140,0.690975
1677114469,3156480,0.400905,0.679821,0.165779,0.723835,-0.000814,-0.002762,0.689967
1677114469,12836122,0.400987,0.679613,0.166453,0.724199,-0.000552,-0.001852,0.689588
1677114469,22401433,0.400973,0.679569,0.167182,0.725206,-0.000149,-0.001755,0.688530
1677114469,32380087,0.401026,0.679510,0.167909,0.725990,-0.000381,-0.002006,0.687702
1677114469,42860394,0.401042,0.679338,0.168655,0.726116,0.000194,-0.001324,0.687571
1677114469,52813125,0.401107,0.679295,0.169439,0.726481,0.000342,-0.000683,0.687186
1677114469,63169981,0.400990,0.679271,0.170222,0.726604,0.000954,-0.000938,0.687055
1677114469,73163644,0.401069,0.679265,0.171056,0.726569,0.000722,-0.000048,0.687093
1677114469,82682145,0.401091,0.679229,0.171900,0.726608,-0.000039,-0.000008,0.687052
1677114469,92387731,0.401076,0.679120,0.172750,0.726691,-0.000344,0.000377,0.686965
1677114469,102440760,0.400982,0.679040,0.173645,0.727469,-0.000388,0.000553,0.686140
1677114469,112921609,0.401006,0.678805,0.174532,0.727946,-0.000899,0.001183,0.685633
1677114469,123525982,0.400982,0.678599,0.175471,0.728780,-0.000889,0.002224,0.684744
1677114469,132969547,0.401003,0.678403,0.176388,0.729555,-0.001626,0.002268,0.683917
1677114469,143329781,0.400920,0.678255,0.177302,0.730294,-0.000942,0.002738,0.683127
1677114469,153186563,0.400991,0.678146,0.178235,0.730753,-0.001145,0.003497,0.682632
1677114469,162279515,0.401085,0.678170,0.179139,0.731464,-0.001002,0.004562,0.681864
1677114469,172734258,0.400989,0.678092,0.179975,0.731474,-0.000567,0.004173,0.681856
1677114469,183413057,0.401115,0.678054,0.180843,0.731731,-0.001097,0.004550,0.681578
1677114469,192886124,0.401192,0.677902,0.181649,0.731701,-0.001241,0.004558,0.681609
1677114469,202755249,0.401180,0.677882,0.182509,0.732373,-0.001065,0.004297,0.680890
1677114469,212337881,0.401422,0.677748,0.183351,0.732918,-0.001547,0.004949,0.680297
1677114469,222349986,0.401281,0.677475,0.184107,0.733048,-0.000070,0.004140,0.680164
1677114469,232549561,0.401529,0.677246,0.184902,0.733618,0.000219,0.004782,0.679546
1677114469,242905547,0.401664,0.677064,0.185712,0.734485,0.000817,0.004373,0.678610
1677114469,253037808,0.402008,0.676826,0.186506,0.735255,0.000812,0.004264,0.677776
1677114469,263044441,0.402198,0.676497,0.187338,0.735897,0.002154,0.003590,0.677081
1677114469,272806579,0.402591,0.676356,0.188208,0.737234,0.002704,0.002820,0.675626
1677114469,282483799,0.402879,0.676069,0.189068,0.737711,0.004421,0.002023,0.675099
1677114469,292416465,0.403289,0.675931,0.189970,0.738549,0.005420,0.001204,0.674177
1677114469,302743946,0.403742,0.675678,0.190839,0.738777,0.006551,0.000563,0.673918
1677114469,312904196,0.404122,0.675479,0.191762,0.739166,0.007760,-0.000250,0.673479
1677114469,323251757,0.404378,0.675162,0.192666,0.739340,0.009418,-0.001004,0.673265
1677114469,332898457,0.404909,0.674969,0.193610,0.740186,0.009569,-0.001010,0.672334
1677114469,343210025,0.405319,0.674707,0.194614,0.741172,0.009434,-0.001574,0.671247
1677114469,352705658,0.405486,0.674172,0.195573,0.741200,0.010808,-0.002172,0.671193
1677114469,362276904,0.405772,0.673927,0.196646,0.742530,0.011017,-0.002572,0.669717
1677114469,372674249,0.406101,0.673456,0.197729,0.743149,0.011159,-0.002245,0.669029
1677114469,382561284,0.406332,0.673030,0.198782,0.743746,0.011470,-0.002121,0.668360
1677114469,393271073,0.406501,0.672453,0.199840,0.743653,0.012226,-0.001660,0.668452
1677114469,403100537,0.406682,0.672201,0.200948,0.744478,0.012369,-0.001174,0.667531
1677114469,413138213,0.406864,0.671885,0.202078,0.744507,0.012773,-0.000058,0.667493
1677114469,422712498,0.407085,0.671882,0.203225,0.745146,0.012281,0.000836,0.666788
1677114469,432825888,0.407056,0.671632,0.204322,0.744411,0.012612,0.001486,0.667601
1677114469,443206921,0.407095,0.671526,0.205437,0.744179,0.012566,0.002790,0.667856
1677114469,452726581,0.407123,0.671241,0.206581,0.743516,0.012233,0.004220,0.668593
1677114469,463120660,0.407100,0.671135,0.207749,0.743845,0.012058,0.005478,0.668221
1677114469,472897492,0.407171,0.670780,0.208971,0.743837,0.011697,0.007554,0.668216
1677114469,482874542,0.407151,0.670348,0.210192,0.744231,0.011254,0.008845,0.667769
1677114469,492678499,0.407166,0.670045,0.211478,0.745522,0.010859,0.010348,0.666312
1677114469,502829846,0.407203,0.669481,0.212722,0.746160,0.010783,0.011869,0.665573
1677114469,513005918,0.407287,0.669097,0.213988,0.747467,0.010288,0.012610,0.664100
1677114469,523504719,0.407338,0.668340,0.215220,0.747043,0.010872,0.013567,0.664549
1677114469,532915028,0.407608,0.668089,0.216567,0.747974,0.010983,0.014936,0.663470
1677114469,543062779,0.407731,0.667758,0.217830,0.747898,0.011600,0.015095,0.663541
1677114469,552433880,0.407902,0.667682,0.219136,0.748362,0.011823,0.014909,0.663018
1677114469,562385188,0.408189,0.667964,0.220464,0.749770,0.011453,0.014424,0.661442
1677114469,572744852,0.408566,0.667361,0.221733,0.747400,0.012653,0.015958,0.664062
1677114469,583152518,0.408791,0.667310,0.223063,0.747457,0.013763,0.016331,0.663966
1677114469,592787866,0.409099,0.666215,0.224353,0.744499,0.014364,0.016840,0.667257
1677114469,603485063,0.409399,0.665901,0.225800,0.744668,0.014488,0.017177,0.667057
1677114469,613114692,0.409668,0.665457,0.227211,0.744810,0.014762,0.017866,0.666875
1677114469,622580254,0.409771,0.664901,0.228655,0.744732,0.015595,0.017969,0.666939
1677114469,632600094,0.410130,0.663925,0.230126,0.743502,0.015038,0.019120,0.668291
1677114469,643100905,0.410212,0.663696,0.231657,0.744654,0.015135,0.019101,0.667005
1677114469,653027899,0.410459,0.663414,0.233193,0.745148,0.014237,0.019552,0.666460
1677114469,662929417,0.410635,0.662888,0.234663,0.744353,0.013578,0.019768,0.667356
1677114469,673264432,0.410859,0.662608,0.236267,0.744330,0.011976,0.019522,0.667419
1677114469,682831713,0.410844,0.662394,0.237856,0.744621,0.013483,0.021489,0.667005
1677114469,692634257,0.410922,0.662118,0.239449,0.744139,0.011598,0.019572,0.667637
1677114469,702739559,0.411055,0.661816,0.241054,0.744036,0.012486,0.022641,0.667639
1677114469,713124837,0.411100,0.661889,0.242684,0.745308,0.011461,0.022510,0.666242
1677114469,722944912,0.411131,0.662083,0.244283,0.747059,0.010557,0.022765,0.664284
1677114469,732958118,0.411145,0.660830,0.245759,0.743475,0.011821,0.024640,0.668205
1677114469,743137924,0.411062,0.660500,0.247298,0.743574,0.011853,0.024832,0.668087
1677114469,753112425,0.410934,0.660006,0.248800,0.743148,0.012254,0.024881,0.668552
1677114469,762550947,0.411158,0.660102,0.250466,0.744342,0.012085,0.027340,0.667129
1677114469,772557935,0.411188,0.659924,0.252047,0.744860,0.012017,0.028151,0.666519
1677114469,782689249,0.411325,0.658594,0.253447,0.742403,0.010081,0.027215,0.669325
1677114469,792904769,0.411430,0.658239,0.254951,0.742741,0.009745,0.027269,0.668952
1677114469,803496240,0.411515,0.658019,0.256443,0.743488,0.009925,0.027297,0.668118
1677114469,813468952,0.411570,0.657398,0.257863,0.743359,0.009950,0.026565,0.668291
1677114469,822851842,0.411850,0.657200,0.259297,0.744472,0.010514,0.026775,0.667033
1677114469,832577652,0.412184,0.657101,0.260688,0.745384,0.011827,0.026820,0.665991
1677114469,843016343,0.412286,0.656602,0.262074,0.745026,0.013026,0.025513,0.666420
1677114469,852920476,0.412589,0.656293,0.263418,0.744552,0.014006,0.025062,0.666946
1677114469,863358452,0.413006,0.656709,0.264822,0.746200,0.014755,0.024664,0.665101
1677114469,873155769,0.413306,0.656470,0.266080,0.745731,0.015529,0.024387,0.665619
1677114469,883547906,0.413392,0.656293,0.267326,0.745503,0.016914,0.023588,0.665870
1677114469,892630573,0.413637,0.656204,0.268594,0.745518,0.017166,0.023216,0.665859
1677114469,902812068,0.413809,0.656037,0.269820,0.745106,0.017669,0.023505,0.666297
1677114469,912719136,0.413868,0.655924,0.271047,0.745011,0.017980,0.023010,0.666413
1677114469,923009812,0.413961,0.655824,0.272220,0.745074,0.017690,0.023016,0.666350
1677114469,933410233,0.413890,0.655644,0.273380,0.745001,0.018051,0.022734,0.666431
1677114469,942915382,0.414010,0.655613,0.274579,0.745568,0.017382,0.023402,0.665791
1677114469,952582212,0.414009,0.655375,0.275692,0.745443,0.017196,0.023686,0.665927
1677114469,962952621,0.413969,0.655249,0.276822,0.745837,0.017412,0.024343,0.665456
1677114469,973153959,0.413929,0.654980,0.277933,0.745716,0.017321,0.024910,0.665573
1677114469,983287087,0.413796,0.654504,0.279042,0.744975,0.016985,0.025377,0.666393
1677114469,993720418,0.413755,0.654433,0.280100,0.745225,0.016416,0.025992,0.666104
1677114470,3005004,0.413621,0.654395,0.281079,0.745337,0.015903,0.026284,0.665980
1677114470,13200417,0.413640,0.654351,0.282022,0.745275,0.015013,0.027511,0.666020
1677114470,22656223,0.413503,0.654315,0.282921,0.745393,0.014561,0.027968,0.665879
1677114470,32889552,0.413392,0.654104,0.283764,0.745029,0.013934,0.028159,0.666292
1677114470,42980679,0.413318,0.654014,0.284613,0.745259,0.013726,0.028939,0.666006
1677114470,53150932,0.413312,0.653846,0.285417,0.745475,0.012975,0.029416,0.665758
1677114470,63667818,0.413261,0.653558,0.286167,0.745483,0.012737,0.029752,0.665738
1677114470,72974794,0.413192,0.653368,0.286928,0.746031,0.012752,0.029638,0.665129
1677114470,83416730,0.413265,0.653067,0.287685,0.746078,0.012874,0.030329,0.665043
1677114470,93131103,0.413262,0.652864,0.288408,0.746489,0.013121,0.030383,0.664574
1677114470,102739569,0.413109,0.652560,0.289053,0.746536,0.014766,0.030449,0.664484
1677114470,112934041,0.412984,0.652342,0.289684,0.746689,0.016259,0.030582,0.664271
1677114470,123163503,0.412941,0.652241,0.290380,0.747290,0.017197,0.030994,0.663552
1677114470,133044850,0.413523,0.652498,0.291239,0.750109,0.012567,0.029830,0.660522
1677114470,143196142,0.413603,0.652472,0.291862,0.750733,0.011810,0.029633,0.659835
1677114470,152625185,0.413649,0.652481,0.292473,0.751262,0.011397,0.029919,0.659227
1677114470,162661596,0.413734,0.651029,0.292963,0.746733,0.010462,0.030094,0.664361
1677114470,173063922,0.413886,0.650908,0.293564,0.746609,0.009221,0.030915,0.664481
1677114470,182882757,0.413913,0.650739,0.294173,0.746609,0.007735,0.030594,0.664515
1677114470,193173480,0.413860,0.650476,0.294714,0.746301,0.007181,0.031164,0.664840
1677114470,202898829,0.412974,0.650550,0.295431,0.747899,0.011938,0.031440,0.662960
1677114470,213778539,0.412790,0.650451,0.295969,0.748382,0.011718,0.031797,0.662402
1677114470,222820418,0.412559,0.650331,0.296486,0.748899,0.011812,0.032068,0.661802
1677114470,232808660,0.412498,0.650030,0.296963,0.748683,0.011062,0.033015,0.662013
1677114470,243558441,0.412353,0.649822,0.297406,0.748805,0.010894,0.033596,0.661849
1677114470,253777762,0.412184,0.649933,0.297912,0.749946,0.010887,0.034115,0.660529
1677114470,264391960,0.412137,0.649661,0.298342,0.749710,0.010090,0.034480,0.660791
1677114470,272630273,0.412008,0.649432,0.298788,0.749650,0.010356,0.034763,0.660839
1677114470,282817233,0.412033,0.649257,0.299200,0.749821,0.009759,0.035072,0.660638
1677114470,292866161,0.411976,0.648985,0.299596,0.749892,0.010061,0.034733,0.660571
1677114470,303041945,0.412082,0.648860,0.300009,0.750538,0.009815,0.034857,0.659835
1677114470,313451845,0.412030,0.648756,0.300374,0.751043,0.010825,0.034327,0.659271
1677114470,323728154,0.412115,0.648654,0.300721,0.751438,0.011539,0.033662,0.658843
1677114470,333138481,0.412290,0.648482,0.301076,0.751465,0.012101,0.033498,0.658810
1677114470,343688180,0.412371,0.648244,0.301398,0.751283,0.013116,0.032507,0.659048
1677114470,353062605,0.412596,0.648125,0.301724,0.751653,0.013121,0.031721,0.658665
1677114470,362624966,0.412791,0.647940,0.301998,0.751657,0.013542,0.031464,0.658664
1677114470,372840488,0.413057,0.647774,0.302239,0.751746,0.013013,0.030834,0.658603
1677114470,383198566,0.413323,0.647580,0.302473,0.751561,0.012977,0.031092,0.658803
1677114470,393014676,0.413553,0.647414,0.302690,0.751364,0.012724,0.030906,0.659041
1677114470,403480654,0.413894,0.647348,0.302967,0.751370,0.011517,0.030889,0.659057
1677114470,413511119,0.414144,0.647058,0.303152,0.750291,0.010638,0.030874,0.660301
1677114470,422974330,0.414374,0.647201,0.303445,0.750915,0.010039,0.031074,0.659591
1677114470,432895140,0.414556,0.646958,0.303702,0.750049,0.009572,0.030787,0.660596
1677114470,443252470,0.414865,0.646819,0.303977,0.749722,0.008442,0.030807,0.660982
1677114470,453372943,0.415199,0.646695,0.304274,0.749701,0.007137,0.030709,0.661026
1677114470,464320104,0.413480,0.647316,0.304968,0.753318,0.018973,0.028064,0.656783
1677114470,473689040,0.413594,0.647366,0.305369,0.753543,0.019464,0.028302,0.656501
1677114470,483094663,0.413657,0.647474,0.305715,0.753528,0.019968,0.027962,0.656517
1677114470,492829580,0.413666,0.647643,0.306092,0.753425,0.020435,0.028052,0.656617
1677114470,503359145,0.413702,0.647930,0.306430,0.753457,0.020535,0.028285,0.656568
1677114470,513432346,0.413658,0.648063,0.306712,0.752803,0.020639,0.028031,0.657325
1677114470,523307637,0.413490,0.648142,0.306975,0.751946,0.021612,0.028632,0.658248
1677114470,533541606,0.413409,0.648216,0.307201,0.751515,0.021475,0.028798,0.658737
1677114470,543677571,0.413407,0.648378,0.307462,0.751699,0.020928,0.029190,0.658527
1677114470,553323124,0.413335,0.648269,0.307658,0.751248,0.020765,0.029635,0.659027
1677114470,562818169,0.413301,0.648262,0.307850,0.751607,0.020384,0.029874,0.658619
1677114470,573132047,0.413298,0.648206,0.308030,0.751883,0.020333,0.030744,0.658265
1677114470,583312890,0.413202,0.648106,0.308134,0.752000,0.020458,0.030607,0.658134
1677114470,593080827,0.413287,0.647920,0.308190,0.751667,0.019941,0.031196,0.658503
