secs,nsecs,tx,ty,tz,rx,ry,rz,rw
1677106285,314409113,0.452070,0.531619,0.497204,0.485477,0.117007,0.270882,0.822949
1677106285,324949629,0.451907,0.531638,0.496958,0.486365,0.116792,0.271254,0.822332
1677106285,334104036,0.452030,0.531533,0.496840,0.486129,0.115765,0.272484,0.822210
1677106285,344159187,0.452009,0.531580,0.496563,0.486923,0.115408,0.272793,0.821688
1677106285,354746924,0.451990,0.531648,0.496265,0.487406,0.116160,0.273151,0.821177
1677106285,364443645,0.452035,0.531685,0.495999,0.487253,0.116766,0.273059,0.821212
1677106285,374498736,0.452160,0.531892,0.495722,0.487385,0.117233,0.273307,0.820985
1677106285,385007654,0.452227,0.532096,0.495379,0.487822,0.118270,0.272990,0.820681
1677106285,394502394,0.452373,0.532206,0.495107,0.488135,0.118830,0.272658,0.820525
1677106285,404614107,0.452556,0.532307,0.494805,0.488416,0.119421,0.272711,0.820254
1677106285,414964337,0.452669,0.532297,0.494484,0.488899,0.118960,0.271617,0.820397
1677106285,425509303,0.452813,0.532356,0.494111,0.489508,0.119150,0.271353,0.820093
1677106285,434973220,0.453089,0.532187,0.493872,0.488614,0.118827,0.271410,0.820654
1677106285,445404361,0.453179,0.532291,0.493469,0.489497,0.118888,0.270908,0.820285
1677106285,455080574,0.453413,0.532314,0.493149,0.490100,0.118357,0.270677,0.820078
1677106285,465037672,0.453698,0.532267,0.492863,0.490185,0.118245,0.270649,0.820052
1677106285,474059791,0.453805,0.532241,0.492532,0.490732,0.118682,0.269822,0.819935
1677106285,484552143,0.454144,0.532168,0.492310,0.490166,0.118796,0.269820,0.820257
1677106285,494893176,0.454365,0.532177,0.492060,0.489880,0.119130,0.269561,0.820465
1677106285,504693322,0.454509,0.532318,0.491794,0.490314,0.119318,0.268778,0.820435
1677106285,514970889,0.454757,0.532482,0.491607,0.490646,0.118982,0.268547,0.820361
1677106285,524518700,0.454994,0.532534,0.491465,0.490403,0.119198,0.268469,0.820501
1677106285,534563123,0.455137,0.532487,0.491431,0.490340,0.119399,0.267947,0.820679
1677106285,545102379,0.455379,0.532598,0.491367,0.491175,0.118816,0.268193,0.820184
1677106285,554423046,0.455410,0.532524,0.491315,0.492057,0.118738,0.267464,0.819905
1677106285,564895111,0.455648,0.532338,0.491382,0.492584,0.117429,0.267388,0.819802
1677106285,574772933,0.455743,0.532247,0.491318,0.493921,0.116957,0.267228,0.819117
1677106285,584619049,0.455923,0.532057,0.491350,0.494066,0.116188,0.267701,0.818984
1677106285,594562986,0.455971,0.532045,0.491280,0.495293,0.115263,0.267636,0.818395
1677106285,605016844,0.456028,0.532043,0.491219,0.496092,0.114341,0.268184,0.817861
1677106285,614773450,0.456031,0.531802,0.491208,0.496173,0.113845,0.268433,0.817799
1677106285,625100068,0.456022,0.531755,0.491121,0.498059,0.112437,0.268400,0.816858
1677106285,634165870,0.456105,0.531597,0.491055,0.499938,0.111462,0.269466,0.815491
1677106285,644514612,0.456138,0.531193,0.490959,0.501681,0.110062,0.269945,0.814452
1677106285,654647823,0.456039,0.530851,0.490695,0.504549,0.108235,0.270070,0.812882
1677106285,664398980,0.456066,0.530304,0.490377,0.505878,0.106777,0.271338,0.811826
1677106285,674684476,0.455942,0.529999,0.489752,0.508108,0.104974,0.272372,0.810321
1677106285,684336518,0.455860,0.529544,0.488975,0.509041,0.102982,0.273444,0.809630
1677106285,695091341,0.455708,0.529350,0.487939,0.510841,0.100657,0.274285,0.808503
1677106285,704884306,0.455638,0.529091,0.486803,0.512256,0.098156,0.274627,0.807799
1677106285,714624815,0.455622,0.528664,0.485607,0.513664,0.095208,0.273793,0.807540
1677106285,724443660,0.455710,0.528183,0.484342,0.515237,0.092465,0.272851,0.807176
1677106285,735155125,0.455834,0.527707,0.483021,0.518540,0.089484,0.271656,0.805799
1677106285,744748286,0.456092,0.526799,0.481700,0.521485,0.086234,0.270100,0.804775
1677106285,754825579,0.456278,0.525694,0.480255,0.525403,0.083617,0.268597,0.803004
1677106285,765142919,0.456335,0.524405,0.478578,0.530358,0.081280,0.266908,0.800546
1677106285,774963084,0.456574,0.523049,0.476738,0.535557,0.078430,0.267263,0.797244
1677106285,784566742,0.456652,0.521604,0.474562,0.541312,0.075640,0.267281,0.793613
1677106285,794077083,0.456660,0.520071,0.472085,0.546537,0.073203,0.268162,0.789954
1677106285,804440575,0.456599,0.518791,0.469246,0.552503,0.070164,0.269027,0.785774
1677106285,814532536,0.456326,0.517079,0.465964,0.554765,0.070487,0.270451,0.783660
1677106285,824462893,0.456241,0.515995,0.462478,0.559283,0.068202,0.271834,0.780165
1677106285,835064435,0.456116,0.514923,0.458722,0.562446,0.066800,0.272415,0.777806
1677106285,845167638,0.455947,0.514148,0.454752,0.565308,0.066568,0.272985,0.775548
1677106285,854485979,0.456090,0.513398,0.450684,0.566907,0.065630,0.273258,0.774363
1677106285,865027536,0.456085,0.513044,0.446358,0.569411,0.066703,0.272972,0.772533
1677106285,874380901,0.456116,0.512751,0.441902,0.572176,0.068025,0.271778,0.770794
1677106285,884695280,0.456401,0.512219,0.437343,0.573510,0.069990,0.270688,0.770010
1677106285,895038746,0.456370,0.512205,0.432448,0.576956,0.073842,0.269048,0.767647
1677106285,904688007,0.457061,0.511644,0.427793,0.576805,0.075285,0.268283,0.767888
1677106285,914946763,0.457158,0.512174,0.422517,0.580792,0.077601,0.266359,0.765318
1677106285,924740564,0.457112,0.512034,0.417257,0.581209,0.080843,0.263206,0.765756
1677106285,934640953,0.457427,0.512672,0.412075,0.583548,0.081484,0.261128,0.764620
1677106285,944575518,0.457352,0.513248,0.406843,0.585233,0.084502,0.259404,0.763591
1677106285,954971418,0.457163,0.514053,0.401557,0.587963,0.087027,0.257620,0.761812
1677106285,965006654,0.456804,0.514700,0.396280,0.589713,0.090900,0.256774,0.760291
1677106285,974898794,0.456289,0.515609,0.390955,0.591506,0.095262,0.257619,0.758075
1677106285,984947998,0.455533,0.516609,0.385496,0.592982,0.099200,0.258410,0.756145
1677106285,994524862,0.454575,0.517999,0.379962,0.594524,0.103150,0.260815,0.753576
1677106286,4563258,0.453415,0.519508,0.374340,0.595128,0.106544,0.263174,0.751805
1677106286,14973309,0.452087,0.521238,0.368598,0.594997,0.109671,0.265909,0.750496
1677106286,25348290,0.450658,0.523123,0.362811,0.594264,0.111868,0.268914,0.749681
1677106286,34988518,0.449037,0.524982,0.357011,0.592929,0.114052,0.270949,0.749676
1677106286,45228384,0.447661,0.526975,0.351282,0.591976,0.114661,0.273486,0.749415
1677106286,55045924,0.446188,0.528833,0.345550,0.591487,0.116317,0.274916,0.749023
1677106286,64896709,0.444966,0.530447,0.340020,0.590975,0.118165,0.276639,0.748502
1677106286,74933685,0.443708,0.532355,0.334465,0.592578,0.120771,0.278267,0.746213
1677106286,84828542,0.442411,0.534169,0.328954,0.593783,0.125004,0.279919,0.743936
1677106286,95177957,0.441210,0.536028,0.323555,0.593980,0.128760,0.282098,0.742314
1677106286,104894925,0.439908,0.538190,0.318081,0.593936,0.132549,0.283909,0.740990
1677106286,115430663,0.438555,0.540612,0.312678,0.593140,0.135130,0.285319,0.740620
1677106286,125264690,0.437171,0.543069,0.307322,0.591091,0.137604,0.286607,0.741305
1677106286,135079309,0.435743,0.545527,0.302033,0.588071,0.139997,0.287624,0.742863
1677106286,144958078,0.434346,0.548024,0.296854,0.585752,0.142063,0.288307,0.744038
1677106286,155135517,0.433065,0.550332,0.291859,0.583873,0.144085,0.288872,0.744906
1677106286,164751664,0.431892,0.552555,0.287054,0.583148,0.145808,0.289743,0.744800
1677106286,174553895,0.430675,0.554668,0.282395,0.583491,0.148159,0.290664,0.743708
1677106286,185101164,0.429517,0.556537,0.277964,0.583177,0.151147,0.292832,0.742502
1677106286,194234331,0.428187,0.558476,0.273617,0.583656,0.153800,0.294410,0.740955
1677106286,204083988,0.426660,0.560239,0.269273,0.582751,0.157253,0.296378,0.740157
1677106286,214804687,0.425366,0.562393,0.265257,0.583459,0.155872,0.298194,0.739162
1677106286,224963946,0.423957,0.564612,0.261187,0.581840,0.156077,0.301832,0.738918
1677106286,235112844,0.422337,0.566513,0.257211,0.579528,0.155162,0.302275,0.740744
1677106286,245195188,0.421025,0.568471,0.253389,0.577262,0.154403,0.304239,0.741867
1677106286,255236730,0.420066,0.570398,0.249819,0.575755,0.153567,0.306852,0.742136
1677106286,264954146,0.419012,0.572141,0.246417,0.575701,0.154472,0.307854,0.741575
1677106286,274800193,0.418188,0.573858,0.243249,0.576624,0.155638,0.308691,0.740265
1677106286,285251072,0.418077,0.575403,0.240290,0.576197,0.153797,0.309571,0.740614
1677106286,295240985,0.417009,0.577143,0.237368,0.577019,0.157618,0.310032,0.738976
1677106286,304569899,0.416239,0.578925,0.234538,0.576240,0.159280,0.310136,0.739184
1677106286,314639546,0.415383,0.580986,0.231744,0.575038,0.161445,0.310559,0.739472
1677106286,324781703,0.414787,0.582977,0.229090,0.572220,0.162295,0.311305,0.741157
1677106286,334900897,0.413905,0.585380,0.226397,0.571984,0.163792,0.310880,0.741188
1677106286,345678180,0.413406,0.587323,0.223976,0.569127,0.164838,0.311288,0.742982
1677106286,354632291,0.412535,0.589938,0.221366,0.569954,0.167865,0.311139,0.741732
1677106286,364678777,0.412375,0.591661,0.219260,0.566691,0.168221,0.311500,0.743996
1677106286,374617949,0.412010,0.593602,0.217186,0.565036,0.169476,0.311326,0.745043
1677106286,384860973,0.411844,0.595447,0.215203,0.562492,0.170275,0.311494,0.746713
1677106286,394897324,0.411472,0.597465,0.213141,0.560731,0.171304,0.310882,0.748056
1677106286,404916915,0.411004,0.599800,0.211131,0.560344,0.172419,0.310801,0.748123
1677106286,415144561,0.410562,0.601995,0.209137,0.559282,0.173507,0.309885,0.749046
1677106286,424795731,0.410083,0.604584,0.207070,0.560115,0.174040,0.308762,0.748764
1677106286,435566810,0.409990,0.606372,0.205419,0.555041,0.175713,0.310792,0.751308
1677106286,445202592,0.409332,0.608689,0.203574,0.553409,0.178174,0.310985,0.751852
1677106286,454698583,0.408787,0.610991,0.201808,0.551088,0.179566,0.311752,0.752906
1677106286,465192429,0.407875,0.613645,0.199859,0.550102,0.182553,0.312711,0.752512
1677106286,474863018,0.407285,0.615814,0.198176,0.547084,0.183860,0.313760,0.753956
1677106286,485065157,0.406939,0.617873,0.196677,0.543382,0.184308,0.315427,0.755826
1677106286,494290859,0.406582,0.619706,0.195235,0.539949,0.185244,0.316265,0.757704
1677106286,504814444,0.406326,0.621843,0.193847,0.538613,0.186124,0.317360,0.757982
1677106286,514744805,0.406014,0.623772,0.192515,0.537418,0.188153,0.317559,0.758245
1677106286,525219662,0.405834,0.625626,0.191242,0.535851,0.189941,0.317571,0.758904
1677106286,534978063,0.405496,0.627630,0.189964,0.534428,0.192395,0.317596,0.759278
1677106286,545098651,0.405233,0.629717,0.188660,0.532341,0.193932,0.317745,0.760290
1677106286,554992517,0.404962,0.631554,0.187373,0.528422,0.195663,0.317507,0.762677
1677106286,564776071,0.404623,0.633730,0.186072,0.525403,0.197445,0.317925,0.764128
1677106286,574736187,0.404379,0.635799,0.184812,0.521576,0.199296,0.317746,0.766340
1677106286,584587993,0.404010,0.637836,0.183608,0.518061,0.202107,0.317308,0.768167
1677106286,594814195,0.403876,0.639673,0.182541,0.513813,0.204575,0.316996,0.770493
1677106286,604765730,0.403779,0.641507,0.181504,0.510935,0.206780,0.315933,0.772253
1677106286,614526288,0.403728,0.643126,0.180582,0.508103,0.209423,0.314972,0.773799
1677106286,624289899,0.403702,0.644610,0.179685,0.505820,0.212143,0.313637,0.775095
1677106286,634699804,0.403640,0.646012,0.178799,0.503760,0.214188,0.312491,0.776337
1677106286,644425713,0.403466,0.647389,0.177843,0.501545,0.215516,0.311300,0.777880
1677106286,654185241,0.403249,0.648710,0.176847,0.498536,0.215703,0.310609,0.780036
1677106286,664989385,0.403067,0.649907,0.175864,0.494534,0.215728,0.310638,0.782561
1677106286,675007978,0.402749,0.651083,0.174826,0.492105,0.215372,0.309889,0.784485
1677106286,684853995,0.402562,0.652070,0.173962,0.489474,0.215073,0.309450,0.786384
1677106286,694425723,0.402528,0.652859,0.173217,0.487196,0.214796,0.308980,0.788057
1677106286,704878701,0.402366,0.653539,0.172503,0.485397,0.215478,0.308239,0.789270
1677106286,714701643,0.402338,0.654127,0.172054,0.485054,0.216158,0.307976,0.789398
1677106286,724934538,0.402452,0.654344,0.172044,0.487272,0.216439,0.307906,0.787981
1677106286,734543883,0.402385,0.654268,0.172141,0.489188,0.216290,0.308063,0.786772
1677106286,744801776,0.402009,0.654357,0.171969,0.489520,0.215818,0.309757,0.786030
1677106286,755247492,0.401526,0.654242,0.171879,0.488363,0.214992,0.311429,0.786316
1677106286,764811947,0.401140,0.654237,0.171915,0.488999,0.213849,0.313663,0.785343
1677106286,775235830,0.400722,0.653957,0.171975,0.489364,0.213083,0.315096,0.784750
1677106286,785038261,0.400448,0.653816,0.171983,0.488767,0.211992,0.317136,0.784596
1677106286,795242291,0.400092,0.653667,0.171899,0.488075,0.211391,0.318294,0.784720
1677106286,804557009,0.399873,0.653617,0.171861,0.488496,0.210790,0.318618,0.784488
1677106286,815004321,0.399817,0.653530,0.171911,0.488828,0.210493,0.318663,0.784343
1677106286,825093688,0.399828,0.653471,0.171919,0.488946,0.210236,0.318787,0.784288
1677106286,834875594,0.399743,0.653550,0.171828,0.489743,0.210143,0.318159,0.784070
1677106286,844572516,0.399751,0.653638,0.171764,0.490292,0.210017,0.317970,0.783838
1677106286,854728474,0.399719,0.653685,0.171710,0.491150,0.210311,0.317592,0.783375
1677106286,865013790,0.399704,0.653708,0.171666,0.491950,0.210136,0.316974,0.783170
1677106286,874999871,0.399731,0.653643,0.171642,0.492238,0.209900,0.316563,0.783219
1677106286,885355771,0.399657,0.653725,0.171555,0.493790,0.209523,0.315836,0.782636
1677106286,894920177,0.399604,0.653691,0.171511,0.494696,0.209565,0.315456,0.782206
1677106286,904802443,0.399596,0.653548,0.171504,0.495088,0.208992,0.314769,0.782388
1677106286,915323145,0.399609,0.653573,0.171454,0.495793,0.208043,0.314792,0.782185
1677106286,924726936,0.399430,0.653588,0.171324,0.497019,0.207911,0.314445,0.781581
1677106286,934387905,0.399129,0.653596,0.171192,0.498489,0.207915,0.313911,0.780859
1677106286,944730466,0.399043,0.653724,0.171077,0.499716,0.207295,0.314664,0.779936
1677106286,954691797,0.398747,0.653716,0.170965,0.500306,0.206930,0.314678,0.779648
1677106286,964696788,0.398494,0.653811,0.170878,0.500865,0.206852,0.315273,0.779069
1677106286,974507381,0.398290,0.653985,0.170824,0.501700,0.206614,0.315964,0.778315
1677106286,985071727,0.398146,0.653906,0.170864,0.501956,0.205875,0.315650,0.778473
1677106286,994847579,0.397811,0.654052,0.170744,0.503593,0.206066,0.314731,0.777737
1677106287,4485772,0.397837,0.654122,0.170707,0.503792,0.205398,0.314847,0.777738
1677106287,14357947,0.397757,0.654377,0.170630,0.505168,0.205094,0.314157,0.777205
1677106287,25226731,0.397739,0.654563,0.170550,0.506595,0.205070,0.313158,0.776685
1677106287,34582091,0.397856,0.654678,0.170486,0.507846,0.204795,0.311805,0.776485
1677106287,44981303,0.398039,0.654764,0.170415,0.508983,0.204812,0.309908,0.776495
1677106287,55533268,0.398155,0.654873,0.170331,0.510212,0.205447,0.307761,0.776375
1677106287,65310532,0.398414,0.655194,0.170180,0.511670,0.205190,0.305819,0.776251
1677106287,75158331,0.398551,0.655428,0.170050,0.512183,0.205435,0.303755,0.776658
1677106287,85416111,0.398723,0.655519,0.169989,0.512218,0.205281,0.301834,0.777424
1677106287,95062219,0.398824,0.655622,0.169899,0.512903,0.205050,0.300272,0.777639
1677106287,104845182,0.398842,0.655803,0.169817,0.514297,0.204573,0.299461,0.777156
1677106287,114950533,0.398737,0.655846,0.169701,0.515414,0.203821,0.298860,0.776845
1677106287,124536950,0.398341,0.656125,0.169463,0.517829,0.203160,0.298823,0.775425
1677106287,134314615,0.397927,0.656178,0.169335,0.518998,0.202814,0.299659,0.774411
1677106287,145169142,0.397424,0.656356,0.169186,0.520814,0.201933,0.300884,0.772945
1677106287,154563055,0.396861,0.656219,0.169182,0.521121,0.201502,0.301940,0.772439
1677106287,164847190,0.396274,0.656262,0.169064,0.522000,0.200723,0.303284,0.771522
1677106287,174507878,0.395671,0.656302,0.168970,0.522885,0.200001,0.304589,0.770595
1677106287,184969913,0.395156,0.656306,0.168906,0.524019,0.198790,0.305302,0.769856
1677106287,195319447,0.394795,0.656169,0.168878,0.524473,0.197842,0.305699,0.769633
1677106287,204876117,0.394523,0.656140,0.168800,0.525393,0.197062,0.305792,0.769168
1677106287,215047093,0.394288,0.656194,0.168702,0.526592,0.196955,0.305223,0.768602
1677106287,224518894,0.394271,0.656295,0.168638,0.527325,0.196387,0.304478,0.768540
1677106287,235022231,0.394153,0.656489,0.168511,0.528107,0.196978,0.303138,0.768382
1677106287,245074287,0.394148,0.656808,0.168426,0.528855,0.197387,0.302121,0.768162
1677106287,254356887,0.394250,0.656975,0.168392,0.529137,0.197368,0.300652,0.768550
1677106287,265078264,0.394177,0.657249,0.168285,0.530131,0.197921,0.299030,0.768355
1677106287,274647647,0.394155,0.657453,0.168245,0.530265,0.198351,0.298233,0.768461
1677106287,284638084,0.393933,0.657663,0.168216,0.530731,0.199106,0.297460,0.768244
1677106287,294648240,0.393778,0.657745,0.168238,0.530630,0.199047,0.297265,0.768405
1677106287,304861295,0.393597,0.657795,0.168226,0.530710,0.198831,0.297322,0.768383
1677106287,314579925,0.393393,0.657843,0.168171,0.531491,0.198791,0.297122,0.767931
1677106287,325001863,0.393320,0.657753,0.168109,0.532282,0.198416,0.296093,0.767877
1677106287,335240205,0.393355,0.657658,0.168034,0.533610,0.198133,0.294757,0.767543
1677106287,344901539,0.393592,0.657495,0.167971,0.534399,0.197972,0.292793,0.767787
1677106287,354388551,0.393909,0.657289,0.167932,0.534672,0.198100,0.290376,0.768482
1677106287,364371274,0.394044,0.657396,0.167799,0.536462,0.198160,0.286918,0.768517
1677106287,374477139,0.394427,0.657362,0.167752,0.536546,0.198215,0.284734,0.769257
1677106287,384844588,0.394555,0.657272,0.167664,0.537299,0.198383,0.281343,0.769935
1677106287,395336865,0.394776,0.657334,0.167605,0.538268,0.198017,0.280049,0.769824
1677106287,404715521,0.394787,0.657127,0.167541,0.538690,0.197701,0.278416,0.770203
1677106287,415117380,0.394647,0.656959,0.167421,0.539965,0.197229,0.277261,0.769847
1677106287,424550584,0.394444,0.656606,0.167284,0.540559,0.197168,0.276992,0.769543
1677106287,434605398,0.394014,0.656356,0.167078,0.542157,0.197576,0.276803,0.768381
1677106287,444914770,0.393640,0.656258,0.166813,0.544534,0.196948,0.277358,0.766659
1677106287,454691091,0.393348,0.655950,0.166625,0.545757,0.196572,0.278364,0.765521
1677106287,465116961,0.392890,0.655463,0.166440,0.546867,0.196341,0.277794,0.764995
1677106287,475338923,0.392379,0.655309,0.166204,0.549200,0.196346,0.277512,0.763423
1677106287,485007214,0.392139,0.654944,0.166057,0.549982,0.195329,0.277667,0.763064
1677106287,495249190,0.391826,0.654729,0.165912,0.551629,0.194249,0.277076,0.762366
1677106287,504701885,0.391569,0.654424,0.165812,0.552473,0.193638,0.276456,0.762135
1677106287,515140142,0.391211,0.654224,0.165709,0.553953,0.193016,0.275340,0.761622
1677106287,525020797,0.390985,0.654096,0.165615,0.555182,0.192163,0.274923,0.761094
1677106287,534684220,0.390692,0.653953,0.165558,0.556087,0.191466,0.274401,0.760797
1677106287,545073627,0.390237,0.653987,0.165407,0.557650,0.190512,0.273640,0.760166
1677106287,555310321,0.389844,0.653855,0.165320,0.558389,0.189200,0.272944,0.760202
1677106287,565107494,0.389426,0.653676,0.165262,0.558842,0.188038,0.272305,0.760386
1677106287,574646404,0.389098,0.653590,0.165162,0.559428,0.186648,0.272302,0.760299
1677106287,584140120,0.388608,0.653511,0.165062,0.560146,0.185283,0.271727,0.760310
1677106287,594235436,0.388008,0.653693,0.164936,0.561760,0.184256,0.271111,0.759588
1677106287,605054961,0.387471,0.653698,0.164853,0.562173,0.183314,0.270925,0.759577
1677106287,615157355,0.386904,0.653854,0.164787,0.563044,0.183080,0.271480,0.758790
1677106287,625121954,0.386442,0.653986,0.164701,0.563705,0.182782,0.272524,0.757996
1677106287,634896534,0.385937,0.654140,0.164562,0.564476,0.183299,0.273164,0.757067
1677106287,644253565,0.385359,0.654265,0.164386,0.565283,0.183940,0.272578,0.756520
1677106287,655019088,0.385054,0.654418,0.164298,0.565685,0.183825,0.272441,0.756297
1677106287,664981689,0.384818,0.654554,0.164250,0.565975,0.183877,0.272018,0.756220
1677106287,675322339,0.384505,0.654741,0.164172,0.566801,0.184434,0.271052,0.755812
1677106287,684825697,0.384457,0.654843,0.164123,0.566544,0.184177,0.270987,0.756090
1677106287,695093708,0.384252,0.655026,0.164036,0.567326,0.183929,0.270054,0.755898
1677106287,704473262,0.384037,0.655203,0.163993,0.567721,0.184330,0.269904,0.755558
1677106287,714151266,0.383822,0.655443,0.163962,0.568116,0.184466,0.270266,0.755098
1677106287,724490982,0.383404,0.655686,0.163944,0.568267,0.185421,0.270955,0.754503
1677106287,734551352,0.382966,0.655912,0.163900,0.568520,0.185848,0.271533,0.754000
1677106287,745483148,0.382590,0.656005,0.163878,0.568149,0.186061,0.272617,0.753836
1677106287,754777498,0.382236,0.656219,0.163817,0.568252,0.185666,0.273891,0.753394
1677106287,764581862,0.381826,0.656376,0.163752,0.568101,0.186161,0.275236,0.752894
1677106287,774388957,0.381468,0.656602,0.163617,0.568677,0.186046,0.275738,0.752305
1677106287,784500605,0.381240,0.656781,0.163520,0.569304,0.186088,0.275995,0.751725
1677106287,794458232,0.381049,0.656912,0.163436,0.569916,0.187066,0.276030,0.751006
1677106287,804170748,0.381040,0.657121,0.163393,0.570525,0.187387,0.275902,0.750510
1677106287,814955810,0.380984,0.657402,0.163339,0.571342,0.187987,0.274987,0.750075
1677106287,825082616,0.381096,0.657688,0.163296,0.571181,0.188631,0.275050,0.750012
1677106287,834770040,0.380967,0.658020,0.163235,0.571392,0.190102,0.274559,0.749660
1677106287,845158147,0.380868,0.658331,0.163184,0.571399,0.190582,0.273981,0.749744
1677106287,854996967,0.380671,0.658648,0.163096,0.571788,0.191878,0.274250,0.749018
1677106287,865490931,0.380565,0.658814,0.162965,0.571976,0.192635,0.274974,0.748415
1677106287,874845764,0.380324,0.659092,0.162761,0.573015,0.193500,0.275452,0.747220
1677106287,885288858,0.380170,0.659391,0.162536,0.574441,0.193685,0.275680,0.745992
1677106287,895025970,0.380263,0.659481,0.162360,0.574917,0.194104,0.276484,0.745219
1677106287,904725753,0.380228,0.659440,0.162200,0.575654,0.195335,0.275746,0.744601
1677106287,914924782,0.380256,0.659541,0.161991,0.576408,0.196537,0.274772,0.744061
1677106287,924962060,0.380379,0.659838,0.161839,0.577144,0.197472,0.274222,0.743446
1677106287,934501484,0.380402,0.660189,0.161684,0.578120,0.199091,0.273212,0.742627
1677106287,944800832,0.380454,0.660573,0.161592,0.579087,0.200232,0.272427,0.741855
1677106287,955112197,0.380414,0.660841,0.161512,0.579477,0.201491,0.271642,0.741498
1677106287,964610164,0.380413,0.661058,0.161401,0.579696,0.202261,0.271670,0.741106
1677106287,974674179,0.380222,0.661280,0.161241,0.580578,0.203285,0.271530,0.740187
1677106287,985017360,0.380166,0.661347,0.161138,0.580976,0.203352,0.271607,0.739828
1677106287,994410278,0.380028,0.661412,0.160980,0.581777,0.203403,0.271260,0.739311
1677106288,4293979,0.379927,0.661560,0.160867,0.582668,0.203268,0.271118,0.738698
1677106288,14678852,0.379871,0.661649,0.160745,0.583227,0.203368,0.270723,0.738374
1677106288,24268753,0.379920,0.661632,0.160680,0.583302,0.203677,0.270350,0.738367
1677106288,35179175,0.379770,0.661764,0.160602,0.584159,0.204271,0.268989,0.738022
1677106288,44792247,0.379792,0.662072,0.160474,0.585031,0.204541,0.268878,0.737296
1677106288,54631435,0.379645,0.662183,0.160314,0.585686,0.205144,0.267561,0.737088
1677106288,65086966,0.379570,0.662329,0.160165,0.586478,0.205451,0.266737,0.736672
1677106288,75011464,0.379480,0.662413,0.160004,0.587016,0.205909,0.265881,0.736425
1677106288,84646323,0.379352,0.662606,0.159868,0.587866,0.205953,0.265183,0.735986
1677106288,94459516,0.379237,0.662712,0.159790,0.588319,0.205999,0.264475,0.735865
1677106288,104946436,0.379176,0.662733,0.159726,0.588736,0.205986,0.263803,0.735777
1677106288,114686622,0.378952,0.662900,0.159622,0.590229,0.206114,0.262843,0.734888
1677106288,124694643,0.378902,0.662983,0.159542,0.590525,0.205682,0.262822,0.734779
1677106288,134730564,0.378639,0.663192,0.159384,0.591511,0.205522,0.262218,0.734246
1677106288,144862270,0.378446,0.663253,0.159294,0.591797,0.205207,0.262125,0.734137
1677106288,154394048,0.378237,0.663364,0.159230,0.592156,0.205131,0.262336,0.733793
1677106288,164435997,0.378003,0.663498,0.159206,0.592462,0.204788,0.262527,0.733574
1677106288,174199217,0.377702,0.663807,0.159161,0.593512,0.204205,0.262223,0.732996
1677106288,184523299,0.377422,0.664011,0.159181,0.593932,0.203918,0.261976,0.732824
1677106288,194450002,0.377185,0.664245,0.159173,0.593926,0.203810,0.262097,0.732815
1677106288,204895817,0.376917,0.664507,0.159119,0.594278,0.203417,0.261339,0.732910
1677106288,215114892,0.376645,0.664874,0.159031,0.595011,0.203445,0.260910,0.732460
1677106288,224820459,0.376527,0.665103,0.159004,0.595358,0.203019,0.260326,0.732504
1677106288,235165950,0.376319,0.665538,0.158920,0.596324,0.202702,0.259562,0.732077
1677106288,245021962,0.376107,0.665851,0.158816,0.596524,0.202992,0.258887,0.732073
1677106288,254444517,0.376019,0.666190,0.158749,0.596617,0.202558,0.258560,0.732233
1677106288,265057596,0.375831,0.666626,0.158716,0.597197,0.202699,0.258607,0.731704
1677106288,274747506,0.375565,0.666984,0.158697,0.597433,0.202804,0.258392,0.731558
1677106288,284468806,0.375456,0.667294,0.158669,0.597217,0.202244,0.258911,0.731707
1677106288,294378434,0.375189,0.667698,0.158638,0.597990,0.201985,0.258916,0.731144
1677106288,304679892,0.375114,0.667980,0.158638,0.598046,0.201322,0.259469,0.731086
1677106288,313998542,0.374821,0.668313,0.158586,0.599051,0.201193,0.258549,0.730624
1677106288,324273361,0.374830,0.668555,0.158592,0.598878,0.200679,0.258772,0.730829
1677106288,333968707,0.374798,0.668945,0.158583,0.599294,0.200009,0.258594,0.730735
1677106288,344097542,0.374756,0.669297,0.158560,0.599756,0.199923,0.258261,0.730497
1677106288,354038758,0.374809,0.669554,0.158562,0.599427,0.199678,0.258104,0.730888
1677106288,364334597,0.374792,0.669971,0.158522,0.600028,0.199192,0.257264,0.730825
1677106288,374573372,0.374772,0.670281,0.158486,0.600373,0.199284,0.256367,0.730831
1677106288,385081389,0.374857,0.670598,0.158449,0.600799,0.198663,0.255609,0.730915
1677106288,394572471,0.375009,0.671013,0.158395,0.601083,0.198047,0.255515,0.730883
1677106288,404438465,0.374914,0.671491,0.158347,0.602071,0.198090,0.254840,0.730293
1677106288,414300938,0.374965,0.671816,0.158324,0.602306,0.197426,0.254458,0.730412
1677106288,424750738,0.374968,0.672196,0.158275,0.602677,0.197066,0.254794,0.730086
1677106288,434492611,0.375027,0.672381,0.158238,0.602262,0.196423,0.255118,0.730489
1677106288,444230255,0.375058,0.672662,0.158213,0.602850,0.195588,0.255273,0.730173
1677106288,454159685,0.375014,0.672915,0.158167,0.603889,0.195447,0.255163,0.729390
1677106288,464500158,0.375327,0.673118,0.158103,0.604469,0.194101,0.255124,0.729283
1677106288,473991116,0.375543,0.673391,0.157988,0.605209,0.193828,0.254518,0.728954
1677106288,484595819,0.375804,0.673760,0.157862,0.606448,0.193999,0.253230,0.728326
1677106288,494629439,0.376302,0.673813,0.157732,0.606026,0.195027,0.252051,0.728812
1677106288,505117688,0.376801,0.674160,0.157625,0.606963,0.195817,0.250327,0.728415
1677106288,515684883,0.377401,0.674557,0.157539,0.607537,0.196546,0.248592,0.728334
1677106288,525023379,0.377938,0.674776,0.157433,0.607608,0.198062,0.246497,0.728577
1677106288,535028229,0.378486,0.675024,0.157345,0.608437,0.199162,0.244037,0.728413
1677106288,545452582,0.379223,0.675261,0.157202,0.609015,0.200076,0.242930,0.728049
1677106288,555238271,0.379938,0.675494,0.157043,0.610037,0.200578,0.241203,0.727630
1677106288,565235764,0.380573,0.675516,0.156862,0.609965,0.202176,0.239415,0.727838
1677106288,574826208,0.381211,0.676010,0.156703,0.611534,0.202959,0.237878,0.726806
1677106288,585540548,0.381757,0.676486,0.156561,0.612250,0.204147,0.236479,0.726327
1677106288,594801558,0.382292,0.676982,0.156452,0.612435,0.205098,0.234893,0.726418
1677106288,604964309,0.382864,0.677287,0.156326,0.611963,0.205704,0.233819,0.726991
1677106288,615017242,0.383348,0.677784,0.156247,0.612529,0.206231,0.232921,0.726653
1677106288,624946092,0.383802,0.678194,0.156182,0.612775,0.206936,0.232722,0.726309
1677106288,635199042,0.384179,0.678592,0.156102,0.613403,0.207214,0.232121,0.725892
1677106288,644203835,0.384489,0.678894,0.156033,0.613531,0.208407,0.231861,0.725525
1677106288,655219105,0.384994,0.679109,0.156020,0.613224,0.208374,0.231644,0.725863
1677106288,664477139,0.385276,0.679755,0.155948,0.614834,0.208875,0.231142,0.724516
1677106288,674595093,0.385716,0.680075,0.155903,0.614139,0.209917,0.231350,0.724738
1677106288,684806935,0.386115,0.680352,0.155831,0.613909,0.210374,0.230112,0.725194
1677106288,695149693,0.386577,0.680835,0.155759,0.614661,0.211275,0.229610,0.724454
1677106288,705437003,0.387147,0.681128,0.155716,0.614562,0.212148,0.229060,0.724457
1677106288,714914871,0.387582,0.681533,0.155669,0.615211,0.213266,0.227588,0.724042
1677106288,725220093,0.388199,0.681902,0.155650,0.614946,0.213900,0.227057,0.724247
1677106288,735041557,0.388619,0.682425,0.155569,0.615642,0.214564,0.225724,0.723875
1677106288,745643458,0.389136,0.682862,0.155581,0.615802,0.214915,0.225084,0.723834
1677106288,754681195,0.389491,0.683115,0.155545,0.615826,0.215607,0.223941,0.723963
1677106288,764887681,0.389917,0.683570,0.155474,0.616756,0.215412,0.223282,0.723433
1677106288,774743820,0.390155,0.683819,0.155400,0.617048,0.215651,0.222619,0.723317
1677106288,784795584,0.390396,0.684089,0.155290,0.617881,0.214909,0.222069,0.722996
1677106288,795153997,0.390721,0.684168,0.155219,0.618338,0.213539,0.222207,0.722968
1677106288,804452497,0.390811,0.684405,0.155131,0.620350,0.212201,0.221801,0.721763
1677106288,814531428,0.391024,0.684466,0.154980,0.621672,0.210485,0.221884,0.721101
1677106288,824359763,0.391264,0.684511,0.154882,0.622646,0.208736,0.222103,0.720702
1677106288,834475875,0.391338,0.684623,0.154740,0.623654,0.207904,0.221510,0.720253
1677106288,845130584,0.391648,0.684866,0.154657,0.624638,0.206223,0.221602,0.719855
1677106288,854839674,0.391812,0.685117,0.154505,0.625574,0.205032,0.220596,0.719692
1677106288,864081843,0.392065,0.685391,0.154373,0.626215,0.203846,0.220217,0.719588
1677106288,874668605,0.392217,0.685679,0.154220,0.626893,0.203371,0.219847,0.719244
1677106288,884880820,0.392416,0.685834,0.154119,0.627421,0.202697,0.219370,0.719120
1677106288,895406977,0.392706,0.686052,0.154013,0.628661,0.201632,0.219243,0.718375
1677106288,905023607,0.392997,0.686121,0.153880,0.629444,0.201023,0.218753,0.718009
1677106288,914729955,0.393245,0.686100,0.153739,0.630294,0.200539,0.217162,0.717882
1677106288,925032475,0.393603,0.686351,0.153613,0.632162,0.199931,0.215773,0.716827
1677106288,935309802,0.394125,0.686231,0.153468,0.632481,0.199608,0.214154,0.717121
1677106288,944875589,0.394508,0.686347,0.153272,0.633651,0.199575,0.212153,0.716692
1677106288,954755941,0.394879,0.686642,0.153054,0.635258,0.199686,0.210632,0.715686
1677106288,965292986,0.395252,0.686613,0.152883,0.636325,0.199303,0.208523,0.715463
1677106288,974996662,0.395692,0.686429,0.152698,0.636948,0.198783,0.207457,0.715363
1677106288,984422697,0.395954,0.686424,0.152473,0.638499,0.197837,0.206028,0.714655
1677106288,994664424,0.396142,0.686282,0.152193,0.639912,0.197311,0.204687,0.713922
1677106289,4347034,0.396512,0.686114,0.151941,0.642020,0.196234,0.203733,0.712598
1677106289,14629423,0.396816,0.685868,0.151645,0.643791,0.195970,0.202587,0.711398
1677106289,24575626,0.397050,0.685655,0.151318,0.644909,0.195759,0.200589,0.711009
1677106289,35604170,0.397450,0.685612,0.151052,0.646527,0.195689,0.199702,0.709809
1677106289,44927498,0.397868,0.685452,0.150769,0.648024,0.195497,0.197691,0.709058
1677106289,54854069,0.398346,0.685170,0.150551,0.648769,0.195538,0.196098,0.708808
1677106289,64971306,0.398792,0.685159,0.150361,0.650387,0.195745,0.194432,0.707726
1677106289,74881847,0.399216,0.685163,0.150176,0.651989,0.195775,0.192400,0.706799
1677106289,84478636,0.399725,0.684898,0.149955,0.652444,0.196536,0.190439,0.706699
1677106289,94800985,0.400220,0.684979,0.149774,0.654544,0.196679,0.187886,0.705400
1677106289,104911932,0.400864,0.684834,0.149541,0.655389,0.196977,0.185675,0.705117
1677106289,114878737,0.401339,0.684825,0.149277,0.656913,0.197810,0.182773,0.704223
1677106289,125111408,0.401931,0.684685,0.149001,0.657759,0.197586,0.180384,0.704112
1677106289,134788093,0.402267,0.684575,0.148721,0.658960,0.198294,0.178190,0.703348
1677106289,145388457,0.402605,0.684516,0.148479,0.660662,0.197500,0.176515,0.702398
1677106289,154879187,0.402808,0.684250,0.148224,0.661997,0.197458,0.175424,0.701424
1677106289,165189654,0.402994,0.683897,0.147988,0.663299,0.196802,0.174691,0.700562
1677106289,175015324,0.403080,0.683509,0.147786,0.664554,0.196411,0.173954,0.699665
1677106289,185198748,0.403119,0.683289,0.147547,0.666200,0.195963,0.173203,0.698411
1677106289,194831502,0.403219,0.683008,0.147352,0.667443,0.195439,0.172621,0.697513
1677106289,204779851,0.403382,0.682613,0.147161,0.668154,0.194824,0.171926,0.697176
1677106289,215032253,0.403509,0.682365,0.147029,0.668953,0.194788,0.171313,0.696572
1677106289,224689429,0.403764,0.682313,0.146919,0.669991,0.193792,0.170601,0.696026
1677106289,234658988,0.403842,0.682231,0.146814,0.670924,0.193937,0.169303,0.695404
1677106289,245399962,0.403986,0.682056,0.146709,0.671399,0.193866,0.168493,0.695161
1677106289,255245002,0.404108,0.681792,0.146594,0.671585,0.193489,0.167836,0.695245
1677106289,264603284,0.404141,0.681786,0.146527,0.672747,0.192082,0.167175,0.694672
1677106289,274663312,0.404189,0.681809,0.146471,0.673710,0.190193,0.167319,0.694224
1677106289,284942325,0.403997,0.681749,0.146431,0.674491,0.188526,0.166431,0.694133
1677106289,294971340,0.403848,0.681761,0.146393,0.674965,0.186814,0.165967,0.694246
1677106289,304785129,0.403686,0.681916,0.146412,0.675396,0.185651,0.165198,0.694323
1677106289,314117733,0.403757,0.682187,0.146479,0.675570,0.184428,0.164718,0.694593
1677106289,324479254,0.403872,0.682394,0.146547,0.675468,0.182592,0.162852,0.695616
1677106289,334643854,0.404105,0.682809,0.146658,0.675570,0.181031,0.161881,0.696152
1677106289,345035469,0.404084,0.683040,0.146737,0.674947,0.181907,0.160374,0.696876
1677106289,354707390,0.404296,0.683318,0.146824,0.675145,0.180080,0.158763,0.697528
1677106289,365066514,0.404395,0.683341,0.146890,0.674871,0.178780,0.157074,0.698508
1677106289,374606667,0.404399,0.683546,0.146955,0.675337,0.177470,0.156111,0.698609
1677106289,385035524,0.404493,0.683802,0.146973,0.675899,0.175322,0.155440,0.698757
1677106289,394389117,0.404524,0.683977,0.147018,0.676211,0.173826,0.154923,0.698943
1677106289,404408652,0.404649,0.684031,0.147082,0.676426,0.172282,0.154233,0.699270
1677106289,415025260,0.404655,0.684096,0.147124,0.676804,0.171681,0.152990,0.699325
1677106289,424925721,0.404825,0.684337,0.147124,0.677531,0.170192,0.151842,0.699236
1677106289,434531064,0.405035,0.684365,0.147078,0.676629,0.169608,0.150821,0.700470
1677106289,444823151,0.405202,0.684667,0.147039,0.676873,0.168829,0.149179,0.700775
1677106289,454860513,0.405428,0.684764,0.147042,0.676858,0.168424,0.148112,0.701114
1677106289,464604577,0.405591,0.684784,0.147045,0.677112,0.167549,0.147023,0.701307
1677106289,474915405,0.405693,0.684842,0.147028,0.677269,0.166895,0.146499,0.701421
1677106289,484411581,0.405838,0.684910,0.146966,0.677723,0.165604,0.146311,0.701327
1677106289,494326107,0.405976,0.684736,0.146872,0.678251,0.164310,0.145686,0.701252
1677106289,504896246,0.406043,0.684692,0.146747,0.679353,0.163117,0.144833,0.700640
1677106289,514488113,0.406239,0.684476,0.146635,0.679511,0.161558,0.144109,0.700996
1677106289,524810557,0.406374,0.684412,0.146491,0.680403,0.160444,0.143723,0.700466
1677106289,534675660,0.406560,0.684392,0.146399,0.681753,0.158634,0.143255,0.699661
1677106289,544736982,0.406656,0.684226,0.146267,0.682432,0.157178,0.142378,0.699507
1677106289,554198912,0.406660,0.684052,0.146170,0.682708,0.156323,0.141906,0.699525
1677106289,564393835,0.406661,0.684135,0.146106,0.683773,0.155172,0.142118,0.698698
1677106289,574512600,0.406768,0.684013,0.146050,0.683985,0.153327,0.142534,0.698813
1677106289,584657918,0.406683,0.683978,0.146011,0.684611,0.151638,0.142278,0.698621
1677106289,594169950,0.406586,0.683847,0.145997,0.684980,0.149801,0.142079,0.698696
1677106289,604471967,0.406547,0.683887,0.146020,0.685781,0.147171,0.142544,0.698374
1677106289,614293380,0.406481,0.683864,0.146038,0.686387,0.143940,0.142323,0.698498
1677106289,625436011,0.406375,0.683730,0.146028,0.686494,0.140902,0.142422,0.698992
1677106289,634917035,0.406145,0.683400,0.145979,0.686003,0.139135,0.142376,0.699836
1677106289,644993400,0.406024,0.683522,0.145980,0.687418,0.136774,0.142733,0.698840
1677106289,654626106,0.405977,0.683493,0.145924,0.688014,0.135358,0.142804,0.698514
1677106289,664682251,0.406146,0.683455,0.145886,0.688590,0.133443,0.141444,0.698592
1677106289,675134024,0.406468,0.683261,0.145807,0.688730,0.132106,0.140051,0.698989
1677106289,684353949,0.406759,0.683182,0.145713,0.689677,0.131103,0.137306,0.698788
1677106289,695143086,0.407114,0.683212,0.145582,0.691268,0.129904,0.134414,0.698002
1677106289,705234877,0.407530,0.683009,0.145380,0.692072,0.129050,0.132413,0.697746
1677106289,714849869,0.407750,0.682733,0.145198,0.692856,0.128867,0.130678,0.697329
1677106289,724974838,0.407964,0.682551,0.144956,0.694506,0.127570,0.128948,0.696247
1677106289,734932283,0.408033,0.682193,0.144717,0.695451,0.126712,0.128263,0.695586
1677106289,745116948,0.408058,0.681948,0.144456,0.696957,0.125158,0.127944,0.694418
1677106289,754488081,0.408071,0.681704,0.144230,0.698540,0.123287,0.128123,0.693128
1677106289,765475822,0.407871,0.681287,0.143995,0.699644,0.122158,0.127781,0.692277
1677106289,774572258,0.407682,0.681032,0.143831,0.701055,0.120970,0.127490,0.691111
1677106289,784481018,0.407612,0.680824,0.143688,0.702189,0.119024,0.127592,0.690278
1677106289,795052831,0.407498,0.680565,0.143611,0.702573,0.117060,0.127292,0.690279
1677106289,804453637,0.407344,0.680534,0.143568,0.703331,0.115254,0.127193,0.689829
1677106289,814523608,0.407120,0.680380,0.143581,0.703188,0.114139,0.127337,0.690134
1677106289,824697334,0.406929,0.680341,0.143624,0.703123,0.112187,0.126978,0.690586
1677106289,835201016,0.406839,0.680476,0.143726,0.703115,0.110310,0.128022,0.690704
1677106289,844732330,0.406594,0.680562,0.143815,0.702606,0.109664,0.128255,0.691280
1677106289,854900512,0.406411,0.680766,0.143898,0.702680,0.108942,0.128374,0.691298
1677106289,864784885,0.406259,0.680740,0.143948,0.702317,0.108467,0.128500,0.691718
1677106289,874377936,0.406136,0.680837,0.143982,0.702914,0.106269,0.127509,0.691636
1677106289,884425245,0.406116,0.680628,0.144020,0.702707,0.103854,0.127530,0.692209
1677106289,894589742,0.405829,0.680595,0.144009,0.703496,0.102162,0.126938,0.691768
1677106289,905020753,0.405568,0.680491,0.143989,0.703943,0.100095,0.127222,0.691563
1677106289,914386223,0.405242,0.680435,0.143991,0.704511,0.098143,0.127445,0.691224
1677106289,924595620,0.404966,0.680147,0.143946,0.704006,0.096308,0.128046,0.691884
1677106289,934654390,0.404714,0.680177,0.143952,0.704641,0.094376,0.129129,0.691303
1677106289,944915417,0.404513,0.680161,0.143985,0.705162,0.091977,0.129460,0.691033
1677106289,955041291,0.404152,0.680117,0.143964,0.705365,0.091107,0.129423,0.690948
1677106289,965049295,0.404100,0.680048,0.143960,0.704845,0.089220,0.130128,0.691593
1677106289,974583387,0.403929,0.680160,0.144026,0.705293,0.087705,0.129887,0.691375
1677106289,985186205,0.403727,0.680265,0.144074,0.706071,0.086370,0.129492,0.690823
1677106289,994680465,0.403681,0.680034,0.144051,0.705499,0.085019,0.129613,0.691551
1677106290,4682848,0.403600,0.679907,0.144031,0.705714,0.083306,0.129121,0.691633
1677106290,15219512,0.403484,0.679757,0.143976,0.706298,0.082139,0.128616,0.691270
1677106290,24629807,0.403540,0.679722,0.143920,0.707221,0.079773,0.127793,0.690756
1677106290,34840069,0.403550,0.679675,0.143859,0.707946,0.078380,0.127497,0.690227
1677106290,44595650,0.403462,0.679453,0.143761,0.708020,0.077854,0.126841,0.690331
1677106290,54978363,0.403504,0.679362,0.143704,0.708735,0.076490,0.126259,0.689857
1677106290,64604864,0.403575,0.679201,0.143614,0.709216,0.075129,0.126057,0.689549
1677106290,74716642,0.403493,0.678898,0.143472,0.709173,0.074819,0.125142,0.689793
1677106290,84111693,0.403603,0.679003,0.143398,0.710857,0.073606,0.124337,0.688335
1677106290,95054832,0.403775,0.678748,0.143285,0.711283,0.072772,0.123885,0.688065
1677106290,105160215,0.403895,0.678565,0.143137,0.712007,0.072167,0.122915,0.687553
1677106290,115100585,0.403959,0.678263,0.143017,0.712673,0.071657,0.121581,0.687154
1677106290,124839144,0.404036,0.678058,0.142865,0.713752,0.070873,0.120450,0.686314
1677106290,134836761,0.404219,0.677798,0.142754,0.714517,0.068856,0.119535,0.685883
1677106290,145019032,0.404227,0.677710,0.142653,0.715356,0.067368,0.118561,0.685325
1677106290,154814064,0.404244,0.677492,0.142565,0.715570,0.066250,0.117875,0.685329
1677106290,164362477,0.404220,0.677344,0.142508,0.715545,0.065197,0.117224,0.685568
1677106290,175044491,0.404190,0.677417,0.142492,0.716124,0.064882,0.116969,0.685036
1677106290,184403149,0.404175,0.677274,0.142467,0.715973,0.064473,0.116463,0.685319
1677106290,195201910,0.404224,0.677225,0.142449,0.716171,0.063615,0.116118,0.685251
1677106290,204349246,0.404258,0.677338,0.142437,0.716911,0.062414,0.115882,0.684627
1677106290,214355845,0.404139,0.677304,0.142392,0.717321,0.061561,0.115093,0.684408
1677106290,224396660,0.404021,0.677236,0.142312,0.717849,0.060902,0.114996,0.683929
1677106290,234617024,0.403853,0.677006,0.142269,0.717924,0.060195,0.115009,0.683911
1677106290,244991707,0.403710,0.676980,0.142245,0.718567,0.058979,0.115176,0.683313
1677106290,255033911,0.403408,0.676794,0.142177,0.718396,0.058449,0.114490,0.683654
1677106290,264417666,0.403317,0.676687,0.142151,0.718318,0.057412,0.115076,0.683725
1677106290,274286999,0.403280,0.676671,0.142158,0.718576,0.055937,0.115455,0.683513
1677106290,284579450,0.403153,0.676704,0.142115,0.719132,0.054888,0.115251,0.683048
1677106290,295067997,0.402977,0.676691,0.142062,0.719984,0.054318,0.114525,0.682317
1677106290,304906066,0.402971,0.676427,0.141967,0.720009,0.053370,0.114118,0.682434
1677106290,314689766,0.402803,0.676227,0.141840,0.720470,0.053260,0.113326,0.682088
1677106290,324218255,0.402814,0.676094,0.141738,0.721403,0.051886,0.112429,0.681356
1677106290,334213940,0.402889,0.675825,0.141602,0.721767,0.050887,0.112012,0.681114
1677106290,344389787,0.402777,0.675696,0.141487,0.722534,0.050912,0.111024,0.680461
1677106290,354367854,0.402735,0.675720,0.141425,0.723381,0.050434,0.110142,0.679739
1677106290,364491237,0.402714,0.675591,0.141352,0.722902,0.050217,0.109448,0.680376
1677106290,374166715,0.402725,0.675701,0.141327,0.722928,0.049774,0.108820,0.680482
1677106290,384683503,0.402697,0.675768,0.141337,0.722644,0.050009,0.108227,0.680862
1677106290,394210337,0.402850,0.675865,0.141348,0.722248,0.049396,0.107858,0.681385
1677106290,404375919,0.402731,0.675927,0.141382,0.722269,0.049598,0.106427,0.681573
1677106290,414591615,0.402827,0.675982,0.141453,0.722803,0.048549,0.105791,0.681181
1677106290,424783024,0.402719,0.675818,0.141414,0.722743,0.047991,0.104774,0.681441
1677106290,434964053,0.402704,0.675765,0.141433,0.723309,0.046348,0.104194,0.681043
1677106290,444742560,0.402528,0.675475,0.141347,0.723250,0.045247,0.103133,0.681341
1677106290,454758230,0.402430,0.675386,0.141323,0.724364,0.043575,0.102527,0.680358
1677106290,464638937,0.402150,0.675230,0.141212,0.725331,0.042602,0.101044,0.679610
1677106290,474175228,0.402026,0.675080,0.141069,0.725839,0.041563,0.100707,0.679182
1677106290,483911738,0.401784,0.674897,0.140925,0.725706,0.041127,0.099788,0.679487
1677106290,494347065,0.401615,0.674914,0.140858,0.726691,0.040564,0.098887,0.678598
1677106290,504486971,0.401484,0.674683,0.140714,0.726895,0.040124,0.097729,0.678574
1677106290,514935560,0.401468,0.674478,0.140571,0.727195,0.039467,0.097057,0.678387
1677106290,524250285,0.401530,0.674407,0.140481,0.728383,0.038409,0.095715,0.677364
1677106290,534764346,0.401538,0.674152,0.140326,0.729008,0.038223,0.094248,0.676908
1677106290,544735991,0.401595,0.673992,0.140198,0.729998,0.037669,0.092362,0.676131
1677106290,554849551,0.401622,0.673784,0.140054,0.730512,0.037740,0.090441,0.675831
1677106290,565219110,0.401753,0.673589,0.139949,0.730784,0.037808,0.089629,0.675642
1677106290,574453656,0.401877,0.673501,0.139861,0.731268,0.037750,0.088255,0.675303
1677106290,584894397,0.402018,0.673418,0.139768,0.731673,0.037427,0.086200,0.675147
1677106290,594928674,0.402226,0.673489,0.139782,0.732462,0.036778,0.084880,0.674494
1677106290,604677255,0.402351,0.673376,0.139778,0.732538,0.036836,0.082897,0.674655
1677106290,615249319,0.402566,0.673321,0.139847,0.732701,0.036341,0.081039,0.674730
1677106290,624521205,0.402903,0.673284,0.139992,0.732652,0.036069,0.080336,0.674883
1677106290,635231401,0.403142,0.673468,0.140195,0.732650,0.035762,0.078360,0.675133
1677106290,645146452,0.403311,0.673625,0.140364,0.731644,0.036397,0.076680,0.676381
1677106290,654767050,0.403586,0.674079,0.140626,0.731373,0.036762,0.075196,0.676821
1677106290,664536702,0.404050,0.674191,0.140837,0.730360,0.036415,0.074216,0.678042
1677106290,674789772,0.404327,0.674324,0.141017,0.730746,0.036807,0.071654,0.677880
1677106290,684776552,0.404858,0.674232,0.141253,0.730818,0.036038,0.069307,0.678088
1677106290,695029205,0.405379,0.674355,0.141434,0.731361,0.035776,0.066340,0.677812
1677106290,705219621,0.405933,0.674384,0.141616,0.730801,0.036733,0.063388,0.678647
1677106290,715104567,0.406694,0.674385,0.141731,0.729985,0.037275,0.059855,0.679816
1677106290,724900545,0.407447,0.674561,0.141831,0.729992,0.038539,0.055885,0.680076
1677106290,734456626,0.408246,0.674707,0.141939,0.730374,0.039984,0.051699,0.679913
1677106290,744260123,0.409209,0.674768,0.141976,0.730637,0.040972,0.047647,0.679868
1677106290,754586347,0.409977,0.674664,0.141998,0.730149,0.043259,0.043058,0.680556
1677106290,764578034,0.410846,0.674659,0.142000,0.730173,0.045074,0.039090,0.680652
1677106290,774570300,0.411646,0.674628,0.141979,0.730428,0.047163,0.034989,0.680461
1677106290,784436035,0.412477,0.674504,0.141908,0.730778,0.048558,0.031601,0.680152
1677106290,794338729,0.413137,0.674484,0.141828,0.731976,0.050008,0.027758,0.678925
1677106290,804238702,0.413624,0.674281,0.141680,0.732752,0.051171,0.023931,0.678147
1677106290,814251239,0.414105,0.674094,0.141489,0.733588,0.052102,0.021565,0.677252
1677106290,824366117,0.414465,0.673855,0.141297,0.734347,0.052575,0.019977,0.676440
1677106290,835138020,0.414547,0.673574,0.141069,0.734860,0.053320,0.018394,0.675870
1677106290,844388165,0.414585,0.673308,0.140857,0.735406,0.053583,0.018088,0.675262
1677106290,854402104,0.414406,0.672963,0.140604,0.736049,0.053602,0.017736,0.674570
1677106290,864301417,0.414309,0.672727,0.140357,0.737325,0.051864,0.018100,0.673301
1677106290,875201562,0.413928,0.672435,0.140130,0.738046,0.050967,0.018468,0.672569
1677106290,884314921,0.413412,0.672186,0.139948,0.738296,0.050534,0.019655,0.672294
1677106290,895220119,0.413023,0.672199,0.139905,0.738909,0.048236,0.021228,0.671741
1677106290,904230143,0.412377,0.672178,0.139939,0.738674,0.046872,0.022797,0.672045
1677106290,914541338,0.411846,0.672303,0.140003,0.738871,0.044637,0.025125,0.671898
1677106290,924839313,0.411275,0.672255,0.140105,0.738391,0.041805,0.026653,0.672548
1677106290,935272998,0.410764,0.672237,0.140148,0.737786,0.039415,0.028610,0.673275
1677106290,945469263,0.410234,0.672348,0.140204,0.738083,0.036951,0.029175,0.673066
1677106290,954942247,0.409707,0.672229,0.140177,0.737913,0.035407,0.029810,0.673307
1677106290,965147976,0.409337,0.672139,0.140116,0.738461,0.034154,0.030163,0.672755
1677106290,974807755,0.409083,0.672030,0.140062,0.739337,0.032781,0.030335,0.671853
1677106290,984838589,0.408963,0.671842,0.140008,0.739768,0.032254,0.030904,0.671377
1677106290,994533287,0.408851,0.671723,0.139935,0.740067,0.031933,0.030239,0.671093
1677106291,4708896,0.408945,0.671839,0.139932,0.740298,0.031353,0.030051,0.670875
1677106291,14190884,0.408869,0.671810,0.139910,0.739727,0.031774,0.029006,0.671530
1677106291,24391662,0.408925,0.671798,0.139880,0.739762,0.031682,0.028277,0.671527
1677106291,34597600,0.408934,0.671691,0.139870,0.740368,0.031807,0.027294,0.670894
1677106291,44688042,0.408964,0.671526,0.139851,0.741187,0.031658,0.026050,0.670046
1677106291,54671366,0.408997,0.671197,0.139852,0.741593,0.031417,0.024550,0.669664
1677106291,64660594,0.409098,0.670990,0.139844,0.742165,0.031135,0.023919,0.669066
1677106291,74433548,0.409124,0.670883,0.139840,0.743011,0.031517,0.023327,0.668130
1677106291,84663599,0.409157,0.670755,0.139832,0.743710,0.031226,0.022477,0.667394
1677106291,94916060,0.409217,0.670673,0.139786,0.744364,0.030820,0.022339,0.666688
1677106291,104850418,0.409077,0.670465,0.139733,0.744508,0.031156,0.021916,0.666526
1677106291,114776316,0.409045,0.670628,0.139789,0.746046,0.030151,0.021766,0.664855
1677106291,124567888,0.408917,0.670500,0.139829,0.746210,0.029791,0.021878,0.664683
1677106291,134761598,0.408819,0.670515,0.139893,0.746524,0.029182,0.022519,0.664336
1677106291,144834666,0.408639,0.670506,0.139953,0.746736,0.028672,0.022870,0.664109
1677106291,154431615,0.408335,0.670354,0.139986,0.746726,0.028379,0.022693,0.664138
1677106291,164612242,0.408236,0.670260,0.140061,0.747308,0.027240,0.023448,0.663506
1677106291,175024296,0.407995,0.670086,0.140107,0.747782,0.026632,0.023496,0.662994
1677106291,184790201,0.407705,0.669965,0.140192,0.748366,0.026494,0.023989,0.662322
1677106291,194190661,0.407550,0.670080,0.140350,0.749114,0.025875,0.025073,0.661461
1677106291,204578623,0.407314,0.670094,0.140464,0.748837,0.025594,0.025930,0.661752
1677106291,214532541,0.407148,0.670076,0.140543,0.747984,0.025068,0.027028,0.662693
1677106291,224380045,0.406900,0.670320,0.140693,0.748330,0.024246,0.027498,0.662312
1677106291,234290334,0.406685,0.670278,0.140777,0.747901,0.023354,0.028207,0.662800
1677106291,244371647,0.406379,0.670293,0.140905,0.747961,0.023068,0.028999,0.662707
1677106291,254791321,0.406137,0.670279,0.141042,0.748343,0.022144,0.030081,0.662259
1677106291,264906931,0.405908,0.670240,0.141109,0.748780,0.021322,0.030958,0.661752
1677106291,274681988,0.405620,0.670071,0.141219,0.748930,0.020778,0.032036,0.661548
1677106291,284512904,0.405271,0.670060,0.141291,0.749518,0.020547,0.032870,0.660848
1677106291,294377733,0.405001,0.670113,0.141450,0.750126,0.019367,0.033576,0.660158
1677106291,305212375,0.404740,0.670044,0.141532,0.749823,0.018934,0.035081,0.660436
1677106291,314717186,0.404526,0.670088,0.141634,0.749978,0.017888,0.036177,0.660231
1677106291,325152793,0.404153,0.670051,0.141696,0.749804,0.017601,0.036609,0.660412
1677106291,334499664,0.403851,0.670071,0.141758,0.750011,0.017116,0.037595,0.660134
1677106291,344889835,0.403625,0.670223,0.141878,0.751085,0.015589,0.038307,0.658909
1677106291,355088254,0.403213,0.669986,0.141922,0.750930,0.015466,0.039151,0.659039
1677106291,365041433,0.402983,0.669993,0.142029,0.751803,0.014282,0.040462,0.657990
1677106291,374368992,0.402557,0.669530,0.142046,0.751130,0.014089,0.040872,0.658737
1677106291,384466612,0.402349,0.669600,0.142194,0.752646,0.012417,0.041378,0.657007
1677106291,395081581,0.402101,0.669410,0.142312,0.753239,0.011549,0.041949,0.656307
1677106291,404684279,0.401809,0.669313,0.142415,0.753981,0.011441,0.042843,0.655397
1677106291,414546774,0.401692,0.669206,0.142573,0.754413,0.010527,0.043950,0.654842
1677106291,424715912,0.401510,0.669188,0.142712,0.754762,0.009976,0.044298,0.654425
1677106291,435117896,0.401322,0.669220,0.142827,0.754811,0.010026,0.044935,0.654325
1677106291,445044274,0.401127,0.669179,0.142924,0.754569,0.010151,0.044845,0.654608
1677106291,454311461,0.401102,0.669133,0.142987,0.754479,0.009490,0.044983,0.654712
1677106291,464327758,0.400951,0.669079,0.143029,0.754601,0.009751,0.044763,0.654583
1677106291,474591286,0.400955,0.669008,0.143044,0.754921,0.009281,0.044653,0.654228
1677106291,484976408,0.400949,0.668928,0.143029,0.755215,0.009309,0.044478,0.653901
1677106291,495219835,0.400916,0.668778,0.143010,0.755551,0.009624,0.043928,0.653545
1677106291,505368865,0.400917,0.668623,0.142969,0.756027,0.010377,0.043370,0.653020
1677106291,515074088,0.400954,0.668566,0.142944,0.757057,0.010710,0.042933,0.651848
1677106291,524700580,0.401079,0.668308,0.142897,0.757235,0.010979,0.042921,0.651639
1677106291,534802225,0.401191,0.668321,0.142881,0.758239,0.011215,0.043061,0.650456
1677106291,544640143,0.401064,0.668259,0.142782,0.758996,0.012131,0.042030,0.649624
1677106291,554947555,0.401041,0.667970,0.142676,0.759275,0.012304,0.041001,0.649360
1677106291,565404104,0.401119,0.667772,0.142569,0.759860,0.012366,0.040824,0.648686
1677106291,575393304,0.401190,0.667660,0.142509,0.761199,0.011969,0.040006,0.647173
1677106291,584900650,0.401115,0.667220,0.142380,0.761461,0.012926,0.039562,0.646874
1677106291,595404573,0.401179,0.667063,0.142336,0.763091,0.013224,0.039607,0.644941
1677106291,604542536,0.401170,0.666947,0.142329,0.764523,0.013547,0.039222,0.643259
1677106291,614836744,0.401227,0.666870,0.142344,0.765096,0.013660,0.039338,0.642568
1677106291,625403174,0.401142,0.666920,0.142334,0.765081,0.014215,0.039072,0.642590
1677106291,635036378,0.401204,0.667032,0.142348,0.764704,0.013912,0.039632,0.643011
1677106291,644749521,0.401100,0.667141,0.142337,0.764401,0.014031,0.039777,0.643359
1677106291,654507141,0.400940,0.667249,0.142387,0.764900,0.014011,0.040044,0.642751
1677106291,664750297,0.400825,0.667164,0.142437,0.765423,0.013810,0.040766,0.642086
1677106291,674832772,0.400775,0.667074,0.142497,0.766452,0.013234,0.041105,0.640848
1677106291,685041097,0.400689,0.666928,0.142530,0.767659,0.013377,0.041266,0.639389
1677106291,694974093,0.400750,0.666796,0.142584,0.768905,0.013569,0.041527,0.637869
1677106291,704964172,0.400864,0.666665,0.142677,0.769803,0.013700,0.041686,0.636771
1677106291,715609989,0.400881,0.666687,0.142718,0.770447,0.014737,0.040949,0.636016
1677106291,724666401,0.401020,0.666691,0.142746,0.770267,0.015333,0.040670,0.636238
1677106291,734745389,0.401078,0.666799,0.142754,0.770066,0.016170,0.039824,0.636514
1677106291,745497799,0.401236,0.666916,0.142804,0.769925,0.016255,0.039659,0.636693
1677106291,754840711,0.401351,0.666906,0.142804,0.769617,0.016383,0.039957,0.637044
1677106291,764612855,0.401380,0.666872,0.142811,0.769907,0.016510,0.039919,0.636692
1677106291,774659878,0.401341,0.666855,0.142846,0.770817,0.016537,0.039724,0.635602
1677106291,784633827,0.401387,0.666805,0.142930,0.772166,0.016146,0.039760,0.633970
1677106291,795038166,0.401405,0.666566,0.142933,0.772844,0.016161,0.040167,0.633118
1677106291,804735613,0.401294,0.666398,0.142995,0.774070,0.016614,0.039634,0.631640
1677106291,814610972,0.401383,0.666141,0.142998,0.774537,0.016923,0.040370,0.631012
1677106291,824953839,0.401432,0.666069,0.143106,0.775727,0.016907,0.039895,0.629579
1677106291,834529414,0.401554,0.665885,0.143172,0.775996,0.017046,0.039989,0.629238
1677106291,844393136,0.401681,0.665859,0.143322,0.776404,0.017138,0.039817,0.628743
1677106291,854411129,0.401809,0.665754,0.143459,0.776159,0.017321,0.039918,0.629034
1677106291,864641658,0.401878,0.665741,0.143643,0.776219,0.017564,0.039911,0.628953
1677106291,874227685,0.401973,0.665739,0.143860,0.776563,0.017199,0.039825,0.628545
1677106291,884657302,0.401970,0.665634,0.144067,0.776965,0.017257,0.039296,0.628079
1677106291,895031497,0.402084,0.665421,0.144318,0.777648,0.016848,0.039600,0.627225
1677106291,904908402,0.402085,0.665208,0.144610,0.779141,0.017042,0.039727,0.625356
1677106291,915064531,0.402214,0.664900,0.144885,0.780609,0.016422,0.039519,0.623552
1677106291,924975720,0.402245,0.664439,0.145120,0.781605,0.016727,0.039567,0.622293
1677106291,935021189,0.402359,0.664297,0.145506,0.783421,0.016544,0.039642,0.620006
1677106291,945403800,0.402409,0.664031,0.145812,0.784016,0.016806,0.039740,0.619240
1677106291,954461318,0.402467,0.663883,0.146181,0.784348,0.016851,0.039746,0.618816
1677106291,965166571,0.402492,0.663899,0.146561,0.784678,0.016714,0.039674,0.618407
1677106291,974829541,0.402560,0.663892,0.146942,0.784723,0.015881,0.039845,0.618361
1677106291,985088327,0.402449,0.663760,0.147233,0.784437,0.016252,0.040068,0.618700
1677106291,994789005,0.402438,0.663800,0.147639,0.785009,0.015912,0.041063,0.617917
1677106292,4612691,0.402367,0.663838,0.148073,0.785888,0.015072,0.041480,0.616792
1677106292,15482266,0.402245,0.663613,0.148424,0.786071,0.014721,0.042184,0.616519
1677106292,24751355,0.402204,0.663408,0.148791,0.786431,0.013773,0.043118,0.616018
1677106292,34987021,0.402001,0.663173,0.149095,0.786856,0.014015,0.044069,0.615402
1677106292,44883195,0.401894,0.663004,0.149464,0.787682,0.013634,0.044710,0.614306
1677106292,54265650,0.401731,0.662762,0.149814,0.788147,0.013909,0.045826,0.613621
1677106292,64934430,0.401693,0.662540,0.150162,0.788535,0.013571,0.047068,0.613035
1677106292,74836836,0.401615,0.662438,0.150550,0.789087,0.013535,0.048195,0.612239
1677106292,84559485,0.401517,0.662299,0.150874,0.789090,0.013281,0.049017,0.612175
1677106292,94819466,0.401469,0.662191,0.151201,0.788968,0.012902,0.050260,0.612239
1677106292,104435041,0.401319,0.662046,0.151475,0.789072,0.012755,0.050569,0.612083
1677106292,114687873,0.401194,0.661896,0.151755,0.789858,0.012947,0.051250,0.611008
1677106292,124292742,0.401242,0.661493,0.151960,0.790493,0.012613,0.051469,0.610174
1677106292,134516451,0.401275,0.661231,0.152222,0.792116,0.012553,0.051188,0.608090
1677106292,145026489,0.401450,0.660824,0.152405,0.792921,0.012624,0.051455,0.607017
1677106292,154917280,0.401504,0.660523,0.152587,0.793641,0.013682,0.050967,0.606094
1677106292,164980900,0.401756,0.660487,0.152878,0.794461,0.013880,0.050759,0.605031
1677106292,174746442,0.401853,0.660435,0.153045,0.794485,0.015235,0.049883,0.605040
1677106292,184588115,0.402159,0.660395,0.153161,0.793999,0.016182,0.049843,0.605656
1677106292,195271615,0.402451,0.660530,0.153330,0.794149,0.017045,0.048739,0.605525
1677106292,204687411,0.402732,0.660593,0.153469,0.794118,0.018671,0.047942,0.605583
1677106292,215462425,0.403152,0.660767,0.153668,0.794931,0.019864,0.046711,0.604573
1677106292,224509623,0.403532,0.660835,0.153819,0.795546,0.021787,0.045051,0.603822
1677106292,235080180,0.404041,0.660980,0.154019,0.796501,0.023857,0.043578,0.602593
1677106292,244893276,0.404572,0.661040,0.154211,0.796949,0.025982,0.041714,0.602044
1677106292,254681384,0.405042,0.661133,0.154411,0.797273,0.028896,0.040017,0.601597
1677106292,264875355,0.405592,0.661370,0.154727,0.797839,0.030725,0.038204,0.600874
1677106292,274665841,0.406032,0.661453,0.155070,0.797650,0.032663,0.037021,0.601096
1677106292,284403010,0.406345,0.661545,0.155403,0.797574,0.033898,0.035837,0.601201
1677106292,294341782,0.406565,0.661642,0.155803,0.797775,0.034512,0.035414,0.600925
1677106292,305201069,0.406591,0.661604,0.156192,0.797727,0.035096,0.035568,0.600944
1677106292,314724303,0.406513,0.661655,0.156658,0.798289,0.034993,0.035877,0.600186
1677106292,324854962,0.406434,0.661575,0.157116,0.798516,0.034116,0.037207,0.599853
1677106292,335499567,0.406243,0.661414,0.157630,0.798686,0.033161,0.038480,0.599601
1677106292,345481550,0.405921,0.661154,0.158087,0.798678,0.032384,0.039965,0.599556
1677106292,355309873,0.405593,0.661099,0.158648,0.799588,0.030946,0.041881,0.598287
1677106292,365213392,0.405244,0.660905,0.159149,0.800311,0.029307,0.043453,0.597289
1677106292,375078745,0.404829,0.660701,0.159620,0.801126,0.027896,0.044584,0.596181
1677106292,385450098,0.404531,0.660483,0.160031,0.801635,0.026988,0.046632,0.595380
1677106292,394903305,0.404345,0.660331,0.160474,0.802178,0.025605,0.047532,0.594639
1677106292,405251432,0.404301,0.660293,0.160948,0.802685,0.024236,0.048198,0.593958
1677106292,414219773,0.404198,0.660227,0.161345,0.802687,0.024033,0.047984,0.593981
1677106292,424592862,0.404213,0.660279,0.161770,0.802802,0.024154,0.047811,0.593835
1677106292,434683361,0.404380,0.660315,0.162186,0.803000,0.023614,0.047486,0.593615
1677106292,444024643,0.404425,0.660267,0.162599,0.803441,0.023427,0.046238,0.593124
1677106292,454225621,0.404432,0.660186,0.163004,0.804087,0.023624,0.045215,0.592319
1677106292,464067498,0.404447,0.660038,0.163396,0.804737,0.023560,0.045039,0.591451
1677106292,473892822,0.404410,0.659786,0.163775,0.805031,0.022674,0.044758,0.591107
1677106292,483969203,0.404220,0.659575,0.164196,0.805246,0.021547,0.045322,0.590814
1677106292,494689756,0.403811,0.659370,0.164609,0.805242,0.020558,0.046848,0.590735
1677106292,505509456,0.403312,0.659343,0.165090,0.805777,0.018682,0.048643,0.589922
1677106292,515099782,0.402836,0.659256,0.165542,0.806099,0.016359,0.052094,0.589257
1677106292,524940729,0.402120,0.659248,0.166010,0.806745,0.015076,0.055189,0.588124
1677106292,535531961,0.401493,0.659050,0.166346,0.806724,0.012987,0.057480,0.587983
1677106292,544871653,0.401058,0.659088,0.166822,0.807486,0.010852,0.059767,0.586751
1677106292,555396374,0.400671,0.659064,0.167273,0.807858,0.009654,0.060737,0.586160
1677106292,565401472,0.400535,0.659176,0.167752,0.808080,0.009165,0.062052,0.585723
1677106292,574862833,0.400574,0.659306,0.168204,0.807887,0.009314,0.062165,0.585975
1677106292,585062657,0.400802,0.659602,0.168716,0.808006,0.009779,0.060977,0.585929
1677106292,595468092,0.401210,0.659759,0.169144,0.807545,0.011016,0.059687,0.586674
1677106292,605522440,0.401679,0.660119,0.169694,0.808134,0.012543,0.057634,0.586039
1677106292,615359752,0.402199,0.660338,0.170183,0.808539,0.013942,0.055443,0.585659
1677106292,625248025,0.402596,0.660369,0.170649,0.808465,0.015676,0.053542,0.585894
1677106292,634433637,0.402948,0.660661,0.171234,0.809341,0.017256,0.052768,0.584709
1677106292,644891183,0.403237,0.660689,0.171724,0.809108,0.017791,0.052002,0.585085
1677106292,654431077,0.403369,0.660848,0.172306,0.809260,0.018167,0.051467,0.584909
1677106292,664439049,0.403331,0.660965,0.172882,0.809014,0.018704,0.051792,0.585204
1677106292,675020147,0.403252,0.661112,0.173490,0.808981,0.018285,0.052236,0.585223
1677106292,684739959,0.403134,0.661331,0.174161,0.809258,0.017306,0.053393,0.584767
1677106292,694777893,0.402698,0.661408,0.174741,0.808836,0.017766,0.054596,0.585224
1677106292,704613590,0.402524,0.661555,0.175361,0.808689,0.016361,0.055994,0.585337
1677106292,714828415,0.402316,0.661750,0.176052,0.808757,0.015047,0.057050,0.585176
1677106292,724560432,0.402106,0.661812,0.176635,0.808687,0.014757,0.058249,0.585162
1677106292,734688861,0.401991,0.661683,0.177237,0.808415,0.014285,0.058629,0.585512
1677106292,745355192,0.401989,0.661807,0.177955,0.809233,0.013992,0.059169,0.584333
1677106292,754998250,0.401947,0.661793,0.178577,0.809492,0.014601,0.059151,0.583961
1677106292,765225138,0.402025,0.661845,0.179249,0.809618,0.015052,0.059254,0.583765
1677106292,775182821,0.402209,0.662038,0.179957,0.809743,0.015016,0.059252,0.583592
1677106292,784799720,0.402271,0.662144,0.180608,0.809207,0.015755,0.059130,0.584329
1677106292,794637497,0.402405,0.662423,0.181328,0.809199,0.015896,0.058651,0.584383
1677106292,805010081,0.402534,0.662672,0.182043,0.809046,0.016214,0.058504,0.584601
1677106292,814594592,0.402700,0.662933,0.182807,0.809341,0.016395,0.058227,0.584216
1677106292,824772440,0.402779,0.662801,0.183406,0.808629,0.017527,0.057559,0.585234
1677106292,834830909,0.403030,0.662896,0.184145,0.809145,0.017459,0.057372,0.584541
1677106292,845165690,0.403192,0.662932,0.184913,0.809664,0.018097,0.057316,0.583808
1677106292,854918572,0.403302,0.662892,0.185631,0.810032,0.018562,0.056731,0.583340
1677106292,865202382,0.403451,0.662855,0.186390,0.810296,0.018713,0.057058,0.582936
1677106292,874700766,0.403422,0.662843,0.187131,0.810499,0.019304,0.056706,0.582669
1677106292,884957408,0.403515,0.662823,0.187879,0.810202,0.019288,0.057595,0.582995
1677106292,895044920,0.403574,0.663002,0.188724,0.810513,0.018719,0.057934,0.582548
1677106292,904773125,0.403449,0.662914,0.189450,0.809939,0.018921,0.057805,0.583352
1677106292,914800538,0.403471,0.663037,0.190325,0.810384,0.018209,0.058743,0.582662
1677106292,924248562,0.403378,0.662823,0.191051,0.810148,0.018072,0.059217,0.582947
1677106292,934452684,0.403367,0.662761,0.191872,0.810674,0.017640,0.060082,0.582139
1677106292,944821921,0.403324,0.662658,0.192681,0.811046,0.017006,0.060231,0.581625
1677106292,954155216,0.403238,0.662494,0.193419,0.810934,0.017168,0.060832,0.581714
1677106292,964337695,0.403198,0.662506,0.194202,0.810976,0.017051,0.061575,0.581581
1677106292,975083259,0.403151,0.662559,0.194967,0.810875,0.016838,0.062082,0.581674
1677106292,984695365,0.403198,0.662634,0.195740,0.810890,0.016136,0.062453,0.581633
1677106292,994957313,0.403271,0.662599,0.196433,0.810351,0.015753,0.063066,0.582327
1677106293,4298650,0.403220,0.662701,0.197170,0.810397,0.015900,0.062410,0.582330
1677106293,14408312,0.403430,0.662600,0.197815,0.809745,0.015610,0.062632,0.583221
1677106293,24355257,0.403645,0.662768,0.198562,0.810265,0.015647,0.062149,0.582549
1677106293,34578571,0.403821,0.662664,0.199150,0.809531,0.016668,0.061263,0.583634
1677106293,44069348,0.404088,0.662722,0.199804,0.809514,0.017456,0.060548,0.583709
1677106293,54029114,0.404447,0.662890,0.200493,0.809716,0.017988,0.060016,0.583468
1677106293,64562402,0.404686,0.663055,0.201112,0.809662,0.019001,0.059071,0.583607
1677106293,74608173,0.404917,0.663153,0.201657,0.809405,0.019553,0.058422,0.584011
1677106293,84808549,0.404989,0.663227,0.202161,0.809162,0.020386,0.058347,0.584326
1677106293,94930962,0.405062,0.663297,0.202734,0.809491,0.020390,0.058100,0.583895
1677106293,104950015,0.405104,0.663260,0.203241,0.809588,0.020222,0.058857,0.583690
1677106293,114854992,0.404983,0.663243,0.203800,0.809898,0.019767,0.058635,0.583298
1677106293,124744291,0.404847,0.663135,0.204301,0.809552,0.019599,0.059083,0.583739
1677106293,134920126,0.404781,0.663187,0.204842,0.809669,0.019015,0.059523,0.583551
1677106293,145551023,0.404735,0.663039,0.205302,0.808975,0.018849,0.059831,0.584486
1677106293,155223347,0.404725,0.663161,0.205920,0.809257,0.018659,0.059978,0.584087
1677106293,165293929,0.404788,0.663054,0.206452,0.808885,0.018533,0.060089,0.584595
1677106293,174844332,0.404836,0.663236,0.207086,0.809752,0.018589,0.060250,0.583375
1677106293,185076480,0.404951,0.663196,0.207658,0.809868,0.018323,0.060731,0.583172
1677106293,195081739,0.405005,0.663172,0.208206,0.809890,0.018308,0.061004,0.583114
1677106293,204783926,0.405006,0.663180,0.208804,0.809579,0.018477,0.061256,0.583514
1677106293,215237686,0.405050,0.663442,0.209478,0.809939,0.017991,0.061420,0.583012
1677106293,225011965,0.405038,0.663507,0.210055,0.809473,0.018154,0.061434,0.583652
1677106293,234685308,0.405086,0.663686,0.210721,0.809690,0.018215,0.060833,0.583412
1677106293,243897019,0.405316,0.663868,0.211377,0.809927,0.018135,0.060915,0.583077
1677106293,254697441,0.405478,0.663725,0.211930,0.809252,0.018993,0.060611,0.584018
1677106293,265087479,0.405698,0.663911,0.212587,0.809798,0.019461,0.060061,0.583302
1677106293,274956063,0.405902,0.663984,0.213171,0.809751,0.020197,0.059788,0.583370
1677106293,285263551,0.406161,0.664095,0.213789,0.809617,0.020806,0.059770,0.583537
1677106293,294482206,0.406359,0.664318,0.214403,0.809653,0.021235,0.059260,0.583523
1677106293,305112615,0.406491,0.664349,0.214962,0.808910,0.022239,0.058824,0.584559
1677106293,314984212,0.406685,0.664501,0.215600,0.808636,0.022179,0.058178,0.585006
1677106293,325180755,0.406657,0.664687,0.216225,0.808691,0.023571,0.057639,0.584928
1677106293,334616325,0.406706,0.664518,0.216685,0.807619,0.024618,0.057040,0.586423
1677106293,345253623,0.406751,0.664480,0.217185,0.807084,0.026079,0.056269,0.587170
1677106293,355273909,0.407615,0.665427,0.218258,0.809627,0.023993,0.056922,0.583685
1677106293,364815490,0.407958,0.665563,0.218864,0.809172,0.024905,0.056160,0.584352
1677106293,374430919,0.408415,0.665834,0.219535,0.809328,0.025231,0.055053,0.584227
1677106293,384865047,0.408737,0.665938,0.220114,0.809107,0.026413,0.053805,0.584597
1677106293,394675304,0.409138,0.666071,0.220731,0.809224,0.027138,0.052920,0.584483
1677106293,404402816,0.409411,0.666235,0.221326,0.809544,0.028017,0.052255,0.584058
1677106293,415518425,0.409612,0.666378,0.221943,0.809882,0.028668,0.052399,0.583544
1677106293,425491320,0.409627,0.666418,0.222485,0.809826,0.029140,0.052556,0.583584
1677106293,435002981,0.409629,0.666337,0.222960,0.809297,0.029071,0.053613,0.584226
1677106293,445413701,0.409539,0.666623,0.223609,0.810121,0.028513,0.054470,0.583029
1677106293,454882369,0.409389,0.666728,0.224156,0.810209,0.027937,0.055524,0.582836
1677106293,464917325,0.409127,0.666663,0.224620,0.809659,0.027976,0.055871,0.583565
1677106293,474133703,0.409053,0.666885,0.225219,0.809700,0.027105,0.057028,0.583437
1677106293,484658551,0.408941,0.667132,0.225757,0.809867,0.026516,0.057476,0.583188
1677106293,494945464,0.408944,0.667186,0.226272,0.809468,0.026249,0.058466,0.583656
1677106293,504782965,0.408911,0.667379,0.226815,0.809604,0.026291,0.058682,0.583443
1677106293,515031335,0.408971,0.667492,0.227348,0.809748,0.026251,0.058766,0.583237
1677106293,524872538,0.409102,0.667688,0.227929,0.810501,0.026188,0.059110,0.582158
1677106293,535512728,0.409060,0.667750,0.228404,0.810974,0.027252,0.059403,0.581420
1677106293,545401141,0.409188,0.667533,0.228791,0.810700,0.027573,0.059655,0.581762
1677106293,554614701,0.409209,0.667712,0.229291,0.811579,0.028153,0.059618,0.580511
1677106293,565093966,0.409342,0.667797,0.229793,0.811926,0.028085,0.059499,0.580040
1677106293,574785508,0.409423,0.666957,0.229993,0.808949,0.027212,0.057969,0.584380
1677106293,585202369,0.409641,0.666934,0.230447,0.808646,0.026869,0.058038,0.584809
1677106293,594538805,0.409725,0.666952,0.230913,0.808528,0.027278,0.057948,0.584961
1677106293,605263798,0.409767,0.666863,0.231365,0.808363,0.027836,0.057123,0.585244
1677106293,615272533,0.410007,0.666948,0.231864,0.808935,0.027363,0.056716,0.584516
1677106293,624682686,0.410144,0.666786,0.232257,0.808696,0.028159,0.056239,0.584855
1677106293,635208612,0.410359,0.666733,0.232701,0.808793,0.028807,0.055984,0.584713
1677106293,644897982,0.410638,0.666769,0.233165,0.809150,0.029037,0.055552,0.584249
1677106293,654907176,0.410805,0.666719,0.233612,0.809138,0.029948,0.054793,0.584291
1677106293,664680287,0.411104,0.666835,0.234128,0.809474,0.030226,0.054387,0.583850
1677106293,674860400,0.411328,0.666838,0.234577,0.809263,0.030616,0.054071,0.584151
1677106293,684661467,0.411737,0.666713,0.234982,0.808429,0.030313,0.054858,0.585247
1677106293,695002496,0.411927,0.666787,0.235459,0.808626,0.030763,0.054883,0.584949
1677106293,704812654,0.412258,0.666590,0.235863,0.807677,0.030556,0.055354,0.586225
1677106293,714594696,0.412565,0.666738,0.236348,0.807886,0.030561,0.056014,0.585874
1677106293,724844886,0.412222,0.666997,0.236989,0.808799,0.032934,0.051631,0.584888
1677106293,734371198,0.412355,0.667144,0.237491,0.809110,0.033746,0.050742,0.584489
1677106293,744853633,0.412551,0.667060,0.237934,0.808396,0.034770,0.050293,0.585455
1677106293,754701095,0.412836,0.667218,0.238438,0.808594,0.034879,0.049383,0.585253
1677106293,765106377,0.413024,0.667164,0.238862,0.807962,0.035427,0.048760,0.586144
1677106293,774606622,0.413168,0.667367,0.239428,0.808507,0.035933,0.048301,0.585399
1677106293,784799774,0.413403,0.667260,0.239879,0.807939,0.035804,0.048166,0.586202
1677106293,794517679,0.413458,0.667342,0.240363,0.808204,0.036339,0.047844,0.585831
1677106293,804786706,0.413484,0.667375,0.240870,0.808228,0.036960,0.048078,0.585738
1677106293,814249975,0.413571,0.667287,0.241318,0.807784,0.037005,0.048902,0.586280
1677106293,824166683,0.413621,0.667368,0.241838,0.808125,0.036158,0.048879,0.585864
1677106293,834250048,0.413636,0.667332,0.242304,0.808035,0.035521,0.049552,0.585971
1677106293,845497305,0.413484,0.667207,0.242705,0.807692,0.035176,0.049474,0.586471
1677106293,854993128,0.413363,0.667180,0.243154,0.807855,0.034825,0.050020,0.586221
1677106293,865248257,0.413358,0.667018,0.243530,0.807737,0.034041,0.050279,0.586408
1677106293,874579068,0.413421,0.667000,0.243939,0.808007,0.033359,0.050395,0.586065
1677106293,884608780,0.413415,0.666941,0.244324,0.808036,0.033569,0.050257,0.586025
1677106293,894636676,0.413589,0.666929,0.244761,0.808267,0.033209,0.049915,0.585756
1677106293,904792590,0.413719,0.666808,0.245152,0.808357,0.033581,0.049798,0.585621
1677106293,914563856,0.413876,0.666678,0.245589,0.808809,0.033743,0.049052,0.585050
1677106293,924748889,0.414055,0.666573,0.246023,0.809330,0.033915,0.048694,0.584348
1677106293,934976676,0.414094,0.666395,0.246420,0.809309,0.034670,0.048391,0.584359
1677106293,944582580,0.414123,0.666559,0.246923,0.809811,0.034976,0.048307,0.583652
1677106293,955019766,0.414162,0.666434,0.247250,0.808874,0.034905,0.048172,0.584965
1677106293,964981560,0.414172,0.666628,0.247774,0.809244,0.034854,0.048879,0.584398
1677106293,974688648,0.414038,0.666685,0.248195,0.809448,0.035106,0.048760,0.584110
1677106293,985443463,0.414105,0.666582,0.248576,0.809226,0.034450,0.049438,0.584399
1677106293,994697687,0.414097,0.666690,0.248996,0.809788,0.034104,0.049828,0.583607
1677106294,5622872,0.414067,0.666680,0.249359,0.809799,0.034230,0.049920,0.583577
1677106294,15524413,0.414145,0.666672,0.249717,0.809486,0.033918,0.049752,0.584043
1677106294,25078252,0.414269,0.666764,0.250092,0.809273,0.033772,0.049888,0.584335
1677106294,34919027,0.414355,0.666826,0.250444,0.808978,0.033846,0.049758,0.584751
1677106294,44792048,0.414452,0.666878,0.250858,0.808850,0.034299,0.049739,0.584903
1677106294,54828390,0.414561,0.666909,0.251278,0.808760,0.034450,0.049276,0.585057
1677106294,65125488,0.414628,0.667051,0.251739,0.808900,0.035212,0.048892,0.584851
1677106294,74621001,0.414729,0.667054,0.252158,0.808309,0.036022,0.048505,0.585651
1677106294,85302570,0.414869,0.667214,0.252644,0.808204,0.036753,0.048183,0.585776
1677106294,95308665,0.415045,0.667237,0.253062,0.807538,0.037616,0.047520,0.586693
1677106294,104650847,0.415133,0.667557,0.253602,0.808160,0.038442,0.046336,0.585878
1677106294,115262665,0.415340,0.667514,0.254012,0.807140,0.038723,0.045994,0.587290
1677106294,125119262,0.415289,0.667732,0.254522,0.806858,0.039344,0.045217,0.587697
1677106294,134597180,0.415382,0.667937,0.255021,0.806551,0.038699,0.045540,0.588136
1677106294,145340610,0.415264,0.668012,0.255509,0.806098,0.038654,0.045967,0.588727
1677106294,154907872,0.415092,0.668050,0.256009,0.806272,0.038815,0.046547,0.588432
1677106294,165158782,0.414898,0.667943,0.256419,0.806327,0.039167,0.046888,0.588307
1677106294,174894561,0.414781,0.667787,0.256799,0.806727,0.039513,0.047521,0.587683
1677106294,185421663,0.414527,0.667710,0.257232,0.807254,0.040998,0.047836,0.586832
1677106294,195094857,0.414361,0.667683,0.257609,0.807580,0.042055,0.047658,0.586323
1677106294,204800337,0.414474,0.667745,0.258047,0.807780,0.041651,0.047588,0.586082
1677106294,215020438,0.414370,0.667588,0.258373,0.806815,0.042285,0.046869,0.587422
1677106294,225024204,0.414470,0.667820,0.258961,0.807074,0.041233,0.047354,0.587102
1677106294,235386181,0.414332,0.667812,0.259358,0.806244,0.040389,0.046373,0.588378
1677106294,245157897,0.414255,0.667857,0.259758,0.805871,0.039387,0.047175,0.588893
1677106294,254704974,0.414072,0.668008,0.260260,0.806446,0.038287,0.047923,0.588118
1677106294,265181052,0.413848,0.667955,0.260629,0.806842,0.037950,0.049286,0.587483
1677106294,274881581,0.413628,0.667981,0.260980,0.807632,0.037785,0.049956,0.586351
1677106294,285279844,0.413527,0.667912,0.261337,0.808111,0.037387,0.050515,0.585667
1677106294,295147935,0.413531,0.667804,0.261644,0.808156,0.037420,0.051144,0.585550
1677106294,304617907,0.413536,0.667857,0.261996,0.808521,0.037634,0.050820,0.585060
1677106294,315149700,0.413488,0.667957,0.262348,0.808865,0.038665,0.050387,0.584554
1677106294,324959622,0.413652,0.667868,0.262666,0.808431,0.038788,0.050284,0.585155
1677106294,334798569,0.413670,0.667826,0.263016,0.808038,0.039150,0.049592,0.585732
1677106294,345155517,0.413791,0.667710,0.263350,0.807583,0.038751,0.049509,0.586393
1677106294,354725463,0.413712,0.667656,0.263716,0.807587,0.039185,0.049552,0.586355
1677106294,364589415,0.413766,0.667669,0.264094,0.808053,0.038663,0.049999,0.585709
1677106294,374700214,0.413731,0.667692,0.264479,0.808645,0.038487,0.050032,0.584900
1677106294,384910121,0.413624,0.667447,0.264714,0.808104,0.039181,0.049852,0.585618
1677106294,395021451,0.413727,0.667337,0.265025,0.808017,0.039111,0.050011,0.585728
1677106294,405446395,0.413715,0.667325,0.265356,0.808054,0.039956,0.049825,0.585636
1677106294,415068449,0.413650,0.667396,0.265724,0.808379,0.040957,0.048845,0.585200
1677106294,424665419,0.413862,0.667337,0.266104,0.808171,0.040713,0.049036,0.585490
1677106294,434795557,0.413904,0.667345,0.266459,0.807969,0.040983,0.048865,0.585763
1677106294,444985444,0.413909,0.667209,0.266732,0.807116,0.041388,0.048905,0.586907
1677106294,454753439,0.413883,0.667200,0.267106,0.806812,0.041414,0.048658,0.587343
1677106294,464997900,0.413888,0.667279,0.267506,0.807060,0.041374,0.048659,0.587005
1677106294,474874794,0.413890,0.667329,0.267892,0.807539,0.041457,0.048759,0.586331
1677106294,484979862,0.413947,0.667115,0.268211,0.807305,0.041412,0.048856,0.586649
1677106294,494990451,0.413941,0.667008,0.268596,0.807361,0.041719,0.049045,0.586534
1677106294,504917232,0.413811,0.666878,0.268974,0.807403,0.042250,0.048229,0.586506
1677106294,514982244,0.414547,0.666975,0.269621,0.808647,0.036876,0.047671,0.585198
1677106294,524423408,0.414550,0.667022,0.270106,0.808849,0.036237,0.047772,0.584952
1677106294,535097000,0.414572,0.666918,0.270530,0.808414,0.035812,0.048437,0.585524
1677106294,544898124,0.413943,0.666788,0.270819,0.806996,0.039792,0.049727,0.587112
1677106294,554749822,0.414426,0.666954,0.271472,0.808024,0.035582,0.049324,0.586002
1677106294,565116482,0.413926,0.666843,0.271715,0.806771,0.039082,0.050594,0.587395
1677106294,575195006,0.413516,0.666757,0.271997,0.806132,0.041286,0.050036,0.588169
1677106294,585286010,0.413681,0.666790,0.272518,0.806775,0.039994,0.050084,0.587372
1677106294,594901923,0.413737,0.666603,0.272838,0.806373,0.040031,0.049874,0.587940
1677106294,604898704,0.414607,0.666674,0.273459,0.807551,0.034841,0.049671,0.586669
1677106294,614906212,0.414726,0.666717,0.273927,0.808001,0.034288,0.049098,0.586130
1677106294,625106334,0.414771,0.666567,0.274265,0.807502,0.034279,0.048506,0.586867
1677106294,636018600,0.414761,0.666488,0.274531,0.807149,0.034951,0.048334,0.587327
1677106294,644580024,0.414888,0.666539,0.274891,0.807279,0.034592,0.048153,0.587185
1677106294,654220720,0.415063,0.666598,0.275249,0.807374,0.034200,0.048008,0.587088
1677106294,664250579,0.415254,0.666576,0.275606,0.807091,0.034268,0.048112,0.587465
1677106294,674290855,0.415401,0.666530,0.275928,0.806739,0.034505,0.047947,0.587949
1677106294,684335381,0.415601,0.666549,0.276302,0.806693,0.034551,0.047333,0.588058
1677106294,694687963,0.415798,0.666512,0.276675,0.806550,0.034823,0.046761,0.588284
1677106294,704701621,0.416038,0.666504,0.277067,0.806331,0.035146,0.046686,0.588571
1677106294,714850221,0.416222,0.666346,0.277434,0.805591,0.035072,0.045875,0.589651
1677106294,724947227,0.416375,0.666569,0.277942,0.805638,0.035724,0.045726,0.589559
1677106294,734770343,0.416549,0.666691,0.278516,0.805763,0.035111,0.045561,0.589438
1677106294,745135552,0.416711,0.666668,0.279044,0.805272,0.034581,0.046232,0.590088
1677106294,755053556,0.416793,0.666664,0.279566,0.805118,0.034109,0.046469,0.590306
1677106294,765518154,0.416686,0.666299,0.280065,0.804205,0.033929,0.046036,0.591594
1677106294,774672436,0.416830,0.666535,0.280659,0.804241,0.033905,0.046629,0.591500
1677106294,784463317,0.416883,0.666703,0.281293,0.804485,0.033557,0.046819,0.591173
1677106294,794883783,0.416372,0.666817,0.281757,0.803460,0.037761,0.048377,0.592188
1677106294,804900094,0.416324,0.666995,0.282400,0.803750,0.038106,0.048714,0.591744
1677106294,815086134,0.417112,0.666860,0.283038,0.803789,0.032622,0.047748,0.592097
1677106294,825027366,0.417074,0.667077,0.283651,0.804199,0.032702,0.047756,0.591535
1677106294,835033289,0.417082,0.667049,0.284145,0.803520,0.033045,0.048243,0.592399
1677106294,844859544,0.417077,0.667266,0.284744,0.803553,0.032996,0.048247,0.592357
1677106294,854906796,0.417253,0.667435,0.285292,0.803476,0.032197,0.049038,0.592439
1677106294,864807382,0.416652,0.667514,0.285731,0.802628,0.036345,0.049875,0.593278
1677106294,874729151,0.416692,0.667534,0.286208,0.802476,0.035893,0.049629,0.593533
1677106294,885407259,0.416881,0.667524,0.286738,0.802349,0.034689,0.050553,0.593698
1677106294,894903368,0.416947,0.667726,0.287358,0.803049,0.033789,0.050882,0.592775
1677106294,904648941,0.416990,0.667570,0.287826,0.802251,0.033332,0.051309,0.593843
1677106294,914960438,0.416886,0.667672,0.288425,0.802366,0.033468,0.051242,0.593686
1677106294,924581344,0.417004,0.667694,0.288965,0.801923,0.032775,0.052067,0.594250
1677106294,934607380,0.416890,0.667970,0.289662,0.802616,0.032964,0.051812,0.593327
1677106294,945234818,0.416211,0.668273,0.290472,0.804053,0.037556,0.051997,0.591088
1677106294,954936832,0.416128,0.668224,0.290986,0.803580,0.037897,0.051805,0.591726
1677106294,965224777,0.416154,0.668310,0.291616,0.803558,0.037529,0.051931,0.591769
1677106294,975015307,0.416156,0.668375,0.292205,0.803447,0.037545,0.052753,0.591845
1677106294,985242315,0.416227,0.668372,0.292815,0.803194,0.036812,0.053084,0.592205
1677106294,994744558,0.416250,0.668370,0.293362,0.802882,0.036533,0.053552,0.592602
1677106295,4828229,0.416114,0.668445,0.293919,0.802712,0.036730,0.053330,0.592841
1677106295,15177191,0.416071,0.668519,0.294473,0.802495,0.037030,0.053912,0.593063
1677106295,25575835,0.416136,0.668578,0.294983,0.802116,0.036481,0.054105,0.593592
1677106295,34831044,0.416128,0.668742,0.295485,0.802066,0.037186,0.054281,0.593599
1677106295,45464551,0.416120,0.668902,0.296019,0.802295,0.037833,0.053988,0.593276
1677106295,54761879,0.416214,0.668847,0.296428,0.801736,0.038392,0.053837,0.594010
1677106295,64915044,0.416395,0.668958,0.296873,0.801697,0.038628,0.053975,0.594034
1677106295,74978843,0.416450,0.669137,0.297334,0.801795,0.039094,0.053775,0.593889
1677106295,84799835,0.416574,0.669221,0.297742,0.801260,0.039037,0.054018,0.594593
1677106295,94773498,0.416587,0.669317,0.298105,0.800991,0.039107,0.054217,0.594932
1677106295,104973006,0.416572,0.669424,0.298511,0.800758,0.039096,0.054688,0.595203
1677106295,114993130,0.416486,0.669536,0.298904,0.801018,0.039276,0.055039,0.594810
1677106295,124984998,0.416476,0.669589,0.299252,0.801338,0.039240,0.056098,0.594282
1677106295,134971548,0.416511,0.669564,0.299502,0.801332,0.039049,0.056701,0.594246
1677106295,145410850,0.416487,0.669513,0.299706,0.801068,0.039348,0.056609,0.594590
1677106295,154951095,0.416519,0.669568,0.299914,0.800749,0.039686,0.056015,0.595054
1677106295,164773104,0.416688,0.669643,0.300155,0.800369,0.040000,0.056279,0.595518
1677106295,174995972,0.416915,0.669804,0.300389,0.800185,0.040295,0.056252,0.595748
1677106295,184702084,0.417038,0.669890,0.300552,0.799865,0.040601,0.055368,0.596240
1677106295,195105535,0.417297,0.669994,0.300745,0.799583,0.040612,0.055119,0.596640
1677106295,205028032,0.417534,0.670037,0.300897,0.799035,0.040753,0.055045,0.597371
1677106295,215098113,0.417680,0.670220,0.301077,0.799092,0.040877,0.054362,0.597349
1677106295,225152898,0.417779,0.670256,0.301277,0.798553,0.041501,0.054378,0.598025
1677106295,234363669,0.417928,0.670417,0.301519,0.798558,0.041490,0.054672,0.597993
1677106295,244753297,0.418009,0.670408,0.301760,0.798385,0.041465,0.054881,0.598205
1677106295,254622152,0.417957,0.670448,0.302053,0.798453,0.042087,0.055198,0.598042
1677106295,264192501,0.417949,0.670493,0.302397,0.798463,0.042082,0.055416,0.598010
1677106295,274502450,0.418033,0.670733,0.302836,0.798958,0.041220,0.055778,0.597374
1677106295,284461711,0.418024,0.670832,0.303194,0.798713,0.040835,0.056079,0.597700
1677106295,294754549,0.418039,0.670943,0.303573,0.798441,0.040477,0.056705,0.598028
1677106295,304301831,0.417934,0.671011,0.303901,0.798207,0.040896,0.056762,0.598306
1677106295,314782147,0.418031,0.671154,0.304196,0.798272,0.040524,0.057438,0.598181
1677106295,324685468,0.418062,0.671435,0.304570,0.799135,0.040393,0.057517,0.597028
1677106295,334644674,0.418078,0.671453,0.304843,0.799136,0.040688,0.057446,0.597015
1677106295,345114361,0.418175,0.671516,0.305093,0.799353,0.040705,0.057607,0.596707
1677106295,354211319,0.418098,0.671616,0.305339,0.799831,0.041449,0.057121,0.596062
1677106295,365215107,0.418179,0.671540,0.305489,0.799528,0.041657,0.057471,0.596419
1677106295,374578943,0.418300,0.671595,0.305638,0.799575,0.041536,0.058095,0.596305
1677106295,384643904,0.418284,0.671699,0.305749,0.799682,0.041871,0.058334,0.596115
1677106295,394279359,0.418362,0.671826,0.305836,0.799655,0.041279,0.058355,0.596190
1677106295,404507821,0.418507,0.671752,0.305839,0.798884,0.040755,0.058453,0.597250
1677106295,415399484,0.418599,0.671801,0.305904,0.798540,0.040491,0.058383,0.597734
1677106295,424996700,0.418721,0.671754,0.305904,0.798220,0.040543,0.058203,0.598175
1677106295,435362869,0.418816,0.671776,0.305967,0.798378,0.041461,0.058361,0.597887
1677106295,444895306,0.419095,0.671826,0.306065,0.799078,0.041438,0.058352,0.596953
1677106295,454748167,0.419306,0.671613,0.306075,0.798813,0.041884,0.057852,0.597325
1677106295,465640452,0.419381,0.671472,0.306132,0.798627,0.043017,0.057118,0.597563
1677106295,474761056,0.419467,0.671541,0.306276,0.798845,0.043815,0.056339,0.597288
1677106295,485243270,0.419627,0.671571,0.306473,0.798834,0.043683,0.056362,0.597311
1677106295,495253853,0.419788,0.671567,0.306613,0.798614,0.043076,0.056089,0.597674
1677106295,505278871,0.419855,0.671632,0.306800,0.798873,0.042910,0.056547,0.597296
1677106295,514959861,0.419885,0.671679,0.306998,0.799334,0.042785,0.056966,0.596649
1677106295,525365417,0.419728,0.671607,0.307114,0.799659,0.043406,0.056012,0.596258
1677106295,535165953,0.420375,0.672085,0.307723,0.802558,0.039177,0.056817,0.592569
1677106295,544761934,0.420473,0.672009,0.307894,0.802390,0.039063,0.056858,0.592800
1677106295,555261136,0.419817,0.671863,0.307809,0.800912,0.044015,0.056766,0.594458
1677106295,565392592,0.419835,0.671827,0.307929,0.800439,0.044599,0.056704,0.595057
1677106295,574777974,0.420248,0.673685,0.308820,0.805590,0.042940,0.059224,0.587939
1677106295,585043249,0.420286,0.673768,0.308998,0.805685,0.043313,0.059629,0.587741
1677106295,595046900,0.420290,0.673800,0.309114,0.805666,0.043282,0.059133,0.587819
1677106295,604658031,0.420237,0.673844,0.309268,0.805749,0.043131,0.058437,0.587786
1677106295,614981002,0.420296,0.673896,0.309422,0.805864,0.042707,0.058391,0.587665
1677106295,624829723,0.420260,0.673882,0.309579,0.805865,0.042745,0.058419,0.587658
1677106295,634614105,0.420326,0.673922,0.309769,0.805980,0.042283,0.059353,0.587440
1677106295,645545328,0.420270,0.673984,0.309900,0.806054,0.042169,0.059306,0.587351
1677106295,654896376,0.420315,0.674010,0.310025,0.805935,0.041608,0.059704,0.587515
1677106295,664889470,0.420310,0.674082,0.310158,0.806112,0.041591,0.059443,0.587299
1677106295,674788660,0.420356,0.673848,0.310134,0.805349,0.041774,0.059267,0.588349
1677106295,685304351,0.420541,0.673706,0.310149,0.805111,0.041248,0.059188,0.588720
1677106295,694705348,0.421772,0.671311,0.309918,0.798777,0.035332,0.060599,0.597523
1677106295,704737261,0.421923,0.671390,0.310032,0.799186,0.034608,0.060146,0.597064
1677106295,715229421,0.421970,0.671357,0.310073,0.798972,0.035035,0.060351,0.597306
1677106295,724915331,0.421990,0.671292,0.310083,0.798655,0.035135,0.060166,0.597742
