secs,nsecs,tx,ty,tz,rx,ry,rz,rw
1677105503,500091943,0.401115,0.551103,0.476694,0.607391,0.008963,0.078308,0.790483
1677105503,509909493,0.400914,0.551324,0.476928,0.607820,0.009222,0.078853,0.790096
1677105503,520421268,0.400715,0.551540,0.477162,0.608284,0.008918,0.078995,0.789729
1677105503,530098199,0.400600,0.551735,0.477383,0.608274,0.008535,0.079784,0.789661
1677105503,540019473,0.400485,0.552040,0.477534,0.608431,0.008298,0.080585,0.789461
1677105503,549862275,0.400309,0.552336,0.477639,0.608234,0.008201,0.080723,0.789600
1677105503,560096733,0.400133,0.552530,0.477740,0.607424,0.008339,0.080916,0.790202
1677105503,570128288,0.400008,0.552937,0.477783,0.607450,0.009092,0.081671,0.790096
1677105503,579931665,0.399962,0.553111,0.477865,0.606644,0.009280,0.081853,0.790694
1677105503,589930517,0.399917,0.553350,0.477963,0.606630,0.009288,0.081749,0.790715
1677105503,600381794,0.399867,0.553496,0.478048,0.606288,0.009482,0.081561,0.790995
1677105503,610128612,0.399860,0.553562,0.478156,0.605916,0.009473,0.081507,0.791285
1677105503,620363431,0.399826,0.553622,0.478245,0.605808,0.009586,0.081229,0.791395
1677105503,629932478,0.399866,0.553633,0.478399,0.605703,0.008990,0.081055,0.791500
1677105503,640304450,0.399796,0.553682,0.478527,0.605899,0.009159,0.080880,0.791367
1677105503,649705797,0.399757,0.553707,0.478676,0.605928,0.008935,0.080931,0.791341
1677105503,660024047,0.399622,0.553820,0.478792,0.606289,0.008936,0.080878,0.791071
1677105503,670158855,0.399522,0.553877,0.478922,0.606352,0.008785,0.081041,0.791007
1677105503,679914156,0.399382,0.553844,0.479090,0.605791,0.008922,0.081412,0.791397
1677105503,690316263,0.399228,0.553922,0.479216,0.605963,0.008655,0.081363,0.791274
1677105503,700086831,0.399080,0.553901,0.479382,0.605671,0.009076,0.081990,0.791428
1677105503,710184365,0.398998,0.553839,0.479561,0.605563,0.008687,0.082160,0.791497
1677105503,720171756,0.398958,0.553690,0.479803,0.605379,0.008792,0.082636,0.791587
1677105503,730187083,0.398852,0.553707,0.480008,0.606119,0.008393,0.082302,0.791060
1677105503,740280586,0.398837,0.553654,0.480241,0.606620,0.008151,0.082745,0.790632
1677105503,750275600,0.398763,0.553641,0.480435,0.607098,0.007610,0.082823,0.790263
1677105503,760082277,0.398588,0.553623,0.480536,0.607477,0.007525,0.082585,0.789997
1677105503,769926865,0.398490,0.553481,0.480678,0.606794,0.007155,0.082592,0.790524
1677105503,779576928,0.398467,0.553530,0.480766,0.606537,0.006652,0.083200,0.790662
1677105503,789491227,0.398471,0.553656,0.480822,0.606372,0.006296,0.083653,0.790743
1677105503,799676348,0.398389,0.553846,0.480850,0.606180,0.006711,0.083840,0.790868
1677105503,810046511,0.398403,0.554127,0.480849,0.606291,0.006867,0.084115,0.790752
1677105503,819631901,0.398399,0.554289,0.480884,0.605784,0.007457,0.084268,0.791119
1677105503,830260686,0.398395,0.554411,0.480961,0.605448,0.007625,0.083649,0.791440
1677105503,839762743,0.398412,0.554487,0.481038,0.605035,0.008370,0.083357,0.791779
1677105503,849068503,0.398541,0.554531,0.481157,0.604805,0.007841,0.082907,0.792007
1677105503,859246679,0.398552,0.554635,0.481234,0.605201,0.008067,0.082899,0.791703
1677105503,870678198,0.398551,0.554622,0.481325,0.605061,0.007902,0.082671,0.791836
1677105503,880167022,0.398481,0.554696,0.481382,0.605253,0.008182,0.082936,0.791659
1677105503,889961283,0.398464,0.554791,0.481432,0.605451,0.007943,0.083766,0.791422
1677105503,899756605,0.398380,0.554936,0.481457,0.605652,0.007698,0.084331,0.791211
1677105503,909985438,0.398254,0.555039,0.481437,0.605821,0.007087,0.084694,0.791048
1677105503,920284864,0.398215,0.555192,0.481356,0.606212,0.006404,0.085334,0.790686
1677105503,929806616,0.398171,0.555248,0.481154,0.606244,0.006030,0.086162,0.790575
1677105503,939690595,0.398056,0.555264,0.480880,0.606118,0.006157,0.086354,0.790649
1677105503,949695817,0.398195,0.555399,0.480482,0.606534,0.005227,0.086562,0.790314
1677105503,960119904,0.398276,0.555484,0.479946,0.606876,0.005376,0.086344,0.790074
1677105503,970012329,0.398426,0.555752,0.479246,0.607877,0.005676,0.085764,0.789365
1677105503,980521963,0.398839,0.555859,0.478427,0.608002,0.005465,0.085620,0.789286
1677105503,989960636,0.399307,0.555938,0.477453,0.607751,0.005846,0.085550,0.789484
1677105503,999615170,0.399695,0.556309,0.476237,0.608412,0.006791,0.084999,0.789027
1677105504,9069254,0.400126,0.556663,0.474847,0.609053,0.006856,0.083748,0.788666
1677105504,19698146,0.400621,0.557026,0.473223,0.609421,0.006257,0.083002,0.788465
1677105504,29666315,0.401176,0.557135,0.471359,0.608867,0.005656,0.082827,0.788916
1677105504,39234423,0.401260,0.557372,0.469224,0.609725,0.006428,0.081864,0.788348
1677105504,49440620,0.401654,0.557457,0.466847,0.610327,0.005818,0.082520,0.787818
1677105504,59682337,0.401806,0.557366,0.464234,0.610926,0.006163,0.082688,0.787334
1677105504,69123361,0.401741,0.557461,0.461353,0.613162,0.007244,0.082673,0.785586
1677105504,79304238,0.402179,0.557255,0.458246,0.614646,0.004967,0.082908,0.784419
1677105504,89334463,0.402495,0.556978,0.454955,0.616420,0.003632,0.083351,0.782985
1677105504,99815649,0.402802,0.556546,0.451409,0.618108,0.002077,0.083260,0.781669
1677105504,109996612,0.403128,0.556186,0.447667,0.620613,0.000263,0.082936,0.779719
1677105504,120237018,0.403460,0.555856,0.443686,0.623111,-0.001636,0.082380,0.777781
1677105504,129681998,0.403713,0.555492,0.439522,0.625190,-0.003411,0.081399,0.776209
1677105504,140203359,0.404110,0.555210,0.435190,0.626661,-0.005575,0.080642,0.775088
1677105504,149877729,0.404446,0.554881,0.430691,0.627713,-0.007759,0.079194,0.774367
1677105504,159816584,0.404821,0.554725,0.426035,0.629443,-0.009900,0.078184,0.773040
1677105504,169944008,0.405171,0.554338,0.421185,0.630671,-0.012872,0.076084,0.772204
1677105504,179882455,0.405402,0.553918,0.416101,0.632016,-0.014862,0.074031,0.771268
1677105504,189933829,0.405837,0.553753,0.410855,0.634480,-0.017586,0.072393,0.769341
1677105504,199117233,0.406227,0.553477,0.405333,0.636375,-0.018680,0.070561,0.767919
1677105504,209300610,0.406778,0.553439,0.399623,0.638289,-0.019029,0.068751,0.766485
1677105504,219351766,0.407325,0.553601,0.393730,0.639707,-0.017752,0.066598,0.765522
1677105504,229046116,0.408183,0.554061,0.387643,0.640375,-0.016380,0.063486,0.765259
1677105504,239229048,0.409071,0.554883,0.381475,0.640546,-0.013238,0.060651,0.765407
1677105504,249311276,0.410197,0.556037,0.375180,0.640037,-0.010306,0.057839,0.766095
1677105504,258964389,0.411063,0.557241,0.368799,0.638374,-0.005155,0.053922,0.767818
1677105504,269904218,0.412086,0.558530,0.362362,0.636136,-0.000696,0.050339,0.769933
1677105504,280083645,0.413157,0.560113,0.355879,0.634835,0.002359,0.046633,0.771236
1677105504,290204685,0.413790,0.561816,0.349323,0.633761,0.005499,0.041231,0.772410
1677105504,300363820,0.414624,0.563315,0.342783,0.631569,0.006315,0.037212,0.774400
1677105504,310250776,0.415112,0.565047,0.336290,0.629931,0.007853,0.033867,0.775872
1677105504,320169003,0.415635,0.566866,0.329785,0.628324,0.008632,0.031809,0.777253
1677105504,329869380,0.415665,0.568929,0.323300,0.627512,0.011243,0.029486,0.777967
1677105504,339694193,0.415750,0.571364,0.316816,0.627940,0.013125,0.027727,0.777657
1677105504,349955660,0.415880,0.573597,0.310449,0.627078,0.014784,0.026731,0.778357
1677105504,359947206,0.415963,0.576055,0.304214,0.626675,0.015987,0.025089,0.778713
1677105504,370018638,0.416072,0.578316,0.298233,0.625402,0.014728,0.021850,0.779857
1677105504,379745233,0.415710,0.581113,0.292260,0.624385,0.018276,0.021252,0.780614
1677105504,389906046,0.415380,0.583778,0.286575,0.622827,0.018425,0.019612,0.781897
1677105504,400174257,0.415314,0.586291,0.280912,0.619058,0.016460,0.019630,0.784927
1677105504,410181620,0.414414,0.589459,0.275330,0.617541,0.018392,0.019404,0.786085
1677105504,420359257,0.413744,0.592401,0.269851,0.614481,0.018789,0.020540,0.788441
1677105504,429971603,0.413053,0.595109,0.264591,0.609690,0.016774,0.021327,0.792176
1677105504,440167781,0.412419,0.598451,0.259270,0.608198,0.016233,0.023306,0.793277
1677105504,449529501,0.411968,0.601141,0.254214,0.604849,0.014984,0.025408,0.795793
1677105504,459966652,0.411360,0.603919,0.249317,0.603218,0.016726,0.028166,0.796903
1677105504,470126273,0.410754,0.606655,0.244579,0.601385,0.015904,0.027272,0.798335
1677105504,479686399,0.410018,0.609076,0.239967,0.597998,0.019438,0.027425,0.800792
1677105504,490151324,0.409993,0.611799,0.235695,0.596457,0.017634,0.028011,0.801962
1677105504,499724640,0.409667,0.614732,0.231373,0.594344,0.018176,0.027326,0.803541
1677105504,509908540,0.409371,0.617578,0.227220,0.590759,0.019193,0.026922,0.806170
1677105504,519993147,0.409114,0.620482,0.223221,0.587097,0.020065,0.026974,0.808818
1677105504,529920869,0.408602,0.623168,0.219421,0.583335,0.022268,0.026670,0.811489
1677105504,540349572,0.408423,0.625640,0.215997,0.580072,0.022450,0.027229,0.813800
1677105504,549844538,0.407940,0.628858,0.212470,0.581997,0.021740,0.026202,0.812478
1677105504,560537822,0.407475,0.630485,0.209756,0.577539,0.024404,0.027564,0.815532
1677105504,569743442,0.407136,0.632591,0.207035,0.576448,0.024250,0.028601,0.816273
1677105504,579626407,0.406572,0.634709,0.204445,0.575623,0.024824,0.029615,0.816801
1677105504,590134219,0.406080,0.636742,0.201995,0.574283,0.024436,0.030849,0.817711
1677105504,599933731,0.405590,0.638772,0.199614,0.572305,0.024054,0.032420,0.819046
1677105504,609758548,0.404965,0.640905,0.197288,0.570429,0.023615,0.032593,0.820360
1677105504,619578884,0.404644,0.642905,0.195128,0.567494,0.022650,0.033644,0.822378
1677105504,630044432,0.404271,0.645031,0.192949,0.564771,0.022587,0.034445,0.824219
1677105504,639518623,0.403911,0.647200,0.190848,0.561843,0.023361,0.034868,0.826179
1677105504,649934096,0.403537,0.649444,0.188745,0.559132,0.025005,0.035613,0.827936
1677105504,659579254,0.403192,0.651567,0.186768,0.556336,0.026715,0.036443,0.829728
1677105504,670355003,0.402828,0.653603,0.184927,0.553618,0.028703,0.037404,0.831435
1677105504,679760788,0.402537,0.655647,0.183212,0.551891,0.029810,0.038868,0.832476
1677105504,690063946,0.402246,0.657368,0.181676,0.549629,0.030392,0.040114,0.833892
1677105504,699798642,0.401864,0.659025,0.180320,0.547874,0.030485,0.040902,0.835004
1677105504,709811402,0.401538,0.660554,0.179035,0.546535,0.030224,0.042274,0.835822
1677105504,720229826,0.401261,0.661708,0.177960,0.543357,0.029949,0.043792,0.837824
1677105504,730174022,0.400853,0.663178,0.176839,0.542023,0.029941,0.044479,0.838652
1677105504,739613241,0.400661,0.664521,0.175785,0.539963,0.029646,0.045554,0.839932
1677105504,750199511,0.400523,0.665767,0.174809,0.537573,0.030498,0.047176,0.841344
1677105504,760428369,0.400425,0.666888,0.173953,0.535696,0.030873,0.047703,0.842497
1677105504,769250821,0.400355,0.668032,0.173194,0.535216,0.032540,0.048632,0.842686
1677105504,780116696,0.400357,0.668920,0.172561,0.534813,0.034072,0.049382,0.842838
1677105504,789891390,0.400402,0.669561,0.172090,0.534717,0.035069,0.049514,0.842850
1677105504,800268805,0.400520,0.669887,0.171841,0.534707,0.035353,0.049479,0.842846
1677105504,809940067,0.400683,0.670014,0.171780,0.536481,0.035186,0.049514,0.841724
1677105504,819288714,0.400735,0.670113,0.171722,0.537896,0.035401,0.049414,0.840817
1677105504,829654057,0.400890,0.670355,0.171521,0.538673,0.034650,0.049879,0.840323
1677105504,839041164,0.400968,0.670571,0.171337,0.538652,0.034463,0.050213,0.840325
1677105504,849313335,0.400931,0.670765,0.171208,0.539580,0.034580,0.050199,0.839725
1677105504,859305718,0.401026,0.670811,0.171178,0.540908,0.034418,0.050683,0.838848
1677105504,869006501,0.401074,0.670838,0.171137,0.541839,0.034587,0.050789,0.838233
1677105504,879061367,0.401164,0.670953,0.171012,0.542715,0.034695,0.051148,0.837640
1677105504,889518964,0.401221,0.670913,0.170979,0.542331,0.034776,0.050706,0.837912
1677105504,899956877,0.401299,0.671116,0.170803,0.543252,0.034876,0.050512,0.837323
1677105504,910144803,0.401443,0.671254,0.170662,0.544004,0.034478,0.050436,0.836856
1677105504,919768160,0.401487,0.671383,0.170559,0.544665,0.034560,0.050636,0.836410
1677105504,929657795,0.401533,0.671371,0.170456,0.545321,0.033990,0.050442,0.836017
1677105504,939654570,0.401496,0.671361,0.170370,0.546133,0.033848,0.050319,0.835500
1677105504,949808027,0.401536,0.671353,0.170293,0.546924,0.032885,0.050233,0.835026
1677105504,959635270,0.401565,0.671457,0.170149,0.548034,0.032642,0.050336,0.834302
1677105504,969775497,0.401511,0.671647,0.169986,0.549694,0.032581,0.050335,0.833211
1677105504,980091337,0.401470,0.671581,0.169940,0.550371,0.033010,0.050672,0.832727
1677105504,990122910,0.401614,0.671651,0.169883,0.551421,0.032131,0.051364,0.832024
1677105504,999828848,0.401597,0.671762,0.169731,0.552903,0.031878,0.051029,0.831070
1677105505,9763043,0.401609,0.671735,0.169648,0.553845,0.032052,0.050890,0.830445
1677105505,19412651,0.401611,0.671660,0.169534,0.554651,0.032049,0.049704,0.829979
1677105505,29728286,0.401730,0.671566,0.169437,0.555481,0.032088,0.048973,0.829465
1677105505,40173327,0.401864,0.671430,0.169358,0.556061,0.032516,0.048205,0.829105
1677105505,50096732,0.402067,0.671268,0.169278,0.556572,0.032696,0.047392,0.828802
1677105505,60192980,0.402131,0.671182,0.169176,0.557600,0.032501,0.045653,0.828216
1677105505,69928804,0.402333,0.671292,0.168986,0.559491,0.032152,0.045218,0.826977
1677105505,79865767,0.402360,0.671193,0.168846,0.560492,0.032346,0.044615,0.826324
1677105505,89749947,0.402379,0.671052,0.168766,0.561122,0.032437,0.044187,0.825916
1677105505,100457960,0.402454,0.670948,0.168657,0.562055,0.032071,0.044011,0.825305
1677105505,110290093,0.402489,0.670956,0.168515,0.563678,0.031717,0.043577,0.824234
1677105505,120803547,0.402519,0.670883,0.168414,0.564485,0.031960,0.043004,0.823703
1677105505,129640008,0.402624,0.670654,0.168364,0.564766,0.032057,0.042200,0.823547
1677105505,139813695,0.402741,0.670625,0.168300,0.565996,0.031905,0.040488,0.822795
1677105505,149866858,0.403000,0.670632,0.168217,0.567243,0.031884,0.039447,0.821987
1677105505,159535279,0.403252,0.670487,0.168206,0.567409,0.032154,0.038429,0.821910
1677105505,169995931,0.403444,0.670515,0.168091,0.568205,0.032824,0.037151,0.821393
1677105505,179808430,0.403671,0.670627,0.167979,0.569576,0.032662,0.036178,0.820492
1677105505,190136214,0.403785,0.670711,0.167852,0.570388,0.033158,0.035471,0.819939
1677105505,200092220,0.403931,0.670656,0.167734,0.570873,0.032963,0.035335,0.819615
1677105505,210069555,0.403987,0.670635,0.167637,0.571569,0.033239,0.035448,0.819114
1677105505,219629350,0.404036,0.670815,0.167415,0.573484,0.032980,0.035354,0.817789
1677105505,230001824,0.404014,0.670688,0.167275,0.574185,0.033123,0.034858,0.817313
1677105505,240522870,0.404157,0.670659,0.167109,0.575237,0.033040,0.034687,0.816583
1677105505,249722843,0.404387,0.670574,0.166957,0.576302,0.032917,0.034257,0.815855
1677105505,259711335,0.404582,0.670376,0.166829,0.577020,0.033287,0.033121,0.815379
1677105505,270355111,0.404855,0.670360,0.166622,0.578628,0.033778,0.031914,0.814267
1677105505,279941272,0.405158,0.670263,0.166468,0.579758,0.033988,0.030744,0.813498
1677105505,289529624,0.405436,0.670293,0.166291,0.580829,0.034292,0.029403,0.812771
1677105505,299804403,0.405546,0.670420,0.166139,0.582007,0.034988,0.028228,0.811941
1677105505,309675528,0.405773,0.670465,0.166063,0.581764,0.034923,0.028114,0.812121
1677105505,319284415,0.405801,0.670670,0.165957,0.582352,0.034995,0.028036,0.811699
1677105505,329814720,0.405774,0.670848,0.165927,0.582913,0.034809,0.028273,0.811296
1677105505,340450585,0.405648,0.670909,0.165993,0.582908,0.034841,0.028652,0.811285
1677105505,350269838,0.405619,0.671014,0.165998,0.583069,0.034165,0.029049,0.811184
1677105505,360376482,0.405469,0.671308,0.165979,0.583761,0.034358,0.028691,0.810690
1677105505,370446818,0.405590,0.671492,0.165982,0.584050,0.033903,0.028797,0.810498
1677105505,379932296,0.405660,0.671570,0.166006,0.583903,0.034284,0.028384,0.810602
1677105505,389701534,0.405759,0.671635,0.166023,0.583601,0.034245,0.027119,0.810864
1677105505,399455409,0.405909,0.671810,0.166026,0.583548,0.034600,0.026717,0.810901
1677105505,409079165,0.405974,0.672245,0.165981,0.584379,0.034677,0.026378,0.810311
1677105505,419184078,0.405939,0.672513,0.165946,0.584428,0.034943,0.026164,0.810271
1677105505,430062783,0.405783,0.672763,0.165945,0.584329,0.035019,0.025974,0.810345
1677105505,439547571,0.405792,0.672972,0.165978,0.584025,0.034288,0.027150,0.810556
1677105505,449572997,0.405565,0.673423,0.165960,0.584617,0.034182,0.027737,0.810114
1677105505,459624054,0.405334,0.673857,0.165941,0.584836,0.033824,0.027961,0.809963
1677105505,469575885,0.405098,0.674159,0.165924,0.584532,0.033877,0.028394,0.810166
1677105505,479402079,0.404923,0.674512,0.165861,0.584651,0.033663,0.028532,0.810084
1677105505,489685508,0.404883,0.674818,0.165819,0.584893,0.033016,0.028804,0.809926
1677105505,499642346,0.404823,0.675092,0.165826,0.585107,0.032802,0.029035,0.809772
1677105505,510269820,0.404869,0.675391,0.165812,0.585465,0.032487,0.029707,0.809501
1677105505,520273386,0.404746,0.675754,0.165776,0.586080,0.032509,0.029496,0.809063
1677105505,529887632,0.404654,0.676175,0.165759,0.586577,0.032475,0.029616,0.808700
1677105505,539651477,0.404450,0.676648,0.165700,0.587321,0.032951,0.029760,0.808135
1677105505,550483420,0.404328,0.677011,0.165650,0.587154,0.032904,0.030371,0.808236
1677105505,559926647,0.404217,0.677485,0.165588,0.587146,0.032738,0.031521,0.808204
1677105505,569640788,0.403909,0.677906,0.165495,0.587206,0.033037,0.031703,0.808141
1677105505,580315550,0.403725,0.678431,0.165427,0.587745,0.032794,0.032643,0.807722
1677105505,590146717,0.403617,0.678765,0.165401,0.587472,0.032042,0.033656,0.807909
1677105505,600214819,0.403504,0.679210,0.165404,0.587796,0.031530,0.034577,0.807655
1677105505,609270632,0.403318,0.679704,0.165358,0.588046,0.031245,0.034756,0.807476
1677105505,619679460,0.403146,0.680329,0.165311,0.588864,0.031276,0.034913,0.806871
1677105505,629375918,0.403057,0.680728,0.165356,0.588440,0.031173,0.034962,0.807183
1677105505,639946530,0.403076,0.681286,0.165333,0.588634,0.031271,0.035305,0.807023
1677105505,649521361,0.402945,0.682020,0.165246,0.589401,0.031881,0.035057,0.806450
1677105505,659541772,0.403072,0.682693,0.165150,0.589545,0.032051,0.036346,0.806280
1677105505,669510761,0.402922,0.683135,0.165146,0.589006,0.032767,0.036446,0.806641
1677105505,679599163,0.402864,0.683681,0.165149,0.589228,0.033110,0.037171,0.806432
1677105505,689720556,0.402736,0.684195,0.165153,0.589387,0.033510,0.037374,0.806289
1677105505,699522770,0.402726,0.684767,0.165177,0.589622,0.033098,0.037965,0.806107
1677105505,709864466,0.402666,0.685266,0.165218,0.589566,0.032770,0.038127,0.806154
1677105505,719868946,0.402585,0.685814,0.165234,0.589536,0.033044,0.038707,0.806137
1677105505,729633616,0.402490,0.686380,0.165281,0.589643,0.033391,0.039165,0.806023
1677105505,739817444,0.402454,0.686866,0.165330,0.589343,0.033198,0.039325,0.806242
1677105505,749841849,0.402329,0.687378,0.165334,0.588865,0.033683,0.039318,0.806572
1677105505,760033410,0.402330,0.688172,0.165238,0.589499,0.033621,0.039901,0.806082
1677105505,769552577,0.402200,0.688694,0.165234,0.588997,0.033708,0.040184,0.806431
1677105505,779937227,0.402041,0.689242,0.165149,0.588910,0.033932,0.040859,0.806451
1677105505,789637130,0.401735,0.689871,0.165104,0.589245,0.034388,0.041286,0.806166
1677105505,799952367,0.401555,0.690452,0.165079,0.589043,0.033864,0.042761,0.806259
1677105505,809929375,0.401243,0.690859,0.165085,0.588082,0.033635,0.043809,0.806914
1677105505,819468314,0.400987,0.691628,0.165016,0.588925,0.032743,0.045636,0.806233
1677105505,829856538,0.400614,0.692015,0.164956,0.588432,0.031733,0.046673,0.806574
1677105505,839861596,0.400288,0.692448,0.164914,0.588592,0.030899,0.047834,0.806422
1677105505,850128394,0.400075,0.692672,0.164923,0.587974,0.030257,0.049189,0.806815
1677105505,859825427,0.399905,0.693049,0.164925,0.588528,0.029614,0.049461,0.806419
1677105505,869903193,0.399926,0.693284,0.164971,0.588274,0.029313,0.049752,0.806598
1677105505,879901154,0.399905,0.693591,0.164981,0.588386,0.029444,0.049040,0.806554
1677105505,890059846,0.399986,0.693923,0.164941,0.588269,0.029665,0.048278,0.806678
1677105505,899551829,0.400080,0.694373,0.164883,0.588922,0.029817,0.047699,0.806230
1677105505,910309716,0.400237,0.694592,0.164889,0.588949,0.029383,0.047484,0.806239
1677105505,920223909,0.400158,0.694819,0.164825,0.589272,0.029921,0.047004,0.806011
1677105505,930108535,0.400111,0.694938,0.164739,0.589477,0.029788,0.046800,0.805878
1677105505,939821975,0.399951,0.695141,0.164588,0.590160,0.029648,0.046152,0.805420
1677105505,949301477,0.399954,0.695192,0.164467,0.590746,0.028779,0.045895,0.805037
1677105505,958987566,0.399878,0.695161,0.164355,0.591425,0.028809,0.045452,0.804562
1677105505,970116751,0.399999,0.695237,0.164207,0.592702,0.028056,0.045123,0.803668
1677105505,979970291,0.400002,0.695115,0.164114,0.593287,0.028178,0.044118,0.803287
1677105505,990071252,0.400006,0.695269,0.163893,0.595084,0.028635,0.042867,0.802009
1677105505,999818471,0.400108,0.695128,0.163754,0.595695,0.029044,0.041983,0.801587
1677105506,9620625,0.400175,0.694942,0.163613,0.596193,0.029522,0.040293,0.801285
1677105506,19040104,0.400474,0.694980,0.163469,0.597509,0.028768,0.039234,0.800385
1677105506,29122364,0.400365,0.695039,0.163358,0.598903,0.029604,0.036989,0.799419
1677105506,39394000,0.400521,0.695154,0.163220,0.599910,0.029481,0.036163,0.798706
1677105506,49072556,0.400557,0.695205,0.163110,0.600657,0.029528,0.035307,0.798181
1677105506,59078672,0.400583,0.695314,0.162997,0.601701,0.029001,0.034532,0.797448
1677105506,70259726,0.400585,0.695472,0.162903,0.602742,0.028601,0.034353,0.796683
1677105506,79704622,0.400389,0.695638,0.162798,0.603473,0.028375,0.033672,0.796167
1677105506,89153214,0.400146,0.695814,0.162601,0.604027,0.028273,0.033152,0.795772
1677105506,99164236,0.399957,0.695911,0.162397,0.604922,0.027231,0.032821,0.795142
1677105506,110010408,0.399814,0.695862,0.162250,0.605672,0.026477,0.033061,0.794587
1677105506,119463542,0.399686,0.695703,0.162183,0.606503,0.025934,0.032974,0.793974
1677105506,129817610,0.399516,0.695561,0.162152,0.607368,0.025434,0.031833,0.793375
1677105506,140195069,0.399501,0.695643,0.162046,0.608299,0.024872,0.030678,0.792725
1677105506,149532767,0.399560,0.695665,0.161972,0.609019,0.024461,0.029697,0.792222
1677105506,159674689,0.399684,0.695685,0.161896,0.609684,0.024173,0.028666,0.791757
1677105506,169885104,0.399707,0.695608,0.161868,0.610394,0.024123,0.027015,0.791269
1677105506,179740003,0.399676,0.695614,0.161821,0.611539,0.024338,0.025444,0.790431
1677105506,190406659,0.399737,0.695585,0.161765,0.612141,0.024543,0.024712,0.789981
1677105506,200234596,0.399788,0.695787,0.161620,0.614094,0.024210,0.023857,0.788501
1677105506,209681757,0.399854,0.695830,0.161473,0.615089,0.024239,0.023445,0.787736
1677105506,220205430,0.399801,0.695659,0.161337,0.615516,0.024991,0.023022,0.787392
1677105506,229869061,0.399805,0.695698,0.161151,0.617251,0.024977,0.022458,0.786049
1677105506,240295430,0.399882,0.695662,0.160935,0.618857,0.025289,0.022424,0.784776
1677105506,250444716,0.399840,0.695472,0.160691,0.620228,0.026213,0.021772,0.783681
1677105506,260147937,0.399950,0.695487,0.160396,0.622314,0.027134,0.021442,0.782003
1677105506,270422091,0.400083,0.695382,0.160105,0.623937,0.028180,0.020452,0.780698
1677105506,280450067,0.400272,0.695272,0.159847,0.625457,0.029175,0.019237,0.779476
1677105506,290181758,0.400551,0.695284,0.159570,0.627391,0.030571,0.018471,0.777885
1677105506,299909012,0.400771,0.694963,0.159258,0.627988,0.031836,0.017083,0.777384
1677105506,310556598,0.400965,0.694845,0.159022,0.628765,0.032774,0.015841,0.776743
1677105506,320385500,0.401304,0.694711,0.158762,0.630063,0.033125,0.015129,0.775690
1677105506,329666307,0.401453,0.694480,0.158654,0.631038,0.033686,0.014098,0.774892
1677105506,339586700,0.401607,0.694376,0.158517,0.631760,0.034013,0.013333,0.774303
1677105506,350347118,0.401730,0.694328,0.158401,0.632270,0.034032,0.013052,0.773891
1677105506,360163754,0.401780,0.694284,0.158315,0.632691,0.034095,0.012819,0.773547
1677105506,369591561,0.401877,0.694123,0.158230,0.633513,0.033683,0.012936,0.772890
1677105506,380213297,0.401779,0.693986,0.158161,0.634186,0.034116,0.012843,0.772321
1677105506,390024571,0.401843,0.693807,0.158103,0.634374,0.033809,0.013309,0.772172
1677105506,399619832,0.401811,0.693721,0.158018,0.634798,0.033817,0.013497,0.771819
1677105506,410104065,0.401695,0.693708,0.157944,0.635437,0.034009,0.013128,0.771292
1677105506,420153141,0.401665,0.693545,0.157932,0.635423,0.033882,0.012916,0.771313
1677105506,430260187,0.401745,0.693659,0.157865,0.636089,0.033583,0.013261,0.770771
1677105506,439600979,0.401744,0.693739,0.157827,0.636099,0.033328,0.012565,0.770785
1677105506,449838116,0.401862,0.693851,0.157806,0.635951,0.033065,0.012734,0.770916
1677105506,459669952,0.401954,0.694101,0.157766,0.636416,0.032850,0.013080,0.770536
1677105506,469644309,0.401892,0.694159,0.157709,0.636442,0.032911,0.012619,0.770519
1677105506,479325820,0.401898,0.694342,0.157618,0.637175,0.032608,0.012937,0.769920
1677105506,489921022,0.401675,0.694463,0.157534,0.637771,0.032939,0.012304,0.769423
1677105506,499909784,0.401735,0.694448,0.157477,0.638098,0.031923,0.013395,0.769177
1677105506,510356349,0.401677,0.694399,0.157400,0.638566,0.031565,0.014310,0.768787
1677105506,520274704,0.401580,0.694408,0.157287,0.639417,0.031007,0.014680,0.768095
1677105506,529922414,0.401535,0.694566,0.157145,0.640484,0.030370,0.015367,0.767217
1677105506,540078771,0.401419,0.694751,0.156961,0.641531,0.029986,0.015516,0.766354
1677105506,550044589,0.401307,0.694855,0.156791,0.642008,0.030075,0.016249,0.765935
1677105506,560303298,0.401288,0.694965,0.156635,0.642196,0.029809,0.016888,0.765774
1677105506,569593353,0.401276,0.695199,0.156537,0.642759,0.028838,0.017418,0.765327
1677105506,579414602,0.401070,0.695440,0.156444,0.643488,0.028618,0.017257,0.764726
1677105506,590495700,0.400973,0.695581,0.156375,0.643516,0.028353,0.018428,0.764685
1677105506,600017158,0.400870,0.695635,0.156313,0.643285,0.027718,0.019385,0.764879
1677105506,610177447,0.400808,0.695893,0.156242,0.643977,0.027114,0.020577,0.764288
1677105506,619896357,0.400634,0.696211,0.156160,0.644862,0.026582,0.021033,0.763547
1677105506,630136164,0.400472,0.696329,0.156071,0.645115,0.026518,0.021511,0.763322
1677105506,640615123,0.400499,0.696391,0.156009,0.645422,0.025994,0.022561,0.763050
1677105506,649776786,0.400444,0.696425,0.155913,0.645855,0.025381,0.022370,0.762710
1677105506,659530139,0.400504,0.696394,0.155838,0.646282,0.025094,0.022577,0.762352
1677105506,669569205,0.400638,0.696376,0.155776,0.646610,0.025008,0.023068,0.762061
1677105506,679821761,0.400743,0.696511,0.155696,0.647508,0.025184,0.022835,0.761300
1677105506,689593670,0.400916,0.696524,0.155571,0.647956,0.024977,0.022087,0.760947
1677105506,700210983,0.401004,0.696567,0.155473,0.648429,0.025331,0.021189,0.760559
1677105506,710302747,0.401118,0.696720,0.155391,0.649026,0.025553,0.020189,0.760069
1677105506,719851515,0.401151,0.696850,0.155323,0.649156,0.025739,0.019334,0.759974
1677105506,730305549,0.401169,0.696901,0.155239,0.649022,0.025884,0.019251,0.760085
1677105506,740207725,0.401187,0.697095,0.155160,0.649974,0.025083,0.019459,0.759293
1677105506,750191990,0.401150,0.697126,0.155097,0.650594,0.024244,0.020294,0.758767
1677105506,760353262,0.400957,0.697082,0.154988,0.651253,0.023985,0.020638,0.758201
1677105506,769408792,0.400681,0.696978,0.154900,0.651974,0.024115,0.020710,0.757575
1677105506,780111673,0.400579,0.696808,0.154769,0.652969,0.023492,0.020577,0.756741
1677105506,789934613,0.400661,0.696675,0.154719,0.653796,0.023076,0.020976,0.756028
1677105506,799586100,0.400631,0.696574,0.154621,0.654434,0.023243,0.019975,0.755498
1677105506,809428850,0.400774,0.696466,0.154536,0.654478,0.023472,0.019604,0.755462
1677105506,819060195,0.400905,0.696461,0.154443,0.654479,0.023588,0.018681,0.755481
1677105506,829314814,0.401023,0.696428,0.154374,0.654586,0.023853,0.018116,0.755394
1677105506,839600227,0.400984,0.696306,0.154331,0.654735,0.024103,0.017077,0.755281
1677105506,849339570,0.401093,0.696197,0.154261,0.655123,0.023867,0.017286,0.754947
1677105506,859609870,0.401034,0.696095,0.154187,0.655829,0.023973,0.017029,0.754337
1677105506,869695780,0.401004,0.695935,0.154084,0.656142,0.023974,0.017285,0.754059
1677105506,879735426,0.400977,0.695755,0.153980,0.656709,0.023472,0.017414,0.753577
1677105506,889532504,0.400813,0.695662,0.153839,0.657590,0.023543,0.017122,0.752813
1677105506,899840922,0.400843,0.695522,0.153731,0.658204,0.023267,0.018482,0.752253
1677105506,910009285,0.400796,0.695385,0.153658,0.658625,0.022635,0.018749,0.751897
1677105506,919322894,0.400586,0.695363,0.153534,0.659389,0.022921,0.018553,0.751223
1677105506,929673633,0.400604,0.695255,0.153468,0.659889,0.022411,0.019194,0.750784
1677105506,939838029,0.400490,0.695144,0.153397,0.660535,0.022557,0.019182,0.750211
1677105506,950159582,0.400502,0.694808,0.153304,0.660577,0.022695,0.019777,0.750155
1677105506,960068668,0.400627,0.694801,0.153205,0.662293,0.021896,0.019389,0.748674
1677105506,969740430,0.400636,0.694505,0.153117,0.662595,0.022794,0.018941,0.748391
1677105506,979907421,0.400790,0.694362,0.153010,0.663580,0.023052,0.018018,0.747533
1677105506,989836849,0.400956,0.694142,0.152891,0.663878,0.024022,0.017235,0.747256
1677105506,999226406,0.401288,0.693961,0.152769,0.664754,0.024340,0.016821,0.746476
1677105507,9506058,0.401526,0.693746,0.152663,0.665586,0.024872,0.015414,0.745747
1677105507,20049710,0.401743,0.693539,0.152550,0.666394,0.025989,0.014526,0.745005
1677105507,30368743,0.402002,0.693267,0.152447,0.666826,0.026569,0.013902,0.744610
1677105507,40298026,0.402333,0.693101,0.152339,0.667872,0.027035,0.013484,0.743663
1677105507,50374823,0.402533,0.692900,0.152233,0.669191,0.027829,0.012728,0.742460
1677105507,59980179,0.402814,0.692758,0.152104,0.670328,0.028122,0.012188,0.741431
1677105507,69737999,0.403065,0.692287,0.151934,0.670064,0.029104,0.012135,0.741633
1677105507,79185719,0.403224,0.692091,0.151799,0.671316,0.030415,0.011690,0.740455
1677105507,89847458,0.403500,0.691725,0.151634,0.672069,0.030666,0.011189,0.739769
1677105507,99593733,0.403796,0.691406,0.151461,0.673501,0.031196,0.011044,0.738445
1677105507,109530406,0.403903,0.691196,0.151276,0.675144,0.032657,0.010026,0.736895
1677105507,119870707,0.404296,0.690783,0.151054,0.675676,0.033502,0.010216,0.736367
1677105507,129670634,0.404563,0.690526,0.150870,0.676404,0.034259,0.009555,0.735671
1677105507,139441264,0.404767,0.690347,0.150742,0.676907,0.035550,0.009122,0.735153
1677105507,150338746,0.405062,0.690234,0.150626,0.677151,0.035822,0.009240,0.734914
1677105507,160276164,0.405220,0.690226,0.150512,0.677071,0.036701,0.009945,0.734935
1677105507,169729665,0.405285,0.690356,0.150461,0.677585,0.036882,0.010872,0.734439
1677105507,179731241,0.405176,0.690280,0.150435,0.677385,0.037105,0.011989,0.734595
1677105507,190092426,0.405144,0.690185,0.150403,0.677609,0.036732,0.013855,0.734374
1677105507,199925527,0.404933,0.690190,0.150395,0.678704,0.036515,0.015154,0.733347
1677105507,209625301,0.404807,0.689972,0.150330,0.678744,0.036359,0.016550,0.733287
1677105507,219739077,0.404721,0.689777,0.150264,0.679379,0.036289,0.017662,0.732677
1677105507,230199020,0.404700,0.689608,0.150198,0.680379,0.036172,0.017679,0.731754
1677105507,240350166,0.404858,0.689494,0.150096,0.681754,0.036288,0.018078,0.730457
1677105507,249756389,0.404970,0.689046,0.149989,0.682113,0.036713,0.017154,0.730123
1677105507,259310601,0.405215,0.688836,0.149849,0.683479,0.037411,0.016281,0.728829
1677105507,268989801,0.405523,0.688520,0.149696,0.684513,0.038030,0.014925,0.727855
1677105507,279392295,0.405792,0.688431,0.149545,0.686306,0.038628,0.013017,0.726170
1677105507,289919280,0.406055,0.688052,0.149358,0.686651,0.039939,0.012108,0.725788
1677105507,299903650,0.406202,0.687906,0.149239,0.688298,0.040368,0.010657,0.724226
1677105507,310000893,0.406348,0.687657,0.149085,0.689359,0.040639,0.010524,0.723202
1677105507,319422709,0.406400,0.687454,0.148954,0.690610,0.040113,0.010356,0.722040
1677105507,329237476,0.406319,0.687220,0.148868,0.691722,0.039981,0.010973,0.720973
1677105507,339463931,0.406208,0.686836,0.148776,0.692350,0.039255,0.011008,0.720409
1677105507,349491148,0.406084,0.686589,0.148703,0.693188,0.038942,0.011402,0.719614
1677105507,359745993,0.406039,0.686441,0.148654,0.693967,0.038640,0.011688,0.718874
1677105507,369040645,0.405926,0.686245,0.148585,0.694386,0.038963,0.010937,0.718464
1677105507,379294248,0.406026,0.686057,0.148511,0.694490,0.039339,0.010519,0.718349
1677105507,389422341,0.406215,0.685909,0.148431,0.694855,0.039729,0.009238,0.717992
1677105507,400006478,0.406537,0.685918,0.148331,0.695690,0.040068,0.008130,0.717178
1677105507,410138835,0.406663,0.685788,0.148207,0.695841,0.041221,0.005909,0.716987
1677105507,419423780,0.407049,0.685718,0.148126,0.696345,0.041627,0.004801,0.716483
1677105507,429560629,0.407334,0.685483,0.148013,0.696174,0.042239,0.003530,0.716621
1677105507,439884486,0.407434,0.685472,0.147921,0.697228,0.042805,0.001600,0.715568
1677105507,450014308,0.407672,0.685205,0.147770,0.697245,0.042981,0.001152,0.715542
1677105507,459578292,0.407750,0.685075,0.147614,0.698154,0.043141,-0.000024,0.714646
1677105507,469820972,0.407682,0.684778,0.147479,0.698669,0.043850,-0.001231,0.714099
1677105507,480395639,0.407865,0.684525,0.147308,0.699715,0.043725,-0.001193,0.713082
1677105507,490262995,0.407931,0.684221,0.147202,0.701457,0.044309,-0.001591,0.711331
1677105507,500171492,0.407996,0.683813,0.147070,0.703271,0.044694,-0.002201,0.709512
1677105507,510370880,0.408075,0.683435,0.146939,0.704936,0.045103,-0.003310,0.707828
1677105507,519833550,0.408213,0.683105,0.146822,0.706086,0.045708,-0.003978,0.706638
1677105507,529761468,0.408339,0.683038,0.146684,0.707242,0.046180,-0.005312,0.705442
1677105507,539844839,0.408623,0.682913,0.146575,0.707472,0.046065,-0.006127,0.705211
1677105507,549176592,0.408712,0.682822,0.146499,0.707456,0.046991,-0.006848,0.705161
1677105507,559630204,0.408816,0.682805,0.146435,0.707700,0.047356,-0.007528,0.704884
1677105507,569433150,0.408938,0.682678,0.146400,0.707826,0.047395,-0.007779,0.704753
1677105507,579985569,0.408989,0.682537,0.146381,0.707848,0.047491,-0.008355,0.704717
1677105507,589858155,0.408907,0.682474,0.146333,0.708483,0.048085,-0.009145,0.704028
1677105507,599871925,0.408963,0.682241,0.146306,0.709004,0.048090,-0.009500,0.703499
1677105507,609912208,0.409092,0.682009,0.146285,0.709995,0.047916,-0.009436,0.702511
1677105507,620037158,0.409131,0.681849,0.146282,0.711150,0.048157,-0.009962,0.701319
1677105507,630251274,0.409198,0.681789,0.146222,0.711883,0.048687,-0.010453,0.700530
1677105507,640204902,0.409351,0.681693,0.146160,0.712065,0.049002,-0.011043,0.700315
1677105507,649902296,0.409560,0.681618,0.146093,0.711864,0.049622,-0.011459,0.700469
1677105507,660069724,0.409827,0.681659,0.146060,0.712102,0.049733,-0.012309,0.700204
1677105507,669505103,0.410076,0.681669,0.146039,0.712097,0.050553,-0.012302,0.700150
1677105507,680196184,0.410274,0.681638,0.146029,0.711569,0.051132,-0.013060,0.700632
1677105507,690231482,0.410337,0.681734,0.146059,0.711617,0.052169,-0.013604,0.700496
1677105507,699891632,0.410472,0.681766,0.146071,0.711637,0.052660,-0.013642,0.700438
1677105507,710036733,0.410604,0.681733,0.146099,0.711993,0.052969,-0.013124,0.700062
1677105507,720015870,0.410631,0.681741,0.146086,0.712306,0.053136,-0.013359,0.699727
1677105507,730094394,0.410741,0.681722,0.146124,0.712218,0.053013,-0.012897,0.699835
1677105507,740159393,0.410807,0.681636,0.146110,0.711646,0.053318,-0.012761,0.700396
1677105507,749796259,0.410932,0.681668,0.146131,0.711803,0.053370,-0.012315,0.700240
1677105507,760038683,0.410918,0.681651,0.146141,0.712120,0.054168,-0.012414,0.699855
1677105507,770139563,0.410962,0.681708,0.146163,0.712642,0.054827,-0.012971,0.699262
1677105507,779741704,0.411073,0.681648,0.146165,0.712461,0.055340,-0.013485,0.699396
1677105507,789945563,0.411286,0.681643,0.146178,0.712248,0.055404,-0.014196,0.699594
1677105507,800107781,0.411450,0.681672,0.146238,0.711934,0.056183,-0.014299,0.699849
1677105507,809586075,0.411481,0.681666,0.146280,0.711568,0.057170,-0.015304,0.700120
1677105507,819868636,0.411606,0.681795,0.146356,0.711818,0.057338,-0.015947,0.699838
1677105507,830042646,0.411707,0.681866,0.146376,0.712075,0.057446,-0.016313,0.699559
1677105507,839821901,0.411812,0.681858,0.146426,0.712272,0.057508,-0.016224,0.699356
1677105507,850182706,0.411861,0.681711,0.146442,0.712273,0.057155,-0.016388,0.699380
1677105507,859593421,0.411747,0.681608,0.146440,0.712645,0.057813,-0.016532,0.698943
1677105507,869578506,0.411755,0.681536,0.146446,0.713202,0.057758,-0.016502,0.698380
1677105507,880345288,0.411854,0.681429,0.146442,0.714018,0.057105,-0.016533,0.697599
1677105507,889799517,0.411834,0.681167,0.146414,0.714218,0.057364,-0.016845,0.697365
1677105507,899876080,0.411799,0.681025,0.146391,0.714869,0.057745,-0.017209,0.696658
1677105507,909677473,0.411851,0.680843,0.146363,0.715308,0.057746,-0.017642,0.696196
1677105507,920345859,0.411894,0.680814,0.146361,0.716236,0.057907,-0.018131,0.695215
1677105507,930006129,0.411894,0.680702,0.146327,0.716724,0.058472,-0.018571,0.694653
1677105507,939532733,0.412025,0.680571,0.146266,0.717086,0.058339,-0.018260,0.694299
1677105507,949825164,0.412077,0.680364,0.146198,0.717115,0.057993,-0.018858,0.694281
1677105507,960027155,0.412142,0.680399,0.146203,0.717795,0.057824,-0.018669,0.693598
1677105507,970160763,0.412082,0.680333,0.146211,0.718225,0.058235,-0.018809,0.693115
1677105507,980468349,0.412128,0.680212,0.146234,0.718332,0.057812,-0.018955,0.693035
1677105507,990407497,0.412051,0.680229,0.146333,0.718586,0.058013,-0.019105,0.692751
1677105507,999714615,0.412152,0.680344,0.146467,0.718737,0.057353,-0.018333,0.692670
1677105508,10455825,0.411953,0.680382,0.146565,0.717960,0.057672,-0.019009,0.693430
1677105508,19756580,0.411777,0.680473,0.146669,0.717530,0.058071,-0.019218,0.693836
1677105508,30228514,0.411757,0.680530,0.146789,0.717783,0.057501,-0.018864,0.693632
1677105508,39474748,0.411704,0.680365,0.146866,0.717736,0.057066,-0.018756,0.693720
1677105508,49738043,0.411698,0.680400,0.146962,0.718760,0.056474,-0.018699,0.692708
1677105508,60303313,0.411742,0.680270,0.146993,0.718852,0.056058,-0.018502,0.692653
1677105508,69822263,0.411804,0.680240,0.147028,0.719731,0.055592,-0.018512,0.691776
1677105508,79564632,0.411806,0.680005,0.147041,0.719880,0.055732,-0.019029,0.691596
1677105508,90069576,0.411917,0.679900,0.147024,0.720192,0.055412,-0.019377,0.691287
1677105508,99831165,0.412015,0.679868,0.147009,0.720459,0.055496,-0.019516,0.690998
1677105508,110135481,0.412016,0.679863,0.146959,0.720302,0.056122,-0.019825,0.691102
1677105508,120188443,0.412052,0.679815,0.146939,0.720274,0.056196,-0.020359,0.691110
1677105508,129691160,0.412117,0.679909,0.146946,0.721107,0.055866,-0.020841,0.690253
1677105508,139214405,0.412135,0.679683,0.146890,0.721282,0.056122,-0.021095,0.690042
1677105508,149166091,0.412138,0.679414,0.146847,0.721687,0.055965,-0.021638,0.689614
1677105508,160178271,0.412165,0.679311,0.146789,0.722950,0.055719,-0.022052,0.688297
1677105508,169824406,0.412073,0.679040,0.146729,0.723960,0.056009,-0.022656,0.687191
1677105508,180440709,0.412209,0.678815,0.146673,0.724869,0.055406,-0.022665,0.686281
1677105508,190234668,0.412288,0.678683,0.146602,0.726164,0.055125,-0.022710,0.684931
1677105508,200194267,0.412307,0.678276,0.146486,0.725939,0.055225,-0.023041,0.685151
1677105508,210154259,0.412317,0.678288,0.146367,0.726705,0.055450,-0.023616,0.684301
1677105508,219591901,0.412346,0.678124,0.146196,0.726864,0.055587,-0.024032,0.684106
1677105508,230062838,0.412375,0.678075,0.146092,0.727657,0.055963,-0.024245,0.683225
1677105508,239628028,0.412466,0.677755,0.145932,0.727559,0.056000,-0.024403,0.683320
1677105508,249721090,0.412549,0.677668,0.145844,0.728844,0.056040,-0.024846,0.681930
1677105508,259962278,0.412639,0.677322,0.145675,0.729042,0.056124,-0.025456,0.681689
1677105508,270128955,0.412849,0.677062,0.145546,0.729616,0.056050,-0.025218,0.681090
1677105508,280211740,0.412868,0.676942,0.145431,0.730279,0.056521,-0.026432,0.680293
1677105508,289832291,0.413000,0.676863,0.145328,0.730748,0.056756,-0.027369,0.679733
1677105508,300340993,0.413211,0.676870,0.145266,0.731356,0.056967,-0.027595,0.679052
1677105508,310039540,0.413436,0.676709,0.145200,0.731059,0.057238,-0.028129,0.679327
1677105508,319826210,0.413632,0.676699,0.145206,0.731242,0.057505,-0.028765,0.679081
1677105508,330320389,0.413730,0.676742,0.145283,0.731373,0.058181,-0.029726,0.678841
1677105508,340262393,0.413863,0.676727,0.145298,0.731357,0.058377,-0.030183,0.678822
1677105508,349846612,0.413931,0.676694,0.145333,0.731563,0.058497,-0.030790,0.678562
1677105508,360244460,0.413954,0.676587,0.145342,0.731796,0.058881,-0.031105,0.678262
1677105508,370618743,0.414024,0.676441,0.145352,0.732387,0.058762,-0.030676,0.677654
1677105508,379923370,0.414094,0.676216,0.145338,0.732628,0.058086,-0.030581,0.677456
1677105508,389876700,0.413962,0.676125,0.145363,0.733086,0.058085,-0.030794,0.676951
1677105508,399780626,0.413872,0.676158,0.145405,0.733339,0.057961,-0.030657,0.676694
1677105508,409825841,0.413917,0.676160,0.145407,0.732894,0.057331,-0.030251,0.677248
1677105508,419670958,0.413799,0.676306,0.145471,0.732931,0.057311,-0.030760,0.677186
1677105508,429780723,0.413802,0.676356,0.145512,0.732747,0.057335,-0.030802,0.677381
1677105508,440230828,0.413814,0.676270,0.145534,0.732237,0.057586,-0.030548,0.677923
1677105508,449847174,0.413840,0.676372,0.145568,0.732490,0.057587,-0.030761,0.677640
1677105508,460144937,0.413935,0.676368,0.145593,0.732346,0.057421,-0.030906,0.677803
1677105508,469871972,0.413903,0.676329,0.145618,0.732357,0.057935,-0.031250,0.677731
1677105508,479941491,0.413885,0.676282,0.145647,0.732314,0.058040,-0.031661,0.677750
1677105508,489870738,0.413983,0.676269,0.145653,0.732458,0.057619,-0.031437,0.677640
1677105508,500308325,0.413938,0.676250,0.145698,0.732753,0.057661,-0.031531,0.677314
1677105508,509901369,0.413919,0.676205,0.145730,0.732918,0.057492,-0.031507,0.677150
1677105508,520111801,0.413946,0.676117,0.145712,0.732881,0.057097,-0.031026,0.677247
1677105508,530437997,0.413761,0.676225,0.145741,0.733306,0.057136,-0.031753,0.676750
1677105508,540120965,0.413709,0.676126,0.145751,0.733256,0.056647,-0.031488,0.676857
1677105508,549301571,0.413654,0.676125,0.145790,0.733654,0.056224,-0.031171,0.676475
1677105508,559624192,0.413653,0.676136,0.145798,0.733989,0.055866,-0.030202,0.676186
1677105508,570224840,0.413570,0.676046,0.145808,0.733873,0.055504,-0.030003,0.676350
1677105508,579287823,0.413425,0.676044,0.145839,0.733984,0.055277,-0.030011,0.676248
1677105508,589392340,0.413308,0.675935,0.145874,0.734119,0.055147,-0.029969,0.676114
1677105508,599574294,0.413286,0.675918,0.145954,0.734771,0.054461,-0.029883,0.675465
1677105508,610353214,0.413243,0.675731,0.146002,0.735023,0.054371,-0.029615,0.675209
1677105508,620069630,0.413286,0.675616,0.146079,0.736004,0.054131,-0.029168,0.674179
1677105508,630166657,0.413198,0.675351,0.146128,0.736174,0.054740,-0.029828,0.673915
1677105508,640225740,0.413393,0.675224,0.146152,0.736482,0.054343,-0.029423,0.673628
1677105508,649521341,0.413438,0.675282,0.146188,0.736806,0.054588,-0.029725,0.673241
1677105508,659875051,0.413533,0.675369,0.146178,0.736717,0.054708,-0.029925,0.673319
1677105508,669709915,0.413572,0.675442,0.146189,0.736902,0.054634,-0.030475,0.673098
1677105508,680124169,0.413663,0.675413,0.146191,0.737229,0.054292,-0.030827,0.672752
1677105508,689851122,0.413575,0.675216,0.146205,0.737377,0.054599,-0.031296,0.672543
1677105508,699920296,0.413558,0.674993,0.146228,0.737564,0.054448,-0.031004,0.672364
1677105508,709862440,0.413575,0.675034,0.146278,0.738765,0.053691,-0.030992,0.671106
1677105508,719827945,0.413524,0.674894,0.146275,0.739140,0.053701,-0.030737,0.670704
1677105508,729945303,0.413398,0.674629,0.146285,0.739221,0.053821,-0.031113,0.670588
1677105508,739855558,0.413467,0.674424,0.146247,0.739758,0.053241,-0.030884,0.670052
1677105508,749411022,0.413532,0.674407,0.146285,0.741026,0.053154,-0.030968,0.668652
1677105508,759787186,0.413511,0.674198,0.146300,0.741447,0.053726,-0.031417,0.668119
1677105508,770334129,0.413676,0.673935,0.146287,0.741520,0.053132,-0.031699,0.668072
1677105508,780050462,0.413754,0.673897,0.146342,0.742105,0.053127,-0.032135,0.667402
1677105508,790012954,0.413785,0.673678,0.146340,0.741858,0.053362,-0.032185,0.667655
1677105508,800518650,0.413811,0.673696,0.146373,0.742429,0.053477,-0.032073,0.667017
1677105508,810661305,0.413794,0.673630,0.146395,0.742590,0.053047,-0.032557,0.666848
1677105508,819966633,0.413780,0.673602,0.146407,0.742826,0.052779,-0.032562,0.666607
1677105508,830050433,0.413800,0.673561,0.146439,0.743097,0.052190,-0.032477,0.666354
1677105508,840036046,0.413744,0.673430,0.146487,0.743236,0.051769,-0.032749,0.666220
1677105508,850264221,0.413754,0.673340,0.146561,0.743659,0.051375,-0.032290,0.665799
1677105508,859612008,0.413698,0.673212,0.146614,0.743976,0.051301,-0.032396,0.665446
1677105508,869455955,0.413734,0.672990,0.146664,0.744185,0.050842,-0.031962,0.665268
1677105508,879512114,0.413749,0.672874,0.146750,0.744817,0.050510,-0.031913,0.664588
1677105508,890013342,0.413783,0.672638,0.146753,0.745028,0.049973,-0.031763,0.664400
1677105508,900231691,0.413795,0.672545,0.146817,0.745678,0.049715,-0.031965,0.663680
1677105508,910069264,0.413718,0.672359,0.146853,0.745709,0.049951,-0.032216,0.663615
1677105508,920009148,0.413697,0.672307,0.146854,0.745956,0.049776,-0.032088,0.663357
1677105508,929722969,0.413708,0.672251,0.146862,0.745998,0.049167,-0.032144,0.663352
1677105508,939981791,0.413599,0.672260,0.146862,0.746039,0.049312,-0.031906,0.663307
1677105508,950167540,0.413443,0.672368,0.146920,0.746563,0.049259,-0.031944,0.662719
1677105508,959944613,0.413391,0.672233,0.146896,0.746387,0.048613,-0.031491,0.662987
1677105508,970316724,0.413236,0.672158,0.146914,0.746846,0.048778,-0.030831,0.662489
1677105508,980160788,0.413213,0.672014,0.146939,0.747231,0.048390,-0.030170,0.662114
1677105508,990207577,0.413149,0.671846,0.146927,0.747571,0.047916,-0.030293,0.661758
1677105508,999422299,0.413145,0.671739,0.146975,0.748410,0.047540,-0.030110,0.660844
1677105509,9492001,0.413065,0.671588,0.147006,0.748890,0.047896,-0.030307,0.660266
1677105509,19903111,0.413063,0.671359,0.147024,0.749029,0.048087,-0.030616,0.660080
1677105509,30443431,0.413120,0.671286,0.147109,0.749664,0.047970,-0.031164,0.659342
1677105509,40137723,0.413199,0.671090,0.147113,0.749867,0.048132,-0.031270,0.659094
1677105509,49809799,0.413231,0.670951,0.147150,0.750326,0.048416,-0.031469,0.658542
1677105509,59580907,0.413356,0.670771,0.147157,0.750588,0.048110,-0.031418,0.658267
1677105509,70670989,0.413409,0.670715,0.147211,0.751425,0.048124,-0.031281,0.657318
1677105509,80092628,0.413281,0.670566,0.147184,0.751619,0.048549,-0.032083,0.657025
1677105509,90080926,0.413262,0.670492,0.147219,0.751972,0.048477,-0.031974,0.656632
1677105509,99858815,0.413310,0.670432,0.147262,0.752363,0.047724,-0.031773,0.656249
1677105509,110791891,0.413142,0.670319,0.147316,0.752420,0.048184,-0.031458,0.656165
1677105509,119902566,0.413123,0.670245,0.147392,0.752734,0.047816,-0.030788,0.655864
1677105509,129346394,0.413046,0.670143,0.147460,0.753121,0.047391,-0.030334,0.655472
1677105509,139978126,0.412882,0.670002,0.147535,0.753801,0.047424,-0.029940,0.654705
1677105509,149275839,0.412712,0.669789,0.147632,0.754411,0.047255,-0.029579,0.654031
1677105509,159276637,0.412616,0.669557,0.147697,0.754927,0.047016,-0.028950,0.653481
1677105509,170366138,0.412572,0.669313,0.147810,0.755659,0.045895,-0.028577,0.652730
1677105509,179974642,0.412487,0.669098,0.147875,0.756269,0.045841,-0.027786,0.652061
1677105509,190183404,0.412478,0.668907,0.147905,0.757126,0.044904,-0.027499,0.651144
1677105509,200194504,0.412322,0.668724,0.147979,0.757996,0.045170,-0.027653,0.650106
1677105509,210067436,0.412264,0.668511,0.148026,0.758531,0.045469,-0.027629,0.649461
1677105509,219840766,0.412319,0.668343,0.148057,0.759284,0.045587,-0.027307,0.648586
1677105509,230155408,0.412364,0.668085,0.148047,0.759541,0.046000,-0.027551,0.648246
1677105509,240412033,0.412424,0.668124,0.148089,0.760862,0.046593,-0.027880,0.646638
1677105509,250223336,0.412563,0.667965,0.148085,0.761056,0.047053,-0.028145,0.646365
1677105509,260172151,0.412668,0.667812,0.148068,0.761033,0.047604,-0.028848,0.646320
1677105509,269496586,0.412712,0.667644,0.148031,0.760886,0.048212,-0.029739,0.646408
1677105509,280017074,0.412824,0.667556,0.147990,0.761114,0.048336,-0.030351,0.646102
1677105509,289284218,0.412888,0.667466,0.147964,0.761770,0.048266,-0.030999,0.645303
1677105509,299898184,0.412942,0.667153,0.147939,0.762361,0.048206,-0.031379,0.644591
1677105509,309376606,0.412909,0.666617,0.147902,0.762384,0.049027,-0.031199,0.644510
1677105509,319159696,0.412864,0.666400,0.147985,0.763884,0.049348,-0.031432,0.642695
1677105509,329252806,0.412961,0.666148,0.148041,0.764947,0.049522,-0.030661,0.641455
1677105509,339433118,0.412949,0.665984,0.148122,0.765748,0.049461,-0.030862,0.640493
1677105509,349224244,0.412943,0.665706,0.148167,0.765512,0.049692,-0.030894,0.640756
1677105509,359946120,0.412949,0.665667,0.148270,0.765837,0.049891,-0.030458,0.640373
1677105509,369516325,0.412894,0.665592,0.148392,0.766062,0.049995,-0.030558,0.640090
1677105509,379464565,0.412866,0.665553,0.148495,0.766481,0.049631,-0.030689,0.639611
1677105509,389725736,0.412750,0.665443,0.148642,0.766764,0.049980,-0.030126,0.639272
1677105509,400173525,0.412695,0.665353,0.148805,0.767235,0.049788,-0.029496,0.638751
1677105509,410036177,0.412480,0.665246,0.148929,0.767333,0.050268,-0.029594,0.638590
1677105509,419774488,0.412441,0.665141,0.149122,0.767768,0.049657,-0.028821,0.638151
1677105509,430443168,0.412297,0.665065,0.149294,0.768467,0.049286,-0.028804,0.637338
1677105509,439930732,0.412126,0.664894,0.149452,0.769088,0.049147,-0.028365,0.636619
1677105509,450457709,0.412051,0.664779,0.149609,0.770045,0.048837,-0.027551,0.635521
1677105509,459889290,0.411904,0.664662,0.149773,0.770993,0.048689,-0.027666,0.634376
1677105509,470414590,0.411803,0.664571,0.149997,0.771665,0.048618,-0.027301,0.633581
1677105509,480199292,0.411689,0.664496,0.150153,0.771696,0.048902,-0.026885,0.633539
1677105509,490183522,0.411642,0.664578,0.150386,0.771940,0.048713,-0.026297,0.633280
1677105509,499813147,0.411629,0.664741,0.150607,0.772203,0.048326,-0.025748,0.633011
1677105509,509962556,0.411416,0.664859,0.150831,0.772441,0.049035,-0.025634,0.632671
1677105509,520024394,0.411384,0.664833,0.151026,0.772502,0.048912,-0.024863,0.632637
1677105509,530244984,0.411295,0.664830,0.151243,0.773089,0.049014,-0.024182,0.631939
1677105509,539516859,0.411385,0.664776,0.151404,0.773626,0.047884,-0.023747,0.631384
1677105509,549950558,0.411189,0.664704,0.151608,0.774308,0.048466,-0.023744,0.630503
1677105509,560057007,0.411169,0.664594,0.151808,0.774785,0.048350,-0.023296,0.629943
1677105509,569866092,0.411178,0.664605,0.152068,0.775614,0.048423,-0.022762,0.628936
1677105509,579862771,0.411252,0.664594,0.152300,0.776184,0.047996,-0.022722,0.628266
1677105509,590036984,0.411212,0.664616,0.152541,0.776456,0.048459,-0.022439,0.627905
1677105509,600093143,0.411144,0.664664,0.152773,0.776417,0.049089,-0.022103,0.627916
1677105509,610160649,0.411116,0.664834,0.153066,0.776329,0.049014,-0.022144,0.628029
1677105509,619585448,0.411171,0.664944,0.153344,0.776035,0.048569,-0.021156,0.628461
1677105509,629780587,0.411140,0.665053,0.153608,0.776056,0.047831,-0.020754,0.628505
1677105509,639981575,0.410989,0.665090,0.153880,0.776361,0.047924,-0.019619,0.628157
1677105509,650074046,0.410918,0.665032,0.154188,0.777019,0.046589,-0.019121,0.627459
1677105509,659745263,0.410679,0.664761,0.154468,0.777270,0.046335,-0.018434,0.627187
1677105509,669709682,0.410593,0.664562,0.154791,0.778235,0.045662,-0.016848,0.626084
1677105509,680239812,0.410484,0.664386,0.155097,0.779137,0.044639,-0.016511,0.625044
1677105509,689798161,0.410324,0.664310,0.155386,0.780071,0.044558,-0.015612,0.623907
1677105509,699892059,0.410327,0.664244,0.155612,0.780461,0.043992,-0.014796,0.623479
1677105509,710210431,0.410283,0.664303,0.155873,0.780734,0.043924,-0.014442,0.623150
1677105509,719886899,0.410325,0.664353,0.156108,0.780516,0.043873,-0.014184,0.623433
1677105509,729978411,0.410355,0.664433,0.156359,0.780301,0.043747,-0.014479,0.623704
1677105509,739351657,0.410361,0.664571,0.156636,0.780577,0.044148,-0.014220,0.623337
1677105509,749978200,0.410489,0.664623,0.156854,0.780964,0.043964,-0.013564,0.622879
1677105509,760088261,0.410381,0.664526,0.157066,0.781149,0.044461,-0.013812,0.622607
1677105509,770348364,0.410417,0.664317,0.157263,0.781136,0.044213,-0.013330,0.622651
1677105509,780424203,0.410461,0.664352,0.157520,0.782021,0.043602,-0.012727,0.621594
1677105509,790491109,0.410357,0.664283,0.157721,0.782289,0.043642,-0.012462,0.621260
1677105509,799899686,0.410292,0.664272,0.157902,0.782657,0.043444,-0.011936,0.620821
1677105509,809725904,0.410127,0.664375,0.158095,0.783183,0.043707,-0.011764,0.620141
1677105509,819746431,0.410125,0.664402,0.158287,0.783103,0.043121,-0.011178,0.620295
1677105509,830234650,0.409974,0.664480,0.158445,0.782784,0.043190,-0.011014,0.620696
1677105509,840111372,0.409952,0.664559,0.158656,0.782510,0.042555,-0.010816,0.621088
1677105509,850096923,0.409859,0.664597,0.158841,0.782212,0.042395,-0.010445,0.621481
1677105509,859986298,0.409848,0.664596,0.159082,0.782403,0.041484,-0.009824,0.621311
1677105509,869795308,0.409629,0.664498,0.159277,0.782723,0.041477,-0.010008,0.620905
1677105509,879585554,0.409607,0.664448,0.159494,0.783575,0.041190,-0.008879,0.619867
1677105509,889683257,0.409533,0.664406,0.159727,0.784480,0.040708,-0.008976,0.618751
1677105509,900015536,0.409410,0.664271,0.159979,0.784950,0.041287,-0.008728,0.618120
1677105509,910238524,0.409440,0.664171,0.160234,0.785058,0.041362,-0.008124,0.617987
1677105509,919688078,0.409405,0.664250,0.160571,0.785294,0.041603,-0.008264,0.617669
1677105509,930059450,0.409465,0.664368,0.160961,0.785217,0.041123,-0.008359,0.617798
1677105509,940034237,0.409358,0.664353,0.161256,0.784549,0.041418,-0.008634,0.618622
1677105509,950112174,0.409406,0.664515,0.161670,0.784732,0.040985,-0.007867,0.618429
1677105509,960428549,0.409296,0.664500,0.162064,0.784839,0.040579,-0.007817,0.618320
1677105509,969789961,0.409289,0.664473,0.162495,0.785411,0.039687,-0.006819,0.617664
1677105509,979831411,0.408997,0.664303,0.162879,0.785607,0.039802,-0.006659,0.617409
1677105509,990005203,0.408834,0.664171,0.163289,0.786041,0.039601,-0.005547,0.616880
1677105509,999729876,0.408728,0.664077,0.163682,0.786510,0.038673,-0.004899,0.616346
1677105510,10950370,0.408594,0.663974,0.164058,0.786770,0.038158,-0.004278,0.616051
1677105510,20287519,0.408419,0.664009,0.164471,0.787423,0.037933,-0.004179,0.615231
1677105510,29263329,0.408378,0.663949,0.164806,0.787692,0.037642,-0.003920,0.614905
1677105510,39571311,0.408343,0.663827,0.165128,0.787739,0.037782,-0.003355,0.614840
1677105510,49474837,0.408287,0.663809,0.165479,0.788303,0.038018,-0.003395,0.614102
1677105510,59974304,0.408368,0.663766,0.165824,0.788792,0.037350,-0.003526,0.613514
1677105510,69725131,0.408390,0.663646,0.166148,0.789219,0.037168,-0.003138,0.612978
1677105510,79861704,0.408390,0.663502,0.166433,0.789973,0.036963,-0.002992,0.612019
1677105510,89865990,0.408402,0.663315,0.166642,0.790700,0.036707,-0.003239,0.611093
1677105510,99780581,0.408382,0.663127,0.166841,0.791326,0.037350,-0.003136,0.610244
1677105510,109852440,0.408347,0.663027,0.167035,0.791879,0.037807,-0.003850,0.609494
1677105510,120078245,0.408508,0.663064,0.167262,0.792546,0.038102,-0.003609,0.608610
1677105510,130060173,0.408678,0.663103,0.167476,0.792720,0.038458,-0.003766,0.608359
1677105510,140017571,0.408733,0.663052,0.167672,0.792140,0.039303,-0.004373,0.609056
1677105510,149121799,0.408885,0.663206,0.167945,0.792315,0.039660,-0.003922,0.608809
1677105510,160387723,0.408848,0.663332,0.168215,0.792353,0.040519,-0.004487,0.608699
1677105510,170237955,0.408872,0.663312,0.168493,0.792072,0.040664,-0.004306,0.609057
1677105510,180127945,0.408894,0.663379,0.168869,0.792759,0.039907,-0.003884,0.608215
1677105510,189774932,0.408695,0.663208,0.169138,0.792839,0.040221,-0.003551,0.608092
1677105510,199942946,0.408637,0.663072,0.169498,0.793537,0.039215,-0.002743,0.607251
1677105510,209584858,0.408498,0.662924,0.169846,0.794312,0.038524,-0.002149,0.606284
1677105510,220054130,0.408396,0.662800,0.170214,0.795191,0.037661,-0.001573,0.605186
1677105510,230484215,0.408129,0.662536,0.170536,0.795547,0.038234,-0.001357,0.604682
1677105510,239969310,0.408215,0.662551,0.170934,0.796591,0.037155,-0.000660,0.603375
1677105510,250076114,0.408177,0.662422,0.171296,0.796891,0.037282,-0.000217,0.602971
1677105510,259975709,0.408127,0.662267,0.171644,0.796929,0.037460,-0.000742,0.602909
1677105510,269895177,0.408214,0.662313,0.172126,0.797787,0.037082,-0.001038,0.601797
1677105510,281041360,0.408137,0.662119,0.172489,0.797853,0.037665,-0.001435,0.601672
1677105510,289881754,0.408109,0.662001,0.172933,0.798749,0.037678,-0.002326,0.600480
1677105510,299618112,0.408131,0.661665,0.173308,0.799457,0.037432,-0.002818,0.599550
1677105510,310056839,0.408215,0.661461,0.173749,0.801238,0.036940,-0.003248,0.597196
1677105510,319862722,0.408247,0.660895,0.174096,0.802137,0.036504,-0.004073,0.596010
1677105510,330028689,0.408277,0.660487,0.174538,0.803609,0.036265,-0.004475,0.594035
1677105510,339785054,0.408296,0.660177,0.175024,0.804794,0.036240,-0.004469,0.592430
1677105510,350286263,0.408302,0.660055,0.175567,0.805747,0.036174,-0.004385,0.591138
1677105510,360027925,0.408279,0.660073,0.176144,0.806196,0.036284,-0.004102,0.590521
1677105510,369986909,0.408217,0.660018,0.176634,0.805745,0.036161,-0.004329,0.591142
1677105510,380130777,0.408262,0.660095,0.177217,0.805504,0.035540,-0.004208,0.591509
1677105510,389684522,0.408188,0.660238,0.177838,0.805415,0.035760,-0.003745,0.591619
1677105510,400068421,0.408144,0.660229,0.178477,0.805019,0.035696,-0.003074,0.592166
1677105510,410511955,0.408074,0.660316,0.179134,0.805151,0.035533,-0.002498,0.591999
1677105510,420469481,0.407985,0.660273,0.179805,0.805171,0.035242,-0.002247,0.591990
1677105510,430747606,0.407897,0.660045,0.180390,0.804717,0.035171,-0.001426,0.592615
1677105510,440463912,0.407820,0.660067,0.181156,0.805483,0.034580,-0.001002,0.591609
1677105510,450368237,0.407823,0.659940,0.181882,0.806016,0.033453,-0.000122,0.590948
1677105510,460284584,0.407758,0.659805,0.182576,0.806353,0.032881,0.000724,0.590519
1677105510,469809914,0.407633,0.659502,0.183238,0.806310,0.032603,0.001499,0.590592
1677105510,480012780,0.407487,0.659474,0.183989,0.806972,0.032308,0.001770,0.589703
1677105510,489859497,0.407408,0.659454,0.184737,0.807567,0.031597,0.001846,0.588925
1677105510,499496845,0.407479,0.659179,0.185330,0.807054,0.030818,0.002844,0.589666
1677105510,510241118,0.407508,0.659212,0.186018,0.807327,0.030444,0.003463,0.589308
1677105510,519669155,0.407460,0.659100,0.186609,0.806881,0.030552,0.003960,0.589910
1677105510,529776020,0.407392,0.659093,0.187228,0.807035,0.030376,0.003506,0.589712
1677105510,539705946,0.407365,0.659016,0.187760,0.807075,0.030386,0.003746,0.589654
1677105510,549673469,0.407346,0.658835,0.188264,0.807110,0.030478,0.004251,0.589599
1677105510,560155776,0.407383,0.658722,0.188785,0.807499,0.030446,0.004737,0.589063
1677105510,570138814,0.407283,0.658670,0.189303,0.808088,0.031058,0.004527,0.588225
1677105510,579745679,0.407517,0.658625,0.189812,0.808422,0.030346,0.004687,0.587801
1677105510,589465140,0.407509,0.658503,0.190265,0.808264,0.031148,0.004236,0.587980
1677105510,599885048,0.407652,0.658418,0.190741,0.808071,0.031704,0.004092,0.588217
1677105510,609965005,0.407794,0.658547,0.191276,0.808476,0.032123,0.003626,0.587641
1677105510,619722666,0.407813,0.658482,0.191751,0.808343,0.033114,0.002976,0.587772
1677105510,629857061,0.407965,0.658384,0.192215,0.808114,0.033243,0.002881,0.588081
1677105510,640191611,0.407952,0.658434,0.192759,0.808523,0.033547,0.002728,0.587502
1677105510,650262933,0.407980,0.658381,0.193245,0.808638,0.033633,0.003484,0.587334
1677105510,660563893,0.407950,0.658368,0.193756,0.808971,0.033357,0.004383,0.586885
1677105510,670103288,0.407849,0.658308,0.194219,0.809165,0.032931,0.005003,0.586636
1677105510,680017626,0.407557,0.658149,0.194676,0.809133,0.033068,0.005497,0.586669
1677105510,689831884,0.407402,0.658005,0.195089,0.809167,0.032143,0.005744,0.586671
1677105510,700433775,0.407305,0.657997,0.195570,0.809698,0.031339,0.006719,0.585970
1677105510,710269159,0.407146,0.657799,0.195921,0.809407,0.031034,0.007136,0.586384
1677105510,720017502,0.407125,0.657741,0.196302,0.809462,0.030484,0.007482,0.586332
1677105510,730255476,0.407167,0.657707,0.196668,0.809554,0.030343,0.007927,0.586208
1677105510,739754944,0.407185,0.657552,0.196980,0.809274,0.031028,0.008125,0.586555
1677105510,749523675,0.407412,0.657465,0.197327,0.809377,0.030631,0.007915,0.586436
1677105510,759092642,0.407407,0.657599,0.197767,0.810251,0.031781,0.007007,0.585178
1677105510,769721749,0.407639,0.657308,0.198058,0.809707,0.032088,0.006940,0.585915
1677105510,779966345,0.407747,0.657332,0.198448,0.810146,0.033003,0.006280,0.585264
1677105510,789687137,0.407884,0.657384,0.198851,0.810286,0.033450,0.005715,0.585051
1677105510,800006070,0.407972,0.657414,0.199218,0.810056,0.034118,0.005511,0.585333
1677105510,810083290,0.407918,0.657427,0.199600,0.809827,0.034852,0.004684,0.585614
1677105510,820334786,0.407977,0.657433,0.200039,0.809896,0.034861,0.004767,0.585518
1677105510,830242949,0.408061,0.657396,0.200490,0.810007,0.034291,0.005286,0.585392
1677105510,840365902,0.407862,0.657178,0.200858,0.809636,0.034893,0.005270,0.585870
1677105510,849832707,0.407868,0.657226,0.201391,0.810353,0.034026,0.005888,0.584924
1677105510,859874491,0.407796,0.657022,0.201825,0.809904,0.033333,0.006305,0.585580
1677105510,869768548,0.407698,0.657074,0.202357,0.810285,0.032996,0.007128,0.585063
1677105510,880109088,0.407563,0.657111,0.202889,0.810441,0.032740,0.006920,0.584864
1677105510,890213874,0.407561,0.657136,0.203406,0.810543,0.032517,0.007726,0.584725
1677105510,899723355,0.407486,0.656980,0.203879,0.810429,0.032937,0.007818,0.584858
1677105510,910145445,0.407616,0.657009,0.204441,0.811042,0.032907,0.008487,0.584000
1677105510,919831058,0.407683,0.656877,0.204966,0.811447,0.033441,0.008735,0.583403
1677105510,929924153,0.407766,0.656831,0.205440,0.811997,0.033730,0.008565,0.582623
1677105510,940118066,0.407752,0.656698,0.205845,0.811971,0.034586,0.008328,0.582613
1677105510,949727979,0.407782,0.656744,0.206347,0.812550,0.034929,0.008120,0.581788
1677105510,960297333,0.407987,0.656602,0.206712,0.812223,0.034483,0.008497,0.582265
1677105510,969980131,0.407895,0.656672,0.207208,0.812803,0.034814,0.007993,0.581443
1677105510,979893188,0.407786,0.656529,0.207632,0.812793,0.035146,0.008083,0.581435
1677105510,990225367,0.407660,0.656358,0.208051,0.812865,0.035478,0.008430,0.581309
1677105510,999384807,0.407740,0.656252,0.208590,0.813610,0.034228,0.009113,0.580331
1677105511,9340606,0.407587,0.656109,0.209064,0.814187,0.033918,0.009160,0.579539
1677105511,20114261,0.407523,0.655958,0.209577,0.814668,0.033264,0.009745,0.578890
1677105511,30017202,0.407471,0.655844,0.210034,0.814746,0.032601,0.010255,0.578810
1677105511,39901313,0.407388,0.655842,0.210486,0.814639,0.032632,0.010871,0.578948
1677105511,49894874,0.407329,0.655851,0.210964,0.814157,0.032605,0.011042,0.579623
1677105511,59765283,0.407300,0.655902,0.211408,0.813550,0.032904,0.011465,0.580450
1677105511,69732133,0.407336,0.656021,0.211919,0.813441,0.032920,0.011553,0.580601
1677105511,79820823,0.407347,0.655978,0.212381,0.813056,0.033367,0.011572,0.581114
1677105511,90370698,0.407185,0.655766,0.212782,0.812459,0.034639,0.010767,0.581888
1677105511,99781323,0.407132,0.655605,0.213221,0.812129,0.035795,0.010939,0.582276
1677105511,109930271,0.406974,0.655473,0.213662,0.811664,0.037296,0.010470,0.582839
1677105511,120227490,0.407829,0.656137,0.214599,0.813988,0.033638,0.012279,0.579777
1677105511,129961023,0.407930,0.656346,0.215230,0.814418,0.033479,0.012723,0.579173
1677105511,139284188,0.407905,0.656278,0.215737,0.813916,0.033609,0.012955,0.579865
1677105511,149859083,0.407982,0.656400,0.216331,0.814350,0.032838,0.013400,0.579289
1677105511,159862472,0.407905,0.656349,0.216858,0.813991,0.032949,0.013755,0.579779
1677105511,170139481,0.408009,0.656424,0.217427,0.814202,0.032183,0.014964,0.579496
1677105511,179448062,0.407913,0.656524,0.218002,0.814270,0.032254,0.015366,0.579386
1677105511,189706838,0.407965,0.656730,0.218588,0.814513,0.031775,0.016178,0.579049
1677105511,200071700,0.407859,0.656799,0.219142,0.814230,0.032010,0.016050,0.579437
1677105511,210231960,0.407874,0.656876,0.219655,0.813966,0.032127,0.016070,0.579801
1677105511,220018658,0.408006,0.656961,0.220240,0.814256,0.031951,0.016473,0.579391
1677105511,229770073,0.408173,0.656996,0.220776,0.814540,0.031846,0.016304,0.579003
1677105511,240232102,0.408136,0.656955,0.221252,0.814541,0.032865,0.015679,0.578962
1677105511,249903424,0.408281,0.656938,0.221727,0.814499,0.033058,0.015923,0.579003
1677105511,259946990,0.408449,0.656985,0.222160,0.814130,0.033111,0.016049,0.579515
1677105511,269285302,0.408465,0.657255,0.222692,0.814418,0.033544,0.016323,0.579079
1677105511,279574349,0.408599,0.657342,0.223137,0.813887,0.033328,0.017028,0.579816
1677105511,290223426,0.408515,0.657531,0.223682,0.814104,0.033721,0.017001,0.579489
1677105511,299305602,0.408564,0.657638,0.224182,0.814201,0.033033,0.017728,0.579372
1677105511,309492699,0.408556,0.657729,0.224676,0.814274,0.032688,0.018371,0.579268
1677105511,319843885,0.408446,0.657731,0.225139,0.814253,0.032556,0.018522,0.579300
1677105511,329223141,0.408457,0.657889,0.225632,0.814408,0.031869,0.019264,0.579097
1677105511,339878123,0.408434,0.657958,0.226048,0.814033,0.031660,0.019761,0.579619
1677105511,350044669,0.408460,0.658067,0.226522,0.813872,0.031276,0.020463,0.579841
1677105511,360301726,0.408416,0.658226,0.226973,0.813941,0.031281,0.020498,0.579742
1677105511,370405798,0.408446,0.658351,0.227459,0.814194,0.031125,0.020767,0.579385
1677105511,379925940,0.408509,0.658358,0.227899,0.814172,0.030977,0.020853,0.579421
1677105511,390412629,0.408519,0.658394,0.228366,0.814334,0.030960,0.020667,0.579202
1677105511,400040030,0.408612,0.658293,0.228750,0.813938,0.030940,0.021059,0.579745
1677105511,410690458,0.408677,0.658482,0.229209,0.814240,0.030677,0.021282,0.579327
1677105511,419903378,0.408592,0.658580,0.229593,0.814059,0.030924,0.021099,0.579574
1677105511,430458707,0.408701,0.658732,0.229992,0.814132,0.030290,0.021791,0.579479
1677105511,440542819,0.408622,0.658701,0.230308,0.813649,0.030545,0.022321,0.580125
1677105511,450019801,0.408695,0.658863,0.230724,0.814113,0.029894,0.023404,0.579464
1677105511,459928716,0.408599,0.658867,0.231055,0.814045,0.029738,0.023479,0.579564
1677105511,470092500,0.408547,0.658919,0.231407,0.814240,0.029380,0.023569,0.579305
1677105511,480251297,0.408538,0.658906,0.231684,0.814049,0.029509,0.024235,0.579539
1677105511,489602876,0.408508,0.658958,0.232043,0.814181,0.029370,0.024053,0.579368
1677105511,499301556,0.408577,0.658835,0.232297,0.813916,0.029421,0.023811,0.579749
1677105511,509387245,0.408766,0.658900,0.232568,0.814198,0.029372,0.023746,0.579357
1677105511,519938141,0.408783,0.658802,0.232735,0.814060,0.030548,0.022826,0.579527
1677105511,530255000,0.409091,0.658976,0.232975,0.814741,0.031029,0.022468,0.578557
1677105511,539922949,0.409309,0.658978,0.233082,0.814517,0.032287,0.021819,0.578830
1677105511,549843459,0.409512,0.659091,0.233312,0.814508,0.033432,0.020651,0.578820
1677105511,559689881,0.409579,0.659285,0.233583,0.814114,0.035270,0.019858,0.579292
1677105511,570557541,0.409801,0.659506,0.233925,0.813599,0.035899,0.019742,0.579981
1677105511,580007792,0.410009,0.659747,0.234365,0.812791,0.036236,0.020459,0.581067
1677105511,589344175,0.410051,0.660012,0.234900,0.812393,0.036635,0.021013,0.581579
1677105511,599219312,0.409976,0.660096,0.235481,0.811780,0.037261,0.022145,0.582352
1677105511,609414951,0.409876,0.659939,0.236082,0.811124,0.037458,0.023163,0.583214
1677105511,619416690,0.409727,0.659807,0.236796,0.811180,0.036983,0.023388,0.583156
1677105511,630473470,0.409702,0.659769,0.237586,0.811486,0.035887,0.024129,0.582770
1677105511,640471375,0.409495,0.659491,0.238303,0.810973,0.035795,0.024547,0.583471
1677105511,650047785,0.409413,0.659236,0.239051,0.810451,0.035332,0.025467,0.584185
1677105511,660359962,0.409537,0.659254,0.239853,0.810629,0.034009,0.025996,0.583993
1677105511,669659105,0.409452,0.659132,0.240626,0.810339,0.033894,0.025932,0.584405
1677105511,680206379,0.409487,0.659078,0.241379,0.810178,0.033633,0.026260,0.584628
1677105511,690276590,0.409465,0.658913,0.242081,0.809638,0.033950,0.026384,0.585352
1677105511,700140598,0.409295,0.658553,0.242676,0.808494,0.035203,0.026342,0.586860
1677105511,709864063,0.409114,0.658557,0.243371,0.808415,0.036512,0.026419,0.586885
1677105511,719792032,0.409042,0.658440,0.244022,0.807944,0.037105,0.026588,0.587489
1677105511,730150761,0.409716,0.659219,0.245193,0.810784,0.033051,0.028138,0.583734
1677105511,739905046,0.409777,0.659397,0.245924,0.810831,0.033315,0.029701,0.583576
1677105511,749843746,0.409720,0.659692,0.246728,0.811247,0.033805,0.029869,0.582961
1677105511,759939745,0.409812,0.659749,0.247439,0.810805,0.034050,0.030652,0.583520
1677105511,769529582,0.409803,0.660021,0.248287,0.811338,0.035136,0.031496,0.582670
1677105511,779902761,0.410015,0.659415,0.248939,0.809178,0.033753,0.030870,0.585780
1677105511,790255825,0.410029,0.659403,0.249784,0.809644,0.034335,0.029834,0.585156
1677105511,800255469,0.410428,0.659320,0.250667,0.809948,0.033640,0.030819,0.584724
1677105511,809889369,0.410486,0.659185,0.251488,0.809917,0.034589,0.030337,0.584737
1677105511,820120556,0.410529,0.659077,0.252358,0.809781,0.035127,0.030037,0.584909
1677105511,830260153,0.410756,0.659233,0.253333,0.810192,0.034626,0.030393,0.584351
1677105511,840149819,0.410956,0.659159,0.254275,0.809862,0.033813,0.031467,0.584799
1677105511,850509047,0.410980,0.659239,0.255303,0.810158,0.033262,0.031594,0.584414
1677105511,860388502,0.410915,0.659164,0.256227,0.809706,0.033101,0.032226,0.585015
1677105511,869984173,0.410923,0.659060,0.257180,0.809306,0.032357,0.033767,0.585522
1677105511,880183981,0.410954,0.659075,0.258147,0.809146,0.031390,0.035095,0.585718
1677105511,890523897,0.411154,0.659078,0.259065,0.808893,0.029664,0.036991,0.586041
1677105511,899961876,0.411345,0.659033,0.259924,0.808199,0.028304,0.038818,0.586947
1677105511,910452741,0.411756,0.658898,0.260721,0.807353,0.026013,0.040525,0.588101
1677105511,920169119,0.411770,0.658989,0.261656,0.807182,0.024233,0.036651,0.588665
1677105511,929874462,0.412133,0.658983,0.262504,0.806726,0.022822,0.037326,0.589304
1677105511,939509881,0.412271,0.659050,0.263339,0.806515,0.022736,0.037220,0.589603
1677105511,949976097,0.412616,0.659033,0.264140,0.806090,0.021583,0.037374,0.590218
1677105511,960138167,0.412882,0.659148,0.264922,0.805903,0.021025,0.037408,0.590490
1677105511,969530158,0.413151,0.659193,0.265704,0.805500,0.020033,0.037628,0.591061
1677105511,980226089,0.412221,0.659777,0.266730,0.807166,0.026722,0.037242,0.588543
1677105511,989861255,0.412405,0.659985,0.267501,0.806962,0.026326,0.037283,0.588837
1677105511,999624046,0.412427,0.660354,0.268295,0.807270,0.026759,0.036798,0.588427
1677105512,9962489,0.412600,0.660596,0.269034,0.807078,0.026881,0.036801,0.588683
1677105512,20265083,0.412636,0.660841,0.269794,0.807010,0.027390,0.036983,0.588742
1677105512,29697117,0.412675,0.661075,0.270430,0.806434,0.027949,0.036956,0.589506
1677105512,40128797,0.412602,0.661295,0.271042,0.806062,0.028640,0.037008,0.589978
1677105512,50043581,0.412552,0.661612,0.271690,0.805990,0.029265,0.037799,0.589995
1677105512,60357418,0.413225,0.661619,0.272144,0.804431,0.024786,0.038623,0.592270
1677105512,69819997,0.413358,0.661841,0.272819,0.804744,0.023847,0.039708,0.591812
1677105512,80177822,0.413198,0.661956,0.273486,0.804755,0.024118,0.039721,0.591785
1677105512,90292585,0.413226,0.662103,0.274182,0.805008,0.023559,0.040817,0.591389
1677105512,99561631,0.413114,0.662161,0.274864,0.804719,0.023867,0.041541,0.591720
1677105512,110329442,0.413027,0.662333,0.275613,0.804832,0.023858,0.041552,0.591566
1677105512,119949057,0.412398,0.662688,0.276564,0.806223,0.028013,0.041984,0.589455
1677105512,130037468,0.412535,0.662851,0.277325,0.805993,0.027814,0.042727,0.589725
1677105512,139903020,0.412542,0.663021,0.278167,0.806153,0.027790,0.042444,0.589528
1677105512,150362472,0.412750,0.663052,0.278966,0.805672,0.027654,0.043076,0.590146
1677105512,160484512,0.412884,0.663099,0.279768,0.805217,0.027839,0.043170,0.590751
1677105512,170115793,0.412867,0.663160,0.280627,0.805135,0.028938,0.043099,0.590815
1677105512,180365085,0.413201,0.663381,0.281506,0.805242,0.028414,0.043572,0.590659
1677105512,189841084,0.413335,0.663443,0.282350,0.805049,0.028631,0.043290,0.590934
1677105512,199240437,0.413390,0.663478,0.283205,0.804664,0.029746,0.043716,0.591372
1677105512,210166979,0.413651,0.663521,0.284053,0.804490,0.028982,0.043297,0.591677
1677105512,219887522,0.413777,0.663558,0.284940,0.804508,0.029048,0.043392,0.591642
1677105512,229709842,0.413908,0.663630,0.285803,0.804518,0.029158,0.043692,0.591600
1677105512,239495199,0.414048,0.663705,0.286629,0.804535,0.028826,0.044127,0.591562
1677105512,249792656,0.414167,0.663841,0.287441,0.804511,0.028547,0.044701,0.591565
1677105512,259445572,0.414187,0.663975,0.288213,0.804272,0.028539,0.045144,0.591856
1677105512,269980453,0.414085,0.664162,0.289029,0.804376,0.028737,0.045372,0.591688
1677105512,279875097,0.414108,0.664330,0.289763,0.804230,0.028365,0.045798,0.591872
1677105512,289683448,0.414074,0.664475,0.290455,0.804000,0.027997,0.046477,0.592149
1677105512,299410564,0.413949,0.664614,0.291145,0.803960,0.028115,0.047054,0.592151
1677105512,309932335,0.413758,0.664829,0.291816,0.803865,0.028641,0.047436,0.592225
1677105512,319692586,0.413700,0.665015,0.292477,0.803733,0.028916,0.048498,0.592305
1677105512,329803506,0.413573,0.665320,0.293133,0.803940,0.029354,0.048803,0.591977
1677105512,340124731,0.413569,0.665456,0.293787,0.803774,0.029239,0.049507,0.592151
1677105512,349645456,0.413664,0.665663,0.294438,0.804130,0.028821,0.049656,0.591675
1677105512,360302756,0.413642,0.665787,0.295060,0.804322,0.029503,0.050210,0.591332
1677105512,370235911,0.413769,0.665804,0.295699,0.804405,0.029063,0.050480,0.591219
1677105512,380412274,0.413799,0.666002,0.296295,0.804670,0.029493,0.050586,0.590828
1677105512,390577372,0.413822,0.666131,0.296867,0.804589,0.029258,0.050517,0.590956
1677105512,399534463,0.413747,0.666546,0.297492,0.805177,0.029951,0.051037,0.590074
1677105512,410721390,0.413680,0.666844,0.298020,0.805308,0.030301,0.050832,0.589895
1677105512,420494405,0.413559,0.666932,0.298529,0.805039,0.030942,0.051221,0.590197
1677105512,430442493,0.413608,0.667258,0.298999,0.805549,0.030785,0.051929,0.589446
1677105512,440200427,0.413424,0.667546,0.299532,0.806285,0.031198,0.051997,0.588412
1677105512,450307774,0.413299,0.667693,0.299944,0.806484,0.031009,0.051921,0.588155
1677105512,459326260,0.413170,0.667855,0.300273,0.806614,0.031058,0.052171,0.587951
1677105512,469792309,0.413059,0.668116,0.300694,0.807486,0.030769,0.052971,0.586697
1677105512,479359841,0.412921,0.668245,0.300943,0.807571,0.031017,0.053239,0.586543
1677105512,489325412,0.412839,0.668412,0.301271,0.808198,0.030795,0.053387,0.585677
1677105512,500078218,0.412865,0.668559,0.301573,0.808502,0.030596,0.053862,0.585223
1677105512,510476639,0.412809,0.668634,0.301780,0.808279,0.031170,0.053837,0.585505
1677105512,519761128,0.412788,0.668780,0.302075,0.808391,0.031275,0.053314,0.585392
1677105512,530260210,0.412846,0.668972,0.302315,0.808123,0.031433,0.052961,0.585785
1677105512,539967737,0.413209,0.669799,0.302821,0.809617,0.031153,0.055251,0.583522
1677105512,549461135,0.412639,0.669779,0.302746,0.808306,0.035647,0.054892,0.585114
1677105512,559813520,0.412710,0.669967,0.303009,0.808595,0.035766,0.055006,0.584696
1677105512,570098149,0.412604,0.670015,0.303205,0.808511,0.036630,0.054596,0.584797
1677105512,579402203,0.412678,0.670158,0.303413,0.808510,0.036729,0.054788,0.584775
1677105512,589455434,0.412721,0.670476,0.303725,0.809411,0.036989,0.055171,0.583473
1677105512,600192607,0.412640,0.670615,0.303988,0.809496,0.037966,0.054908,0.583318
1677105512,609839171,0.412789,0.670914,0.304326,0.810106,0.037550,0.054814,0.582507
1677105512,619957315,0.412765,0.671047,0.304609,0.810120,0.038198,0.054743,0.582452
1677105512,630218022,0.412808,0.671303,0.304929,0.810255,0.037772,0.054257,0.582337
1677105512,640184081,0.413006,0.669782,0.304752,0.804319,0.038052,0.056309,0.590299
1677105512,650145138,0.412951,0.669872,0.304970,0.803659,0.038013,0.056789,0.591153
1677105512,659773089,0.412948,0.670210,0.305273,0.804140,0.037240,0.057347,0.590494
1677105512,669810787,0.412783,0.670312,0.305495,0.804142,0.037351,0.057846,0.590436
1677105512,679945250,0.412664,0.670380,0.305687,0.804070,0.037407,0.058366,0.590479
1677105512,689691458,0.412628,0.670280,0.305887,0.803939,0.036765,0.058621,0.590673
1677105512,699839139,0.412568,0.670423,0.306177,0.804692,0.036881,0.059014,0.589600
1677105512,710020706,0.412432,0.670411,0.306398,0.804819,0.037712,0.058757,0.589399
1677105512,719785761,0.412474,0.670397,0.306694,0.804974,0.038103,0.059215,0.589117
1677105512,729834924,0.412440,0.670379,0.306904,0.804753,0.038661,0.058418,0.589462
1677105512,739588619,0.412531,0.670647,0.307282,0.805303,0.039123,0.059116,0.588610
1677105512,750032544,0.412524,0.670656,0.307553,0.804711,0.039763,0.058470,0.589441
1677105512,760168185,0.412635,0.671071,0.307999,0.805536,0.039585,0.058733,0.588298
1677105512,769828665,0.412587,0.671032,0.308348,0.805200,0.040512,0.058893,0.588679
1677105512,780317695,0.412680,0.670951,0.308635,0.804595,0.040037,0.058881,0.589540
1677105512,789856596,0.412588,0.671004,0.309072,0.804880,0.040204,0.059249,0.589102
1677105512,800009198,0.413303,0.670992,0.309675,0.805565,0.035078,0.059838,0.588433
1677105512,809989457,0.413211,0.670926,0.309943,0.805125,0.035176,0.060455,0.588966
1677105512,819876890,0.412471,0.670806,0.309988,0.803931,0.039739,0.061183,0.590231
1677105512,830275751,0.412549,0.670900,0.310287,0.804111,0.038984,0.062095,0.589940
1677105512,840058618,0.412547,0.670830,0.310570,0.804072,0.038375,0.062496,0.589991
1677105512,850133634,0.413357,0.670737,0.311135,0.804819,0.032310,0.062904,0.589293
1677105512,860062361,0.413452,0.670620,0.311431,0.804712,0.031255,0.063223,0.589462
1677105512,869831916,0.413526,0.670560,0.311759,0.804717,0.030816,0.064687,0.589318
1677105512,880116730,0.413715,0.670530,0.311985,0.804500,0.029674,0.065551,0.589578
1677105512,890050249,0.413712,0.670302,0.312201,0.803808,0.029598,0.066073,0.590466
1677105512,899656864,0.413895,0.670264,0.312449,0.803382,0.028661,0.067073,0.590980
1677105512,910353520,0.414321,0.670260,0.312641,0.802496,0.024617,0.066640,0.592414
1677105512,919869404,0.414513,0.670186,0.312828,0.802158,0.024188,0.067412,0.592802
1677105512,930185091,0.414775,0.670024,0.312877,0.801496,0.023747,0.067991,0.593648
1677105512,939022231,0.414953,0.669744,0.312911,0.800910,0.023560,0.067954,0.594450
1677105512,949562112,0.415256,0.669706,0.312961,0.801142,0.022972,0.067700,0.594189
1677105512,959346667,0.415506,0.669539,0.312961,0.800904,0.022354,0.067094,0.594602
1677105512,969208149,0.415775,0.669455,0.312938,0.800583,0.022424,0.067943,0.594935
1677105512,979665450,0.415998,0.669406,0.312920,0.800081,0.022225,0.067759,0.595638
1677105512,989200005,0.416060,0.669384,0.312886,0.799695,0.022638,0.067500,0.596170
