secs,nsecs,tx,ty,tz,rx,ry,rz,rw
1677105016,868499502,0.336941,0.543309,0.523148,0.470233,-0.106749,-0.097840,0.870582
1677105016,878977836,0.337137,0.543241,0.522676,0.470868,-0.107687,-0.097051,0.870211
1677105016,888703175,0.337102,0.543000,0.522168,0.470819,-0.108249,-0.097496,0.870118
1677105016,898341780,0.337305,0.542810,0.521543,0.471752,-0.108607,-0.096964,0.869628
1677105016,908871614,0.337634,0.542556,0.520873,0.472636,-0.109226,-0.096009,0.869176
1677105016,918329960,0.337695,0.542222,0.520152,0.473153,-0.108589,-0.096374,0.868934
1677105016,928261955,0.338110,0.541876,0.519333,0.473710,-0.109150,-0.095658,0.868639
1677105016,938555357,0.338492,0.541636,0.518363,0.474707,-0.109195,-0.095413,0.868116
1677105016,948734948,0.338882,0.541263,0.517336,0.475070,-0.109371,-0.095265,0.867912
1677105016,958911008,0.339178,0.540723,0.516315,0.474410,-0.108757,-0.095921,0.868278
1677105016,969099846,0.339731,0.540350,0.515139,0.475445,-0.109111,-0.096103,0.867647
1677105016,978738186,0.340205,0.539757,0.514033,0.475406,-0.109590,-0.097362,0.867467
1677105016,988230289,0.340531,0.539102,0.512796,0.476066,-0.108990,-0.099299,0.866961
1677105016,998332533,0.341025,0.538420,0.511485,0.477100,-0.108459,-0.100442,0.866327
1677105017,8179419,0.342252,0.537957,0.509955,0.479869,-0.110289,-0.099429,0.864683
1677105017,18154411,0.342946,0.537127,0.508432,0.481047,-0.111482,-0.099933,0.863816
1677105017,28351602,0.343346,0.536306,0.506747,0.482724,-0.111990,-0.101252,0.862661
1677105017,38381646,0.343655,0.535341,0.504927,0.484214,-0.112026,-0.102009,0.861731
1677105017,48748466,0.344128,0.534397,0.502889,0.486673,-0.113875,-0.102243,0.860074
1677105017,58248902,0.344473,0.533311,0.500636,0.488539,-0.114392,-0.102191,0.858953
1677105017,68816634,0.344865,0.532324,0.498071,0.490841,-0.114744,-0.102068,0.857608
1677105017,78631251,0.345302,0.531420,0.495229,0.493181,-0.115074,-0.102283,0.856194
1677105017,88500107,0.345649,0.530394,0.492055,0.494780,-0.113000,-0.102272,0.855549
1677105017,98910774,0.345693,0.528978,0.489026,0.495563,-0.112665,-0.103795,0.854956
1677105017,108588803,0.346204,0.527694,0.485558,0.498414,-0.114025,-0.105229,0.852941
1677105017,118492865,0.346874,0.526201,0.481943,0.501737,-0.113916,-0.104959,0.851038
1677105017,128718692,0.347533,0.524952,0.477923,0.506845,-0.112921,-0.105235,0.848105
1677105017,138228513,0.348192,0.523318,0.473927,0.509877,-0.112335,-0.105584,0.846320
1677105017,148537210,0.349179,0.521516,0.469592,0.512176,-0.111329,-0.104559,0.845192
1677105017,158578306,0.350001,0.520261,0.464918,0.516537,-0.108772,-0.105177,0.842791
1677105017,168705959,0.351412,0.519299,0.459820,0.521876,-0.107391,-0.104946,0.839702
1677105017,178385656,0.352488,0.517991,0.454660,0.525763,-0.105736,-0.106183,0.837328
1677105017,188121849,0.353616,0.516633,0.449304,0.529193,-0.103749,-0.107671,0.835224
1677105017,198314448,0.354792,0.515331,0.443836,0.532297,-0.102192,-0.110521,0.833068
1677105017,208011088,0.356119,0.514107,0.438239,0.535231,-0.100241,-0.113474,0.831026
1677105017,218241823,0.357699,0.512835,0.432562,0.537844,-0.098599,-0.116441,0.829122
1677105017,228390498,0.359075,0.511957,0.426774,0.541225,-0.097106,-0.120318,0.826541
1677105017,238540963,0.360399,0.510995,0.420871,0.543852,-0.094423,-0.123487,0.824658
1677105017,248643230,0.361436,0.510125,0.414867,0.546210,-0.090994,-0.127355,0.822894
1677105017,257786770,0.362364,0.509644,0.408592,0.549805,-0.084797,-0.129080,0.820891
1677105017,268664331,0.363400,0.509116,0.402307,0.551967,-0.081083,-0.131032,0.819505
1677105017,277934014,0.364403,0.508851,0.395915,0.554409,-0.077581,-0.132345,0.817983
1677105017,288791005,0.365523,0.508628,0.389469,0.556917,-0.075277,-0.133151,0.816363
1677105017,298432808,0.366506,0.508431,0.382990,0.559203,-0.073259,-0.134590,0.814746
1677105017,308293328,0.367479,0.508213,0.376475,0.561021,-0.072013,-0.136959,0.813211
1677105017,318293706,0.368636,0.508342,0.369798,0.564344,-0.071423,-0.139433,0.810539
1677105017,328323518,0.369778,0.508408,0.363209,0.566927,-0.069892,-0.142191,0.808388
1677105017,338135345,0.370897,0.508196,0.356702,0.567697,-0.063946,-0.143477,0.808112
1677105017,348165935,0.372263,0.508629,0.350057,0.570948,-0.060459,-0.146133,0.805610
1677105017,358526341,0.373615,0.508883,0.343545,0.572969,-0.056111,-0.148482,0.804059
1677105017,368092152,0.374874,0.509404,0.337127,0.575461,-0.051933,-0.151612,0.801973
1677105017,378379624,0.376175,0.510030,0.330792,0.578365,-0.048489,-0.153802,0.799680
1677105017,387943728,0.377140,0.510732,0.324628,0.580818,-0.043383,-0.154411,0.798077
1677105017,398156524,0.378138,0.511651,0.318517,0.582657,-0.042497,-0.158160,0.796046
1677105017,408167359,0.378953,0.512729,0.312516,0.583781,-0.040476,-0.159806,0.794999
1677105017,418615933,0.379686,0.514226,0.306583,0.584555,-0.038061,-0.160973,0.794314
1677105017,428587937,0.380652,0.515993,0.300775,0.584873,-0.037285,-0.160843,0.794143
1677105017,438026501,0.381525,0.517856,0.295082,0.584329,-0.035861,-0.160717,0.794634
1677105017,448620261,0.382382,0.519944,0.289650,0.584233,-0.033976,-0.160151,0.794902
1677105017,458225429,0.383159,0.522140,0.284313,0.583841,-0.031613,-0.160242,0.795269
1677105017,468185823,0.384116,0.524432,0.279136,0.583080,-0.028864,-0.159274,0.796126
1677105017,478326486,0.385114,0.526922,0.274081,0.581886,-0.027009,-0.159287,0.797061
1677105017,488173984,0.386189,0.529676,0.269117,0.580917,-0.024384,-0.158903,0.797929
1677105017,498322986,0.387168,0.532459,0.264426,0.580323,-0.020755,-0.158217,0.798600
1677105017,507767342,0.388224,0.534945,0.260077,0.578775,-0.020216,-0.158106,0.799758
1677105017,517892974,0.388838,0.537268,0.256121,0.577829,-0.018863,-0.159233,0.800252
1677105017,528495581,0.389211,0.539398,0.252454,0.577002,-0.017067,-0.159642,0.800807
1677105017,538196727,0.389753,0.541730,0.248986,0.577023,-0.017788,-0.159357,0.800833
1677105017,548740384,0.390110,0.544295,0.245613,0.576415,-0.017886,-0.158637,0.801412
1677105017,558557555,0.390461,0.547119,0.242313,0.575545,-0.017876,-0.156900,0.802378
1677105017,568464552,0.390807,0.550009,0.239119,0.573793,-0.017378,-0.153999,0.804204
1677105017,578960499,0.390949,0.552885,0.236091,0.571387,-0.016166,-0.151534,0.806408
1677105017,588877500,0.391274,0.556333,0.233045,0.571752,-0.016633,-0.149344,0.806548
1677105017,598465510,0.391357,0.558993,0.230471,0.569400,-0.015311,-0.146741,0.808713
1677105017,608719623,0.391512,0.561735,0.228000,0.568225,-0.015719,-0.144368,0.809958
1677105017,618472214,0.391432,0.564494,0.225656,0.567038,-0.015599,-0.142722,0.811083
1677105017,628319425,0.391465,0.567424,0.223310,0.566060,-0.016081,-0.140738,0.812102
1677105017,638421170,0.391617,0.570393,0.220936,0.563992,-0.016783,-0.138427,0.813922
1677105017,648739869,0.390909,0.572852,0.218688,0.557387,-0.013194,-0.139675,0.818313
1677105017,658242788,0.391192,0.575986,0.216302,0.554135,-0.011901,-0.137872,0.820843
1677105017,668501389,0.391585,0.578824,0.214089,0.549740,-0.011011,-0.137163,0.823924
1677105017,678253359,0.391991,0.581650,0.212005,0.547032,-0.009507,-0.136346,0.825879
1677105017,688234277,0.392300,0.584219,0.210144,0.544438,-0.008105,-0.136004,0.827662
1677105017,697818044,0.392485,0.586724,0.208429,0.542782,-0.006436,-0.135489,0.828848
1677105017,707780264,0.392695,0.589190,0.206805,0.541330,-0.005752,-0.134637,0.829940
1677105017,717655291,0.392748,0.591403,0.205309,0.538566,-0.004642,-0.133294,0.831960
1677105017,727857662,0.392917,0.593621,0.203869,0.536231,-0.004420,-0.131598,0.833738
1677105017,738037474,0.392972,0.595773,0.202544,0.533994,-0.004185,-0.131040,0.835262
1677105017,748138834,0.392978,0.597662,0.201436,0.531095,-0.003881,-0.130927,0.837127
1677105017,758222388,0.393185,0.599714,0.200314,0.529017,-0.004320,-0.130852,0.838451
1677105017,768459452,0.393370,0.601664,0.199289,0.525508,-0.003083,-0.130152,0.840769
1677105017,778473923,0.393514,0.603687,0.198379,0.521641,-0.001573,-0.129684,0.843250
1677105017,788169045,0.393694,0.605914,0.197487,0.519343,-0.000493,-0.128936,0.844783
1677105017,798044237,0.393790,0.607856,0.196856,0.516927,0.001045,-0.127199,0.846526
1677105017,807793392,0.393604,0.609635,0.196476,0.514901,0.001984,-0.126395,0.847878
1677105017,817952175,0.393410,0.611258,0.196188,0.512882,0.001547,-0.124996,0.849309
1677105017,827832296,0.393229,0.612957,0.195848,0.510594,0.000576,-0.123361,0.850926
1677105017,838462266,0.393001,0.614567,0.195531,0.506464,-0.000742,-0.122318,0.853541
1677105017,848187310,0.392981,0.616520,0.194999,0.502747,-0.002328,-0.120842,0.855942
1677105017,857860184,0.392839,0.618419,0.194471,0.497800,-0.002630,-0.119955,0.858952
1677105017,868428971,0.392921,0.620291,0.193963,0.492726,-0.003321,-0.119102,0.861989
1677105017,878133412,0.392884,0.622110,0.193502,0.488204,-0.003042,-0.118584,0.864631
1677105017,888167459,0.392931,0.623884,0.193081,0.484631,-0.003471,-0.117742,0.866751
1677105017,898163336,0.392867,0.625559,0.192695,0.481011,-0.002997,-0.116607,0.868920
1677105017,908589782,0.392830,0.627172,0.192246,0.476779,-0.003277,-0.115281,0.871425
1677105017,918475704,0.392907,0.629032,0.191559,0.473266,-0.004239,-0.114181,0.873478
1677105017,928497939,0.392783,0.630553,0.190973,0.467583,-0.003286,-0.113554,0.876619
1677105017,938127609,0.392919,0.632105,0.190312,0.463088,-0.003846,-0.112838,0.879092
1677105017,948342266,0.393040,0.633358,0.189733,0.458565,-0.003099,-0.112465,0.881510
1677105017,958700864,0.393463,0.634571,0.189173,0.455832,-0.003625,-0.112183,0.882960
1677105017,968982116,0.393532,0.635568,0.188789,0.452439,-0.002760,-0.114248,0.884443
1677105017,978146780,0.393759,0.636384,0.188451,0.448595,-0.001976,-0.115862,0.886191
1677105017,988464512,0.394097,0.637324,0.188003,0.445241,-0.001421,-0.116551,0.887792
1677105017,998042349,0.394398,0.638512,0.187452,0.443494,-0.000812,-0.116738,0.888642
1677105018,9159862,0.394646,0.639518,0.186952,0.441726,-0.000440,-0.116159,0.889598
1677105018,17968089,0.394873,0.640344,0.186521,0.440216,-0.001427,-0.115405,0.890444
1677105018,28593163,0.394868,0.641150,0.186084,0.438817,-0.001691,-0.115219,0.891157
1677105018,38503889,0.395318,0.641881,0.185541,0.437496,-0.004119,-0.114158,0.891935
1677105018,48095351,0.395468,0.642536,0.184984,0.434714,-0.004433,-0.114656,0.893229
1677105018,58314686,0.395841,0.643196,0.184345,0.431864,-0.005048,-0.115410,0.894510
1677105018,68603755,0.396369,0.643880,0.183619,0.429213,-0.004931,-0.115958,0.895715
1677105018,78180934,0.396880,0.644740,0.182795,0.427499,-0.004863,-0.117564,0.896326
1677105018,88540636,0.397372,0.645212,0.182245,0.424241,-0.003968,-0.118800,0.897714
1677105018,98271775,0.397915,0.645788,0.181638,0.423351,-0.003390,-0.119115,0.898095
1677105018,108685785,0.398226,0.646304,0.181111,0.423705,-0.002976,-0.119964,0.897816
1677105018,118204707,0.398437,0.646496,0.180856,0.422393,-0.002464,-0.120341,0.898385
1677105018,128006165,0.398651,0.646860,0.180441,0.421935,-0.003129,-0.120453,0.898584
1677105018,137867260,0.398898,0.647315,0.179944,0.420649,-0.004511,-0.120209,0.899213
1677105018,148509338,0.399182,0.647825,0.179267,0.418311,-0.006525,-0.120261,0.900284
1677105018,158167854,0.399345,0.648395,0.178602,0.415313,-0.006522,-0.120460,0.901644
1677105018,168827803,0.399454,0.648764,0.178322,0.415214,-0.006463,-0.119762,0.901783
1677105018,178676685,0.399595,0.648976,0.178267,0.415475,-0.008591,-0.118210,0.901850
1677105018,188501521,0.399468,0.649391,0.178058,0.414237,-0.009123,-0.117200,0.902546
1677105018,198301796,0.399345,0.650027,0.177651,0.414187,-0.009102,-0.115685,0.902764
1677105018,208413540,0.399216,0.650441,0.177377,0.414379,-0.008956,-0.113601,0.902942
1677105018,218827429,0.399067,0.650634,0.177224,0.413470,-0.008717,-0.111849,0.903580
1677105018,228643766,0.399107,0.650864,0.176988,0.413386,-0.009275,-0.110809,0.903741
1677105018,238589227,0.399177,0.651075,0.176833,0.413765,-0.009603,-0.110597,0.903590
1677105018,249116117,0.399457,0.651223,0.176710,0.413551,-0.010962,-0.110684,0.903662
1677105018,258471822,0.399578,0.651399,0.176585,0.412477,-0.011546,-0.111454,0.904051
1677105018,267950304,0.399752,0.651878,0.176261,0.412490,-0.012266,-0.111214,0.904065
1677105018,278458542,0.399620,0.652287,0.176093,0.411071,-0.012971,-0.111150,0.904709
1677105018,288349530,0.399456,0.652869,0.175768,0.410102,-0.013031,-0.109360,0.905366
1677105018,298341045,0.399185,0.653474,0.175451,0.408783,-0.013717,-0.107125,0.906219
1677105018,308536424,0.398794,0.654125,0.175120,0.407910,-0.013944,-0.104723,0.906889
1677105018,318272760,0.398535,0.654565,0.174862,0.406036,-0.014713,-0.102290,0.907995
1677105018,328626643,0.398319,0.654911,0.174759,0.405717,-0.015229,-0.101000,0.908273
1677105018,338433431,0.398192,0.654878,0.174917,0.405910,-0.016162,-0.101041,0.908167
1677105018,349233343,0.398217,0.654855,0.174983,0.407414,-0.016421,-0.101811,0.907402
1677105018,358647685,0.398482,0.654652,0.175063,0.407995,-0.016640,-0.102583,0.907050
1677105018,368333722,0.398753,0.654501,0.175004,0.409629,-0.016914,-0.104300,0.906112
1677105018,379311634,0.399025,0.654051,0.175109,0.411460,-0.016500,-0.105448,0.905157
1677105018,388682529,0.399268,0.653624,0.175184,0.415116,-0.016230,-0.106365,0.903384
1677105018,398842358,0.399413,0.653108,0.175257,0.417961,-0.015407,-0.107023,0.902007
1677105018,409231381,0.399720,0.652702,0.175164,0.420639,-0.014981,-0.106394,0.900843
1677105018,418830081,0.399714,0.652445,0.174964,0.423451,-0.013451,-0.106428,0.899545
1677105018,428753735,0.399805,0.652019,0.174924,0.425670,-0.013522,-0.105622,0.898591
1677105018,438268033,0.399508,0.651637,0.174997,0.427864,-0.012306,-0.106037,0.897517
1677105018,448340254,0.399549,0.651345,0.174988,0.430267,-0.012711,-0.105011,0.896483
1677105018,458187099,0.399483,0.651080,0.175015,0.431566,-0.012717,-0.104301,0.895941
1677105018,468523251,0.399401,0.650977,0.174952,0.433542,-0.012498,-0.104037,0.895020
1677105018,478435472,0.399351,0.650795,0.175009,0.435012,-0.012094,-0.103536,0.894371
1677105018,488476369,0.399436,0.650657,0.175012,0.437274,-0.012053,-0.103044,0.893324
1677105018,498331873,0.399493,0.650464,0.175058,0.439147,-0.011731,-0.103070,0.892406
1677105018,508682096,0.399594,0.650407,0.175070,0.441419,-0.010783,-0.102883,0.891318
1677105018,518191307,0.400327,0.650539,0.174875,0.445424,-0.011099,-0.099625,0.889691
1677105018,527918381,0.400480,0.650497,0.174819,0.448120,-0.010181,-0.099674,0.888341
1677105018,538031172,0.400631,0.650361,0.174780,0.450502,-0.009385,-0.099736,0.887137
1677105018,548423313,0.400742,0.650207,0.174761,0.452676,-0.008805,-0.100136,0.885991
1677105018,558140671,0.401043,0.650099,0.174683,0.455640,-0.007969,-0.099044,0.884601
1677105018,569006427,0.401174,0.649856,0.174714,0.457692,-0.007270,-0.098889,0.883564
1677105018,578847620,0.401380,0.649831,0.174671,0.460706,-0.007376,-0.099038,0.881979
1677105018,588577163,0.401582,0.649782,0.174620,0.462823,-0.006532,-0.098263,0.880963
1677105018,598075044,0.401608,0.649880,0.174549,0.464678,-0.005698,-0.098437,0.879973
1677105018,608520427,0.401784,0.650120,0.174411,0.466756,-0.005755,-0.097485,0.878978
1677105018,617943971,0.401872,0.650386,0.174338,0.468369,-0.005324,-0.095750,0.878313
1677105018,628521434,0.401738,0.650888,0.174200,0.470834,-0.005148,-0.094294,0.877153
1677105018,638502951,0.401469,0.651404,0.174148,0.473074,-0.004797,-0.092532,0.876137
1677105018,648357933,0.401184,0.651785,0.174166,0.474374,-0.004269,-0.090315,0.875668
1677105018,658269279,0.400906,0.651993,0.174267,0.474715,-0.004207,-0.088169,0.875702
1677105018,668787039,0.400792,0.652509,0.174219,0.476359,-0.004094,-0.085997,0.875026
1677105018,678608217,0.400767,0.652979,0.174162,0.477432,-0.004330,-0.084527,0.874583
1677105018,688267236,0.400598,0.653470,0.174128,0.477951,-0.003620,-0.084574,0.874298
1677105018,698523770,0.400674,0.653849,0.174138,0.478290,-0.003242,-0.083955,0.874173
1677105018,708452438,0.400712,0.654278,0.174152,0.479387,-0.002695,-0.083646,0.873604
1677105018,718104747,0.400591,0.654571,0.174295,0.480080,-0.001125,-0.083572,0.873234
1677105018,727857035,0.400611,0.654906,0.174312,0.481276,-0.000018,-0.082870,0.872643
1677105018,738051108,0.400605,0.655376,0.174241,0.482590,0.001361,-0.081824,0.872015
1677105018,748225213,0.400529,0.655898,0.174086,0.483996,0.001887,-0.081354,0.871278
1677105018,758438421,0.400566,0.656464,0.173909,0.485598,0.001624,-0.080540,0.870463
1677105018,768861020,0.400409,0.656957,0.173856,0.486814,0.001561,-0.080362,0.869800
1677105018,778310898,0.400257,0.657264,0.173906,0.486921,0.001695,-0.079916,0.869781
1677105018,788227066,0.400163,0.657763,0.173879,0.487459,0.001317,-0.079042,0.869560
1677105018,797931386,0.400013,0.658256,0.173857,0.487454,0.001505,-0.078116,0.869646
1677105018,808247304,0.399853,0.659140,0.173691,0.489691,0.001162,-0.077397,0.868453
1677105018,818487953,0.399600,0.659710,0.173694,0.490067,0.001096,-0.076899,0.868286
1677105018,828833739,0.399435,0.660327,0.173707,0.490723,0.000703,-0.075814,0.868011
1677105018,838180591,0.399255,0.660876,0.173720,0.491019,0.000567,-0.074333,0.867971
1677105018,848405862,0.399108,0.661711,0.173612,0.492718,-0.000206,-0.073029,0.867119
1677105018,858624775,0.398975,0.662050,0.173730,0.492126,-0.001101,-0.071562,0.867577
1677105018,868165679,0.398588,0.662581,0.173759,0.492699,-0.000850,-0.071194,0.867282
1677105018,878330333,0.398455,0.663067,0.173780,0.493559,-0.001951,-0.070263,0.866867
1677105018,888675123,0.398211,0.663416,0.173829,0.493952,-0.001813,-0.069915,0.866672
1677105018,898510423,0.398110,0.664014,0.173728,0.495945,-0.002317,-0.069605,0.865556
1677105018,908329812,0.398130,0.664405,0.173674,0.497083,-0.002891,-0.069081,0.864944
1677105018,918277423,0.398133,0.664767,0.173616,0.498030,-0.003533,-0.069223,0.864385
1677105018,928480942,0.398055,0.665124,0.173544,0.499133,-0.003276,-0.069652,0.863716
1677105018,938514086,0.398026,0.665524,0.173476,0.500653,-0.003977,-0.070338,0.862777
1677105018,947883217,0.398053,0.665944,0.173387,0.502493,-0.004475,-0.070177,0.861717
1677105018,958567308,0.397985,0.666369,0.173243,0.504663,-0.004668,-0.070463,0.860423
1677105018,968680781,0.398034,0.666629,0.173193,0.506758,-0.005234,-0.070150,0.859214
1677105018,978240259,0.397965,0.666734,0.173197,0.508335,-0.005591,-0.070786,0.858227
1677105018,988558458,0.398027,0.666787,0.173231,0.509832,-0.005243,-0.070769,0.857342
1677105018,998391226,0.398192,0.666993,0.173103,0.512290,-0.005796,-0.072049,0.855765
1677105019,8400233,0.398389,0.667205,0.173031,0.514270,-0.004819,-0.073055,0.854498
1677105019,18458042,0.398700,0.667600,0.172823,0.517073,-0.003570,-0.074446,0.852690
1677105019,28527461,0.399035,0.667732,0.172660,0.518086,-0.002445,-0.075887,0.851952
1677105019,38252113,0.399327,0.668068,0.172480,0.520259,-0.001898,-0.077992,0.850438
1677105019,48732501,0.399621,0.668338,0.172402,0.522685,-0.001077,-0.079162,0.848842
1677105019,58363326,0.399956,0.668574,0.172385,0.524714,-0.000648,-0.079528,0.847556
1677105019,67942423,0.400101,0.668913,0.172272,0.526893,0.000457,-0.080245,0.846135
1677105019,78615064,0.400362,0.669462,0.172096,0.529673,0.000883,-0.080095,0.844412
1677105019,88392568,0.400525,0.669904,0.171977,0.531238,0.001568,-0.079986,0.843437
1677105019,98284290,0.400561,0.670475,0.171824,0.532589,0.002184,-0.080400,0.842544
1677105019,108982062,0.400870,0.671210,0.171631,0.534284,0.001923,-0.078982,0.841605
1677105019,118324917,0.400852,0.671877,0.171446,0.535019,0.002557,-0.078079,0.841221
1677105019,128880880,0.400733,0.672735,0.171277,0.536211,0.002415,-0.077303,0.840533
1677105019,138440206,0.400591,0.673482,0.171208,0.536754,0.002392,-0.075254,0.840373
1677105019,148734150,0.400594,0.674228,0.171127,0.537477,0.001067,-0.072425,0.840162
1677105019,158507275,0.400187,0.674991,0.171043,0.538058,0.000699,-0.070542,0.839951
1677105019,169083762,0.399863,0.675773,0.170932,0.538681,-0.000023,-0.068050,0.839757
1677105019,178521733,0.399751,0.676715,0.170754,0.540430,-0.001434,-0.064347,0.838924
1677105019,188504697,0.399403,0.677206,0.170768,0.540637,-0.002653,-0.062412,0.838934
1677105019,198497980,0.399109,0.677852,0.170773,0.541748,-0.003451,-0.060187,0.838376
1677105019,208816044,0.399128,0.678386,0.170780,0.541751,-0.005599,-0.057942,0.838521
1677105019,218203076,0.398995,0.679186,0.170674,0.542328,-0.006712,-0.056675,0.838226
1677105019,228713258,0.398756,0.679867,0.170624,0.542280,-0.006671,-0.055549,0.838333
1677105019,238641315,0.398797,0.680646,0.170560,0.543096,-0.007811,-0.053779,0.837910
1677105019,248533467,0.398677,0.681263,0.170488,0.543602,-0.008184,-0.052323,0.837671
1677105019,258405941,0.398672,0.681934,0.170351,0.545083,-0.008899,-0.050479,0.836814
1677105019,268743185,0.398561,0.682378,0.170326,0.545918,-0.008905,-0.049322,0.836338
1677105019,278194020,0.398715,0.682950,0.170225,0.547794,-0.009246,-0.047605,0.835207
1677105019,287864629,0.398702,0.683376,0.170121,0.548913,-0.008740,-0.047306,0.834494
1677105019,297640146,0.398819,0.683467,0.170096,0.548552,-0.008253,-0.047111,0.834747
1677105019,307674296,0.399153,0.684089,0.169898,0.550907,-0.008818,-0.046897,0.833201
1677105019,317855620,0.399424,0.684522,0.169767,0.552611,-0.008642,-0.046737,0.832083
1677105019,327558011,0.399612,0.685051,0.169661,0.554483,-0.008389,-0.046975,0.830826
1677105019,337836469,0.399798,0.685472,0.169549,0.555381,-0.008017,-0.046751,0.830242
1677105019,348043619,0.399878,0.685866,0.169444,0.556199,-0.007256,-0.046310,0.829726
1677105019,357784528,0.399941,0.686394,0.169279,0.558076,-0.006579,-0.045289,0.828527
1677105019,368671639,0.399970,0.686792,0.169125,0.559295,-0.006721,-0.044389,0.827752
1677105019,378289210,0.399894,0.687257,0.168958,0.560932,-0.006318,-0.043683,0.826684
1677105019,388255622,0.399807,0.687462,0.168845,0.561358,-0.005773,-0.042865,0.826442
1677105019,398686117,0.399762,0.687675,0.168723,0.562007,-0.005381,-0.041974,0.826049
1677105019,408818792,0.399756,0.687840,0.168607,0.562637,-0.005435,-0.041237,0.825657
1677105019,418069211,0.399759,0.688096,0.168466,0.563920,-0.005181,-0.040103,0.824839
1677105019,427937927,0.399800,0.688355,0.168319,0.565408,-0.005544,-0.039154,0.823863
1677105019,438271767,0.399785,0.688548,0.168227,0.566611,-0.005623,-0.038443,0.823069
1677105019,448197890,0.399860,0.688722,0.168134,0.567569,-0.005944,-0.037184,0.822464
1677105019,457718124,0.399863,0.689073,0.167974,0.569069,-0.005879,-0.036123,0.821475
1677105019,468834543,0.399731,0.689166,0.167873,0.569270,-0.005087,-0.035449,0.821370
1677105019,478394223,0.399716,0.689274,0.167717,0.569629,-0.005529,-0.034827,0.821145
1677105019,488184581,0.399648,0.689560,0.167549,0.570983,-0.005410,-0.034199,0.820231
1677105019,498120715,0.399546,0.689619,0.167488,0.571558,-0.005498,-0.033816,0.819846
1677105019,508826404,0.399400,0.689644,0.167400,0.571970,-0.005703,-0.033914,0.819554
1677105019,518159659,0.399376,0.689938,0.167258,0.573325,-0.005963,-0.033112,0.818637
1677105019,528910893,0.399362,0.690071,0.167116,0.573622,-0.006384,-0.032351,0.818456
1677105019,538679046,0.399338,0.690374,0.166953,0.574832,-0.006846,-0.031758,0.817626
1677105019,548133962,0.399274,0.690654,0.166789,0.576156,-0.007044,-0.031084,0.816718
1677105019,558378728,0.399174,0.690825,0.166710,0.577065,-0.007321,-0.030608,0.816092
1677105019,568520554,0.399063,0.691112,0.166645,0.578201,-0.007221,-0.029569,0.815327
1677105019,578373653,0.398829,0.691338,0.166555,0.578315,-0.006877,-0.028938,0.815272
1677105019,588531946,0.398650,0.691713,0.166458,0.578504,-0.007579,-0.028026,0.815163
1677105019,598277549,0.398555,0.692512,0.166253,0.581271,-0.007596,-0.025932,0.813262
1677105019,608574660,0.398099,0.692761,0.166258,0.581161,-0.007600,-0.025035,0.813368
1677105019,618452202,0.397947,0.693255,0.166191,0.582190,-0.009450,-0.022792,0.812678
1677105019,629218471,0.397275,0.693520,0.166187,0.581790,-0.009011,-0.021692,0.813000
1677105019,638445392,0.397058,0.694082,0.166084,0.582672,-0.011407,-0.019113,0.812403
1677105019,648670162,0.396639,0.694530,0.165992,0.583011,-0.012473,-0.016684,0.812197
1677105019,658587458,0.396126,0.694829,0.165923,0.582758,-0.012998,-0.014130,0.812419
1677105019,668586710,0.395740,0.695374,0.165747,0.583695,-0.014781,-0.012053,0.811749
1677105019,678384100,0.395375,0.696105,0.165472,0.585753,-0.016328,-0.009779,0.810266
1677105019,688330586,0.395055,0.696247,0.165334,0.584979,-0.017087,-0.007570,0.810833
1677105019,698563974,0.394865,0.696704,0.165110,0.586085,-0.018517,-0.006501,0.810012
1677105019,708421974,0.394947,0.696945,0.165013,0.586477,-0.019914,-0.004822,0.809707
1677105019,718389119,0.394873,0.697058,0.164901,0.587243,-0.019681,-0.005006,0.809156
1677105019,728580137,0.395061,0.697226,0.164867,0.587890,-0.019759,-0.004785,0.808685
1677105019,738115012,0.395245,0.697659,0.164798,0.589380,-0.019701,-0.005120,0.807599
1677105019,747680909,0.395356,0.697745,0.164766,0.589507,-0.018664,-0.005672,0.807528
1677105019,758158944,0.395589,0.697793,0.164804,0.589571,-0.017751,-0.005405,0.807504
1677105019,768777050,0.395792,0.698084,0.164771,0.590637,-0.017197,-0.005255,0.806737
1677105019,777856567,0.396064,0.698343,0.164769,0.591925,-0.016270,-0.004545,0.805816
1677105019,788013613,0.396160,0.698487,0.164783,0.592439,-0.014975,-0.004616,0.805463
1677105019,798475529,0.396392,0.698688,0.164850,0.592772,-0.013714,-0.004236,0.805242
1677105019,807916039,0.396595,0.699104,0.164904,0.593669,-0.012269,-0.003883,0.804606
1677105019,818035089,0.396757,0.699300,0.164980,0.593084,-0.010841,-0.003763,0.805059
1677105019,828589705,0.397159,0.699705,0.164996,0.593506,-0.009594,-0.003073,0.804766
1677105019,837960787,0.397334,0.699902,0.165057,0.593078,-0.008501,-0.003917,0.805090
1677105019,848954032,0.397740,0.700325,0.165078,0.594048,-0.006060,-0.003248,0.804400
1677105019,858319829,0.397988,0.700558,0.165106,0.593756,-0.004248,-0.004213,0.804623
1677105019,868301347,0.398312,0.700949,0.165060,0.594375,-0.001889,-0.004574,0.804173
1677105019,878817127,0.398700,0.701053,0.165024,0.594378,0.000362,-0.004506,0.804173
1677105019,888547980,0.398879,0.701292,0.164967,0.595337,0.002303,-0.006111,0.803450
1677105019,898596321,0.399301,0.701366,0.164841,0.595865,0.003418,-0.006213,0.803053
1677105019,907969468,0.399643,0.701400,0.164752,0.596481,0.004621,-0.005862,0.802592
1677105019,917870721,0.399745,0.701497,0.164590,0.597600,0.006006,-0.006188,0.801748
1677105019,928261944,0.399922,0.701521,0.164390,0.598672,0.006244,-0.005720,0.800950
1677105019,937680851,0.400005,0.701456,0.164237,0.599253,0.006646,-0.004500,0.800519
1677105019,948729792,0.399950,0.701287,0.164032,0.599483,0.007215,-0.002962,0.800349
1677105019,958497703,0.399882,0.701325,0.163846,0.600867,0.007180,-0.001354,0.799315
1677105019,968583126,0.399776,0.701188,0.163696,0.601690,0.007045,0.000215,0.798699
1677105019,978599495,0.399705,0.701087,0.163529,0.602632,0.007174,0.001938,0.797984
1677105019,988609278,0.399656,0.701099,0.163315,0.603989,0.007095,0.003472,0.796954
1677105019,998578298,0.399639,0.701080,0.162979,0.605402,0.006979,0.005023,0.795874
1677105020,9031446,0.399663,0.700927,0.162702,0.606551,0.006309,0.006514,0.794993
1677105020,18477831,0.399544,0.700546,0.162366,0.607390,0.006227,0.008073,0.794338
1677105020,29086793,0.399475,0.700381,0.162047,0.609548,0.005462,0.009486,0.792674
1677105020,38943888,0.399321,0.700017,0.161755,0.611252,0.005227,0.010947,0.791343
1677105020,48810309,0.399254,0.699546,0.161530,0.613177,0.004735,0.011925,0.789842
1677105020,58422940,0.399215,0.699251,0.161273,0.615364,0.004804,0.012424,0.788130
1677105020,68969166,0.399507,0.699237,0.160967,0.617422,0.004496,0.013519,0.786503
1677105020,78449708,0.399479,0.699232,0.160663,0.618932,0.005365,0.012845,0.785321
1677105020,89021571,0.399663,0.698955,0.160470,0.619287,0.005753,0.013599,0.785026
1677105020,97991137,0.399796,0.698980,0.160265,0.620850,0.005876,0.014865,0.783767
1677105020,108288439,0.399523,0.698898,0.160051,0.621488,0.006771,0.014998,0.783251
1677105020,118479152,0.399476,0.698942,0.159830,0.622636,0.006229,0.016529,0.782312
1677105020,127836638,0.399381,0.698942,0.159699,0.624149,0.006058,0.018110,0.781072
1677105020,137661873,0.399174,0.698779,0.159622,0.625296,0.006564,0.018743,0.780135
1677105020,148028054,0.399326,0.698720,0.159438,0.626445,0.006486,0.019812,0.779187
1677105020,158120961,0.399442,0.698624,0.159263,0.626989,0.007524,0.019591,0.778745
1677105020,169032669,0.399815,0.698697,0.159044,0.628651,0.007915,0.019100,0.777413
1677105020,178195562,0.400046,0.698532,0.158923,0.629514,0.009319,0.017736,0.776731
1677105020,188174554,0.400551,0.698398,0.158799,0.630396,0.009926,0.017255,0.776018
1677105020,198303861,0.400811,0.698411,0.158635,0.631514,0.011553,0.016137,0.775110
1677105020,208657314,0.401120,0.698370,0.158512,0.631867,0.012709,0.015451,0.774818
1677105020,218178620,0.401454,0.698520,0.158374,0.633182,0.013338,0.015191,0.773739
1677105020,229335509,0.401636,0.698499,0.158279,0.633956,0.014226,0.014795,0.773097
1677105020,238293807,0.401863,0.698520,0.158160,0.634840,0.014644,0.015003,0.772359
1677105020,248653742,0.401974,0.698516,0.158033,0.635438,0.015823,0.015560,0.771833
1677105020,258635896,0.402081,0.698515,0.157849,0.636122,0.016298,0.015906,0.771252
1677105020,269315843,0.402199,0.698628,0.157672,0.637126,0.016498,0.016414,0.770408
1677105020,278625060,0.402305,0.698746,0.157428,0.638029,0.016991,0.017075,0.769635
1677105020,288479566,0.402498,0.698928,0.157208,0.638901,0.016812,0.018233,0.768889
1677105020,298692981,0.402520,0.699092,0.156990,0.639571,0.017409,0.019563,0.768286
1677105020,308656023,0.402293,0.699173,0.156808,0.640247,0.018719,0.020426,0.767669
1677105020,318603331,0.402089,0.699299,0.156662,0.641620,0.019157,0.021648,0.766477
1677105020,328437648,0.402015,0.699435,0.156512,0.642825,0.018932,0.023662,0.765414
1677105020,338330669,0.401866,0.699485,0.156370,0.643670,0.018791,0.025377,0.764652
1677105020,347935031,0.401696,0.699562,0.156146,0.644769,0.018530,0.027248,0.763667
1677105020,358327957,0.401574,0.699612,0.155939,0.645804,0.018078,0.028729,0.762748
1677105020,368176003,0.401412,0.699546,0.155739,0.646620,0.018331,0.030065,0.761999
1677105020,378332768,0.401306,0.699474,0.155534,0.647509,0.017957,0.030730,0.761226
1677105020,388410863,0.401239,0.699470,0.155350,0.648473,0.018013,0.031249,0.760382
1677105020,398470761,0.401290,0.699543,0.155228,0.649615,0.017445,0.031932,0.759392
1677105020,408109017,0.401165,0.699563,0.155070,0.650525,0.017549,0.031829,0.758615
1677105020,418224273,0.401092,0.699506,0.154969,0.651256,0.017599,0.032427,0.757961
1677105020,428591699,0.401024,0.699322,0.154892,0.651606,0.017060,0.033176,0.757639
1677105020,438320294,0.400867,0.699159,0.154790,0.652378,0.016581,0.034009,0.756949
1677105020,448302602,0.400577,0.698959,0.154691,0.653286,0.016276,0.035299,0.756113
1677105020,458590292,0.400464,0.698715,0.154654,0.654173,0.015196,0.037327,0.755270
1677105020,468370792,0.400060,0.698353,0.154524,0.655325,0.015349,0.037871,0.754241
1677105020,478392622,0.399957,0.697942,0.154418,0.656344,0.014805,0.039284,0.753293
1677105020,487469487,0.399984,0.697689,0.154247,0.657890,0.014267,0.040145,0.751908
1677105020,497789591,0.399965,0.697286,0.154114,0.658532,0.014000,0.039900,0.751364
1677105020,507971172,0.399971,0.697048,0.153963,0.659368,0.014272,0.039633,0.750640
1677105020,518419812,0.399955,0.696884,0.153869,0.660010,0.014743,0.039609,0.750067
1677105020,528257728,0.399967,0.696760,0.153768,0.660317,0.014817,0.039882,0.749781
1677105020,537654966,0.399907,0.696665,0.153671,0.660713,0.014584,0.040371,0.749410
1677105020,547796793,0.399854,0.696513,0.153584,0.661387,0.013624,0.042038,0.748742
1677105020,558703303,0.399426,0.696232,0.153408,0.662379,0.013133,0.042424,0.747852
1677105020,567970039,0.399071,0.695980,0.153229,0.663797,0.012332,0.044060,0.746512
1677105020,578059862,0.398704,0.695723,0.153058,0.665466,0.011271,0.045821,0.744935
1677105020,587770896,0.398278,0.695334,0.152924,0.666285,0.010841,0.047557,0.744100
1677105020,597980570,0.398019,0.695044,0.152822,0.667428,0.009630,0.049250,0.742982
1677105020,608528670,0.397686,0.694844,0.152667,0.668915,0.009181,0.050130,0.741590
1677105020,618841512,0.397576,0.694579,0.152564,0.669874,0.008379,0.051397,0.740647
1677105020,628763706,0.397448,0.694359,0.152470,0.670550,0.008378,0.052221,0.739977
1677105020,638728489,0.397419,0.694177,0.152346,0.671410,0.008080,0.052551,0.739176
1677105020,649129491,0.397314,0.694026,0.152221,0.672518,0.008516,0.052459,0.738170
1677105020,658899144,0.397344,0.693708,0.152076,0.673311,0.008269,0.051984,0.737483
1677105020,668071427,0.397415,0.693362,0.151888,0.674114,0.008378,0.051683,0.736769
1677105020,678439692,0.397519,0.693129,0.151723,0.675151,0.009025,0.051569,0.735819
1677105020,689036135,0.397620,0.692760,0.151550,0.675961,0.009375,0.050121,0.735171
1677105020,698176947,0.397969,0.692583,0.151432,0.677524,0.009441,0.049406,0.733778
1677105020,708762759,0.398242,0.692192,0.151333,0.678084,0.010504,0.048131,0.733331
1677105020,717927540,0.398534,0.692145,0.151285,0.679394,0.011411,0.046603,0.732203
1677105020,728491115,0.398912,0.692035,0.151247,0.679485,0.012523,0.045199,0.732188
1677105020,738274692,0.399331,0.692042,0.151213,0.680214,0.013295,0.043836,0.731581
1677105020,748534800,0.399686,0.691817,0.151157,0.680343,0.014473,0.042092,0.731541
1677105020,758377279,0.400051,0.691677,0.151117,0.680954,0.015444,0.041349,0.730995
1677105020,768608073,0.400382,0.691494,0.151019,0.681319,0.016056,0.040472,0.730690
1677105020,778522022,0.400518,0.691409,0.150909,0.682377,0.016822,0.039502,0.729739
1677105020,788524736,0.400649,0.691040,0.150747,0.682823,0.017215,0.038484,0.729366
1677105020,798268405,0.400837,0.690750,0.150633,0.684375,0.017770,0.038181,0.727913
1677105020,808176707,0.401047,0.690344,0.150544,0.685665,0.018008,0.037033,0.726752
1677105020,818595534,0.401175,0.690041,0.150450,0.686773,0.019014,0.035327,0.725764
1677105020,828478432,0.401623,0.689870,0.150358,0.687817,0.018989,0.034326,0.724824
1677105020,838447259,0.401878,0.689740,0.150304,0.688800,0.020025,0.032201,0.723959
1677105020,848412267,0.402178,0.689457,0.150163,0.689258,0.021149,0.030176,0.723579
1677105020,858378187,0.402528,0.689266,0.150088,0.690225,0.022055,0.028492,0.722697
1677105020,868192692,0.402894,0.688924,0.149977,0.690565,0.022734,0.027011,0.722408
1677105020,878500885,0.403054,0.688720,0.149909,0.691696,0.023813,0.024807,0.721369
1677105020,888824508,0.403457,0.688664,0.149880,0.693521,0.023857,0.024252,0.719633
1677105020,898163891,0.403598,0.688212,0.149764,0.693863,0.024903,0.023323,0.719299
1677105020,908248167,0.403643,0.688056,0.149675,0.695350,0.025364,0.022230,0.717879
1677105020,918072671,0.403676,0.687835,0.149596,0.696004,0.025297,0.021597,0.717267
1677105020,928115167,0.403643,0.687669,0.149487,0.696214,0.025234,0.021825,0.717059
1677105020,938387833,0.403494,0.687765,0.149413,0.697024,0.024641,0.021880,0.716290
1677105020,948463063,0.403208,0.687543,0.149368,0.696653,0.024540,0.022492,0.716636
1677105020,958500575,0.403028,0.687544,0.149332,0.697370,0.023631,0.024037,0.715918
1677105020,968576497,0.402820,0.687333,0.149295,0.697278,0.022632,0.025309,0.715997
1677105020,978520193,0.402380,0.687295,0.149264,0.698029,0.022349,0.025472,0.715267
1677105020,988191788,0.402255,0.687260,0.149211,0.698588,0.021306,0.027109,0.714693
1677105020,998067036,0.401997,0.687016,0.149141,0.698613,0.020807,0.027610,0.714664
1677105021,8424680,0.401821,0.686847,0.149042,0.699179,0.020453,0.027822,0.714112
1677105021,18485050,0.401735,0.686800,0.148995,0.700285,0.019857,0.027897,0.713042
1677105021,28130888,0.401670,0.686571,0.148875,0.700513,0.019965,0.028032,0.712810
1677105021,38625742,0.401608,0.686321,0.148746,0.700723,0.019993,0.027641,0.712617
1677105021,48227086,0.401627,0.686258,0.148644,0.701854,0.019675,0.027047,0.711536
1677105021,58402177,0.401643,0.686008,0.148531,0.702170,0.019734,0.026487,0.711243
1677105021,68744816,0.401790,0.685773,0.148491,0.702410,0.019721,0.026861,0.710992
1677105021,78586391,0.401871,0.685737,0.148406,0.703336,0.019650,0.026388,0.710096
1677105021,88854702,0.401891,0.685641,0.148332,0.703917,0.019514,0.025708,0.709549
1677105021,98629709,0.401882,0.685357,0.148292,0.704157,0.019770,0.025181,0.709323
1677105021,108524695,0.401892,0.685066,0.148188,0.704920,0.020441,0.024830,0.708558
1677105021,118336297,0.402094,0.684920,0.148127,0.706924,0.020071,0.024093,0.706594
1677105021,128255675,0.402168,0.684523,0.148074,0.708254,0.020661,0.022813,0.705286
1677105021,138434400,0.402351,0.684057,0.148007,0.709299,0.021162,0.021825,0.704251
1677105021,148067165,0.402517,0.683803,0.147953,0.710867,0.021441,0.020693,0.702695
1677105021,158082982,0.402640,0.683614,0.147892,0.711829,0.022077,0.019316,0.701739
1677105021,168623009,0.402836,0.683389,0.147815,0.712209,0.022122,0.018226,0.701382
1677105021,178433507,0.402906,0.683331,0.147739,0.712604,0.022804,0.017203,0.700985
1677105021,188582114,0.402963,0.683230,0.147704,0.712691,0.023146,0.016281,0.700907
1677105021,198576159,0.403103,0.683170,0.147745,0.712914,0.023136,0.016409,0.700678
1677105021,208347694,0.403114,0.683113,0.147758,0.712996,0.023397,0.016434,0.700585
1677105021,217988657,0.403116,0.683153,0.147788,0.713424,0.023112,0.016345,0.700161
1677105021,228686849,0.403124,0.683049,0.147789,0.713791,0.022723,0.016549,0.699795
1677105021,238387913,0.403093,0.682950,0.147777,0.714583,0.022513,0.017026,0.698981
1677105021,248650236,0.402994,0.682664,0.147782,0.715182,0.022653,0.016863,0.698368
1677105021,258501072,0.402985,0.682384,0.147778,0.716255,0.022512,0.016844,0.697272
1677105021,268266499,0.403069,0.682125,0.147767,0.717805,0.021875,0.016518,0.695704
1677105021,278476075,0.403095,0.681841,0.147756,0.718864,0.022227,0.015812,0.694616
1677105021,288174270,0.403237,0.681679,0.147752,0.719911,0.022340,0.014984,0.693545
1677105021,298470238,0.403395,0.681467,0.147746,0.719902,0.023315,0.014900,0.693524
1677105021,308028521,0.403519,0.681380,0.147727,0.720008,0.023750,0.013851,0.693421
1677105021,318353222,0.403599,0.681398,0.147733,0.720558,0.023941,0.012668,0.692865
1677105021,328681554,0.403832,0.681501,0.147737,0.721437,0.023428,0.012592,0.691970
1677105021,338427622,0.403806,0.681308,0.147700,0.721323,0.024039,0.012139,0.692075
1677105021,348819622,0.403846,0.681189,0.147670,0.721704,0.024074,0.011912,0.691680
1677105021,358907119,0.403891,0.681079,0.147626,0.722256,0.024066,0.011840,0.691106
1677105021,368401491,0.403889,0.680924,0.147590,0.722667,0.024161,0.011151,0.690684
1677105021,378706336,0.404009,0.680804,0.147552,0.723174,0.023989,0.011022,0.690161
1677105021,388060644,0.404084,0.680649,0.147521,0.723605,0.023977,0.010352,0.689720
1677105021,398548937,0.404193,0.680624,0.147545,0.724250,0.024107,0.010069,0.689043
1677105021,407963904,0.404198,0.680436,0.147535,0.724109,0.024637,0.009473,0.689180
1677105021,417720597,0.404273,0.680450,0.147574,0.724665,0.024697,0.009424,0.688594
1677105021,428354163,0.404290,0.680284,0.147622,0.724705,0.025009,0.009459,0.688541
1677105021,438281502,0.404410,0.680177,0.147686,0.725356,0.024436,0.009361,0.687877
1677105021,448173236,0.404415,0.679917,0.147745,0.726250,0.024787,0.009632,0.686916
1677105021,458440484,0.404489,0.679679,0.147821,0.727866,0.023850,0.008978,0.685245
1677105021,468180372,0.404392,0.679231,0.147843,0.728617,0.024046,0.008174,0.684451
1677105021,477812990,0.404515,0.679140,0.147912,0.730353,0.023634,0.008442,0.682608
1677105021,488817121,0.404517,0.679015,0.147913,0.730778,0.023769,0.008512,0.682148
1677105021,498328162,0.404443,0.679093,0.147918,0.730549,0.023800,0.008398,0.682394
1677105021,508302814,0.404291,0.679162,0.147873,0.729621,0.024132,0.008769,0.683369
1677105021,518343924,0.404181,0.679153,0.147830,0.729118,0.023794,0.009663,0.683906
1677105021,528706672,0.404117,0.679162,0.147813,0.729482,0.022495,0.010761,0.683545
1677105021,538378588,0.403913,0.679038,0.147785,0.729424,0.021985,0.011492,0.683612
1677105021,548477355,0.403769,0.679050,0.147814,0.729647,0.021839,0.012567,0.683360
1677105021,558450777,0.403713,0.679064,0.147772,0.729489,0.021667,0.013346,0.683519
1677105021,568331077,0.403718,0.679146,0.147775,0.729811,0.021682,0.013808,0.683165
1677105021,578267468,0.403734,0.678970,0.147748,0.729608,0.021765,0.013549,0.683385
1677105021,588062168,0.403750,0.678829,0.147734,0.729579,0.022286,0.012872,0.683412
1677105021,598228156,0.403951,0.678812,0.147706,0.729928,0.022747,0.013256,0.683017
1677105021,608535572,0.404140,0.678912,0.147720,0.730715,0.022374,0.012409,0.682203
1677105021,618509960,0.404165,0.678776,0.147707,0.730675,0.023238,0.011880,0.682227
1677105021,628404642,0.404233,0.678610,0.147658,0.730683,0.023618,0.012099,0.682201
1677105021,638032199,0.404275,0.678482,0.147641,0.730857,0.023191,0.012041,0.682031
1677105021,648348270,0.404169,0.678377,0.147703,0.731719,0.022797,0.011993,0.681120
1677105021,658717833,0.404022,0.678242,0.147715,0.732107,0.022253,0.012678,0.680708
1677105021,667930401,0.403905,0.678279,0.147723,0.733010,0.020896,0.013527,0.679763
1677105021,678486825,0.403659,0.678208,0.147729,0.732836,0.020163,0.014412,0.679954
1677105021,688492019,0.403274,0.678121,0.147661,0.732093,0.020195,0.014937,0.680741
1677105021,697949684,0.403128,0.678183,0.147645,0.731825,0.019199,0.015591,0.681044
1677105021,708042218,0.403065,0.678314,0.147647,0.732270,0.018385,0.016731,0.680560
1677105021,718354790,0.402929,0.678343,0.147659,0.732608,0.018069,0.017282,0.680192
1677105021,729076497,0.402864,0.678201,0.147625,0.732260,0.018051,0.017617,0.680558
1677105021,738601764,0.402800,0.678195,0.147616,0.732329,0.018182,0.017513,0.680483
1677105021,748474770,0.402870,0.678220,0.147590,0.732549,0.017794,0.017471,0.680257
1677105021,758096146,0.402854,0.678146,0.147570,0.732550,0.018077,0.017233,0.680255
1677105021,768889375,0.402913,0.678113,0.147564,0.732917,0.018282,0.017244,0.679853
1677105021,778523535,0.402935,0.677967,0.147568,0.732993,0.018587,0.016954,0.679771
1677105021,788277289,0.403038,0.677894,0.147587,0.733301,0.018640,0.017056,0.679435
1677105021,797808630,0.403018,0.677792,0.147629,0.733771,0.018477,0.016493,0.678945
1677105021,807757956,0.403153,0.677627,0.147618,0.733941,0.017548,0.016906,0.678776
1677105021,817670996,0.403025,0.677574,0.147582,0.734394,0.017945,0.017264,0.678266
1677105021,827891958,0.402948,0.677512,0.147568,0.734470,0.017611,0.017529,0.678186
1677105021,838024388,0.402872,0.677660,0.147583,0.734922,0.017366,0.017826,0.677695
1677105021,848346015,0.402807,0.677613,0.147561,0.734329,0.017048,0.017913,0.678343
1677105021,857959141,0.402788,0.677709,0.147607,0.734539,0.016964,0.018542,0.678101
1677105021,868779961,0.402785,0.677650,0.147615,0.734453,0.017048,0.018883,0.678182
1677105021,878391664,0.402839,0.677524,0.147598,0.734594,0.016763,0.018684,0.678042
1677105021,889091131,0.402895,0.677471,0.147586,0.735072,0.017047,0.018661,0.677518
1677105021,898970999,0.402967,0.677277,0.147571,0.735138,0.017278,0.018098,0.677456
1677105021,908471165,0.403068,0.677171,0.147615,0.736028,0.016799,0.017233,0.676523
1677105021,918311019,0.403079,0.676858,0.147647,0.736391,0.017380,0.017153,0.676116
1677105021,928638957,0.403176,0.676794,0.147681,0.737116,0.016695,0.016854,0.675350
1677105021,938405141,0.403133,0.676812,0.147657,0.737186,0.016921,0.016825,0.675268
1677105021,948284083,0.403095,0.676762,0.147587,0.736643,0.016750,0.016751,0.675867
1677105021,958423474,0.403039,0.676763,0.147561,0.736537,0.016634,0.017127,0.675976
1677105021,968771888,0.403031,0.676780,0.147557,0.736935,0.016430,0.017490,0.675537
1677105021,978674732,0.403073,0.676754,0.147562,0.737255,0.016133,0.017668,0.675191
1677105021,988673118,0.403112,0.676718,0.147568,0.737342,0.016183,0.017422,0.675101
1677105021,998219095,0.403155,0.676645,0.147557,0.737145,0.016589,0.016915,0.675319
1677105022,8197814,0.403357,0.676640,0.147552,0.737297,0.016571,0.016826,0.675155
1677105022,17995196,0.403416,0.676636,0.147548,0.737504,0.017171,0.016295,0.674927
1677105022,28434196,0.403596,0.676642,0.147541,0.737729,0.017312,0.016528,0.674672
1677105022,38570311,0.403641,0.676567,0.147540,0.737863,0.017821,0.016299,0.674518
1677105022,48718021,0.403738,0.676497,0.147534,0.737990,0.017886,0.016361,0.674377
1677105022,58643378,0.403847,0.676401,0.147535,0.737994,0.017569,0.016282,0.674382
1677105022,68384078,0.403803,0.676407,0.147562,0.738438,0.017977,0.015999,0.673892
1677105022,78725566,0.403826,0.676311,0.147581,0.738441,0.017549,0.015615,0.673909
1677105022,88221285,0.403824,0.676253,0.147581,0.738408,0.017497,0.015668,0.673945
1677105022,98085179,0.403827,0.676326,0.147596,0.738591,0.017517,0.015892,0.673738
1677105022,108342014,0.403862,0.676281,0.147564,0.738358,0.017427,0.016061,0.673993
1677105022,118547927,0.403905,0.676231,0.147546,0.738539,0.017349,0.015835,0.673802
1677105022,128559578,0.403879,0.676084,0.147519,0.738619,0.017866,0.015629,0.673705
1677105022,138230849,0.403966,0.676053,0.147544,0.739212,0.017715,0.015160,0.673069
1677105022,148677956,0.404042,0.676003,0.147567,0.739836,0.017301,0.014595,0.672407
1677105022,158491348,0.404005,0.675911,0.147579,0.740223,0.017723,0.014344,0.671975
1677105022,168611901,0.404015,0.675904,0.147558,0.740377,0.017452,0.014221,0.671815
1677105022,178595493,0.404111,0.675918,0.147509,0.740234,0.016356,0.014553,0.671993
1677105022,188605290,0.404044,0.675872,0.147475,0.739813,0.016280,0.014880,0.672451
1677105022,198287098,0.404026,0.675880,0.147450,0.739828,0.015895,0.015300,0.672434
1677105022,208374263,0.404020,0.675860,0.147484,0.740024,0.015515,0.015440,0.672224
1677105022,217942885,0.404022,0.675798,0.147491,0.739987,0.015957,0.015999,0.672241
1677105022,228575965,0.404056,0.675733,0.147492,0.740129,0.016210,0.015405,0.672093
1677105022,238527769,0.404193,0.675662,0.147480,0.740355,0.016600,0.015178,0.671840
1677105022,249031476,0.404397,0.675484,0.147440,0.740362,0.016445,0.014834,0.671844
1677105022,257964921,0.404474,0.675393,0.147417,0.740835,0.016624,0.013941,0.671336
1677105022,268028769,0.404611,0.675262,0.147437,0.741356,0.016133,0.013152,0.670789
1677105022,277965080,0.404752,0.675188,0.147426,0.741433,0.015705,0.012852,0.670720
1677105022,288436621,0.404822,0.675205,0.147393,0.741069,0.015723,0.012415,0.671130
1677105022,298430166,0.404834,0.675351,0.147362,0.740717,0.016384,0.012242,0.671505
1677105022,308026786,0.404849,0.675574,0.147355,0.740976,0.016307,0.011393,0.671237
1677105022,317729619,0.404860,0.675533,0.147305,0.740954,0.016640,0.011032,0.671259
1677105022,328122655,0.404924,0.675446,0.147290,0.741310,0.016390,0.010652,0.670878
1677105022,337621191,0.405009,0.675282,0.147275,0.741142,0.016551,0.010471,0.671062
1677105022,347879581,0.405138,0.675285,0.147298,0.741271,0.016685,0.010378,0.670919
1677105022,358359919,0.405207,0.675378,0.147319,0.741569,0.017018,0.009924,0.670587
1677105022,367954464,0.405302,0.675151,0.147294,0.741155,0.017266,0.009502,0.671045
1677105022,378718371,0.405510,0.675190,0.147329,0.742068,0.017018,0.009757,0.670038
1677105022,388503136,0.405558,0.674942,0.147302,0.742185,0.017561,0.009400,0.669899
1677105022,398609846,0.405526,0.674857,0.147335,0.742934,0.017851,0.008494,0.669073
1677105022,408481088,0.405510,0.674778,0.147345,0.743445,0.017946,0.007705,0.668511
1677105022,418620034,0.405714,0.674671,0.147381,0.743524,0.016957,0.007633,0.668450
1677105022,428784423,0.405763,0.674514,0.147393,0.743271,0.016809,0.007235,0.668740
1677105022,438405576,0.405823,0.674486,0.147444,0.743602,0.016326,0.006679,0.668390
1677105022,448301238,0.405987,0.674310,0.147464,0.743870,0.015741,0.006352,0.668109
1677105022,458315558,0.405948,0.673946,0.147422,0.743772,0.016193,0.005157,0.668217
1677105022,467779226,0.406155,0.673844,0.147444,0.744902,0.015982,0.005099,0.666963
1677105022,478350634,0.406167,0.673737,0.147427,0.745440,0.016847,0.004315,0.666346
1677105022,488468857,0.406246,0.673675,0.147462,0.745791,0.017402,0.003957,0.665941
1677105022,498503228,0.406343,0.673660,0.147490,0.746047,0.017646,0.003745,0.665649
1677105022,508206746,0.406393,0.673584,0.147543,0.746090,0.017518,0.003266,0.665606
1677105022,518093668,0.406442,0.673413,0.147574,0.745873,0.017338,0.003278,0.665855
1677105022,528705350,0.406395,0.673355,0.147598,0.746118,0.017398,0.002906,0.665580
1677105022,538312351,0.406473,0.673210,0.147574,0.746188,0.016521,0.002888,0.665524
1677105022,548756227,0.406565,0.673085,0.147577,0.746144,0.015661,0.002738,0.665595
1677105022,558519842,0.406558,0.673056,0.147601,0.746324,0.015359,0.002181,0.665402
1677105022,568986650,0.406657,0.673034,0.147625,0.746587,0.014784,0.001830,0.665121
1677105022,578349263,0.406670,0.672906,0.147685,0.746663,0.014970,0.001727,0.665032
1677105022,588160095,0.406774,0.672834,0.147739,0.747289,0.014459,0.001633,0.664340
1677105022,598042151,0.406617,0.672727,0.147760,0.747720,0.015356,0.001677,0.663835
1677105022,608178896,0.406581,0.672621,0.147776,0.748250,0.016028,0.002007,0.663221
1677105022,618809208,0.406563,0.672618,0.147849,0.749062,0.015628,0.001817,0.662313
1677105022,627879238,0.406473,0.672514,0.147892,0.749271,0.015512,0.001611,0.662080
1677105022,637962534,0.406501,0.672512,0.147960,0.749560,0.015109,0.002249,0.661761
1677105022,648094481,0.406402,0.672445,0.147986,0.749493,0.014825,0.002371,0.661842
1677105022,657800072,0.406478,0.672392,0.148009,0.749662,0.013590,0.002934,0.661675
1677105022,667870035,0.406314,0.672248,0.147994,0.749581,0.014149,0.003462,0.661753
1677105022,678050688,0.406180,0.672089,0.148003,0.749783,0.014209,0.003599,0.661522
1677105022,688186479,0.406065,0.672070,0.148062,0.750653,0.014513,0.003837,0.660526
1677105022,698627191,0.406110,0.671862,0.148093,0.750940,0.013910,0.003995,0.660212
1677105022,708209243,0.406092,0.671754,0.148144,0.751495,0.013971,0.003896,0.659579
1677105022,718338418,0.406156,0.671716,0.148206,0.752303,0.013554,0.003499,0.658669
1677105022,728431805,0.406142,0.671449,0.148199,0.752041,0.014127,0.003333,0.658956
1677105022,738632095,0.406211,0.671260,0.148239,0.752103,0.014325,0.003476,0.658881
1677105022,748201955,0.406304,0.671216,0.148321,0.752573,0.013954,0.003322,0.658353
1677105022,758595066,0.406218,0.670990,0.148337,0.752468,0.014554,0.003351,0.658460
1677105022,769247294,0.406328,0.671000,0.148417,0.753573,0.013738,0.003569,0.657210
1677105022,778481837,0.406152,0.670807,0.148449,0.753797,0.014195,0.003569,0.656945
1677105022,788026936,0.406077,0.670724,0.148487,0.754267,0.014244,0.004059,0.656401
1677105022,797803699,0.405987,0.670611,0.148531,0.754398,0.014208,0.004194,0.656250
1677105022,808104118,0.405941,0.670527,0.148555,0.754430,0.013993,0.004250,0.656218
1677105022,817683109,0.405900,0.670439,0.148562,0.754414,0.014145,0.004404,0.656232
1677105022,827757873,0.405957,0.670362,0.148595,0.754487,0.013479,0.004170,0.656163
1677105022,838323674,0.406019,0.670320,0.148644,0.754935,0.013276,0.004112,0.655652
1677105022,848409299,0.405992,0.670201,0.148727,0.755353,0.013692,0.003865,0.655164
1677105022,858842047,0.406025,0.670059,0.148771,0.755853,0.013810,0.003693,0.654585
1677105022,868062113,0.406134,0.669885,0.148866,0.756562,0.013281,0.003665,0.653777
1677105022,878209094,0.406090,0.669640,0.148928,0.757089,0.013498,0.003272,0.653164
1677105022,888166309,0.406056,0.669481,0.149032,0.758120,0.013679,0.003087,0.651964
1677105022,898737248,0.406139,0.669164,0.149073,0.758519,0.013409,0.003722,0.651502
1677105022,908213760,0.406094,0.669143,0.149166,0.759800,0.013476,0.003398,0.650008
1677105022,917890359,0.406086,0.668854,0.149210,0.759887,0.013693,0.003558,0.649901
1677105022,928597092,0.406134,0.668704,0.149264,0.760237,0.013582,0.003717,0.649493
1677105022,938023912,0.406103,0.668594,0.149317,0.760513,0.013782,0.003236,0.649168
1677105022,948563049,0.406152,0.668457,0.149403,0.760933,0.013633,0.003109,0.648679
1677105022,958927508,0.406121,0.668331,0.149464,0.761536,0.013784,0.003008,0.647969
1677105022,968544411,0.406019,0.668093,0.149505,0.761989,0.014453,0.002931,0.647423
1677105022,978279260,0.406153,0.667798,0.149563,0.762496,0.013937,0.003795,0.646832
1677105022,988828616,0.406119,0.667696,0.149732,0.764000,0.013889,0.003391,0.645057
1677105022,998095779,0.406201,0.667344,0.149844,0.764701,0.013396,0.003730,0.644235
1677105023,8255547,0.406134,0.667069,0.149963,0.765644,0.013532,0.003254,0.643114
1677105023,18044813,0.406102,0.666720,0.150067,0.766301,0.014019,0.003510,0.642320
1677105023,28955250,0.406192,0.666417,0.150147,0.766950,0.013989,0.003992,0.641542
1677105023,38322912,0.406105,0.666247,0.150267,0.767943,0.014432,0.003558,0.640346
1677105023,48426828,0.406183,0.665984,0.150308,0.768237,0.014462,0.003778,0.639991
1677105023,58595594,0.406211,0.665830,0.150411,0.768787,0.014310,0.003522,0.639335
1677105023,68468363,0.406205,0.665764,0.150528,0.769386,0.014332,0.003303,0.638614
1677105023,78417356,0.406207,0.665599,0.150571,0.769503,0.014672,0.003546,0.638465
1677105023,88823530,0.406134,0.665530,0.150676,0.770225,0.015327,0.003946,0.637576
1677105023,98444974,0.406193,0.665328,0.150730,0.770662,0.014983,0.003851,0.637056
1677105023,108516142,0.406294,0.665086,0.150810,0.771158,0.014773,0.004167,0.636459
1677105023,118358297,0.406325,0.664875,0.150900,0.771952,0.015248,0.004290,0.635483
1677105023,128477419,0.406314,0.664740,0.151070,0.773284,0.015314,0.003319,0.633867
1677105023,138114301,0.406417,0.664409,0.151204,0.773803,0.015722,0.003393,0.633222
1677105023,148570383,0.406409,0.664201,0.151376,0.774679,0.016170,0.003148,0.632141
1677105023,158561358,0.406523,0.663978,0.151559,0.775177,0.015478,0.003098,0.631547
1677105023,168660644,0.406460,0.663824,0.151730,0.775540,0.015840,0.003109,0.631092
1677105023,178640727,0.406429,0.663604,0.151863,0.775556,0.015567,0.003426,0.631077
1677105023,188546752,0.406364,0.663609,0.152078,0.776330,0.015280,0.003965,0.630129
1677105023,198704682,0.406463,0.663608,0.152255,0.777084,0.014000,0.004719,0.629223
1677105023,208290803,0.406294,0.663412,0.152357,0.777372,0.014190,0.004474,0.628866
1677105023,218218857,0.406288,0.663205,0.152486,0.777944,0.014410,0.005587,0.628143
1677105023,228313740,0.406173,0.663072,0.152607,0.778746,0.014281,0.004762,0.627159
1677105023,238443669,0.406162,0.663005,0.152710,0.779603,0.014590,0.005245,0.626083
1677105023,248671080,0.406237,0.662930,0.152828,0.780270,0.014552,0.005479,0.625249
1677105023,258501611,0.406186,0.662817,0.152869,0.780392,0.015058,0.005344,0.625086
1677105023,268421988,0.406396,0.662948,0.153043,0.781343,0.013902,0.005638,0.623922
1677105023,278790651,0.406282,0.662886,0.153137,0.781594,0.014692,0.005421,0.623591
1677105023,288465165,0.406208,0.662741,0.153221,0.781508,0.015215,0.005947,0.623682
1677105023,298518394,0.406152,0.662913,0.153425,0.782570,0.015529,0.006815,0.622331
1677105023,307867913,0.406153,0.662933,0.153586,0.783040,0.015442,0.007626,0.621733
1677105023,318679300,0.406111,0.662961,0.153728,0.783374,0.015489,0.008126,0.621304
1677105023,328343847,0.406039,0.663004,0.153927,0.783842,0.015686,0.008215,0.620708
1677105023,338461770,0.406015,0.663061,0.154124,0.784229,0.015790,0.008256,0.620216
1677105023,348559819,0.406121,0.663018,0.154316,0.784340,0.015837,0.008894,0.620065
1677105023,358505516,0.406118,0.663111,0.154596,0.785158,0.016171,0.008673,0.619024
1677105023,368660044,0.406191,0.663122,0.154868,0.785655,0.016259,0.008765,0.618389
1677105023,378646199,0.406231,0.663193,0.155221,0.786495,0.016781,0.009117,0.617301
1677105023,388113488,0.406248,0.663097,0.155520,0.786505,0.017031,0.009178,0.617281
1677105023,398197584,0.406251,0.663250,0.155951,0.787209,0.016852,0.008705,0.616395
1677105023,408133927,0.406347,0.663332,0.156395,0.787304,0.016264,0.009345,0.616280
1677105023,418576967,0.406263,0.663423,0.156824,0.787618,0.016624,0.010031,0.615858
1677105023,428237869,0.406302,0.663507,0.157317,0.788122,0.016046,0.010476,0.615221
1677105023,438786718,0.406280,0.663486,0.157832,0.788689,0.015909,0.010729,0.614493
1677105023,448431015,0.406319,0.663435,0.158345,0.789370,0.016074,0.010961,0.613609
1677105023,458152299,0.406439,0.663388,0.158895,0.790258,0.015677,0.010577,0.612483
1677105023,468367626,0.406560,0.663099,0.159433,0.790378,0.016363,0.010035,0.612319
1677105023,478573656,0.406918,0.662853,0.159976,0.790780,0.016270,0.009214,0.611815
1677105023,488259909,0.407272,0.662724,0.160607,0.791609,0.017120,0.008829,0.610725
1677105023,498659882,0.407586,0.662580,0.161203,0.792286,0.017916,0.007077,0.609846
1677105023,508200631,0.407984,0.662453,0.161834,0.792569,0.018671,0.005984,0.609467
1677105023,518397452,0.408202,0.662449,0.162484,0.792993,0.019811,0.004862,0.608889
1677105023,528759911,0.408576,0.662294,0.163146,0.792744,0.019407,0.004441,0.609230
1677105023,538735665,0.408601,0.662160,0.163826,0.792500,0.020130,0.004191,0.609525
1677105023,548906859,0.408748,0.662106,0.164576,0.792657,0.019276,0.005041,0.609342
1677105023,558839027,0.408642,0.661911,0.165316,0.792590,0.018450,0.005681,0.609449
1677105023,569171717,0.408478,0.661694,0.166043,0.792804,0.017369,0.006681,0.609193
1677105023,578448478,0.408365,0.661542,0.166858,0.793527,0.016009,0.008155,0.608270
1677105023,588165747,0.408242,0.661277,0.167603,0.793738,0.014595,0.009289,0.608014
1677105023,598462077,0.408145,0.661035,0.168318,0.793750,0.014004,0.010994,0.607983
1677105023,608280099,0.408013,0.660870,0.169031,0.793575,0.013701,0.011058,0.608218
1677105023,618281179,0.408109,0.660802,0.169765,0.793809,0.012990,0.011088,0.607927
1677105023,628564470,0.408251,0.660616,0.170458,0.793805,0.013118,0.010933,0.607933
1677105023,638748667,0.408484,0.660309,0.171097,0.793647,0.013183,0.010477,0.608146
1677105023,648334880,0.408712,0.660035,0.171799,0.793814,0.013405,0.009681,0.607936
1677105023,659208076,0.409007,0.659835,0.172506,0.794440,0.013325,0.009123,0.607128
1677105023,668263886,0.409114,0.659493,0.173167,0.794890,0.014171,0.007878,0.606537
1677105023,678335498,0.409346,0.659155,0.173796,0.795667,0.014355,0.007091,0.605522
1677105023,688510468,0.409530,0.658845,0.174421,0.796564,0.015083,0.006713,0.604329
1677105023,698757986,0.409673,0.658521,0.175021,0.797386,0.015859,0.005699,0.603234
1677105023,708330492,0.409838,0.658149,0.175546,0.797538,0.016718,0.004910,0.603016
1677105023,718370581,0.410073,0.657865,0.176098,0.797858,0.017041,0.004284,0.602589
1677105023,728475195,0.410229,0.657748,0.176652,0.798673,0.017511,0.003976,0.601497
1677105023,738465497,0.410370,0.657451,0.177096,0.798924,0.017604,0.003627,0.601163
1677105023,748385691,0.410391,0.657180,0.177541,0.799375,0.017641,0.003382,0.600563
1677105023,758286598,0.410308,0.657015,0.178036,0.800293,0.017592,0.003221,0.599342
1677105023,769130349,0.410197,0.656753,0.178403,0.800622,0.017339,0.003574,0.598908
1677105023,778675914,0.410064,0.656490,0.178744,0.801007,0.016684,0.003576,0.598411
1677105023,788536133,0.409911,0.656383,0.179127,0.802015,0.016207,0.004077,0.597071
1677105023,798648455,0.409828,0.656086,0.179445,0.802641,0.015714,0.004808,0.596236
1677105023,808423409,0.409748,0.655799,0.179714,0.803214,0.015581,0.005323,0.595462
1677105023,818771239,0.409609,0.655605,0.180011,0.803956,0.015710,0.004921,0.594461
1677105023,828705717,0.409607,0.655572,0.180343,0.804646,0.016051,0.005260,0.593515
1677105023,838438738,0.409608,0.655563,0.180663,0.804788,0.016120,0.004794,0.593324
1677105023,848735382,0.409555,0.655535,0.180917,0.804299,0.017076,0.004860,0.593959
1677105023,858412882,0.409560,0.655604,0.181244,0.804105,0.017205,0.005031,0.594217
1677105023,868298605,0.409500,0.655654,0.181520,0.803933,0.017486,0.005326,0.594439
1677105023,878322751,0.409430,0.655738,0.181850,0.803950,0.017259,0.005598,0.594421
1677105023,888632551,0.409311,0.655698,0.182115,0.803587,0.017244,0.006540,0.594901
1677105023,898036412,0.409184,0.655810,0.182457,0.803780,0.017095,0.007119,0.594639
1677105023,908218166,0.409125,0.655852,0.182788,0.803724,0.016960,0.007849,0.594709
1677105023,918168576,0.408976,0.655893,0.183140,0.803605,0.017516,0.007361,0.594859
1677105023,928302099,0.409029,0.656080,0.183568,0.803972,0.018250,0.007853,0.594335
1677105023,938340960,0.409156,0.656063,0.184003,0.803712,0.018646,0.007168,0.594684
1677105023,948487312,0.409400,0.656070,0.184482,0.803736,0.019128,0.006668,0.594641
1677105023,958438283,0.409490,0.656065,0.185006,0.803822,0.020427,0.006019,0.594489
1677105023,968942766,0.409692,0.656033,0.185607,0.804132,0.020560,0.005412,0.594070
1677105023,978600855,0.409802,0.655982,0.186259,0.804468,0.021006,0.005461,0.593600
1677105023,988606536,0.409727,0.655953,0.186929,0.804920,0.021112,0.005412,0.592983
1677105023,998261091,0.409650,0.655975,0.187680,0.805573,0.020740,0.006012,0.592103
1677105024,8290030,0.409438,0.655852,0.188417,0.805473,0.020626,0.006734,0.592235
1677105024,18592501,0.409330,0.656006,0.189320,0.806128,0.019428,0.007235,0.591378
1677105024,28813264,0.409253,0.656059,0.190227,0.806238,0.018797,0.008708,0.591228
1677105024,39089501,0.409068,0.656110,0.191158,0.806147,0.018764,0.009646,0.591340
1677105024,48994630,0.408911,0.656193,0.192107,0.806283,0.018792,0.009972,0.591147
1677105024,58619334,0.408840,0.656250,0.193091,0.806408,0.018853,0.010272,0.590970
1677105024,68781223,0.408971,0.656258,0.194104,0.806474,0.018249,0.010953,0.590886
1677105024,79098212,0.408992,0.656329,0.195159,0.806879,0.018481,0.010766,0.590330
1677105024,88669305,0.409185,0.656356,0.196225,0.806945,0.018188,0.011147,0.590241
1677105024,98497613,0.409213,0.656321,0.197310,0.806968,0.018828,0.011076,0.590191
1677105024,108406544,0.409257,0.656388,0.198400,0.807179,0.019409,0.011425,0.589877
1677105024,118507373,0.409148,0.656443,0.199492,0.807176,0.020410,0.011307,0.589849
1677105024,128789155,0.409257,0.656630,0.200626,0.807661,0.019939,0.012281,0.589182
1677105024,139029274,0.409128,0.656637,0.201625,0.807226,0.020254,0.013119,0.589749
1677105024,149003833,0.408987,0.656855,0.202678,0.807218,0.019991,0.013934,0.589751
1677105024,158431740,0.408804,0.657201,0.203706,0.806873,0.019664,0.015392,0.590197
1677105024,168946471,0.408560,0.657548,0.204710,0.805836,0.019173,0.016851,0.591588
1677105024,178763776,0.408302,0.657771,0.205597,0.804406,0.018575,0.018184,0.593511
1677105024,188765685,0.408120,0.658295,0.206666,0.804607,0.017753,0.019912,0.593208
1677105024,198634289,0.407863,0.658516,0.207608,0.804427,0.017615,0.021232,0.593411
1677105024,208674516,0.407629,0.658616,0.208537,0.804576,0.018157,0.022460,0.593147
1677105024,218508232,0.407616,0.658533,0.209417,0.804713,0.017897,0.023685,0.592921
1677105024,228186966,0.407546,0.658540,0.210325,0.805673,0.017959,0.023169,0.591634
1677105024,238625688,0.407646,0.658376,0.211191,0.806008,0.018370,0.023403,0.591156
1677105024,248303724,0.407694,0.658314,0.212027,0.806317,0.019277,0.022377,0.590746
1677105024,258018405,0.407777,0.658246,0.212828,0.806124,0.020830,0.021314,0.590995
1677105024,267761323,0.407734,0.657944,0.213449,0.804781,0.023025,0.019678,0.592799
1677105024,278219752,0.407578,0.657776,0.214147,0.803953,0.026167,0.018720,0.593823
1677105024,287848124,0.408587,0.658588,0.215423,0.807040,0.022634,0.020194,0.589717
1677105024,297861372,0.408631,0.658515,0.216155,0.807038,0.023491,0.020206,0.589686
1677105024,308387627,0.408619,0.658465,0.216921,0.807234,0.023663,0.020143,0.589412
1677105024,318121060,0.408715,0.658478,0.217729,0.807895,0.022616,0.019915,0.588556
1677105024,328642880,0.408564,0.658189,0.218430,0.807780,0.022940,0.019336,0.588720
1677105024,338085693,0.408570,0.657902,0.219210,0.808183,0.022852,0.019612,0.588161
1677105024,348317578,0.408699,0.657694,0.220002,0.809078,0.022229,0.020156,0.586935
1677105024,358412694,0.408748,0.657375,0.220750,0.809548,0.021268,0.019747,0.586336
1677105024,368649326,0.408759,0.657339,0.221545,0.810318,0.020893,0.020553,0.585257
1677105024,378420094,0.408597,0.657129,0.222196,0.809576,0.021090,0.020931,0.586262
1677105024,388491401,0.408523,0.657335,0.223041,0.810069,0.020117,0.021091,0.585610
1677105024,398038330,0.408375,0.657354,0.223763,0.809567,0.019926,0.021087,0.586310
1677105024,408425161,0.408384,0.657359,0.224493,0.809061,0.019487,0.021637,0.587003
1677105024,417879030,0.408404,0.657341,0.225228,0.809058,0.019865,0.022147,0.586975
1677105024,427951376,0.408512,0.657339,0.225994,0.809919,0.019803,0.021581,0.585809
1677105024,438125192,0.408631,0.657117,0.226634,0.810392,0.020842,0.021720,0.585114
1677105024,449274369,0.408865,0.657038,0.227331,0.811424,0.021320,0.020717,0.583702
1677105024,459620520,0.408975,0.656764,0.227891,0.811485,0.022859,0.019964,0.583584
1677105024,469221785,0.409276,0.656779,0.228571,0.812184,0.023021,0.019011,0.582637
1677105024,478592925,0.409585,0.656791,0.229224,0.812345,0.023368,0.018937,0.582401
1677105024,488463124,0.409788,0.656810,0.229887,0.812408,0.023364,0.018351,0.582332
1677105024,497731676,0.409820,0.656759,0.230487,0.812002,0.024031,0.017927,0.582884
1677105024,508031578,0.409989,0.656878,0.231198,0.812113,0.023468,0.018416,0.582737
1677105024,517922189,0.409887,0.656785,0.231801,0.811361,0.023688,0.018159,0.583783
1677105024,528537575,0.410001,0.656892,0.232481,0.811201,0.022940,0.018798,0.584014
1677105024,538105128,0.409999,0.656990,0.233114,0.811011,0.022610,0.019282,0.584276
1677105024,548470764,0.409938,0.656980,0.233683,0.810731,0.022701,0.019859,0.584641
1677105024,558796824,0.409957,0.656960,0.234293,0.810767,0.022240,0.020306,0.584594
1677105024,568565553,0.410102,0.657012,0.234939,0.811281,0.021687,0.021258,0.583867
1677105024,579149933,0.410208,0.657042,0.235592,0.811543,0.021399,0.021535,0.583504
1677105024,588396005,0.410208,0.657141,0.236262,0.811872,0.022042,0.021854,0.583009
1677105024,598453159,0.410441,0.657105,0.236891,0.811571,0.021423,0.022021,0.583445
1677105024,608015628,0.410576,0.657224,0.237607,0.811678,0.021991,0.022022,0.583276
1677105024,618116208,0.410814,0.657317,0.238329,0.811792,0.022405,0.021603,0.583117
1677105024,628770260,0.411105,0.657406,0.239072,0.811800,0.023237,0.021405,0.583080
1677105024,638218392,0.411442,0.657386,0.239788,0.811426,0.024055,0.020907,0.583586
1677105024,648978343,0.411703,0.657658,0.240574,0.811953,0.025375,0.019998,0.582829
1677105024,658472800,0.412188,0.657743,0.241296,0.811738,0.025388,0.019906,0.583130
1677105024,668837438,0.412452,0.657951,0.242011,0.811833,0.026358,0.019696,0.582962
1677105024,678421988,0.412713,0.658024,0.242749,0.811679,0.026535,0.019512,0.583174
1677105024,688745337,0.412821,0.658028,0.243430,0.811597,0.026696,0.019211,0.583291
1677105024,698337019,0.412896,0.657985,0.244066,0.811590,0.026860,0.020246,0.583259
1677105024,708062255,0.412768,0.657874,0.244664,0.811293,0.026969,0.020413,0.583661
1677105024,718306551,0.412639,0.657863,0.245221,0.811122,0.026947,0.020916,0.583881
1677105024,728249935,0.412335,0.657834,0.245693,0.810279,0.027674,0.021036,0.585013
1677105024,737893983,0.412143,0.658028,0.246209,0.809741,0.028347,0.021716,0.585700
1677105024,748256916,0.412726,0.658896,0.247248,0.812002,0.025074,0.024791,0.582589
1677105024,758232628,0.412726,0.659298,0.247873,0.812489,0.025409,0.025104,0.581881
1677105024,768992971,0.412805,0.659355,0.248326,0.812182,0.025807,0.025471,0.582276
1677105024,778413763,0.412812,0.659447,0.248808,0.812316,0.026797,0.025314,0.582051
1677105024,788681157,0.413038,0.659563,0.249333,0.812932,0.026521,0.025076,0.581213
1677105024,798473324,0.413126,0.659502,0.249820,0.812941,0.026929,0.024798,0.581195
1677105024,808261541,0.413317,0.659494,0.250330,0.813160,0.026637,0.025239,0.580883
1677105024,818953804,0.413326,0.659727,0.250901,0.813803,0.026898,0.025870,0.579941
1677105024,828788633,0.413100,0.659999,0.251454,0.814254,0.027815,0.026029,0.579258
1677105024,838505906,0.413173,0.659386,0.251769,0.811622,0.025744,0.025896,0.583041
1677105024,848345595,0.413402,0.659493,0.252233,0.810955,0.022731,0.025402,0.584114
1677105024,858677426,0.413339,0.659282,0.252642,0.809888,0.022303,0.025797,0.585593
1677105024,868219944,0.413337,0.659446,0.253218,0.810407,0.021702,0.026258,0.584877
1677105024,878630298,0.413004,0.659575,0.253858,0.811447,0.024046,0.027854,0.583266
1677105024,888656726,0.413000,0.659627,0.254380,0.811833,0.023792,0.027765,0.582744
1677105024,898530553,0.412992,0.659624,0.254903,0.812066,0.023713,0.027666,0.582427
1677105024,908471878,0.412946,0.659534,0.255393,0.811961,0.024095,0.027422,0.582569
1677105024,918437320,0.413044,0.659564,0.255941,0.812402,0.023860,0.027475,0.581961
1677105024,928619029,0.413062,0.659431,0.256403,0.812194,0.024168,0.027632,0.582232
1677105024,938480372,0.413197,0.659469,0.256897,0.812143,0.023830,0.028051,0.582296
1677105024,948983050,0.413153,0.659709,0.257403,0.812223,0.024347,0.028218,0.582155
1677105024,958340522,0.413276,0.659758,0.257805,0.811087,0.022079,0.026252,0.583919
1677105024,969168906,0.413254,0.659897,0.258209,0.810548,0.021473,0.026764,0.584666
1677105024,978288471,0.413057,0.660208,0.258737,0.810810,0.021453,0.027085,0.584289
1677105024,988377482,0.412818,0.660177,0.259105,0.810040,0.021531,0.027413,0.585337
1677105024,998596936,0.412723,0.660353,0.259611,0.810563,0.020597,0.027470,0.584644
1677105025,8677330,0.412611,0.660274,0.260020,0.810496,0.020034,0.027778,0.584742
1677105025,18649622,0.412359,0.660144,0.260409,0.810331,0.020472,0.027593,0.584965
1677105025,28332919,0.412359,0.660106,0.260843,0.810183,0.019980,0.028284,0.585153
1677105025,38680207,0.412356,0.660188,0.261326,0.810188,0.019703,0.028487,0.585145
1677105025,48816738,0.412331,0.660331,0.261828,0.810197,0.019919,0.028747,0.585113
1677105025,58805962,0.412465,0.660431,0.262323,0.810134,0.019256,0.028787,0.585221
1677105025,68446856,0.412598,0.660396,0.262786,0.809662,0.019046,0.028969,0.585871
1677105025,78507549,0.412741,0.660431,0.263298,0.809481,0.019005,0.029326,0.586105
1677105025,88141198,0.412865,0.660458,0.263856,0.809328,0.018512,0.028902,0.586354
1677105025,97770249,0.413032,0.660506,0.264453,0.809094,0.017944,0.029107,0.586684
1677105025,108233579,0.413214,0.660524,0.265049,0.808662,0.017341,0.029357,0.587285
1677105025,118632642,0.413314,0.660678,0.265736,0.808748,0.016832,0.029444,0.587177
1677105025,128389032,0.413454,0.660612,0.266311,0.808036,0.016690,0.029908,0.588136
1677105025,138200068,0.413591,0.660742,0.266979,0.807920,0.016266,0.030264,0.588290
1677105025,148300459,0.413742,0.660693,0.267601,0.807200,0.015840,0.030498,0.589276
1677105025,158184386,0.413860,0.660819,0.268273,0.807146,0.015538,0.030372,0.589365
1677105025,168399814,0.414025,0.660809,0.268923,0.806449,0.015115,0.030932,0.590301
1677105025,178450131,0.414178,0.660872,0.269619,0.806430,0.014326,0.030691,0.590359
1677105025,188016174,0.413476,0.661159,0.270466,0.807802,0.019938,0.030731,0.588315
1677105025,198001013,0.413711,0.661152,0.271125,0.807853,0.019425,0.030647,0.588266
1677105025,208301471,0.413790,0.661234,0.271757,0.808147,0.019975,0.030216,0.587866
1677105025,218043706,0.413921,0.661252,0.272315,0.807653,0.020596,0.030502,0.588508
1677105025,228678985,0.414080,0.661525,0.272942,0.807930,0.020315,0.030115,0.588158
1677105025,238420619,0.414223,0.661695,0.273526,0.807793,0.020438,0.030693,0.588311
1677105025,248510403,0.414281,0.661773,0.274039,0.807503,0.020288,0.030412,0.588730
1677105025,258160897,0.414429,0.662006,0.274650,0.807860,0.019792,0.031190,0.588216
1677105025,268507638,0.414370,0.661934,0.275083,0.807169,0.020436,0.031301,0.589136
1677105025,278583986,0.414484,0.662132,0.275620,0.807269,0.020122,0.031696,0.588988
1677105025,288332509,0.414456,0.662387,0.276169,0.807299,0.020831,0.031787,0.588918
1677105025,298941212,0.414637,0.662622,0.276671,0.807145,0.020846,0.032189,0.589107
1677105025,308626447,0.414808,0.662841,0.277184,0.807022,0.020901,0.032130,0.589276
1677105025,318320414,0.414835,0.662950,0.277677,0.806706,0.022032,0.031964,0.589676
1677105025,328815850,0.415098,0.663124,0.278244,0.806862,0.021725,0.032124,0.589465
1677105025,338494681,0.415148,0.663150,0.278769,0.806498,0.022194,0.031906,0.589958
1677105025,348417978,0.415329,0.663356,0.279342,0.806775,0.021477,0.031895,0.589607
1677105025,358731875,0.415313,0.663599,0.279932,0.807135,0.021613,0.032188,0.589092
1677105025,368774432,0.415253,0.663714,0.280428,0.806885,0.021343,0.032553,0.589425
1677105025,378852900,0.415166,0.663849,0.280873,0.806308,0.021186,0.033450,0.590170
1677105025,388880588,0.415036,0.664166,0.281384,0.806333,0.021320,0.034491,0.590070
1677105025,398652368,0.415540,0.663950,0.281614,0.804267,0.017030,0.035080,0.592987
1677105025,408298193,0.414902,0.664490,0.282299,0.806152,0.020512,0.035181,0.590305
1677105025,418286811,0.415423,0.664296,0.282540,0.804708,0.016563,0.035291,0.592389
1677105025,428871456,0.414894,0.664685,0.283214,0.806447,0.020399,0.035584,0.589883
1677105025,438483098,0.414870,0.664695,0.283590,0.806420,0.020712,0.035428,0.589918
1677105025,448330572,0.414855,0.664694,0.283956,0.806292,0.020657,0.034819,0.590131
1677105025,458200801,0.414894,0.664706,0.284272,0.806120,0.020605,0.034932,0.590361
1677105025,467861469,0.414863,0.664944,0.284695,0.806637,0.020627,0.035077,0.589644
1677105025,478215185,0.414753,0.664920,0.285032,0.806207,0.020864,0.035102,0.590223
1677105025,488297615,0.414752,0.665006,0.285401,0.806223,0.020466,0.035432,0.590195
1677105025,498999804,0.414716,0.665092,0.285769,0.806328,0.020113,0.036049,0.590027
1677105025,509164680,0.414572,0.665158,0.286085,0.806278,0.020503,0.036727,0.590040
1677105025,518921448,0.414409,0.665134,0.286340,0.805897,0.020584,0.036349,0.590581
1677105025,528842762,0.414388,0.665140,0.286583,0.805809,0.020207,0.036343,0.590714
1677105025,538359864,0.414388,0.665190,0.286854,0.806241,0.020076,0.036509,0.590119
1677105025,549179286,0.414380,0.665105,0.287106,0.806387,0.019887,0.036076,0.589952
1677105025,558401394,0.414358,0.664920,0.287272,0.806200,0.020142,0.036013,0.590202
1677105025,568221632,0.414407,0.664877,0.287512,0.806503,0.019466,0.035129,0.589865
1677105025,578263419,0.414369,0.664858,0.287749,0.806706,0.019557,0.034811,0.589603
1677105025,588693692,0.414291,0.664786,0.287929,0.806414,0.019823,0.034752,0.589996
1677105025,598722891,0.414276,0.664887,0.288193,0.806784,0.019663,0.034955,0.589484
1677105025,608668856,0.414222,0.664871,0.288379,0.806816,0.019508,0.034990,0.589443
1677105025,618622122,0.414100,0.664761,0.288550,0.806818,0.019424,0.034738,0.589457
1677105025,628448466,0.413973,0.664652,0.288698,0.806921,0.019744,0.035193,0.589280
1677105025,638329541,0.413937,0.664553,0.288853,0.807072,0.019400,0.035412,0.589071
1677105025,648054333,0.413837,0.664526,0.289002,0.807319,0.019268,0.035262,0.588745
1677105025,658687829,0.413750,0.664462,0.289126,0.807403,0.019079,0.034893,0.588658
1677105025,668088333,0.413671,0.664392,0.289181,0.807069,0.019196,0.034823,0.589117
1677105025,677726573,0.413649,0.664345,0.289282,0.806810,0.019253,0.034699,0.589477
1677105025,688350838,0.413660,0.664342,0.289398,0.806561,0.019345,0.034341,0.589835
1677105025,698983545,0.413606,0.664379,0.289568,0.806603,0.020167,0.033817,0.589781
1677105025,708390134,0.413554,0.664419,0.289786,0.806886,0.020841,0.032683,0.589434
1677105025,719007009,0.413666,0.664315,0.289952,0.806779,0.021394,0.032862,0.589551
1677105025,728158900,0.413723,0.664274,0.290168,0.807126,0.022022,0.032367,0.589079
1677105025,738701599,0.413816,0.664173,0.290400,0.807161,0.022238,0.031793,0.589055
1677105025,748949222,0.413820,0.664057,0.290651,0.807095,0.023055,0.031910,0.589108
1677105025,758509079,0.413915,0.664117,0.291009,0.807482,0.022894,0.032184,0.588569
1677105025,768721868,0.413854,0.664077,0.291257,0.807247,0.023390,0.032145,0.588874
1677105025,778203598,0.413756,0.663971,0.291470,0.806611,0.023669,0.031739,0.589755
1677105025,788000643,0.413678,0.663956,0.291697,0.806264,0.024028,0.031613,0.590221
1677105025,798477142,0.413670,0.664145,0.291991,0.806754,0.024175,0.031172,0.589569
1677105025,808465475,0.413671,0.664099,0.292155,0.806461,0.024712,0.030898,0.589962
1677105025,818455686,0.413758,0.664202,0.292339,0.806585,0.025388,0.031197,0.589748
1677105025,828468656,0.413804,0.664337,0.292483,0.806551,0.026218,0.031319,0.589752
1677105025,838737588,0.413857,0.664413,0.292509,0.806174,0.027038,0.030803,0.590257
1677105025,848341718,0.413888,0.664438,0.292498,0.805488,0.027970,0.030397,0.591171
1677105025,858101868,0.413951,0.664542,0.292515,0.805193,0.028630,0.030452,0.591538
1677105025,868601215,0.413949,0.664560,0.292483,0.804884,0.029118,0.029848,0.591966
1677105025,878840840,0.414042,0.664559,0.292454,0.804585,0.028934,0.029817,0.592382
1677105025,888421515,0.414121,0.664566,0.292387,0.804368,0.028552,0.029762,0.592698
1677105025,898832492,0.414163,0.664563,0.292285,0.804198,0.028352,0.029684,0.592943
1677105025,908660438,0.414118,0.664556,0.292168,0.803961,0.028648,0.029696,0.593248
1677105025,918058441,0.414137,0.664529,0.292076,0.803731,0.028753,0.029866,0.593547
1677105025,928123184,0.414163,0.664592,0.292031,0.803771,0.028970,0.029918,0.593480
1677105025,938644168,0.414278,0.664750,0.292065,0.804083,0.028750,0.029987,0.593063
1677105025,948375101,0.414334,0.664869,0.292083,0.804082,0.028824,0.029617,0.593081
1677105025,958575542,0.414344,0.664906,0.292090,0.803807,0.029300,0.029505,0.593435
1677105025,969024002,0.414401,0.665043,0.292161,0.803779,0.029217,0.029386,0.593484
1677105025,978348355,0.414447,0.665166,0.292265,0.803796,0.028976,0.029120,0.593485
1677105025,988198166,0.414331,0.665258,0.292382,0.803652,0.029568,0.028901,0.593661
1677105025,997869553,0.414306,0.665402,0.292567,0.803727,0.029513,0.029041,0.593556
1677105026,8667598,0.414318,0.665455,0.292745,0.803492,0.029365,0.029880,0.593839
1677105026,17993806,0.414209,0.665576,0.293069,0.803834,0.029544,0.030471,0.593337
1677105026,28304770,0.414124,0.665546,0.293344,0.803782,0.029395,0.030769,0.593400
1677105026,38254418,0.413966,0.665552,0.293657,0.804108,0.029490,0.030714,0.592957
1677105026,48140601,0.413812,0.665619,0.293991,0.804543,0.029586,0.030892,0.592352
1677105026,58270154,0.413806,0.665514,0.294235,0.804096,0.029018,0.031728,0.592942
1677105026,68452658,0.413610,0.665652,0.294555,0.804360,0.029500,0.032043,0.592544
1677105026,78584859,0.413613,0.665693,0.294836,0.804407,0.028946,0.032489,0.592483
1677105026,88741392,0.413556,0.665649,0.295049,0.804126,0.028958,0.032702,0.592852
1677105026,99069965,0.413523,0.665760,0.295351,0.804500,0.028829,0.033139,0.592326
1677105026,108320807,0.413426,0.665764,0.295576,0.804431,0.028897,0.032958,0.592427
1677105026,118666491,0.413413,0.665727,0.295752,0.804255,0.028505,0.032812,0.592693
1677105026,128685434,0.413340,0.665775,0.295994,0.804502,0.028500,0.032385,0.592381
1677105026,138262924,0.413349,0.665752,0.296180,0.804615,0.028468,0.032509,0.592222
1677105026,148190189,0.413382,0.665638,0.296350,0.804651,0.028681,0.032592,0.592159
1677105026,158382489,0.413342,0.665618,0.296525,0.805036,0.029236,0.032104,0.591635
1677105026,168592105,0.413366,0.665669,0.296695,0.805557,0.029716,0.031744,0.590920
1677105026,178199778,0.413549,0.665542,0.296776,0.805384,0.029269,0.031591,0.591187
1677105026,188779266,0.413518,0.665473,0.296880,0.805316,0.029718,0.031046,0.591285
1677105026,198712486,0.413502,0.665430,0.296967,0.805211,0.030259,0.031129,0.591397
1677105026,208711928,0.413434,0.665374,0.297080,0.805218,0.030501,0.031040,0.591379
1677105026,219045302,0.413415,0.665431,0.297214,0.805489,0.030162,0.031336,0.591012
1677105026,228758699,0.413305,0.665331,0.297285,0.805233,0.029739,0.031400,0.591379
1677105026,238525143,0.413114,0.665502,0.297424,0.805674,0.029631,0.031560,0.590775
1677105026,248465456,0.412921,0.665590,0.297551,0.805926,0.029310,0.031580,0.590446
1677105026,258520985,0.412780,0.665654,0.297608,0.806033,0.029185,0.032453,0.590259
1677105026,268214620,0.412724,0.665685,0.297686,0.806353,0.028470,0.032779,0.589839
1677105026,278283307,0.412518,0.665583,0.297756,0.806530,0.028949,0.032701,0.589578
1677105026,289174097,0.412528,0.665420,0.297794,0.806652,0.028510,0.032715,0.589432
1677105026,298333324,0.412426,0.665320,0.297890,0.807029,0.028676,0.032295,0.588931
1677105026,308587437,0.412495,0.665251,0.297986,0.807373,0.028271,0.032231,0.588482
1677105026,318561009,0.412566,0.665330,0.298194,0.808281,0.027990,0.032381,0.587240
1677105026,328468154,0.412527,0.665253,0.298343,0.808650,0.028205,0.032219,0.586730
1677105026,338420443,0.412592,0.665196,0.298496,0.809354,0.027552,0.031720,0.585817
1677105026,348777185,0.412544,0.665111,0.298690,0.809972,0.027632,0.031638,0.584962
1677105026,358392063,0.412466,0.665026,0.298894,0.810721,0.027941,0.031781,0.583901
1677105026,368648977,0.412397,0.664978,0.299082,0.811499,0.028009,0.031369,0.582839
1677105026,378970470,0.412682,0.663204,0.298783,0.806683,0.027143,0.032197,0.589482
1677105026,388542754,0.412798,0.663062,0.298911,0.806917,0.026609,0.032501,0.589170
1677105026,398368062,0.412847,0.662907,0.298993,0.806777,0.026444,0.032401,0.589375
1677105026,408135768,0.412811,0.662884,0.299089,0.806838,0.027010,0.032052,0.589284
1677105026,418921237,0.412852,0.662900,0.299161,0.806848,0.027283,0.031902,0.589266
1677105026,428542487,0.412915,0.662982,0.299228,0.807031,0.027696,0.032013,0.588990
1677105026,438449537,0.412897,0.662953,0.299215,0.806723,0.028319,0.031806,0.589393
1677105026,448737465,0.412925,0.662986,0.299199,0.806543,0.028624,0.031544,0.589638
1677105026,458266424,0.412933,0.663066,0.299236,0.806465,0.029075,0.031386,0.589733
1677105026,468461062,0.412939,0.663162,0.299289,0.806341,0.029202,0.030964,0.589917
1677105026,478359177,0.413051,0.663259,0.299380,0.806311,0.028737,0.030968,0.589981
1677105026,488955803,0.413039,0.663368,0.299486,0.806271,0.028865,0.030704,0.590043
1677105026,498118194,0.413051,0.663376,0.299580,0.806102,0.028875,0.030853,0.590266
1677105026,508593662,0.413005,0.663328,0.299695,0.806072,0.029090,0.031007,0.590289
1677105026,518900797,0.412971,0.663399,0.299848,0.806655,0.029275,0.030870,0.589490
1677105026,528740482,0.412998,0.663336,0.299962,0.806846,0.029478,0.031167,0.589202
1677105026,538495593,0.413005,0.663285,0.300068,0.806868,0.029968,0.031554,0.589127
1677105026,548807072,0.413071,0.663406,0.300189,0.807055,0.030266,0.031977,0.588833
1677105026,558252133,0.413162,0.663459,0.300256,0.806826,0.030231,0.031937,0.589150
1677105026,568755134,0.413183,0.663609,0.300352,0.806842,0.030573,0.031706,0.589123
1677105026,578653854,0.413193,0.663595,0.300413,0.806470,0.030781,0.031431,0.589636
1677105026,588262445,0.413287,0.663662,0.300517,0.806559,0.030349,0.031585,0.589529
1677105026,598671867,0.413278,0.663729,0.300605,0.806619,0.030176,0.031572,0.589456
1677105026,608903705,0.413249,0.663562,0.300634,0.806075,0.030089,0.031701,0.590197
1677105026,618561932,0.413319,0.663651,0.300752,0.806408,0.029591,0.032294,0.589735
1677105026,629011221,0.413275,0.663663,0.300803,0.806229,0.029792,0.032561,0.589955
1677105026,638792521,0.413242,0.663634,0.300855,0.805864,0.030077,0.032411,0.590448
1677105026,648408787,0.413373,0.663770,0.300982,0.805918,0.029658,0.032634,0.590383
1677105026,658631429,0.413403,0.663764,0.301074,0.805738,0.029907,0.032354,0.590631
1677105026,669438367,0.413458,0.663744,0.301164,0.805688,0.030337,0.032477,0.590670
1677105026,678788123,0.413608,0.663617,0.301245,0.805389,0.029989,0.032661,0.591086
1677105026,688806862,0.413648,0.663576,0.301316,0.805384,0.030047,0.032690,0.591088
