secs,nsecs,tx,ty,tz,rx,ry,rz,rw
1677104099,259452524,0.510188,0.554406,0.475267,0.602846,0.097271,0.263914,0.746635
1677104099,269703326,0.510096,0.554482,0.475389,0.604043,0.097239,0.264118,0.745600
1677104099,279884982,0.509946,0.554402,0.475436,0.604256,0.097955,0.264103,0.745338
1677104099,289577092,0.509901,0.554356,0.475476,0.603980,0.098101,0.264236,0.745495
1677104099,298955354,0.509837,0.554402,0.475438,0.603409,0.098061,0.264295,0.745943
1677104099,309119860,0.509821,0.554560,0.475379,0.602663,0.097658,0.264482,0.746532
1677104099,319622596,0.509737,0.554656,0.475256,0.601818,0.096868,0.264076,0.747459
1677104099,329017290,0.509568,0.554757,0.475103,0.601410,0.096568,0.263932,0.747877
1677104099,339123018,0.509521,0.554777,0.474982,0.601031,0.095723,0.264048,0.748249
1677104099,349332991,0.509521,0.554716,0.474889,0.600639,0.095429,0.264192,0.748551
1677104099,360099489,0.509476,0.554681,0.474778,0.601027,0.095566,0.263923,0.748317
1677104099,370451338,0.509477,0.554693,0.474686,0.601749,0.095608,0.263955,0.747720
1677104099,379633534,0.509496,0.554610,0.474606,0.601945,0.095923,0.264842,0.747208
1677104099,390440377,0.509460,0.554407,0.474500,0.601885,0.095843,0.265126,0.747166
1677104099,400559708,0.509368,0.554390,0.474319,0.602695,0.095294,0.265043,0.746613
1677104099,410237279,0.509323,0.554463,0.474155,0.603399,0.095080,0.265232,0.746004
1677104099,420336748,0.509327,0.554331,0.473953,0.603153,0.095172,0.264854,0.746325
1677104099,430324180,0.509426,0.554229,0.473745,0.602755,0.095137,0.264708,0.746703
1677104099,440650969,0.509373,0.554297,0.473420,0.603230,0.095525,0.264533,0.746332
1677104099,450107270,0.509440,0.554347,0.473144,0.603312,0.094907,0.264952,0.746195
1677104099,459646160,0.509158,0.554576,0.472701,0.604633,0.094546,0.264405,0.745365
1677104099,469410305,0.509215,0.554422,0.472373,0.603884,0.094310,0.264837,0.745849
1677104099,479619689,0.509345,0.554508,0.472053,0.604293,0.093831,0.265297,0.745415
1677104099,489780075,0.509456,0.554383,0.471684,0.603756,0.094528,0.265110,0.745829
1677104099,500236748,0.509691,0.554435,0.471305,0.603804,0.095298,0.265230,0.745648
1677104099,509894750,0.509841,0.554465,0.470906,0.603901,0.095651,0.264155,0.745907
1677104099,519907109,0.510002,0.554533,0.470484,0.603838,0.096351,0.263757,0.746008
1677104099,529766424,0.510295,0.554684,0.470151,0.603712,0.095657,0.264399,0.745972
1677104099,539376637,0.510349,0.554505,0.469773,0.602664,0.095778,0.263755,0.747031
1677104099,549069404,0.510425,0.554651,0.469450,0.603052,0.094891,0.263566,0.746898
1677104099,559384970,0.510431,0.554637,0.469177,0.603077,0.094786,0.263354,0.746966
1677104099,569728582,0.510488,0.554502,0.468949,0.602804,0.094971,0.263819,0.746999
1677104099,579736953,0.510492,0.554508,0.468771,0.603454,0.094604,0.264550,0.746261
1677104099,589621328,0.510379,0.554308,0.468570,0.603475,0.095090,0.264895,0.746061
1677104099,600231816,0.510331,0.554419,0.468369,0.604145,0.095013,0.266024,0.745126
1677104099,609469161,0.510246,0.554484,0.468158,0.603890,0.095672,0.266965,0.744912
1677104099,619123604,0.510124,0.554728,0.467879,0.604195,0.095844,0.267093,0.744596
1677104099,629689251,0.510089,0.554873,0.467616,0.603465,0.095903,0.267441,0.745056
1677104099,639983480,0.510173,0.554993,0.467333,0.602934,0.095551,0.267514,0.745504
1677104099,649622811,0.510302,0.555222,0.467045,0.603531,0.094897,0.267233,0.745205
1677104099,659502807,0.510449,0.555245,0.466750,0.603653,0.094958,0.266584,0.745332
1677104099,669658877,0.510672,0.555432,0.466457,0.604838,0.094685,0.265857,0.744665
1677104099,680275141,0.510746,0.555485,0.466099,0.605554,0.095636,0.265250,0.744178
1677104099,689859601,0.510953,0.555574,0.465749,0.606251,0.095286,0.265723,0.743486
1677104099,699998846,0.510882,0.555525,0.465215,0.606706,0.094879,0.264846,0.743480
1677104099,709452726,0.510849,0.555707,0.464610,0.607777,0.093405,0.264790,0.742811
1677104099,719786807,0.510732,0.555769,0.463831,0.607979,0.091981,0.264580,0.742899
1677104099,730014051,0.510654,0.555840,0.462897,0.607900,0.090028,0.264184,0.743344
1677104099,739694978,0.510690,0.555965,0.461832,0.607960,0.087868,0.264362,0.743490
1677104099,749849667,0.510470,0.556083,0.460488,0.608650,0.086711,0.263826,0.743251
1677104099,759884674,0.510542,0.556066,0.459028,0.609026,0.084289,0.263373,0.743382
1677104099,769821641,0.510375,0.556242,0.457274,0.610286,0.082837,0.262630,0.742775
1677104099,780064607,0.510255,0.556371,0.455266,0.611216,0.081396,0.262077,0.742365
1677104099,790044109,0.510161,0.556614,0.453073,0.612438,0.078802,0.261345,0.741895
1677104099,799928167,0.510184,0.556660,0.450673,0.612278,0.076445,0.260982,0.742402
1677104099,809480088,0.510169,0.556800,0.447994,0.612443,0.074858,0.260073,0.742746
1677104099,820320045,0.510191,0.557311,0.445096,0.613464,0.073186,0.258713,0.742545
1677104099,829765002,0.510356,0.557534,0.441965,0.612607,0.072559,0.257043,0.743893
1677104099,839651668,0.510534,0.557989,0.438643,0.612263,0.072009,0.255043,0.744917
1677104099,850107073,0.510749,0.558510,0.435170,0.611762,0.072334,0.253579,0.745797
1677104099,859843497,0.510908,0.559008,0.431570,0.611271,0.073253,0.252146,0.746595
1677104099,870172355,0.510988,0.559486,0.427930,0.611289,0.073888,0.250399,0.747105
1677104099,879834244,0.511009,0.559566,0.424244,0.610553,0.074037,0.248749,0.748243
1677104099,889618599,0.510890,0.559673,0.420496,0.611079,0.073679,0.247236,0.748351
1677104099,900027655,0.510911,0.559754,0.416740,0.611798,0.072714,0.247759,0.747684
1677104099,909606514,0.510594,0.559573,0.412861,0.612934,0.072301,0.246320,0.747269
1677104099,919518773,0.510388,0.559479,0.409012,0.613763,0.072339,0.246123,0.746649
1677104099,929750189,0.510225,0.559439,0.405102,0.614702,0.072120,0.245199,0.746202
1677104099,939633950,0.510023,0.559400,0.401141,0.615163,0.072986,0.244716,0.745896
1677104099,949356983,0.509800,0.559531,0.397088,0.615865,0.073777,0.243976,0.745482
1677104099,959294789,0.509520,0.559831,0.392984,0.617041,0.074430,0.243316,0.744659
1677104099,969337468,0.509443,0.559959,0.388827,0.616476,0.075192,0.243581,0.744965
1677104099,979000520,0.508916,0.560331,0.384583,0.617192,0.076311,0.241190,0.745036
1677104099,989306735,0.508395,0.560737,0.380325,0.617558,0.076815,0.238991,0.745389
1677104099,999462712,0.508064,0.560963,0.376193,0.616028,0.077673,0.239166,0.746509
1677104100,9228600,0.507542,0.561253,0.372031,0.615705,0.077922,0.237951,0.747137
1677104100,19794753,0.507015,0.561576,0.367943,0.615621,0.078286,0.238073,0.747131
1677104100,29822295,0.506343,0.561849,0.363816,0.616206,0.079161,0.238090,0.746550
1677104100,40756684,0.505641,0.562392,0.359711,0.618273,0.079766,0.238524,0.744636
1677104100,49841033,0.504862,0.562724,0.355593,0.619511,0.081645,0.238790,0.743317
1677104100,59218527,0.504099,0.563043,0.351481,0.620365,0.083793,0.238476,0.742465
1677104100,69265388,0.503345,0.563735,0.347344,0.621841,0.086813,0.238936,0.740734
1677104100,79265503,0.502479,0.564557,0.343144,0.623015,0.090118,0.238595,0.739461
1677104100,89389028,0.501682,0.565481,0.338970,0.623269,0.093090,0.238700,0.738845
1677104100,99874704,0.500832,0.566618,0.334780,0.623236,0.096467,0.239559,0.738162
1677104100,110369053,0.500068,0.567754,0.330647,0.622311,0.098056,0.240113,0.738553
1677104100,119755839,0.499072,0.568836,0.326572,0.621862,0.099431,0.239719,0.738875
1677104100,129620142,0.498127,0.569841,0.322639,0.621211,0.100690,0.240854,0.738883
1677104100,139489779,0.497170,0.570707,0.318800,0.621310,0.101519,0.241319,0.738535
1677104100,149680737,0.496219,0.571417,0.315138,0.621862,0.102622,0.241503,0.737857
1677104100,159900485,0.495388,0.571999,0.311552,0.623416,0.103043,0.241049,0.736634
1677104100,169943663,0.494478,0.572418,0.308034,0.625048,0.104972,0.241067,0.734971
1677104100,179718656,0.493641,0.573041,0.304567,0.628171,0.106389,0.241613,0.731919
1677104100,190058574,0.492928,0.573505,0.301155,0.630300,0.107574,0.242242,0.729704
1677104100,199836927,0.492156,0.574078,0.297750,0.632298,0.109784,0.242553,0.727540
1677104100,210131546,0.491437,0.574792,0.294276,0.633141,0.111675,0.242399,0.726570
1677104100,219429105,0.490181,0.576012,0.290730,0.633595,0.114756,0.242174,0.725769
1677104100,229654847,0.489001,0.577470,0.287223,0.632936,0.116978,0.241748,0.726131
1677104100,239815070,0.487971,0.578981,0.283773,0.631086,0.117981,0.242115,0.727455
1677104100,249865209,0.486843,0.580426,0.280391,0.629822,0.118639,0.242297,0.728383
1677104100,259686353,0.485770,0.581797,0.277080,0.629585,0.119012,0.242958,0.728307
1677104100,269854197,0.484797,0.582817,0.273883,0.629385,0.120200,0.243413,0.728132
1677104100,279632780,0.483933,0.583713,0.270847,0.630082,0.121643,0.243097,0.727395
1677104100,289516473,0.483094,0.584585,0.267914,0.631144,0.124010,0.242811,0.726169
1677104100,299830007,0.481971,0.585245,0.264814,0.630136,0.128909,0.242318,0.726356
1677104100,309856874,0.481294,0.586637,0.262119,0.631836,0.127893,0.242592,0.724966
1677104100,319632523,0.480337,0.588075,0.259327,0.631743,0.128767,0.243441,0.724607
1677104100,329533470,0.479449,0.589367,0.256614,0.629992,0.128008,0.243778,0.726152
1677104100,339800939,0.478076,0.591012,0.253910,0.629605,0.131035,0.244138,0.725826
1677104100,349658613,0.477042,0.592398,0.251341,0.628658,0.131541,0.244403,0.726466
1677104100,360090893,0.475936,0.593489,0.248853,0.628025,0.132232,0.243351,0.727241
1677104100,369804349,0.475159,0.594558,0.246497,0.627491,0.132308,0.243741,0.727558
1677104100,379633442,0.474312,0.595870,0.244240,0.628370,0.133360,0.243950,0.726536
1677104100,389817703,0.473449,0.596826,0.242073,0.627586,0.134686,0.243455,0.727135
1677104100,399753045,0.472449,0.598259,0.239970,0.628012,0.136016,0.243361,0.726551
1677104100,409659560,0.471353,0.599582,0.237942,0.627664,0.137080,0.243782,0.726511
1677104100,419275730,0.470211,0.600621,0.235932,0.626037,0.137591,0.243854,0.727792
1677104100,430321105,0.469094,0.602579,0.234000,0.627115,0.137886,0.246113,0.726046
1677104100,439082340,0.467928,0.603883,0.232087,0.625990,0.138613,0.246508,0.726744
1677104100,449144367,0.466563,0.605802,0.230064,0.625970,0.141008,0.246810,0.726198
1677104100,459860473,0.465636,0.607147,0.228248,0.622986,0.140514,0.246178,0.729069
1677104100,469987398,0.464626,0.608866,0.226439,0.620247,0.140493,0.246571,0.731271
1677104100,479684393,0.463472,0.610477,0.224609,0.617170,0.140409,0.246889,0.733779
1677104100,489475453,0.462213,0.612185,0.222876,0.615162,0.140960,0.248065,0.734962
1677104100,500078829,0.461082,0.613704,0.221273,0.613621,0.141149,0.249703,0.735660
1677104100,510129061,0.459927,0.615010,0.219795,0.613239,0.140488,0.249574,0.736148
1677104100,519671457,0.458911,0.616305,0.218376,0.613091,0.141615,0.250154,0.735858
1677104100,529931563,0.457855,0.617530,0.217034,0.612082,0.143736,0.250264,0.736250
1677104100,539737822,0.456725,0.619282,0.215572,0.611759,0.145425,0.250124,0.736234
1677104100,549504490,0.455754,0.621026,0.214138,0.609565,0.146029,0.250485,0.737810
1677104100,559084115,0.454724,0.622793,0.212704,0.605681,0.146922,0.251840,0.740366
1677104100,569528061,0.453618,0.624740,0.211213,0.602691,0.146985,0.252990,0.742398
1677104100,579241404,0.452244,0.626405,0.209745,0.599823,0.147911,0.252208,0.744799
1677104100,590123732,0.451001,0.628688,0.208292,0.599380,0.148958,0.252761,0.744760
1677104100,600056048,0.450150,0.630056,0.207130,0.595683,0.149661,0.253308,0.747394
1677104100,608804871,0.449304,0.631449,0.206053,0.592512,0.150187,0.253781,0.749646
1677104100,619002805,0.448468,0.632617,0.205105,0.587521,0.152157,0.256146,0.752367
1677104100,629691113,0.447507,0.634124,0.204197,0.586028,0.152194,0.257518,0.753056
1677104100,639280566,0.446592,0.635398,0.203321,0.584249,0.152960,0.258909,0.753806
1677104100,648978967,0.445676,0.636628,0.202519,0.582892,0.154656,0.259150,0.754427
1677104100,658859020,0.445094,0.637901,0.201709,0.581232,0.155346,0.259185,0.755553
1677104100,668830139,0.444551,0.639186,0.200878,0.579141,0.156309,0.259139,0.756974
1677104100,679044999,0.443951,0.640554,0.200020,0.576952,0.156976,0.258723,0.758648
1677104100,689922402,0.443444,0.641860,0.199139,0.573872,0.156872,0.258613,0.761040
1677104100,699317328,0.442861,0.643107,0.198205,0.570335,0.157103,0.258640,0.763637
1677104100,709996660,0.442264,0.644450,0.197292,0.567550,0.157605,0.258872,0.765527
1677104100,719161573,0.441656,0.645756,0.196459,0.565178,0.158138,0.259035,0.767116
1677104100,728984112,0.441199,0.646977,0.195736,0.562853,0.158377,0.259815,0.768511
1677104100,739184143,0.440555,0.648012,0.195042,0.560394,0.159393,0.260205,0.769964
1677104100,749125335,0.439984,0.648864,0.194429,0.557764,0.159998,0.260720,0.771573
1677104100,759664651,0.439153,0.650219,0.193686,0.558166,0.160492,0.260973,0.771094
1677104100,769524925,0.438670,0.651087,0.193067,0.556485,0.160787,0.261630,0.772024
1677104100,779273726,0.438245,0.652002,0.192416,0.554795,0.161741,0.262274,0.772822
1677104100,789563938,0.438020,0.652976,0.191738,0.552720,0.161831,0.262386,0.774251
1677104100,799678165,0.437633,0.653838,0.191017,0.549738,0.163384,0.261895,0.776212
1677104100,810319196,0.437375,0.654941,0.190247,0.547639,0.163337,0.261915,0.777697
1677104100,820387608,0.436916,0.655801,0.189537,0.544997,0.163817,0.261503,0.779589
1677104100,829848502,0.436551,0.656704,0.188830,0.542739,0.163510,0.261760,0.781140
1677104100,840085878,0.436235,0.657370,0.188304,0.539980,0.163187,0.262040,0.783024
1677104100,849746333,0.435854,0.658120,0.187782,0.538807,0.163211,0.262659,0.783619
1677104100,859386048,0.435521,0.658555,0.187340,0.537718,0.163140,0.262242,0.784521
1677104100,869824163,0.435404,0.659013,0.186937,0.537293,0.163094,0.263181,0.784508
1677104100,879472162,0.435204,0.659348,0.186567,0.537398,0.163282,0.263264,0.784369
1677104100,889641108,0.435093,0.659652,0.186217,0.536802,0.163087,0.263383,0.784778
1677104100,899055624,0.434823,0.660000,0.185747,0.535706,0.163525,0.263311,0.785459
1677104100,909879290,0.434610,0.660724,0.185129,0.535287,0.162706,0.263429,0.785875
1677104100,919705709,0.434269,0.661230,0.184551,0.533189,0.163406,0.263349,0.787182
1677104100,929454195,0.434042,0.661878,0.183926,0.531781,0.162956,0.263351,0.788226
1677104100,939898120,0.433892,0.662331,0.183407,0.530013,0.163049,0.263772,0.789257
1677104100,949589081,0.433495,0.662803,0.182879,0.529971,0.163361,0.263393,0.789346
1677104100,959353598,0.433388,0.663212,0.182465,0.529736,0.162844,0.264154,0.789357
1677104100,969746468,0.433158,0.663420,0.182105,0.528723,0.162371,0.263988,0.790189
1677104100,979374576,0.432910,0.663705,0.181663,0.527380,0.162206,0.264439,0.790969
1677104100,989638032,0.432597,0.664132,0.181165,0.525977,0.162176,0.264910,0.791751
1677104100,999726182,0.432208,0.664679,0.180668,0.524949,0.161934,0.265276,0.792360
1677104101,9648953,0.431949,0.664906,0.180283,0.522577,0.162496,0.266325,0.793460
1677104101,19283121,0.431579,0.665410,0.179898,0.523138,0.162744,0.266426,0.793006
1677104101,29489394,0.431473,0.665608,0.179663,0.522914,0.163077,0.266991,0.792895
1677104101,39901820,0.431295,0.665752,0.179442,0.523098,0.163494,0.266810,0.792749
1677104101,50033641,0.431238,0.665803,0.179264,0.522111,0.163620,0.267277,0.793216
1677104101,59403872,0.431018,0.666204,0.178928,0.522116,0.163317,0.267641,0.793152
1677104101,69418816,0.430725,0.666469,0.178631,0.520847,0.163535,0.268222,0.793746
1677104101,79678874,0.430462,0.666746,0.178304,0.519619,0.163580,0.268838,0.794332
1677104101,89485004,0.430155,0.667065,0.177928,0.518911,0.165133,0.269070,0.794395
1677104101,99813076,0.430064,0.667363,0.177661,0.518362,0.166892,0.269455,0.794255
1677104101,110185004,0.429886,0.667644,0.177413,0.518529,0.169631,0.268935,0.793742
1677104101,119869402,0.429750,0.667894,0.177220,0.518596,0.171808,0.268838,0.793263
1677104101,129435496,0.429568,0.668076,0.177035,0.518242,0.173028,0.269410,0.793035
1677104101,139337107,0.429283,0.668368,0.176851,0.518251,0.173139,0.270252,0.792719
1677104101,149341176,0.428911,0.668596,0.176625,0.517745,0.173245,0.271276,0.792677
1677104101,160102347,0.428689,0.668804,0.176455,0.517157,0.172190,0.272217,0.792967
1677104101,169761659,0.428401,0.669011,0.176215,0.517251,0.172402,0.272465,0.792775
1677104101,179678240,0.428313,0.669127,0.176091,0.516813,0.172407,0.273072,0.792851
1677104101,189835711,0.427996,0.669261,0.175833,0.516908,0.173382,0.273062,0.792580
1677104101,199733923,0.427767,0.669680,0.175484,0.517752,0.172980,0.273840,0.791848
1677104101,209548002,0.427419,0.669873,0.175178,0.516737,0.173135,0.274377,0.792291
1677104101,219151483,0.427143,0.670169,0.174851,0.515038,0.172686,0.275702,0.793035
1677104101,229604307,0.426614,0.670601,0.174398,0.514469,0.172283,0.276329,0.793274
1677104101,239579310,0.426272,0.671018,0.174051,0.513347,0.171328,0.277778,0.793701
1677104101,249168256,0.425987,0.671343,0.173658,0.512211,0.169995,0.278332,0.794527
1677104101,259484317,0.425795,0.671697,0.173294,0.511505,0.169255,0.278903,0.794939
1677104101,269515648,0.425677,0.671874,0.172961,0.510611,0.168621,0.279156,0.795560
1677104101,279158656,0.425572,0.672066,0.172677,0.510562,0.167621,0.279315,0.795747
1677104101,289748988,0.425439,0.672117,0.172407,0.510169,0.167029,0.279442,0.796079
1677104101,299851247,0.425216,0.672274,0.172128,0.510370,0.167067,0.279808,0.795813
1677104101,309759873,0.425215,0.672358,0.172006,0.510815,0.166892,0.280714,0.795245
1677104101,319845642,0.425148,0.672399,0.171938,0.512152,0.167471,0.280916,0.794191
1677104101,329565776,0.425115,0.672433,0.171850,0.513466,0.167504,0.280831,0.793366
1677104101,339224219,0.425146,0.672404,0.171799,0.513947,0.167062,0.280969,0.793098
1677104101,349293373,0.425075,0.672499,0.171657,0.514439,0.166879,0.280803,0.792877
1677104101,359538540,0.425030,0.672499,0.171552,0.514142,0.167039,0.280799,0.793038
1677104101,369809559,0.425067,0.672639,0.171446,0.514491,0.166761,0.281020,0.792791
1677104101,379426582,0.424983,0.672772,0.171401,0.515397,0.166825,0.280957,0.792211
1677104101,389769320,0.425010,0.672772,0.171422,0.515885,0.166552,0.281547,0.791741
1677104101,399882088,0.424868,0.672835,0.171415,0.516954,0.166509,0.282022,0.790884
1677104101,409680462,0.424769,0.673050,0.171343,0.517722,0.166206,0.282720,0.790196
1677104101,419824506,0.424542,0.673353,0.171175,0.518196,0.166319,0.282753,0.789849
1677104101,429433976,0.424297,0.673633,0.170991,0.518231,0.166952,0.282554,0.789764
1677104101,439368587,0.424164,0.673830,0.170891,0.518240,0.167270,0.282511,0.789706
1677104101,450283858,0.423990,0.674041,0.170889,0.518600,0.167690,0.282714,0.789308
1677104101,459720790,0.423803,0.674261,0.170889,0.519342,0.167672,0.283066,0.788697
1677104101,470022166,0.423582,0.674443,0.170889,0.519487,0.167654,0.283350,0.788504
1677104101,479663053,0.423360,0.674676,0.170888,0.519456,0.167166,0.283613,0.788533
1677104101,490042650,0.423007,0.674994,0.170791,0.520006,0.166923,0.283450,0.788280
1677104101,499874427,0.422859,0.675128,0.170803,0.519825,0.166465,0.283703,0.788406
1677104101,509703899,0.422597,0.675065,0.170811,0.519497,0.166581,0.283222,0.788771
1677104101,519375598,0.422303,0.675230,0.170776,0.520119,0.166375,0.282986,0.788489
1677104101,529837826,0.421965,0.675459,0.170695,0.520541,0.165714,0.283461,0.788178
1677104101,539272030,0.421553,0.675577,0.170623,0.520286,0.165412,0.284079,0.788188
1677104101,549982792,0.421247,0.675680,0.170562,0.520128,0.164278,0.284650,0.788324
1677104101,560228788,0.420921,0.675698,0.170526,0.520271,0.163351,0.284614,0.788435
1677104101,569274574,0.420613,0.675779,0.170519,0.520908,0.162758,0.284781,0.788076
1677104101,578853599,0.420346,0.675647,0.170524,0.521165,0.161546,0.284305,0.788328
1677104101,589607864,0.420032,0.675690,0.170497,0.522200,0.160754,0.284179,0.787850
1677104101,599827244,0.419847,0.675566,0.170518,0.522026,0.160098,0.284704,0.787910
1677104101,610325057,0.419564,0.675538,0.170498,0.522670,0.159419,0.284525,0.787685
1677104101,619972624,0.419215,0.675572,0.170469,0.523610,0.159150,0.284302,0.787195
1677104101,630247119,0.419019,0.675670,0.170431,0.524536,0.158385,0.284442,0.786682
1677104101,639467333,0.418809,0.675584,0.170418,0.524480,0.158215,0.284239,0.786827
1677104101,649396474,0.418515,0.675509,0.170316,0.524637,0.158171,0.283460,0.787012
1677104101,659341263,0.418299,0.675616,0.170186,0.525456,0.157598,0.283164,0.786688
1677104101,669601850,0.418122,0.675648,0.170063,0.526494,0.157122,0.282381,0.786370
1677104101,679569720,0.418071,0.675684,0.169999,0.527687,0.156704,0.281711,0.785894
1677104101,689773502,0.418036,0.675478,0.169980,0.528101,0.156558,0.280316,0.786144
1677104101,699309361,0.417869,0.675569,0.169867,0.529488,0.156337,0.279286,0.785621
1677104101,709526304,0.417722,0.675630,0.169783,0.530154,0.155232,0.278875,0.785537
1677104101,719699356,0.417213,0.675966,0.169626,0.531780,0.154767,0.278723,0.784583
1677104101,729964865,0.416604,0.676119,0.169516,0.532165,0.154793,0.278604,0.784359
1677104101,739814150,0.416164,0.676291,0.169473,0.531963,0.154295,0.279431,0.784300
1677104101,749896308,0.415663,0.676711,0.169401,0.533089,0.154017,0.279946,0.783406
1677104101,760084175,0.415126,0.677066,0.169320,0.534207,0.154180,0.279108,0.782911
1677104101,769802492,0.414873,0.677318,0.169298,0.534421,0.153604,0.278562,0.783073
1677104101,780067305,0.414656,0.677587,0.169230,0.534667,0.152949,0.277572,0.783385
1677104101,789839033,0.414376,0.677984,0.169098,0.535572,0.152973,0.276165,0.783259
1677104101,799822789,0.414277,0.678415,0.168989,0.536426,0.152634,0.274409,0.783358
1677104101,810362644,0.414201,0.678690,0.168956,0.536546,0.153069,0.271964,0.784043
1677104101,819494820,0.414143,0.679148,0.168961,0.537666,0.153056,0.269672,0.784070
1677104101,829807369,0.414102,0.679570,0.169065,0.538613,0.152387,0.267666,0.784238
1677104101,839922879,0.413820,0.679783,0.169172,0.538286,0.152669,0.265529,0.785134
1677104101,849586802,0.413573,0.680213,0.169269,0.538174,0.151468,0.264669,0.785733
1677104101,859308835,0.412930,0.680921,0.169275,0.539061,0.150630,0.263631,0.785635
1677104101,869621726,0.412321,0.681332,0.169338,0.537660,0.149463,0.263414,0.786890
1677104101,879276311,0.411606,0.681918,0.169318,0.537226,0.148032,0.262688,0.787699
1677104101,889241202,0.410838,0.682574,0.169283,0.536931,0.147262,0.261971,0.788283
1677104101,898832528,0.410439,0.683148,0.169372,0.536140,0.145317,0.261707,0.789269
1677104101,909180594,0.409969,0.683584,0.169432,0.535628,0.144196,0.260168,0.790331
1677104101,918969348,0.409619,0.683938,0.169503,0.535268,0.142163,0.258660,0.791438
1677104101,928801996,0.409178,0.684061,0.169554,0.535355,0.140366,0.256609,0.792366
1677104101,939280901,0.408919,0.684150,0.169655,0.535522,0.137602,0.255480,0.793103
1677104101,949159223,0.408351,0.684235,0.169702,0.536209,0.135838,0.254017,0.793412
1677104101,959425630,0.407790,0.684406,0.169789,0.536352,0.132759,0.253515,0.793997
1677104101,969706831,0.406866,0.684726,0.169779,0.536868,0.130676,0.252885,0.794195
1677104101,979762623,0.405923,0.685203,0.169772,0.537556,0.128262,0.252932,0.794108
1677104101,988955559,0.405029,0.685736,0.169826,0.537779,0.126002,0.254192,0.793917
1677104101,999983683,0.404026,0.686279,0.169829,0.538202,0.123692,0.254319,0.793953
1677104102,9679206,0.403061,0.686861,0.169828,0.538196,0.121580,0.254451,0.794241
1677104102,19201226,0.402194,0.687289,0.169839,0.537780,0.119515,0.253923,0.795005
1677104102,29039919,0.401534,0.687803,0.169857,0.537872,0.117766,0.254108,0.795144
1677104102,39464204,0.400921,0.688160,0.169798,0.538567,0.116015,0.252366,0.795486
1677104102,49245195,0.400558,0.688590,0.169765,0.539703,0.114310,0.251082,0.795369
1677104102,59488112,0.400072,0.689023,0.169628,0.541008,0.113641,0.248937,0.795252
1677104102,69296059,0.399634,0.689614,0.169523,0.542786,0.112814,0.247210,0.794697
1677104102,79081308,0.399148,0.690053,0.169481,0.543551,0.111906,0.245777,0.794747
1677104102,89743724,0.398316,0.690729,0.169341,0.545285,0.111796,0.244683,0.793912
1677104102,99734372,0.397682,0.691367,0.169317,0.545510,0.110718,0.244926,0.793833
1677104102,109415039,0.396843,0.692084,0.169226,0.545685,0.109919,0.244708,0.793892
1677104102,119368288,0.396253,0.692939,0.169184,0.545892,0.108342,0.244752,0.793952
1677104102,129643575,0.395732,0.693696,0.169067,0.546330,0.107233,0.243304,0.794247
1677104102,139237432,0.395376,0.694287,0.168942,0.547010,0.106401,0.241308,0.794499
1677104102,148843485,0.395137,0.694731,0.168838,0.548279,0.105833,0.238964,0.794409
1677104102,159063748,0.394995,0.695246,0.168734,0.550700,0.105419,0.236284,0.793591
1677104102,169126302,0.395031,0.695542,0.168666,0.552097,0.105079,0.233887,0.793375
1677104102,179565373,0.395042,0.695850,0.168562,0.553745,0.104943,0.230830,0.793140
1677104102,189524931,0.395067,0.696007,0.168486,0.553992,0.104822,0.227675,0.793895
1677104102,200171579,0.395130,0.696554,0.168405,0.555733,0.103877,0.224926,0.793585
1677104102,210157265,0.394938,0.696125,0.168385,0.553273,0.104787,0.220175,0.796512
1677104102,220348831,0.394857,0.696652,0.168346,0.554780,0.104076,0.216663,0.796520
1677104102,229826113,0.395036,0.697877,0.168285,0.559101,0.101503,0.214983,0.794283
1677104102,240072838,0.394960,0.698105,0.168272,0.559741,0.100505,0.211984,0.794765
1677104102,249490557,0.394681,0.698322,0.168231,0.560620,0.099606,0.209375,0.794950
1677104102,259252091,0.394305,0.698027,0.168256,0.558966,0.098364,0.207057,0.796874
1677104102,269286823,0.393805,0.698319,0.168123,0.559737,0.096332,0.205296,0.797037
1677104102,279760568,0.393535,0.699432,0.167993,0.563570,0.093102,0.206061,0.794519
1677104102,289692500,0.393022,0.699714,0.167832,0.564825,0.090710,0.204537,0.794298
1677104102,299584752,0.392342,0.698865,0.167758,0.561203,0.090506,0.201782,0.797586
1677104102,309241691,0.392241,0.700100,0.167537,0.566384,0.086181,0.202390,0.794242
1677104102,319542130,0.391839,0.700276,0.167327,0.567939,0.084229,0.200202,0.793895
1677104102,329211924,0.391655,0.700257,0.167200,0.568947,0.082120,0.197573,0.794053
1677104102,338865483,0.391555,0.700011,0.167147,0.569846,0.080659,0.194361,0.794351
1677104102,348841866,0.391481,0.699922,0.167061,0.572236,0.078889,0.190827,0.793667
1677104102,359393636,0.391542,0.699683,0.167050,0.573567,0.076915,0.188049,0.793563
1677104102,369330003,0.391251,0.699627,0.166826,0.575304,0.075873,0.184456,0.793249
1677104102,379417413,0.390979,0.699725,0.166561,0.576368,0.074315,0.181739,0.793251
1677104102,389354426,0.390659,0.699776,0.166320,0.576732,0.073093,0.179943,0.793510
1677104102,399133039,0.390393,0.699838,0.166150,0.577372,0.070978,0.178267,0.793615
1677104102,409397519,0.390057,0.699800,0.165980,0.578347,0.069375,0.176135,0.793523
1677104102,419915061,0.389721,0.699700,0.165818,0.579432,0.068211,0.173728,0.793362
1677104102,429743282,0.389463,0.699722,0.165654,0.581664,0.066560,0.170947,0.792473
1677104102,439155465,0.389300,0.699305,0.165567,0.582107,0.065461,0.167973,0.792876
1677104102,449708076,0.389192,0.699123,0.165354,0.584158,0.064209,0.164689,0.792158
1677104102,459388119,0.389261,0.698714,0.165191,0.585253,0.063254,0.161173,0.792150
1677104102,468961999,0.389418,0.698263,0.164976,0.586369,0.062703,0.156245,0.792356
1677104102,479408572,0.389719,0.697967,0.164702,0.588482,0.060935,0.151518,0.791845
1677104102,489444589,0.389775,0.697532,0.164464,0.590357,0.060008,0.146835,0.791402
1677104102,499141049,0.389638,0.697138,0.164158,0.592424,0.059265,0.142802,0.790651
1677104102,509638219,0.389625,0.696945,0.163897,0.594845,0.057035,0.139997,0.789498
1677104102,519590513,0.389483,0.696525,0.163723,0.595876,0.055656,0.136729,0.789392
1677104102,529476454,0.389333,0.696190,0.163546,0.596835,0.054487,0.133964,0.789223
1677104102,539278868,0.389028,0.696039,0.163284,0.599051,0.052923,0.130935,0.788158
1677104102,549584105,0.388829,0.695717,0.163050,0.600153,0.051386,0.129288,0.787693
1677104102,559000415,0.388624,0.695428,0.162762,0.601653,0.049564,0.126093,0.787184
1677104102,569246228,0.388588,0.695029,0.162440,0.602484,0.048140,0.122179,0.787254
1677104102,579534513,0.388949,0.694687,0.162154,0.604147,0.046680,0.118740,0.786593
1677104102,589791963,0.389045,0.694102,0.161954,0.606646,0.046832,0.112059,0.785640
1677104102,599892680,0.389586,0.693552,0.161805,0.609607,0.045938,0.106492,0.784173
1677104102,609952936,0.389845,0.693127,0.161598,0.612540,0.044727,0.101388,0.782633
1677104102,619293640,0.389721,0.692717,0.161347,0.614235,0.043498,0.098319,0.781765
1677104102,629526301,0.389344,0.692660,0.161013,0.616015,0.041207,0.096570,0.780706
1677104102,639671968,0.388946,0.692660,0.160727,0.616644,0.039007,0.095893,0.780406
1677104102,649683327,0.388514,0.692883,0.160400,0.617953,0.036724,0.094194,0.779687
1677104102,659320731,0.388173,0.693050,0.160143,0.618893,0.034723,0.092602,0.779224
1677104102,669476947,0.387731,0.693068,0.159922,0.619530,0.033185,0.090811,0.778996
1677104102,678934742,0.387422,0.693292,0.159729,0.621372,0.030933,0.089637,0.777756
1677104102,689435144,0.387031,0.693036,0.159619,0.621181,0.029698,0.088322,0.778107
1677104102,698849033,0.386833,0.693024,0.159546,0.622058,0.028049,0.087103,0.777605
1677104102,709178334,0.386670,0.692951,0.159510,0.623006,0.026412,0.084717,0.777167
1677104102,718989223,0.386579,0.693171,0.159449,0.625134,0.024842,0.082397,0.775758
1677104102,728865682,0.386461,0.693237,0.159395,0.626510,0.023622,0.080550,0.774880
1677104102,739195979,0.386128,0.693243,0.159304,0.626996,0.022598,0.078989,0.774678
1677104102,749717672,0.385788,0.693644,0.159055,0.627636,0.020360,0.078557,0.774266
1677104102,759808650,0.385173,0.694225,0.158725,0.627998,0.017782,0.078592,0.774032
1677104102,769683984,0.384602,0.694374,0.158479,0.627559,0.015240,0.078339,0.774468
1677104102,779233379,0.384273,0.694488,0.158384,0.628762,0.012331,0.078287,0.773548
1677104102,789304901,0.383904,0.694610,0.158228,0.630363,0.009681,0.076853,0.772427
1677104102,799579113,0.383609,0.694725,0.158044,0.630765,0.007501,0.075629,0.772243
1677104102,809911634,0.383331,0.694993,0.157847,0.631491,0.005278,0.074275,0.771799
1677104102,820241131,0.383101,0.695162,0.157699,0.632538,0.003441,0.072892,0.771084
1677104102,829636666,0.382985,0.695279,0.157597,0.634086,0.001912,0.071698,0.769929
1677104102,840197863,0.382917,0.695559,0.157463,0.636296,0.000323,0.069835,0.768277
1677104102,850285451,0.382804,0.695735,0.157283,0.637194,-0.000504,0.068210,0.767679
1677104102,859937823,0.382597,0.695970,0.157093,0.637671,-0.000913,0.066815,0.767405
1677104102,869910530,0.382426,0.696137,0.156947,0.637961,-0.001911,0.066448,0.767194
1677104102,880139933,0.382294,0.696407,0.156783,0.638902,-0.003657,0.066309,0.766416
1677104102,890511063,0.382031,0.696518,0.156641,0.639535,-0.004379,0.065640,0.765942
1677104102,900072183,0.381866,0.696621,0.156493,0.640942,-0.005251,0.064823,0.764829
1677104102,909843576,0.381722,0.696595,0.156351,0.642406,-0.006043,0.063265,0.763725
1677104102,919881600,0.381664,0.696495,0.156233,0.643246,-0.006770,0.062460,0.763078
1677104102,929496871,0.381663,0.696614,0.156073,0.644804,-0.007554,0.062241,0.761772
1677104102,939523294,0.381646,0.696461,0.155883,0.645332,-0.008596,0.061527,0.761372
1677104102,949322621,0.381512,0.696444,0.155671,0.646532,-0.008716,0.060305,0.760450
1677104102,959671217,0.381598,0.696503,0.155453,0.648064,-0.009238,0.059695,0.759186
1677104102,969355960,0.381772,0.696390,0.155296,0.648814,-0.009874,0.059093,0.758585
1677104102,980121610,0.381930,0.696289,0.155147,0.649782,-0.009880,0.058591,0.757795
1677104102,989845794,0.381889,0.695999,0.155005,0.650529,-0.009199,0.057050,0.757280
1677104103,440802,0.382114,0.695815,0.154888,0.651883,-0.009314,0.057008,0.756116
1677104103,9778636,0.382246,0.695349,0.154735,0.653185,-0.009522,0.055947,0.755068
1677104103,19567088,0.382508,0.695090,0.154501,0.656058,-0.009955,0.054669,0.752662
1677104103,29735304,0.382726,0.694456,0.154234,0.657633,-0.009712,0.052636,0.751434
1677104103,40038190,0.383075,0.693983,0.153878,0.659951,-0.009937,0.050448,0.749547
1677104103,49744674,0.383417,0.693518,0.153521,0.661811,-0.009952,0.048754,0.748018
1677104103,59744167,0.383598,0.693122,0.153135,0.663298,-0.009791,0.046860,0.746822
1677104103,70154240,0.383808,0.692682,0.152829,0.664127,-0.009952,0.046066,0.746133
1677104103,79815851,0.383840,0.692522,0.152528,0.666104,-0.010589,0.044789,0.744437
1677104103,89376461,0.383908,0.692281,0.152289,0.667246,-0.011607,0.044108,0.743440
1677104103,99733776,0.383935,0.692045,0.152084,0.668295,-0.012423,0.043714,0.742507
1677104103,109295177,0.384043,0.691767,0.151896,0.669252,-0.013641,0.043468,0.741638
1677104103,119379491,0.383828,0.691561,0.151689,0.671016,-0.013372,0.041601,0.740154
1677104103,129921468,0.384060,0.691165,0.151606,0.671995,-0.014673,0.041290,0.739258
1677104103,140049723,0.384110,0.690896,0.151506,0.673663,-0.015205,0.040290,0.737783
1677104103,149245795,0.384164,0.690568,0.151458,0.674356,-0.015643,0.039804,0.737167
1677104103,159479639,0.384129,0.690399,0.151410,0.675122,-0.015972,0.039493,0.736475
1677104103,169114401,0.384164,0.690314,0.151439,0.675965,-0.016470,0.040272,0.735648
1677104103,179603092,0.384033,0.690147,0.151486,0.676593,-0.017055,0.039813,0.735082
1677104103,189599079,0.383885,0.689983,0.151553,0.676636,-0.017207,0.039733,0.735043
1677104103,199570728,0.383828,0.690037,0.151646,0.676969,-0.018581,0.039584,0.734712
1677104103,210062745,0.383613,0.690172,0.151701,0.677449,-0.019096,0.039443,0.734263
1677104103,220185722,0.383400,0.690215,0.151792,0.677578,-0.019792,0.039506,0.734123
1677104103,229493427,0.383346,0.690320,0.151859,0.678133,-0.021039,0.040422,0.733525
1677104103,239912600,0.383161,0.690354,0.151891,0.678519,-0.021711,0.040581,0.733139
1677104103,249946537,0.382957,0.690491,0.151904,0.679267,-0.022112,0.040029,0.732465
1677104103,259780845,0.383009,0.690424,0.151907,0.679488,-0.022844,0.039854,0.732247
1677104103,269095901,0.383038,0.690178,0.151913,0.679900,-0.022810,0.038906,0.731917
1677104103,279066923,0.383079,0.690053,0.151902,0.681298,-0.022667,0.037358,0.730701
1677104103,289701628,0.383290,0.689810,0.151913,0.682451,-0.023291,0.036625,0.729642
1677104103,299670081,0.383433,0.689576,0.151908,0.683880,-0.023229,0.036048,0.728333
1677104103,310099040,0.383495,0.689417,0.151889,0.685750,-0.022915,0.035351,0.726617
1677104103,320148562,0.383620,0.689057,0.151838,0.686595,-0.023220,0.034083,0.725869
1677104103,330218440,0.383796,0.688741,0.151757,0.687431,-0.022880,0.033851,0.725099
1677104103,340107112,0.384010,0.688674,0.151672,0.688568,-0.022862,0.033155,0.724053
1677104103,349676049,0.384148,0.688439,0.151559,0.688441,-0.022146,0.032300,0.724234
1677104103,360238794,0.384339,0.688481,0.151469,0.689054,-0.021903,0.031759,0.723683
1677104103,369973944,0.384417,0.688334,0.151426,0.688937,-0.021537,0.031399,0.723821
1677104103,379569700,0.384424,0.688229,0.151385,0.689161,-0.021379,0.031365,0.723614
1677104103,389463529,0.384495,0.688145,0.151352,0.689913,-0.021825,0.031259,0.722888
1677104103,399821371,0.384627,0.688007,0.151235,0.691002,-0.021970,0.030924,0.721856
1677104103,409020392,0.384894,0.687575,0.151110,0.691428,-0.021778,0.030433,0.721475
1677104103,419357997,0.385099,0.687402,0.150968,0.693084,-0.021055,0.029033,0.719964
1677104103,429313103,0.385349,0.687080,0.150847,0.693929,-0.020630,0.027600,0.719218
1677104103,439310293,0.385642,0.686884,0.150723,0.694678,-0.020604,0.026980,0.718519
1677104103,450031891,0.385732,0.686625,0.150627,0.694943,-0.020143,0.026314,0.718301
1677104103,459432916,0.385824,0.686543,0.150579,0.695674,-0.020178,0.026174,0.717597
1677104103,469095657,0.385909,0.686505,0.150601,0.696405,-0.020021,0.026369,0.716885
1677104103,479676356,0.386005,0.686329,0.150661,0.696528,-0.019993,0.026421,0.716764
1677104103,490015418,0.386062,0.686220,0.150686,0.696776,-0.019501,0.026418,0.716537
1677104103,500210703,0.386209,0.686188,0.150713,0.697104,-0.019911,0.026247,0.716212
1677104103,509705660,0.386188,0.686145,0.150671,0.697179,-0.019369,0.026199,0.716157
1677104103,519855755,0.386229,0.686152,0.150657,0.697598,-0.019646,0.026311,0.715737
1677104103,529246461,0.386202,0.686041,0.150586,0.697978,-0.019946,0.026017,0.715369
1677104103,539304502,0.386239,0.685855,0.150482,0.698665,-0.020078,0.026171,0.714688
1677104103,550039834,0.386310,0.685648,0.150412,0.699455,-0.020147,0.025964,0.713921
1677104103,559917990,0.386373,0.685473,0.150360,0.700395,-0.020057,0.025357,0.713023
1677104103,569848673,0.386467,0.685317,0.150313,0.701075,-0.019919,0.025178,0.712364
1677104103,579552066,0.386507,0.685118,0.150303,0.701389,-0.020024,0.025100,0.712055
1677104103,589878636,0.386553,0.685037,0.150330,0.701936,-0.020145,0.025417,0.711502
1677104103,599867759,0.386451,0.684870,0.150293,0.702138,-0.019817,0.025154,0.711321
1677104103,609948686,0.386432,0.684852,0.150272,0.703063,-0.019841,0.025142,0.710406
1677104103,619711158,0.386533,0.684695,0.150240,0.703986,-0.020481,0.024690,0.709489
1677104103,629665462,0.386484,0.684413,0.150150,0.704718,-0.019715,0.024007,0.708807
1677104103,640034792,0.386663,0.684196,0.150135,0.706022,-0.020039,0.023719,0.707509
1677104103,649529883,0.386821,0.683878,0.150112,0.706968,-0.020190,0.022859,0.706588
1677104103,659649146,0.386865,0.683694,0.150119,0.708041,-0.019171,0.022761,0.705544
1677104103,669651054,0.386954,0.683620,0.150174,0.709008,-0.019071,0.022474,0.704584
1677104103,680208260,0.386998,0.683499,0.150266,0.709267,-0.018576,0.022608,0.704333
1677104103,690118042,0.387036,0.683453,0.150336,0.709528,-0.018378,0.023045,0.704060
1677104103,700275635,0.386978,0.683354,0.150407,0.709859,-0.018354,0.022831,0.703734
1677104103,709423305,0.386948,0.683155,0.150424,0.710042,-0.018299,0.023081,0.703543
1677104103,719693866,0.386943,0.682996,0.150423,0.711143,-0.018715,0.022363,0.702443
1677104103,729406026,0.386970,0.682688,0.150381,0.711747,-0.018373,0.022011,0.701851
1677104103,739552313,0.386984,0.682467,0.150318,0.712753,-0.017852,0.021619,0.700855
1677104103,749583384,0.387109,0.682247,0.150237,0.713419,-0.017310,0.021403,0.700197
1677104103,760335656,0.387317,0.682035,0.150189,0.713634,-0.016802,0.021530,0.699986
1677104103,769521043,0.387463,0.682049,0.150161,0.714268,-0.016563,0.021090,0.699359
1677104103,779454088,0.387515,0.681943,0.150145,0.714285,-0.016508,0.020587,0.699357
1677104103,789514941,0.387505,0.681851,0.150126,0.714228,-0.016038,0.021051,0.699413
1677104103,800136086,0.387373,0.681856,0.150149,0.714586,-0.015680,0.021030,0.699056
1677104103,809311104,0.387355,0.681917,0.150196,0.715205,-0.016089,0.021165,0.698409
1677104103,820245689,0.387337,0.681869,0.150223,0.715051,-0.016242,0.021238,0.698561
1677104103,829636642,0.387341,0.681904,0.150273,0.715471,-0.016378,0.021050,0.698133
1677104103,839407965,0.387365,0.681697,0.150254,0.715525,-0.016110,0.021030,0.698085
1677104103,849764487,0.387437,0.681612,0.150253,0.716809,-0.015965,0.020744,0.696778
1677104103,859503214,0.387595,0.681242,0.150230,0.717456,-0.015602,0.020637,0.696124
1677104103,870331347,0.387596,0.680908,0.150168,0.718297,-0.013825,0.020168,0.695306
1677104103,879664757,0.387878,0.680600,0.150131,0.719123,-0.013738,0.019767,0.694466
1677104103,889542228,0.388061,0.680294,0.150119,0.719857,-0.013258,0.018777,0.693741
1677104103,899506318,0.388265,0.679928,0.150080,0.720226,-0.013267,0.018103,0.693376
1677104103,909271978,0.388370,0.679831,0.150150,0.721211,-0.012939,0.017674,0.692369
1677104103,919676055,0.388487,0.679698,0.150208,0.721585,-0.013049,0.017880,0.691972
1677104103,929454518,0.388459,0.679531,0.150295,0.721544,-0.013233,0.017736,0.692015
1677104103,939285806,0.388403,0.679523,0.150378,0.722051,-0.013341,0.018024,0.691477
1677104103,949490426,0.388452,0.679408,0.150439,0.722037,-0.014168,0.018323,0.691467
1677104103,959398006,0.388359,0.679457,0.150458,0.722865,-0.013560,0.017969,0.690622
1677104103,969540829,0.388450,0.679202,0.150420,0.722804,-0.013108,0.018192,0.690690
1677104103,979627814,0.388560,0.679188,0.150427,0.724058,-0.012645,0.017710,0.689395
1677104103,989969870,0.388649,0.678977,0.150408,0.724558,-0.012355,0.016588,0.688903
1677104103,999694268,0.388758,0.678727,0.150403,0.724680,-0.012058,0.016281,0.688788
1677104104,10083945,0.388809,0.678723,0.150462,0.725559,-0.012264,0.016055,0.687864
1677104104,20200026,0.388900,0.678538,0.150530,0.725741,-0.012914,0.016491,0.687650
1677104104,30297591,0.388872,0.678248,0.150561,0.725838,-0.012885,0.016459,0.687548
1677104104,40031867,0.388914,0.678086,0.150652,0.727110,-0.012973,0.016149,0.686208
1677104104,49321491,0.388950,0.677804,0.150668,0.728394,-0.012207,0.015401,0.684877
1677104104,59373169,0.389219,0.677476,0.150720,0.729690,-0.011754,0.015661,0.683498
1677104104,69040350,0.389395,0.677302,0.150776,0.731461,-0.011045,0.014808,0.681633
1677104104,79580076,0.389477,0.676893,0.150810,0.731998,-0.009911,0.013711,0.681097
1677104104,89329100,0.389678,0.676510,0.150877,0.732114,-0.009748,0.013678,0.680975
1677104104,99029220,0.389658,0.676313,0.150991,0.732484,-0.009642,0.012993,0.680591
1677104104,109200707,0.389643,0.676193,0.151136,0.733069,-0.009782,0.013208,0.679956
1677104104,119637364,0.389664,0.676057,0.151266,0.733749,-0.010585,0.013613,0.679202
1677104104,129071087,0.389654,0.675951,0.151389,0.734821,-0.010792,0.013857,0.678033
1677104104,139175553,0.389539,0.675762,0.151458,0.735719,-0.009715,0.013594,0.677081
1677104104,149609550,0.389694,0.675619,0.151534,0.736619,-0.009923,0.013292,0.676104
1677104104,159299544,0.389727,0.675454,0.151572,0.737304,-0.009356,0.013223,0.675367
1677104104,169152549,0.389720,0.675289,0.151587,0.737647,-0.008823,0.013218,0.674999
1677104104,179210972,0.389650,0.675182,0.151634,0.737757,-0.008647,0.013066,0.674884
1677104104,189874546,0.389557,0.675276,0.151692,0.738107,-0.008573,0.013245,0.674499
1677104104,199868161,0.389503,0.675255,0.151764,0.737957,-0.009069,0.013393,0.674654
1677104104,209722180,0.389467,0.675260,0.151847,0.738207,-0.009260,0.013928,0.674367
1677104104,219396876,0.389569,0.675183,0.151903,0.738791,-0.009929,0.013976,0.673717
1677104104,229405845,0.389533,0.674838,0.151893,0.738890,-0.009489,0.013545,0.673623
1677104104,239539881,0.389607,0.674707,0.151939,0.740350,-0.008675,0.013069,0.672038
1677104104,249305657,0.389781,0.674489,0.151920,0.741679,-0.007566,0.013096,0.670584
1677104104,258946347,0.389934,0.674266,0.151940,0.743267,-0.006545,0.012653,0.668844
1677104104,269773532,0.390113,0.673887,0.151908,0.744517,-0.005550,0.011785,0.667476
1677104104,279403902,0.390315,0.673564,0.151924,0.745957,-0.004462,0.011361,0.665883
1677104104,289362886,0.390508,0.673186,0.151933,0.747021,-0.003580,0.010715,0.664704
1677104104,299562016,0.390677,0.672927,0.151950,0.747823,-0.003169,0.009873,0.663818
1677104104,309768378,0.390815,0.672851,0.152019,0.748717,-0.003287,0.009543,0.662813
1677104104,319530030,0.390816,0.672744,0.152056,0.748915,-0.002915,0.009376,0.662593
1677104104,329409251,0.390840,0.672741,0.152137,0.749176,-0.002964,0.009543,0.662296
1677104104,339817244,0.390835,0.672629,0.152169,0.749085,-0.003097,0.009691,0.662396
1677104104,349497363,0.390826,0.672744,0.152272,0.750195,-0.003020,0.010203,0.661131
1677104104,360006662,0.390803,0.672440,0.152196,0.750136,-0.002921,0.009835,0.661204
1677104104,370019258,0.390827,0.672413,0.152142,0.751680,-0.002045,0.009376,0.659458
1677104104,379900728,0.391108,0.672220,0.152077,0.752791,-0.001735,0.009042,0.658195
1677104104,389598941,0.391264,0.671962,0.151979,0.753817,-0.000664,0.007659,0.657040
1677104104,399840257,0.391439,0.671693,0.151912,0.754959,0.000119,0.006102,0.655744
1677104104,409545208,0.391753,0.671184,0.151832,0.755554,0.000084,0.005616,0.655062
1677104104,419888359,0.391872,0.670793,0.151860,0.757171,0.000574,0.004729,0.653200
1677104104,429496598,0.392095,0.670270,0.151870,0.758229,0.000667,0.004159,0.651974
1677104104,439850161,0.392460,0.669832,0.151900,0.759295,0.000364,0.003780,0.650736
1677104104,450281645,0.392599,0.669587,0.151938,0.759935,0.000278,0.002106,0.649996
1677104104,459604481,0.392806,0.669427,0.151856,0.759475,-0.000035,0.001224,0.650536
1677104104,469385217,0.392739,0.669471,0.151710,0.758356,0.000252,0.000311,0.651841
1677104104,480164037,0.392767,0.669737,0.151568,0.757703,-0.000712,-0.000314,0.652599
1677104104,490192301,0.392736,0.669794,0.151414,0.756855,-0.001681,-0.000295,0.653580
1677104104,499825887,0.392667,0.669799,0.151292,0.756612,-0.001794,-0.000249,0.653861
1677104104,509864964,0.392677,0.669721,0.151230,0.757000,-0.001326,0.000163,0.653414
1677104104,519582087,0.392697,0.669694,0.151243,0.757961,-0.000653,-0.000062,0.652300
1677104104,529455931,0.392789,0.669619,0.151296,0.758816,-0.000196,0.000439,0.651304
1677104104,539316941,0.392742,0.669516,0.151336,0.759376,-0.000119,-0.000090,0.650652
1677104104,549527834,0.392669,0.669361,0.151384,0.759290,-0.000249,-0.000067,0.650752
1677104104,559750278,0.392683,0.669337,0.151456,0.759550,-0.001214,0.000107,0.650448
1677104104,569988907,0.392609,0.669230,0.151499,0.759641,-0.001546,0.000297,0.650340
1677104104,579663954,0.392645,0.669100,0.151540,0.760064,-0.001803,0.000111,0.649846
1677104104,589829417,0.392739,0.668822,0.151611,0.760870,-0.001433,0.000249,0.648902
1677104104,599910142,0.392822,0.668541,0.151741,0.762291,-0.000766,-0.000265,0.647234
1677104104,609555878,0.392953,0.668049,0.151812,0.763087,-0.000085,-0.000324,0.646296
1677104104,620098573,0.393037,0.667664,0.151966,0.764413,0.000876,-0.000058,0.644727
1677104104,629447553,0.393084,0.667401,0.152157,0.766020,0.001241,-0.000524,0.642815
1677104104,639338170,0.393225,0.666998,0.152320,0.766710,0.001066,-0.000475,0.641992
1677104104,650550018,0.393167,0.666729,0.152497,0.767523,0.002015,-0.000413,0.641018
1677104104,660022820,0.393348,0.666570,0.152745,0.768543,0.001652,0.000392,0.639796
1677104104,669425324,0.393222,0.666286,0.152918,0.768925,0.002404,0.000134,0.639334
1677104104,679583001,0.393281,0.666182,0.153204,0.770161,0.001943,0.000689,0.637846
1677104104,690149151,0.393083,0.665926,0.153448,0.770815,0.002533,0.000424,0.637054
1677104104,699816273,0.393137,0.665645,0.153743,0.771779,0.002012,0.000891,0.635887
1677104104,709994893,0.393074,0.665474,0.154123,0.773455,0.002376,0.001179,0.633846
1677104104,719773869,0.393057,0.665105,0.154472,0.774710,0.002842,0.001307,0.632309
1677104104,729681956,0.393036,0.664777,0.154872,0.776298,0.003612,0.001356,0.630355
1677104104,739619839,0.392994,0.664533,0.155363,0.778039,0.004575,0.000877,0.628199
1677104104,750182318,0.393070,0.664210,0.155865,0.779140,0.004800,0.000836,0.626831
1677104104,759751885,0.392958,0.663993,0.156391,0.780109,0.005608,0.000663,0.625618
1677104104,770341870,0.392933,0.663906,0.157045,0.781331,0.005344,0.001088,0.624094
1677104104,780033902,0.392948,0.663764,0.157793,0.782299,0.004688,0.001914,0.622883
1677104104,790018176,0.392806,0.663584,0.158526,0.783215,0.004715,0.002472,0.621728
1677104104,800285436,0.392724,0.663429,0.159400,0.784671,0.004546,0.002709,0.619890
1677104104,809408282,0.392717,0.663098,0.160219,0.785828,0.004480,0.003016,0.618421
1677104104,819670011,0.392569,0.662630,0.161060,0.786695,0.005267,0.002984,0.617312
1677104104,829888203,0.392539,0.662426,0.162049,0.788591,0.005210,0.003219,0.614887
1677104104,840210843,0.392414,0.662187,0.163057,0.790200,0.005509,0.003387,0.612815
1677104104,849739718,0.392327,0.661912,0.164100,0.791687,0.005252,0.003555,0.610894
1677104104,859345319,0.392191,0.661632,0.165183,0.792851,0.005261,0.004083,0.609379
1677104104,869078092,0.392142,0.661412,0.166339,0.794018,0.004720,0.005008,0.607855
1677104104,879391016,0.391969,0.661206,0.167509,0.794693,0.004462,0.006076,0.606964
1677104104,889906273,0.391670,0.661165,0.168689,0.795523,0.004476,0.006742,0.605869
1677104104,899653097,0.391544,0.661260,0.169941,0.796526,0.003144,0.007423,0.604550
1677104104,909998377,0.391299,0.661256,0.171049,0.796815,0.002537,0.008310,0.604161
1677104104,919639511,0.391078,0.661352,0.172231,0.797760,0.002043,0.008776,0.602907
1677104104,929127562,0.390886,0.661247,0.173325,0.798293,0.001892,0.009131,0.602197
1677104104,939351507,0.390791,0.661073,0.174428,0.799020,0.002226,0.010371,0.601211
1677104104,949536197,0.390840,0.660976,0.175580,0.800545,0.001471,0.010782,0.599174
1677104104,959601355,0.390774,0.660827,0.176665,0.801869,0.001473,0.011056,0.597396
1677104104,970334178,0.390579,0.660811,0.177787,0.803604,0.002712,0.011485,0.595048
1677104104,979881295,0.390563,0.660691,0.178849,0.804611,0.002780,0.012283,0.593669
1677104104,989544355,0.390467,0.660799,0.179933,0.805967,0.003341,0.012819,0.591812
1677104104,999138564,0.390312,0.660807,0.180996,0.806378,0.003956,0.013980,0.591222
1677104105,9595887,0.390034,0.660875,0.181964,0.806490,0.004227,0.014087,0.591065
1677104105,19629746,0.389945,0.661099,0.183017,0.807024,0.003209,0.015192,0.590315
1677104105,29774744,0.389648,0.661297,0.183994,0.807404,0.003190,0.015542,0.589785
1677104105,40202603,0.389467,0.661492,0.185031,0.808104,0.002712,0.016133,0.588812
1677104105,49818648,0.389345,0.661466,0.185952,0.808269,0.002281,0.016514,0.588578
1677104105,59792311,0.389225,0.661458,0.186836,0.809058,0.002583,0.017048,0.587476
1677104105,69529757,0.389210,0.661359,0.187731,0.810094,0.002929,0.017536,0.586030
1677104105,79848183,0.389166,0.661256,0.188617,0.811575,0.003883,0.016923,0.583990
1677104105,90259843,0.389198,0.661249,0.189542,0.813469,0.005087,0.016884,0.581341
1677104105,100179904,0.389284,0.661037,0.190442,0.814368,0.006216,0.017179,0.580062
1677104105,110028629,0.389346,0.660936,0.191385,0.815215,0.006857,0.017136,0.578864
1677104105,119949471,0.389271,0.660911,0.192357,0.815792,0.007328,0.016873,0.578053
1677104105,129541757,0.389179,0.660902,0.193284,0.815784,0.007510,0.017557,0.578042
1677104105,139325035,0.389041,0.660913,0.194243,0.815632,0.006980,0.018190,0.578242
1677104105,149166683,0.388904,0.661120,0.195252,0.816231,0.005676,0.018412,0.577405
1677104105,159341809,0.388714,0.661049,0.196153,0.816211,0.005025,0.019032,0.577419
1677104105,169600657,0.388608,0.661036,0.197081,0.817027,0.004492,0.019517,0.576252
1677104105,179338130,0.388539,0.660832,0.197943,0.817672,0.004652,0.019906,0.575321
1677104105,189249051,0.388587,0.660610,0.198806,0.818786,0.005161,0.020116,0.573722
1677104105,199509382,0.388726,0.660462,0.199728,0.820252,0.005656,0.020577,0.571604
1677104105,209317630,0.388784,0.660092,0.200511,0.820922,0.007090,0.020570,0.570626
1677104105,219494020,0.388917,0.659952,0.201433,0.822062,0.007738,0.020121,0.568989
1677104105,229784767,0.389087,0.659758,0.202330,0.822691,0.008330,0.019726,0.568085
1677104105,239724922,0.389277,0.659550,0.203187,0.822770,0.008538,0.019468,0.567976
1677104105,249334123,0.389382,0.659553,0.204135,0.823302,0.009307,0.019460,0.567193
1677104105,259723938,0.389543,0.659537,0.205102,0.823791,0.009012,0.019624,0.566482
1677104105,269439685,0.389594,0.659601,0.206048,0.824646,0.009161,0.020089,0.565218
1677104105,280402520,0.389593,0.659633,0.207002,0.825820,0.009241,0.021120,0.563462
1677104105,289743151,0.389616,0.658742,0.207661,0.824012,0.007938,0.021334,0.566115
1677104105,299979255,0.389515,0.658712,0.208629,0.824992,0.008438,0.021951,0.564655
1677104105,309828299,0.389517,0.658436,0.209542,0.824918,0.009170,0.023194,0.564702
1677104105,319521869,0.389695,0.658407,0.210588,0.825255,0.009063,0.024254,0.564166
1677104105,329998221,0.389605,0.658415,0.211640,0.825508,0.010001,0.024074,0.563789
1677104105,339854933,0.389677,0.658428,0.212680,0.825635,0.009885,0.024211,0.563598
1677104105,350042934,0.389718,0.658419,0.213710,0.825633,0.009724,0.024417,0.563596
1677104105,360198581,0.389867,0.658354,0.214702,0.825641,0.008809,0.024612,0.563590
1677104105,370117680,0.389858,0.658146,0.215639,0.825284,0.009242,0.024787,0.564097
1677104105,379639582,0.390098,0.658145,0.216687,0.826069,0.008523,0.025391,0.562932
1677104105,389938729,0.390225,0.657944,0.217637,0.826344,0.009153,0.025654,0.562506
1677104105,399825565,0.390448,0.657772,0.218587,0.826866,0.009594,0.025878,0.561721
1677104105,409528663,0.390756,0.657601,0.219614,0.827368,0.009408,0.025936,0.560982
1677104105,420239389,0.390899,0.657465,0.220623,0.827586,0.010105,0.026195,0.560636
1677104105,429740720,0.391041,0.657416,0.221713,0.827834,0.010034,0.026653,0.560250
1677104105,439740154,0.391244,0.657468,0.222832,0.828128,0.009286,0.027454,0.559789
1677104105,449777469,0.391193,0.657439,0.223899,0.827921,0.009035,0.027340,0.560105
1677104105,459744951,0.391324,0.657504,0.225036,0.827914,0.008458,0.028366,0.560074
1677104105,470047583,0.391404,0.657368,0.226091,0.827041,0.007860,0.028701,0.561354
1677104105,479624609,0.391461,0.657348,0.227239,0.826701,0.007678,0.029429,0.561818
1677104105,490152612,0.391400,0.657268,0.228393,0.826602,0.007906,0.029893,0.561936
1677104105,500181261,0.391671,0.657212,0.229696,0.827262,0.005856,0.030831,0.560939
1677104105,509707516,0.391236,0.656910,0.230577,0.826619,0.008701,0.031405,0.561817
1677104105,520192469,0.391880,0.656691,0.231840,0.827593,0.005188,0.031987,0.560393
1677104105,530133906,0.391996,0.656495,0.232932,0.828188,0.005686,0.032082,0.559503
1677104105,539789545,0.392523,0.656318,0.234063,0.829148,0.004476,0.032036,0.558092
1677104105,550326422,0.392859,0.656012,0.235108,0.829774,0.005315,0.031603,0.557179
1677104105,560002471,0.393601,0.655872,0.236215,0.830902,0.004331,0.031500,0.555510
1677104105,569817395,0.394101,0.655610,0.237213,0.831232,0.005123,0.030702,0.555053
1677104105,580207680,0.394667,0.655452,0.238266,0.831644,0.005686,0.029778,0.554480
1677104105,589953383,0.395033,0.655325,0.239252,0.831546,0.007509,0.028777,0.554660
1677104105,599793756,0.395565,0.655528,0.240323,0.832351,0.008518,0.029023,0.553423
1677104105,609902144,0.395925,0.655500,0.241205,0.832206,0.009561,0.028038,0.553674
1677104105,620229421,0.396322,0.655553,0.242151,0.832377,0.010379,0.028206,0.553395
1677104105,629962042,0.396788,0.655603,0.243097,0.832822,0.010787,0.028298,0.552712
1677104105,640376980,0.397045,0.655502,0.243911,0.832938,0.011678,0.027504,0.552560
1677104105,649841737,0.397379,0.655449,0.244761,0.833303,0.012409,0.027252,0.552005
1677104105,659781540,0.397867,0.655286,0.245556,0.833277,0.011992,0.027596,0.552036
1677104105,669644232,0.398275,0.655198,0.246375,0.833494,0.011703,0.027436,0.551723
1677104105,680500396,0.398698,0.655140,0.247172,0.833436,0.011384,0.027156,0.551831
1677104105,689870012,0.399094,0.655116,0.248019,0.833216,0.011324,0.027558,0.552144
1677104105,699959298,0.399672,0.655059,0.248817,0.832721,0.010603,0.028176,0.552875
1677104105,710124053,0.399096,0.655132,0.249799,0.832607,0.015301,0.026342,0.553026
1677104105,720695249,0.399007,0.654943,0.250540,0.831445,0.018215,0.024942,0.554749
1677104105,729671566,0.400118,0.655688,0.251925,0.833431,0.015955,0.026773,0.551744
1677104105,739339025,0.400540,0.655784,0.252898,0.833677,0.017020,0.026452,0.551355
1677104105,750116213,0.401039,0.655696,0.253811,0.833733,0.017356,0.025839,0.551290
1677104105,759684343,0.401459,0.655603,0.254753,0.833959,0.017849,0.025172,0.550962
1677104105,770204665,0.401870,0.655500,0.255764,0.834505,0.017825,0.025308,0.550130
1677104105,779445181,0.402192,0.655249,0.256692,0.834655,0.017920,0.025656,0.549884
1677104105,789399513,0.402496,0.655177,0.257807,0.835356,0.017523,0.025862,0.548821
1677104105,799435052,0.402698,0.655179,0.258941,0.835970,0.017517,0.026110,0.547874
1677104105,809627237,0.403047,0.655107,0.260033,0.836015,0.017270,0.026962,0.547772
1677104105,819870021,0.403317,0.655273,0.261192,0.836288,0.017725,0.027327,0.547321
1677104105,829096240,0.403683,0.655450,0.262313,0.836230,0.017979,0.027444,0.547396
1677104105,839227450,0.404071,0.655631,0.263396,0.835862,0.018822,0.027420,0.547931
1677104105,849181751,0.404544,0.655895,0.264468,0.835660,0.019721,0.027276,0.548215
1677104105,859418657,0.405012,0.656047,0.265479,0.835078,0.020398,0.026897,0.549094
1677104105,869853989,0.405424,0.656310,0.266534,0.835170,0.021100,0.026665,0.548940
1677104105,879579632,0.405760,0.656354,0.267515,0.835159,0.021632,0.026150,0.548961
1677104105,889674301,0.405976,0.656440,0.268486,0.835470,0.022308,0.026285,0.548454
1677104105,900158729,0.406184,0.656412,0.269376,0.835661,0.022699,0.026911,0.548116
1677104105,909894761,0.406353,0.656616,0.270378,0.836274,0.022665,0.027493,0.547152
1677104105,920115338,0.406480,0.656728,0.271346,0.836174,0.022796,0.028032,0.547273
1677104105,930016348,0.406660,0.656977,0.272359,0.836063,0.022653,0.029390,0.547378
1677104105,939702171,0.406720,0.657177,0.273316,0.835693,0.022271,0.029645,0.547943
1677104105,949396552,0.406784,0.657315,0.274276,0.835176,0.021878,0.030479,0.548702
1677104105,960223746,0.406767,0.657518,0.275221,0.835028,0.021542,0.030895,0.548917
1677104105,969838246,0.406804,0.657619,0.276126,0.834834,0.020750,0.031475,0.549209
1677104105,979400493,0.406802,0.657783,0.277056,0.835260,0.020076,0.031703,0.548573
1677104105,989166486,0.406902,0.657865,0.277933,0.835754,0.019250,0.032243,0.547819
1677104105,999939104,0.407044,0.657826,0.278732,0.836254,0.018668,0.032411,0.547065
1677104106,9418254,0.407100,0.657538,0.279417,0.835994,0.019398,0.032495,0.547432
1677104106,19226702,0.407329,0.657441,0.280189,0.836588,0.019203,0.031770,0.546573
1677104106,29553183,0.407453,0.657300,0.280894,0.836866,0.020185,0.031259,0.546141
1677104106,39818227,0.407594,0.657283,0.281633,0.837189,0.021033,0.031216,0.545616
1677104106,50179251,0.407842,0.657355,0.282355,0.837564,0.020903,0.030964,0.545060
1677104106,60124225,0.407963,0.657372,0.282984,0.837373,0.021154,0.031083,0.545338
1677104106,70344488,0.408008,0.657534,0.283602,0.837329,0.021324,0.031299,0.545386
1677104106,79619019,0.408056,0.657576,0.284251,0.837042,0.020817,0.031476,0.545836
1677104106,90171042,0.407956,0.657635,0.284895,0.836912,0.020586,0.031232,0.546058
1677104106,100254254,0.407945,0.657594,0.285502,0.836833,0.019731,0.031703,0.546183
1677104106,109725017,0.407832,0.657698,0.286192,0.837486,0.019197,0.031886,0.545190
1677104106,119628138,0.407745,0.657381,0.286661,0.836781,0.018828,0.032519,0.546247
1677104106,129704553,0.407628,0.657491,0.287357,0.837391,0.018638,0.033086,0.545284
1677104106,139417772,0.407612,0.657415,0.287990,0.837147,0.018274,0.033706,0.545633
1677104106,149224281,0.407369,0.657509,0.288711,0.837497,0.019164,0.033577,0.545073
1677104106,160217675,0.407423,0.657524,0.289377,0.837535,0.018789,0.034726,0.544954
1677104106,169868824,0.407321,0.657586,0.290077,0.838031,0.018756,0.035346,0.544154
1677104106,179247206,0.407460,0.657779,0.290852,0.839016,0.016788,0.036127,0.542646
1677104106,189486414,0.407419,0.657845,0.291516,0.839599,0.015515,0.036790,0.541737
1677104106,199560675,0.407500,0.657875,0.292126,0.840033,0.013496,0.037960,0.541037
1677104106,209205404,0.406235,0.658414,0.293196,0.842902,0.017850,0.036602,0.536524
1677104106,219618446,0.406063,0.658478,0.293778,0.843644,0.017573,0.037185,0.535325
1677104106,229221017,0.406273,0.656490,0.293585,0.838022,0.016475,0.038993,0.543992
1677104106,240039191,0.406156,0.656246,0.294040,0.837999,0.016710,0.038985,0.544020
1677104106,250252462,0.406250,0.656218,0.294574,0.838693,0.016147,0.039002,0.542966
1677104106,259779186,0.406176,0.656021,0.294905,0.838533,0.016888,0.039056,0.543187
1677104106,269930551,0.406157,0.656063,0.295320,0.838947,0.017667,0.039684,0.542477
1677104106,280228883,0.406211,0.656145,0.295677,0.839182,0.017787,0.040412,0.542056
1677104106,290389100,0.406110,0.656255,0.296078,0.839413,0.018441,0.040151,0.541695
1677104106,300348760,0.406135,0.656262,0.296396,0.839055,0.018157,0.040632,0.542223
1677104106,310196715,0.406079,0.656385,0.296781,0.839199,0.017968,0.040456,0.542020
1677104106,319973918,0.406033,0.656358,0.297153,0.838952,0.017490,0.040446,0.542418
1677104106,329958549,0.405970,0.656278,0.297433,0.838437,0.017108,0.040826,0.543197
1677104106,340035432,0.405841,0.656324,0.297747,0.838425,0.016737,0.040705,0.543237
1677104106,349959166,0.405771,0.656534,0.298105,0.839101,0.016057,0.040852,0.542201
1677104106,359886102,0.405624,0.656446,0.298278,0.838668,0.015933,0.040671,0.542888
1677104106,370565711,0.405637,0.656415,0.298436,0.838332,0.015427,0.041366,0.543369
1677104106,379963702,0.405706,0.656507,0.298616,0.838548,0.015099,0.041483,0.543037
1677104106,389768145,0.405551,0.656725,0.298904,0.839259,0.016793,0.041647,0.541874
1677104106,399744391,0.405695,0.656894,0.299131,0.839799,0.017042,0.041215,0.541062
1677104106,409911569,0.405825,0.656785,0.299227,0.839366,0.018053,0.041130,0.541708
1677104106,419501111,0.405954,0.656917,0.299433,0.839827,0.019066,0.040197,0.541028
1677104106,430161976,0.406130,0.657148,0.299709,0.840632,0.019575,0.039260,0.539828
1677104106,440215190,0.406340,0.656943,0.299682,0.839627,0.020188,0.039064,0.541380
1677104106,449818984,0.406342,0.657128,0.299887,0.840171,0.021289,0.037891,0.540577
1677104106,459567204,0.406635,0.657300,0.300028,0.840310,0.021149,0.038321,0.540337
1677104106,469889699,0.406782,0.657390,0.300189,0.840363,0.021467,0.038025,0.540262
1677104106,479602605,0.406794,0.657455,0.300320,0.840340,0.022820,0.037489,0.540280
1677104106,489821881,0.406968,0.657460,0.300457,0.840386,0.023003,0.037396,0.540207
1677104106,499915763,0.407007,0.657483,0.300610,0.840588,0.023968,0.036977,0.539880
1677104106,509985813,0.407153,0.657639,0.300833,0.841278,0.024000,0.036898,0.538807
1677104106,519811194,0.407200,0.657669,0.300922,0.841433,0.024096,0.036281,0.538603
1677104106,529597254,0.407265,0.657773,0.300995,0.841544,0.023964,0.036511,0.538421
1677104106,539977468,0.407213,0.657914,0.301070,0.841764,0.024139,0.036257,0.538086
1677104106,549986920,0.407255,0.657964,0.301054,0.841584,0.024007,0.036335,0.538368
1677104106,559935240,0.407293,0.658078,0.301047,0.841621,0.024129,0.036457,0.538295
1677104106,569791182,0.407280,0.658322,0.301105,0.841823,0.024694,0.036432,0.537957
1677104106,579734603,0.407379,0.658542,0.301141,0.841788,0.024957,0.036599,0.537987
1677104106,589725999,0.407563,0.658709,0.301178,0.841323,0.024694,0.036684,0.538720
1677104106,599798088,0.407546,0.659028,0.301322,0.841508,0.025768,0.036609,0.538387
1677104106,609574068,0.407526,0.659186,0.301457,0.841273,0.026460,0.036575,0.538722
1677104106,619747791,0.407539,0.659193,0.301503,0.840825,0.026800,0.036569,0.539405
1677104106,629266130,0.407463,0.659335,0.301625,0.841177,0.027194,0.036350,0.538852
1677104106,640444284,0.407534,0.659388,0.301745,0.841394,0.026893,0.036836,0.538495
1677104106,649785017,0.407483,0.659459,0.301876,0.841754,0.026990,0.036650,0.537940
1677104106,659584294,0.407596,0.659497,0.301980,0.841908,0.026686,0.037406,0.537661
1677104106,669971831,0.407517,0.659618,0.302166,0.842244,0.027002,0.037342,0.537123
1677104106,679887988,0.407454,0.659735,0.302320,0.842267,0.027408,0.037480,0.537057
1677104106,689580296,0.407316,0.659954,0.302533,0.842363,0.027876,0.037238,0.536900
1677104106,699931044,0.407271,0.660144,0.302730,0.842185,0.027943,0.037706,0.537143
1677104106,709624648,0.407176,0.660363,0.302943,0.842101,0.027705,0.037553,0.537297
1677104106,719246498,0.407119,0.660583,0.303160,0.841967,0.027138,0.038144,0.537494
1677104106,729414311,0.406930,0.660816,0.303369,0.841966,0.027182,0.038507,0.537468
1677104106,739769439,0.406722,0.660943,0.303568,0.841809,0.027126,0.038680,0.537704
1677104106,749696012,0.406612,0.661029,0.303693,0.841355,0.026699,0.039396,0.538384
1677104106,760484565,0.406445,0.661230,0.303910,0.841390,0.026430,0.040358,0.538271
1677104106,770114678,0.406285,0.661244,0.304014,0.840889,0.026120,0.040683,0.539043
1677104106,779539298,0.406006,0.661591,0.304352,0.841665,0.026528,0.040896,0.537795
1677104106,789613232,0.405941,0.661647,0.304512,0.841463,0.025997,0.041458,0.538094
1677104106,800168310,0.405925,0.661691,0.304624,0.841213,0.025385,0.042169,0.538459
1677104106,809797959,0.405775,0.661864,0.304810,0.841415,0.025604,0.042392,0.538116
1677104106,819600238,0.405739,0.661970,0.304912,0.841237,0.025557,0.042968,0.538349
1677104106,829961608,0.405549,0.662032,0.304999,0.841031,0.026311,0.042649,0.538660
1677104106,840110051,0.405516,0.662133,0.305099,0.840914,0.026450,0.042763,0.538827
1677104106,849709815,0.405512,0.662288,0.305221,0.840982,0.026496,0.042949,0.538705
1677104106,859660354,0.405481,0.662292,0.305236,0.840615,0.026598,0.043328,0.539241
1677104106,869969936,0.405476,0.662404,0.305315,0.840887,0.026485,0.043712,0.538792
1677104106,879615209,0.405438,0.662450,0.305351,0.841140,0.026384,0.043848,0.538390
1677104106,890402804,0.405384,0.662407,0.305319,0.841245,0.026396,0.043650,0.538242
1677104106,900516653,0.405365,0.662248,0.305224,0.841127,0.026165,0.043212,0.538473
1677104106,909470097,0.405341,0.662180,0.305164,0.841279,0.026509,0.042991,0.538236
1677104106,920020617,0.405470,0.662147,0.305118,0.841585,0.026038,0.042638,0.537810
1677104106,929581877,0.405488,0.662086,0.305054,0.841751,0.026667,0.042409,0.537537
1677104106,939602141,0.405684,0.662004,0.304954,0.841814,0.026632,0.041958,0.537475
1677104106,949224039,0.405778,0.661950,0.304859,0.841880,0.027210,0.041584,0.537372
1677104106,960086702,0.405861,0.661883,0.304755,0.841795,0.027615,0.041296,0.537506
1677104106,970095937,0.405886,0.661785,0.304632,0.841617,0.028124,0.040969,0.537783
