secs,nsecs,tx,ty,tz,rx,ry,rz,rw
1677104769,294791787,0.311513,0.558232,0.492727,0.503533,-0.110419,-0.119865,0.848466
1677104769,304601699,0.311621,0.558281,0.492561,0.503738,-0.109714,-0.119492,0.848488
1677104769,314497298,0.311967,0.558431,0.492358,0.504758,-0.109873,-0.118431,0.848010
1677104769,325190095,0.312201,0.558583,0.492147,0.505502,-0.109732,-0.118315,0.847601
1677104769,334618128,0.312423,0.558699,0.491909,0.505977,-0.109498,-0.118525,0.847319
1677104769,344184149,0.312798,0.558755,0.491732,0.506190,-0.109198,-0.117902,0.847317
1677104769,354674199,0.313107,0.558861,0.491523,0.506269,-0.108806,-0.117860,0.847326
1677104769,364914998,0.313301,0.559059,0.491231,0.506961,-0.108300,-0.118734,0.846855
1677104769,374655818,0.313606,0.558999,0.491061,0.506442,-0.107705,-0.118498,0.847275
1677104769,384262056,0.313905,0.559089,0.490838,0.506372,-0.107685,-0.118996,0.847249
1677104769,394393520,0.314226,0.559335,0.490510,0.507439,-0.106961,-0.119128,0.846684
1677104769,404024909,0.314539,0.559495,0.490214,0.507948,-0.106207,-0.119247,0.846457
1677104769,414131490,0.314854,0.559505,0.489974,0.507855,-0.105440,-0.119295,0.846602
1677104769,424266045,0.315282,0.559647,0.489701,0.508401,-0.104927,-0.118935,0.846388
1677104769,434362971,0.315572,0.559740,0.489459,0.508564,-0.104277,-0.119350,0.846312
1677104769,444042028,0.315844,0.559833,0.489214,0.508892,-0.103566,-0.119568,0.846172
1677104769,454051199,0.316213,0.559998,0.488958,0.509460,-0.103592,-0.119689,0.845810
1677104769,464154724,0.316461,0.560075,0.488750,0.509621,-0.103315,-0.120057,0.845694
1677104769,474236297,0.316663,0.560137,0.488534,0.509551,-0.102952,-0.120469,0.845722
1677104769,484255803,0.316926,0.560227,0.488301,0.509617,-0.102296,-0.120183,0.845802
1677104769,494406512,0.317151,0.560458,0.488029,0.510392,-0.101992,-0.120196,0.845370
1677104769,504131357,0.317417,0.560536,0.487815,0.510558,-0.102087,-0.119989,0.845288
1677104769,513777506,0.317572,0.560769,0.487515,0.511778,-0.102290,-0.120407,0.844466
1677104769,523862292,0.317676,0.560780,0.487283,0.511912,-0.101953,-0.120424,0.844423
1677104769,534561789,0.317818,0.560830,0.487017,0.512095,-0.101839,-0.120146,0.844365
1677104769,545469383,0.318021,0.560987,0.486704,0.512589,-0.102008,-0.119514,0.844135
1677104769,554889193,0.318249,0.561059,0.486373,0.512634,-0.101887,-0.118683,0.844239
1677104769,564213323,0.318402,0.561307,0.485916,0.513317,-0.101864,-0.118598,0.843839
1677104769,574773402,0.318433,0.561395,0.485532,0.512752,-0.100914,-0.118639,0.844291
1677104769,584840929,0.318828,0.561583,0.485006,0.513072,-0.101299,-0.117638,0.844190
1677104769,594145214,0.318963,0.561701,0.484548,0.512851,-0.101056,-0.118123,0.844286
1677104769,604795608,0.319388,0.561775,0.483943,0.513234,-0.101103,-0.117230,0.844172
1677104769,614780365,0.319692,0.561998,0.483291,0.514428,-0.101102,-0.117581,0.843396
1677104769,624733167,0.320006,0.561927,0.482562,0.514217,-0.099804,-0.117675,0.843666
1677104769,634424323,0.320483,0.562036,0.481775,0.515322,-0.099451,-0.117438,0.843066
1677104769,644777460,0.320863,0.562073,0.480952,0.515684,-0.099000,-0.118571,0.842740
1677104769,654685679,0.321440,0.562147,0.479964,0.516336,-0.098566,-0.118880,0.842347
1677104769,664561573,0.321882,0.562234,0.478891,0.517125,-0.097556,-0.120070,0.841812
1677104769,674759939,0.322591,0.562359,0.477675,0.518520,-0.097329,-0.120094,0.840977
1677104769,684536570,0.322909,0.562235,0.476432,0.518823,-0.096042,-0.121734,0.840702
1677104769,694270603,0.323446,0.562148,0.475024,0.519677,-0.095105,-0.122238,0.840207
1677104769,704607726,0.323961,0.562166,0.473422,0.521089,-0.094314,-0.123234,0.839276
1677104769,714104257,0.324638,0.562136,0.471700,0.522496,-0.094357,-0.123470,0.838361
1677104769,724301990,0.325035,0.562102,0.469922,0.523375,-0.093497,-0.124882,0.837700
1677104769,734449849,0.325766,0.562095,0.467990,0.525092,-0.093863,-0.124688,0.836613
1677104769,744401890,0.326171,0.561922,0.466063,0.525850,-0.093104,-0.125136,0.836155
1677104769,754327591,0.326613,0.561783,0.463951,0.527401,-0.093503,-0.125549,0.835071
1677104769,764416023,0.326952,0.561726,0.461630,0.529867,-0.093471,-0.125477,0.833522
1677104769,774081902,0.327348,0.561578,0.459140,0.532113,-0.093129,-0.124216,0.832318
1677104769,784529240,0.327428,0.561146,0.456587,0.533031,-0.093040,-0.124193,0.831744
1677104769,794218452,0.327807,0.561103,0.453688,0.535852,-0.094055,-0.123391,0.829935
1677104769,804738392,0.328125,0.560910,0.450567,0.537642,-0.094142,-0.122455,0.828905
1677104769,814343755,0.328718,0.560651,0.447197,0.539090,-0.095258,-0.121213,0.828019
1677104769,824694876,0.329194,0.560605,0.443576,0.540804,-0.095329,-0.121017,0.826921
1677104769,834706455,0.329782,0.560719,0.439711,0.543315,-0.094579,-0.121189,0.825334
1677104769,844544362,0.330579,0.560761,0.435680,0.545387,-0.093492,-0.121431,0.824055
1677104769,854644960,0.331380,0.560780,0.431446,0.547162,-0.092137,-0.122950,0.822805
1677104769,864280333,0.332429,0.560798,0.427053,0.548803,-0.090525,-0.124207,0.821701
1677104769,874687632,0.333625,0.560945,0.422435,0.550562,-0.088753,-0.126175,0.820417
1677104769,884618037,0.334928,0.561166,0.417680,0.552418,-0.086171,-0.127709,0.819206
1677104769,894639495,0.336201,0.561402,0.412848,0.554033,-0.083414,-0.130208,0.818007
1677104769,904439293,0.337245,0.561643,0.407848,0.556030,-0.077274,-0.132627,0.816866
1677104769,913977722,0.338646,0.561674,0.402993,0.556586,-0.077807,-0.135989,0.815883
1677104769,923793926,0.339554,0.561780,0.397972,0.558722,-0.072697,-0.138384,0.814490
1677104769,934285237,0.340980,0.561984,0.392832,0.561483,-0.071828,-0.140716,0.812266
1677104769,944532197,0.342132,0.562066,0.387819,0.563989,-0.070771,-0.142937,0.810232
1677104769,954180474,0.343149,0.562283,0.382770,0.566767,-0.069275,-0.145247,0.808009
1677104769,964685899,0.344177,0.562593,0.377747,0.570108,-0.066798,-0.146285,0.805677
1677104769,974505047,0.345000,0.563250,0.372662,0.573330,-0.063917,-0.147436,0.803411
1677104769,984191807,0.345790,0.563852,0.367601,0.575516,-0.061202,-0.147779,0.801996
1677104769,994073014,0.346496,0.564784,0.362473,0.578166,-0.058881,-0.148719,0.800087
1677104770,4154828,0.347255,0.565600,0.357345,0.579544,-0.056982,-0.148826,0.799208
1677104770,13641247,0.348114,0.566476,0.352197,0.580455,-0.056081,-0.148694,0.798634
1677104770,23913022,0.348708,0.567533,0.347015,0.580689,-0.054890,-0.150336,0.798240
1677104770,34152827,0.349432,0.568695,0.341885,0.580808,-0.054612,-0.152001,0.797857
1677104770,44227323,0.350048,0.569643,0.336908,0.579178,-0.056006,-0.154263,0.798510
1677104770,54286666,0.350570,0.570772,0.331990,0.579230,-0.055084,-0.155827,0.798233
1677104770,64527312,0.351090,0.571999,0.327224,0.580647,-0.054279,-0.156725,0.797082
1677104770,74531318,0.351521,0.573297,0.322606,0.583020,-0.054012,-0.157283,0.795257
1677104770,84438769,0.351735,0.574291,0.318100,0.584224,-0.053902,-0.157593,0.794318
1677104770,94288235,0.352596,0.575604,0.313403,0.586598,-0.059722,-0.157026,0.792262
1677104770,104480427,0.352028,0.577204,0.308586,0.586939,-0.053627,-0.154596,0.792923
1677104770,114309016,0.352348,0.578962,0.303474,0.585693,-0.055964,-0.154259,0.793748
1677104770,125125081,0.352268,0.581128,0.298561,0.586541,-0.053128,-0.151865,0.793779
1677104770,134809971,0.352583,0.582947,0.293685,0.585626,-0.054302,-0.150451,0.794643
1677104770,144236357,0.352779,0.584799,0.288853,0.586172,-0.052334,-0.149495,0.794553
1677104770,155108071,0.353077,0.586057,0.284519,0.584282,-0.058342,-0.151895,0.795072
1677104770,164135572,0.353358,0.587563,0.280117,0.584121,-0.057682,-0.152052,0.795208
1677104770,174542606,0.353667,0.589163,0.275906,0.584441,-0.057799,-0.152798,0.794821
1677104770,184559388,0.354027,0.590736,0.271725,0.584897,-0.058425,-0.152995,0.794402
1677104770,194387488,0.354309,0.592314,0.267517,0.585408,-0.057969,-0.152281,0.794196
1677104770,204414040,0.354504,0.593913,0.263262,0.585964,-0.057457,-0.151644,0.793945
1677104770,214297278,0.354861,0.595511,0.259000,0.586670,-0.057836,-0.150775,0.793562
1677104770,224670858,0.355090,0.596884,0.254865,0.586789,-0.057489,-0.150913,0.793473
1677104770,234698991,0.355563,0.598637,0.250630,0.589306,-0.056650,-0.150324,0.791778
1677104770,244697253,0.355900,0.599129,0.246935,0.587471,-0.057863,-0.151563,0.792817
1677104770,254626069,0.356504,0.600133,0.243028,0.587684,-0.059401,-0.152748,0.792318
1677104770,264664342,0.357181,0.601183,0.239280,0.588611,-0.061038,-0.154379,0.791188
1677104770,274568108,0.357870,0.602294,0.235600,0.589299,-0.061832,-0.156015,0.790293
1677104770,284819117,0.358555,0.603412,0.232057,0.590151,-0.061523,-0.157136,0.789458
1677104770,294861589,0.359156,0.604364,0.228637,0.590584,-0.060798,-0.158371,0.788944
1677104770,305035261,0.359845,0.605327,0.225244,0.592106,-0.059567,-0.158290,0.787913
1677104770,314182257,0.360525,0.606049,0.221988,0.593312,-0.059072,-0.158527,0.786995
1677104770,324516869,0.361161,0.606553,0.218801,0.593607,-0.058518,-0.159479,0.786621
1677104770,334138388,0.361939,0.607302,0.215626,0.594471,-0.058624,-0.161098,0.785630
1677104770,344178652,0.362899,0.608240,0.212493,0.595146,-0.057750,-0.162200,0.784957
1677104770,354692457,0.363921,0.609281,0.209375,0.594518,-0.056866,-0.164147,0.785093
1677104770,364274984,0.364843,0.610528,0.206318,0.592936,-0.055094,-0.166631,0.785891
1677104770,374398602,0.365937,0.611930,0.203343,0.591198,-0.053378,-0.168223,0.786980
1677104770,384326935,0.366975,0.613421,0.200473,0.589622,-0.052240,-0.170272,0.787797
1677104770,394019144,0.367865,0.614564,0.197830,0.586751,-0.051272,-0.171955,0.789636
1677104770,404210992,0.368593,0.615781,0.195407,0.585203,-0.050606,-0.173635,0.790460
1677104770,414190858,0.369493,0.617152,0.193059,0.584904,-0.052794,-0.174734,0.790296
1677104770,424303658,0.369847,0.617959,0.191098,0.583841,-0.051755,-0.174966,0.791099
1677104770,434241058,0.370310,0.618651,0.189225,0.583487,-0.052189,-0.173753,0.791599
1677104770,444329443,0.370529,0.619219,0.187467,0.582655,-0.053130,-0.173244,0.792260
1677104770,454770583,0.370708,0.619864,0.185823,0.582106,-0.054628,-0.172650,0.792692
1677104770,464834044,0.370850,0.620497,0.184236,0.580843,-0.055174,-0.171516,0.793826
1677104770,474987694,0.370970,0.621314,0.182707,0.579468,-0.055746,-0.171121,0.794875
1677104770,484917155,0.371346,0.622370,0.181113,0.578819,-0.056295,-0.169580,0.795639
1677104770,493926535,0.371381,0.623225,0.179654,0.575973,-0.055873,-0.170091,0.797623
1677104770,503763481,0.371865,0.624165,0.178248,0.573799,-0.057245,-0.169431,0.799231
1677104770,513989355,0.372050,0.624944,0.177032,0.571349,-0.057398,-0.170005,0.800852
1677104770,523999820,0.372150,0.625612,0.176025,0.569521,-0.057726,-0.170847,0.801950
1677104770,533746880,0.372339,0.626063,0.175273,0.568930,-0.058305,-0.170476,0.802407
1677104770,543735895,0.372396,0.626234,0.174649,0.568678,-0.058573,-0.169834,0.802703
1677104770,554290768,0.372421,0.626494,0.174089,0.569437,-0.059234,-0.168766,0.802341
1677104770,564567606,0.372355,0.626733,0.173515,0.569625,-0.059964,-0.167949,0.802324
1677104770,574843968,0.372285,0.627161,0.172852,0.569545,-0.059544,-0.166648,0.802684
1677104770,584699044,0.372376,0.627810,0.172102,0.569289,-0.059591,-0.165734,0.803051
1677104770,594345645,0.372560,0.628313,0.171390,0.567428,-0.059760,-0.165055,0.804495
1677104770,604988693,0.372770,0.629022,0.170650,0.565838,-0.059515,-0.164749,0.805694
1677104770,614227292,0.373021,0.629774,0.169958,0.564179,-0.060064,-0.165251,0.806713
1677104770,624915549,0.373175,0.630404,0.169433,0.562066,-0.059563,-0.165557,0.808162
1677104770,634203653,0.373222,0.630642,0.169331,0.561805,-0.060418,-0.164850,0.808424
1677104770,644761226,0.372897,0.630843,0.169463,0.563882,-0.061504,-0.163729,0.807123
1677104770,654610569,0.372645,0.630934,0.169540,0.564504,-0.063682,-0.161638,0.806940
1677104770,664466994,0.372245,0.631320,0.169395,0.564157,-0.064074,-0.159778,0.807523
1677104770,674475448,0.371944,0.631813,0.169177,0.564067,-0.064484,-0.157815,0.807939
1677104770,684459350,0.371757,0.631990,0.169096,0.564172,-0.065844,-0.155514,0.808202
1677104770,694217534,0.371255,0.632053,0.169152,0.564813,-0.065556,-0.154673,0.807939
1677104770,704521979,0.371261,0.631996,0.169130,0.564744,-0.067137,-0.153127,0.808152
1677104770,713899515,0.371167,0.632181,0.168998,0.564838,-0.067275,-0.153195,0.808062
1677104770,723806357,0.371225,0.632276,0.168922,0.564618,-0.067954,-0.153425,0.808115
1677104770,733656420,0.371184,0.632324,0.168914,0.564655,-0.067571,-0.153759,0.808058
1677104770,743764723,0.371205,0.632375,0.168921,0.564858,-0.067885,-0.153863,0.807869
1677104770,754349382,0.371167,0.632497,0.168870,0.564986,-0.068277,-0.153944,0.807731
1677104770,764287250,0.371049,0.632597,0.168824,0.564820,-0.068297,-0.153628,0.807907
1677104770,774682991,0.370920,0.632775,0.168757,0.564958,-0.068525,-0.152941,0.807921
1677104770,784316239,0.370552,0.632883,0.168754,0.564687,-0.068320,-0.152917,0.808132
1677104770,794529345,0.370493,0.633240,0.168730,0.565829,-0.068985,-0.151282,0.807584
1677104770,804583148,0.370325,0.633279,0.168728,0.565426,-0.069316,-0.150257,0.808030
1677104770,814367624,0.370176,0.633409,0.168681,0.565578,-0.069327,-0.149102,0.808136
1677104770,824425141,0.369995,0.633574,0.168596,0.565920,-0.069601,-0.148846,0.807921
1677104770,834327743,0.369854,0.633751,0.168550,0.566666,-0.069236,-0.148459,0.807500
1677104770,844125225,0.369851,0.633840,0.168517,0.566988,-0.069653,-0.148319,0.807264
1677104770,854049690,0.369967,0.634020,0.168443,0.567466,-0.069877,-0.148017,0.806964
1677104770,864079569,0.370035,0.634144,0.168408,0.567337,-0.069847,-0.147944,0.807071
1677104770,874078727,0.370120,0.634385,0.168324,0.567588,-0.069880,-0.147758,0.806925
1677104770,884110510,0.370070,0.634570,0.168281,0.567695,-0.069379,-0.147281,0.806980
1677104770,894459337,0.370061,0.634754,0.168250,0.567910,-0.069786,-0.146575,0.806922
1677104770,904469382,0.370143,0.635063,0.168155,0.568709,-0.070206,-0.145039,0.806600
1677104770,914528363,0.370145,0.635399,0.168065,0.569504,-0.070924,-0.143964,0.806170
1677104770,924129833,0.370119,0.635735,0.167958,0.569915,-0.071049,-0.143098,0.806022
1677104770,934254046,0.370159,0.636138,0.167843,0.570552,-0.070865,-0.141846,0.805809
1677104770,943911699,0.370196,0.636354,0.167788,0.570138,-0.070973,-0.141425,0.806166
1677104770,954655284,0.370370,0.636822,0.167690,0.570850,-0.071340,-0.140939,0.805715
1677104770,964591267,0.370535,0.637208,0.167666,0.571037,-0.071270,-0.140354,0.805691
1677104770,974540447,0.370770,0.637619,0.167611,0.570699,-0.071710,-0.140129,0.805930
1677104770,984548638,0.370851,0.638050,0.167620,0.570417,-0.071213,-0.139705,0.806248
1677104770,994335192,0.371045,0.638678,0.167556,0.571031,-0.071390,-0.138818,0.805951
1677104771,4023784,0.371308,0.639159,0.167551,0.571076,-0.072226,-0.137643,0.806046
1677104771,14198430,0.371362,0.639771,0.167503,0.571298,-0.072319,-0.137181,0.805959
1677104771,24812684,0.371499,0.640188,0.167452,0.571006,-0.071938,-0.135780,0.806437
1677104771,34773169,0.371804,0.640797,0.167400,0.571955,-0.072262,-0.134170,0.806005
1677104771,44464288,0.372129,0.641283,0.167332,0.572562,-0.072474,-0.133287,0.805702
1677104771,54650065,0.372425,0.641819,0.167237,0.573289,-0.072047,-0.133007,0.805269
1677104771,64781510,0.372818,0.642193,0.167238,0.573537,-0.071618,-0.132792,0.805166
1677104771,74056625,0.373282,0.642529,0.167176,0.573703,-0.071397,-0.133228,0.804995
1677104771,84788471,0.373731,0.642864,0.167164,0.574023,-0.070562,-0.133324,0.804825
1677104771,94224909,0.374434,0.643513,0.167032,0.575491,-0.071074,-0.133497,0.803702
1677104771,104257201,0.374803,0.643942,0.166995,0.575350,-0.069622,-0.133898,0.803863
1677104771,114197480,0.375218,0.644472,0.166942,0.575316,-0.068998,-0.133967,0.803930
1677104771,124633000,0.375851,0.645293,0.166792,0.576465,-0.068894,-0.132637,0.803336
1677104771,134959637,0.376280,0.645988,0.166714,0.576810,-0.068872,-0.131424,0.803290
1677104771,145047398,0.376589,0.646855,0.166612,0.577698,-0.067723,-0.129899,0.802997
1677104771,154893933,0.376948,0.647688,0.166529,0.578239,-0.067302,-0.128378,0.802888
1677104771,164479787,0.377205,0.648522,0.166448,0.578807,-0.066011,-0.126711,0.802850
1677104771,174985383,0.377692,0.649327,0.166367,0.579253,-0.065888,-0.124863,0.802829
1677104771,184786237,0.378108,0.650238,0.166290,0.580233,-0.065306,-0.123870,0.802322
1677104771,194197683,0.378505,0.651067,0.166204,0.580707,-0.064789,-0.123423,0.802090
1677104771,205059418,0.379088,0.651893,0.166159,0.581289,-0.064201,-0.121995,0.801934
1677104771,214791163,0.379539,0.652570,0.166140,0.581319,-0.063209,-0.121620,0.802048
1677104771,224485456,0.380235,0.653539,0.166059,0.582764,-0.062680,-0.120225,0.801251
1677104771,234252425,0.380798,0.654356,0.165988,0.583484,-0.061761,-0.119614,0.800890
1677104771,244632344,0.381416,0.655230,0.165881,0.584081,-0.060558,-0.118646,0.800690
1677104771,254886290,0.382152,0.656153,0.165790,0.585008,-0.059432,-0.117146,0.800319
1677104771,264146022,0.382669,0.657040,0.165700,0.585392,-0.057809,-0.116605,0.800236
1677104771,274302266,0.383318,0.658137,0.165602,0.586538,-0.056958,-0.115629,0.799599
1677104771,284975093,0.383979,0.659084,0.165541,0.586879,-0.056049,-0.113873,0.799665
1677104771,294623482,0.384652,0.660087,0.165539,0.587310,-0.055677,-0.112081,0.799628
1677104771,304806255,0.385066,0.661161,0.165494,0.587841,-0.054563,-0.111184,0.799440
1677104771,314383727,0.385539,0.662148,0.165517,0.588029,-0.053793,-0.109705,0.799558
1677104771,324577401,0.385924,0.663098,0.165546,0.587575,-0.052507,-0.108967,0.800078
1677104771,334351772,0.386629,0.664285,0.165567,0.588276,-0.052061,-0.106779,0.799887
1677104771,344493025,0.387252,0.665456,0.165588,0.588548,-0.051824,-0.106050,0.799799
1677104771,354754904,0.387693,0.666435,0.165608,0.587879,-0.050273,-0.105212,0.800500
1677104771,364449190,0.388336,0.667561,0.165615,0.588095,-0.049259,-0.103415,0.800639
1677104771,374684302,0.388799,0.668628,0.165606,0.588005,-0.048219,-0.102684,0.800863
1677104771,384526858,0.389198,0.669646,0.165628,0.588059,-0.047104,-0.101780,0.801005
1677104771,394357495,0.389815,0.670431,0.165670,0.587776,-0.046652,-0.099585,0.801515
1677104771,404442654,0.390283,0.671481,0.165637,0.588793,-0.046163,-0.098201,0.800967
1677104771,414537824,0.390557,0.672096,0.165643,0.587924,-0.044503,-0.097229,0.801817
1677104771,424550337,0.391181,0.672931,0.165593,0.588499,-0.044714,-0.095548,0.801586
1677104771,434777079,0.391463,0.673680,0.165580,0.588988,-0.043301,-0.095267,0.801338
1677104771,445112271,0.392123,0.674497,0.165515,0.589786,-0.042961,-0.093461,0.800982
1677104771,454798835,0.392537,0.675270,0.165463,0.590113,-0.041891,-0.092922,0.800860
1677104771,464404980,0.393053,0.675908,0.165397,0.589855,-0.041292,-0.091644,0.801229
1677104771,474481008,0.393541,0.676841,0.165245,0.590975,-0.040512,-0.090372,0.800588
1677104771,484567330,0.393654,0.677319,0.165211,0.590282,-0.038329,-0.089584,0.801295
1677104771,494284300,0.393977,0.678282,0.165084,0.591760,-0.037671,-0.088381,0.800368
1677104771,504860274,0.394485,0.678983,0.164984,0.592527,-0.037554,-0.085445,0.800125
1677104771,514788462,0.394704,0.679665,0.164934,0.593237,-0.036480,-0.083609,0.799843
1677104771,524190994,0.394869,0.680095,0.164888,0.592837,-0.035309,-0.082022,0.800356
1677104771,534619822,0.395072,0.680675,0.164796,0.593384,-0.034049,-0.080502,0.800159
1677104771,544234975,0.395482,0.681086,0.164753,0.593495,-0.034047,-0.078811,0.800246
1677104771,554226629,0.396050,0.681621,0.164687,0.594604,-0.034454,-0.076927,0.799588
1677104771,564287196,0.396305,0.681857,0.164650,0.594341,-0.032776,-0.075660,0.799975
1677104771,574684553,0.396649,0.682066,0.164609,0.593994,-0.031569,-0.074606,0.800380
1677104771,585024971,0.397107,0.682508,0.164569,0.594704,-0.030957,-0.073795,0.799952
1677104771,594915608,0.397570,0.682878,0.164531,0.594840,-0.029442,-0.072754,0.800004
1677104771,604486989,0.398064,0.683336,0.164508,0.595168,-0.029000,-0.072595,0.799790
1677104771,614293790,0.398537,0.683719,0.164540,0.594766,-0.027786,-0.071785,0.800205
1677104771,624296774,0.398982,0.684238,0.164508,0.594919,-0.026662,-0.071036,0.800197
1677104771,634808873,0.399313,0.684808,0.164515,0.595124,-0.025301,-0.070353,0.800148
1677104771,644877193,0.399794,0.685353,0.164480,0.595116,-0.025204,-0.069087,0.800268
1677104771,654169674,0.400055,0.685866,0.164499,0.594793,-0.023883,-0.067676,0.800669
1677104771,664647790,0.400380,0.686441,0.164535,0.594870,-0.022919,-0.065730,0.800802
1677104771,674622389,0.400627,0.686996,0.164560,0.594836,-0.022080,-0.063780,0.801008
1677104771,684554752,0.400800,0.687677,0.164529,0.595431,-0.021028,-0.062109,0.800726
1677104771,694791319,0.401084,0.688021,0.164614,0.594181,-0.019969,-0.059784,0.801858
1677104771,704838080,0.401363,0.688687,0.164666,0.594513,-0.019098,-0.057450,0.801804
1677104771,714419889,0.401676,0.689281,0.164723,0.593887,-0.018671,-0.055375,0.802424
1677104771,724780409,0.401837,0.690090,0.164744,0.593620,-0.017134,-0.053159,0.802805
1677104771,735043481,0.402043,0.690904,0.164731,0.593186,-0.015288,-0.050170,0.803355
1677104771,744782461,0.402209,0.691835,0.164683,0.593152,-0.014054,-0.047373,0.803573
1677104771,755243761,0.402333,0.692731,0.164627,0.593126,-0.012946,-0.044243,0.803789
1677104771,765181025,0.402409,0.694117,0.164337,0.596293,-0.011655,-0.040962,0.801636
1677104771,774913897,0.402485,0.694831,0.164271,0.596659,-0.010270,-0.036162,0.801614
1677104771,785179394,0.402417,0.695527,0.164164,0.598139,-0.009352,-0.032532,0.800677
1677104771,794888004,0.402163,0.695791,0.164107,0.598246,-0.007470,-0.029866,0.800721
1677104771,804946464,0.402386,0.696199,0.164096,0.599171,-0.007096,-0.026195,0.800161
1677104771,814155077,0.402615,0.696474,0.164112,0.599411,-0.006020,-0.023814,0.800065
1677104771,824451731,0.402926,0.696670,0.164184,0.598974,-0.004543,-0.022530,0.800439
1677104771,834030542,0.403339,0.697208,0.164177,0.599808,-0.003004,-0.022531,0.799821
1677104771,843659744,0.404071,0.697693,0.164231,0.599010,-0.002226,-0.022453,0.800424
1677104771,853815600,0.404613,0.698438,0.164227,0.598903,0.000257,-0.023063,0.800489
1677104771,864064292,0.405317,0.698948,0.164313,0.597599,0.001180,-0.022943,0.801466
1677104771,874153133,0.405768,0.699494,0.164383,0.597153,0.003386,-0.022409,0.801807
1677104771,884319039,0.406030,0.700240,0.164361,0.597958,0.004256,-0.022156,0.801210
1677104771,894262571,0.406246,0.700703,0.164383,0.597911,0.006031,-0.019830,0.801294
1677104771,904751088,0.406212,0.701022,0.164381,0.597220,0.006531,-0.018193,0.801845
1677104771,914123492,0.406270,0.701493,0.164329,0.597621,0.007199,-0.014652,0.801612
1677104771,924411292,0.406164,0.701767,0.164311,0.597824,0.007296,-0.012182,0.801502
1677104771,934776014,0.406047,0.701814,0.164332,0.597864,0.008153,-0.008891,0.801507
1677104771,944366611,0.405905,0.702005,0.164310,0.598621,0.008959,-0.006904,0.800952
1677104771,954430953,0.405983,0.702258,0.164276,0.599075,0.009360,-0.005128,0.800621
1677104771,964139592,0.406158,0.702350,0.164250,0.598102,0.010187,-0.004147,0.801344
1677104771,974315195,0.406470,0.702748,0.164199,0.598498,0.011245,-0.003200,0.801039
1677104771,984549498,0.406769,0.703203,0.164163,0.599458,0.012036,-0.003740,0.800307
1677104771,994058052,0.407129,0.703335,0.164154,0.599217,0.013518,-0.003346,0.800465
1677104772,3975982,0.407494,0.703670,0.164104,0.600172,0.014302,-0.003388,0.799736
1677104772,14285064,0.407663,0.703727,0.164114,0.599868,0.016005,-0.003493,0.799931
1677104772,24765124,0.407983,0.704032,0.163989,0.600659,0.016489,-0.002826,0.799331
1677104772,34460765,0.408117,0.704283,0.163910,0.601116,0.016879,-0.002233,0.798981
1677104772,44699098,0.408141,0.704556,0.163753,0.601811,0.017854,-0.000931,0.798438
1677104772,54862268,0.408064,0.704669,0.163632,0.602310,0.018394,0.000488,0.798050
1677104772,63836580,0.408013,0.705002,0.163460,0.603625,0.018815,0.002956,0.797041
1677104772,74237673,0.407934,0.705209,0.163274,0.604208,0.018886,0.005257,0.796585
1677104772,84537731,0.407778,0.705302,0.163204,0.604321,0.019410,0.007946,0.796465
1677104772,94584598,0.407553,0.705584,0.163106,0.605591,0.019614,0.009995,0.795472
1677104772,104162990,0.407357,0.705677,0.163109,0.605966,0.019549,0.011802,0.795163
1677104772,113938881,0.407293,0.705741,0.163103,0.605906,0.019902,0.014103,0.795162
1677104772,124121388,0.407247,0.705664,0.163161,0.604999,0.020401,0.015803,0.795808
1677104772,133974377,0.407210,0.705866,0.163161,0.605571,0.020779,0.016358,0.795352
1677104772,144707502,0.407385,0.705833,0.163140,0.605154,0.021459,0.017255,0.795632
1677104772,154133177,0.407561,0.705966,0.163078,0.605988,0.021415,0.017008,0.795004
1677104772,164673328,0.407867,0.706140,0.162972,0.607274,0.021490,0.016763,0.794025
1677104772,174476903,0.408105,0.705996,0.162916,0.607153,0.022537,0.016333,0.794098
1677104772,184349103,0.408401,0.706032,0.162808,0.607875,0.022782,0.015678,0.793551
1677104772,193832247,0.408553,0.706427,0.162598,0.609566,0.024111,0.015014,0.792226
1677104772,204175210,0.408830,0.706625,0.162421,0.610068,0.024372,0.015134,0.791830
1677104772,214171153,0.408909,0.706852,0.162292,0.610416,0.025159,0.015186,0.791536
1677104772,224290813,0.408879,0.707098,0.162169,0.611054,0.025890,0.015758,0.791008
1677104772,234496495,0.408804,0.707258,0.162059,0.611385,0.026471,0.017205,0.790703
1677104772,244329774,0.408683,0.707417,0.161949,0.611592,0.026277,0.018570,0.790518
1677104772,254263893,0.408480,0.707684,0.161863,0.612238,0.025819,0.020303,0.789991
1677104772,265006316,0.408176,0.707772,0.161793,0.612465,0.025598,0.022063,0.789775
1677104772,274584172,0.407914,0.707729,0.161797,0.612741,0.025362,0.024152,0.789507
1677104772,284488367,0.407692,0.707579,0.161787,0.612804,0.024876,0.025887,0.789419
1677104772,294073118,0.407481,0.707562,0.161757,0.613072,0.025339,0.027557,0.789139
1677104772,304250400,0.407444,0.707511,0.161734,0.613136,0.025043,0.028720,0.789057
1677104772,313798794,0.407376,0.707485,0.161739,0.613314,0.025083,0.028928,0.788910
1677104772,324200112,0.407436,0.707473,0.161715,0.613527,0.025436,0.029673,0.788706
1677104772,335085117,0.407456,0.707434,0.161703,0.613691,0.025524,0.029378,0.788586
1677104772,344777119,0.407576,0.707470,0.161622,0.614174,0.025551,0.029503,0.788205
1677104772,354878923,0.407519,0.707557,0.161508,0.615259,0.026059,0.028961,0.787361
1677104772,365015987,0.407588,0.707623,0.161437,0.616216,0.026003,0.029153,0.786608
1677104772,374560764,0.407554,0.707480,0.161407,0.616223,0.026352,0.029188,0.786589
1677104772,385264410,0.407565,0.707523,0.161357,0.617044,0.026082,0.029439,0.785946
1677104772,394230753,0.407563,0.707597,0.161299,0.617935,0.025767,0.030240,0.785225
1677104772,404323932,0.407370,0.707647,0.161214,0.618879,0.025788,0.030691,0.784463
1677104772,413972303,0.407159,0.707450,0.161139,0.619139,0.025167,0.030840,0.784272
1677104772,423853631,0.406971,0.707514,0.161049,0.620243,0.024505,0.031880,0.783379
1677104772,434343054,0.406706,0.707525,0.160951,0.620731,0.024182,0.033381,0.782939
1677104772,444298719,0.406441,0.707499,0.160880,0.621116,0.023024,0.034508,0.782620
1677104772,454722424,0.405985,0.707518,0.160829,0.621937,0.022800,0.036102,0.781903
1677104772,464600495,0.405643,0.707513,0.160749,0.623176,0.021590,0.037811,0.780868
1677104772,474392570,0.405197,0.707319,0.160714,0.623442,0.020561,0.039441,0.780603
1677104772,484588813,0.404727,0.707287,0.160645,0.624653,0.019529,0.040803,0.779591
1677104772,494495525,0.404286,0.707020,0.160603,0.624524,0.018313,0.041854,0.779668
1677104772,504727124,0.403919,0.706936,0.160586,0.624737,0.017305,0.043088,0.779454
1677104772,514224108,0.403575,0.707013,0.160564,0.625211,0.016073,0.043350,0.779085
1677104772,524314725,0.403364,0.707021,0.160574,0.624850,0.015617,0.044454,0.779322
1677104772,534544018,0.403190,0.706989,0.160549,0.624490,0.014982,0.044633,0.779612
1677104772,544083258,0.403068,0.706968,0.160541,0.624664,0.014363,0.044433,0.779496
1677104772,554441879,0.402852,0.706913,0.160524,0.625410,0.014322,0.043449,0.778954
1677104772,564688770,0.402875,0.706913,0.160467,0.626302,0.013696,0.043399,0.778251
1677104772,574605733,0.402781,0.706814,0.160368,0.626770,0.013842,0.042859,0.777901
1677104772,584304915,0.402754,0.706693,0.160277,0.627339,0.013662,0.042716,0.777454
1677104772,594386787,0.402727,0.706505,0.160217,0.628128,0.013476,0.042380,0.776838
1677104772,604271376,0.402653,0.706110,0.160209,0.628743,0.013053,0.041992,0.776369
1677104772,613953607,0.402711,0.705848,0.160139,0.629776,0.012762,0.042510,0.775507
1677104772,624168605,0.402640,0.705664,0.160030,0.630696,0.012925,0.042700,0.774746
1677104772,634450650,0.402554,0.705404,0.159906,0.631661,0.012517,0.042370,0.773985
1677104772,644259151,0.402482,0.705181,0.159757,0.633203,0.012625,0.042746,0.772702
1677104772,654296017,0.402301,0.704733,0.159630,0.634157,0.012979,0.043067,0.771895
1677104772,664260288,0.402334,0.704421,0.159491,0.635620,0.012720,0.044580,0.770609
1677104772,674611437,0.402121,0.704196,0.159326,0.637336,0.012834,0.044938,0.769167
1677104772,684664472,0.401855,0.703725,0.159166,0.638220,0.013631,0.045753,0.768372
1677104772,694358953,0.401695,0.703510,0.159037,0.640394,0.013495,0.046932,0.766493
1677104772,704935784,0.401405,0.703076,0.158905,0.642093,0.014022,0.048042,0.764991
1677104772,713690837,0.401186,0.702624,0.158767,0.643649,0.014490,0.049627,0.763573
1677104772,723739973,0.400999,0.702261,0.158575,0.645583,0.014991,0.051549,0.761801
1677104772,734393302,0.400676,0.701794,0.158419,0.647277,0.015988,0.052805,0.760256
1677104772,744904604,0.400671,0.701430,0.158308,0.649255,0.015309,0.054622,0.758453
1677104772,754514664,0.400421,0.700754,0.158137,0.650043,0.016507,0.055415,0.757694
1677104772,764447212,0.400462,0.700367,0.157949,0.652037,0.016140,0.055949,0.755947
1677104772,775135628,0.400426,0.699785,0.157736,0.653272,0.017081,0.056141,0.754845
1677104772,785010926,0.400548,0.699306,0.157473,0.655217,0.017761,0.056099,0.753146
1677104772,794082824,0.400858,0.698676,0.157159,0.656592,0.018299,0.055832,0.751954
1677104772,804296435,0.401068,0.698125,0.156850,0.658521,0.019711,0.054685,0.750314
1677104772,814329374,0.401592,0.697490,0.156571,0.659783,0.020694,0.054013,0.749227
1677104772,824731292,0.402057,0.697046,0.156341,0.661593,0.022521,0.052587,0.747677
1677104772,834155089,0.402744,0.696524,0.156097,0.663245,0.023739,0.051260,0.746267
1677104772,844207663,0.403340,0.696067,0.155849,0.664891,0.025782,0.048850,0.744895
1677104772,854358952,0.404021,0.695505,0.155621,0.666046,0.028019,0.046700,0.743920
1677104772,864074953,0.404822,0.694976,0.155429,0.666984,0.030118,0.044432,0.743136
1677104772,874910737,0.405518,0.694690,0.155201,0.668908,0.032580,0.041294,0.741482
1677104772,884784204,0.406348,0.694261,0.155021,0.670088,0.034862,0.038197,0.740478
1677104772,894646344,0.407164,0.693893,0.154872,0.671530,0.037162,0.034638,0.739234
1677104772,904853339,0.408109,0.693621,0.154782,0.673273,0.039497,0.032235,0.737634
1677104772,914395896,0.408923,0.693199,0.154707,0.674314,0.042178,0.028965,0.736670
1677104772,924760896,0.409707,0.692941,0.154626,0.675590,0.045112,0.026146,0.735431
1677104772,934038746,0.410448,0.692687,0.154570,0.676467,0.047843,0.023323,0.734547
1677104772,944186043,0.411253,0.692513,0.154542,0.677274,0.049608,0.020873,0.733760
1677104772,954070723,0.411855,0.692422,0.154521,0.678300,0.051436,0.017851,0.732765
1677104772,964188166,0.412432,0.692284,0.154506,0.678732,0.053303,0.015806,0.732279
1677104772,974521177,0.412934,0.692200,0.154491,0.678873,0.054354,0.013616,0.732115
1677104772,984603869,0.413249,0.692195,0.154460,0.679183,0.055871,0.012524,0.731732
1677104772,994212522,0.413509,0.692116,0.154361,0.679272,0.056385,0.011603,0.731625
1677104773,4535457,0.413531,0.692070,0.154322,0.679650,0.056736,0.011207,0.731253
1677104773,14452636,0.413343,0.691891,0.154311,0.679575,0.057706,0.011885,0.731237
1677104773,24280962,0.413120,0.691822,0.154305,0.680061,0.057394,0.013553,0.730780
1677104773,33670812,0.412706,0.691814,0.154290,0.680780,0.056382,0.015466,0.730151
1677104773,44001498,0.412072,0.691921,0.154339,0.681480,0.055460,0.017869,0.729514
1677104773,54294790,0.411371,0.691840,0.154412,0.681310,0.053886,0.021745,0.729685
1677104773,64025192,0.410384,0.691775,0.154500,0.681124,0.052600,0.025172,0.729842
1677104773,74562474,0.409470,0.691631,0.154581,0.680933,0.050194,0.029930,0.730010
1677104773,84605187,0.408357,0.691696,0.154649,0.681811,0.047567,0.034193,0.729179
1677104773,93960675,0.407254,0.691639,0.154693,0.682074,0.044555,0.038773,0.728894
1677104773,103810874,0.406140,0.691451,0.154726,0.681827,0.041815,0.043738,0.729007
1677104773,113811341,0.405003,0.691425,0.154735,0.682343,0.038832,0.048082,0.728415
1677104773,124502267,0.403989,0.691254,0.154769,0.682914,0.035475,0.052627,0.727736
1677104773,134821073,0.402953,0.690935,0.154745,0.683340,0.032690,0.056388,0.727185
1677104773,144197353,0.402049,0.690796,0.154760,0.684425,0.029561,0.059566,0.726045
1677104773,155043736,0.401275,0.690498,0.154740,0.685000,0.027102,0.062462,0.725355
1677104773,164973620,0.400674,0.690278,0.154787,0.686264,0.024566,0.064928,0.724032
1677104773,175225033,0.400242,0.689975,0.154815,0.687495,0.022357,0.066444,0.722797
1677104773,185089421,0.399838,0.689718,0.154848,0.688905,0.021094,0.066607,0.721476
1677104773,195162988,0.399616,0.689365,0.154902,0.689688,0.020654,0.066633,0.720738
1677104773,204701724,0.399587,0.689266,0.154932,0.691191,0.020515,0.065728,0.719385
1677104773,215168332,0.399760,0.688925,0.154987,0.691419,0.020557,0.064409,0.719284
1677104773,225187017,0.400100,0.688821,0.155016,0.692555,0.021047,0.062699,0.718327
1677104773,234758697,0.400370,0.688628,0.155011,0.693171,0.022427,0.059898,0.717930
1677104773,244527480,0.400949,0.688406,0.155020,0.693272,0.023252,0.057691,0.717986
1677104773,254259375,0.401384,0.688336,0.155033,0.694124,0.024817,0.054798,0.717337
1677104773,264673370,0.401889,0.688325,0.155084,0.695079,0.025931,0.051861,0.716592
1677104773,274459042,0.402387,0.688129,0.155093,0.695525,0.027043,0.049109,0.716311
1677104773,284342320,0.402881,0.687887,0.155123,0.695779,0.028716,0.046993,0.716141
1677104773,294374001,0.403295,0.687865,0.155177,0.697305,0.030002,0.044725,0.714748
1677104773,304153341,0.403603,0.687542,0.155210,0.698282,0.031217,0.042094,0.713902
1677104773,314218064,0.404094,0.687113,0.155278,0.699387,0.031808,0.040966,0.712859
1677104773,324671818,0.404344,0.686646,0.155338,0.701150,0.032760,0.039323,0.711174
1677104773,334503600,0.404523,0.686207,0.155381,0.703442,0.033572,0.037890,0.708947
1677104773,344229243,0.404894,0.685629,0.155411,0.704825,0.033493,0.037519,0.707597
1677104773,354516444,0.405046,0.685282,0.155461,0.706599,0.033686,0.036877,0.705849
1677104773,364716845,0.405208,0.684938,0.155486,0.707604,0.033476,0.036317,0.704881
1677104773,374004376,0.405251,0.684708,0.155435,0.708383,0.033487,0.035710,0.704129
1677104773,384032882,0.405331,0.684649,0.155439,0.709142,0.033407,0.035785,0.703365
1677104773,393924814,0.405335,0.684521,0.155422,0.709291,0.033379,0.035412,0.703234
1677104773,404567070,0.405295,0.684404,0.155420,0.709260,0.033582,0.035127,0.703270
1677104773,414063945,0.405450,0.684290,0.155463,0.709245,0.032688,0.035184,0.703325
1677104773,424233472,0.405492,0.684210,0.155508,0.709885,0.032415,0.035444,0.702678
1677104773,434233352,0.405561,0.684039,0.155547,0.710601,0.032040,0.035396,0.701973
1677104773,444691315,0.405595,0.683765,0.155570,0.711299,0.031793,0.034797,0.701308
1677104773,454188224,0.405700,0.683527,0.155612,0.712606,0.031506,0.034335,0.700015
1677104773,464601890,0.405910,0.683157,0.155627,0.713441,0.031326,0.034230,0.699178
1677104773,474034558,0.405941,0.682755,0.155623,0.714311,0.031877,0.033406,0.698303
1677104773,484825620,0.406047,0.682525,0.155636,0.715647,0.032237,0.032421,0.696964
1677104773,494419701,0.406317,0.682261,0.155646,0.716494,0.032179,0.032164,0.696108
1677104773,505056749,0.406494,0.681969,0.155613,0.716454,0.032609,0.032057,0.696134
1677104773,514080813,0.406737,0.681942,0.155593,0.716572,0.032566,0.031872,0.696023
1677104773,524388348,0.406784,0.682072,0.155582,0.716808,0.033348,0.031293,0.695770
1677104773,533904856,0.406804,0.682146,0.155600,0.717034,0.033827,0.030643,0.695542
1677104773,544123442,0.406825,0.682127,0.155571,0.717076,0.034221,0.030340,0.695493
1677104773,554277814,0.406886,0.681984,0.155602,0.717068,0.033982,0.029900,0.695532
1677104773,564150492,0.406915,0.681968,0.155598,0.717362,0.034037,0.029603,0.695239
1677104773,573898312,0.406963,0.681897,0.155605,0.717474,0.033852,0.029545,0.695134
1677104773,584111177,0.406984,0.681893,0.155591,0.717792,0.033792,0.029405,0.694815
1677104773,593879517,0.406946,0.681845,0.155564,0.717658,0.033876,0.029131,0.694961
1677104773,604353640,0.406946,0.681830,0.155585,0.717506,0.033866,0.029553,0.695100
1677104773,614535807,0.406944,0.681904,0.155597,0.717405,0.033329,0.029561,0.695231
1677104773,624826602,0.406832,0.681979,0.155580,0.717525,0.033269,0.029820,0.695098
1677104773,634201445,0.406761,0.681815,0.155566,0.717007,0.032975,0.030465,0.695618
1677104773,644589085,0.406652,0.681840,0.155572,0.717429,0.032295,0.030869,0.695197
1677104773,654212091,0.406447,0.681748,0.155589,0.717302,0.031926,0.031205,0.695330
1677104773,664736767,0.406225,0.681811,0.155616,0.717627,0.031612,0.031446,0.694998
1677104773,674463238,0.406066,0.681774,0.155655,0.718017,0.030941,0.031951,0.694603
1677104773,684714548,0.405908,0.681681,0.155687,0.718350,0.030490,0.033145,0.694222
1677104773,694625869,0.405765,0.681549,0.155720,0.718579,0.029585,0.033275,0.694019
1677104773,704588640,0.405612,0.681590,0.155743,0.719086,0.029390,0.034078,0.693462
1677104773,714502230,0.405465,0.681575,0.155735,0.718879,0.029530,0.034555,0.693647
1677104773,724238358,0.405380,0.681571,0.155749,0.718762,0.029144,0.034640,0.693781
1677104773,734603119,0.405422,0.681540,0.155803,0.719015,0.028707,0.035114,0.693513
1677104773,744365048,0.405261,0.681507,0.155846,0.719838,0.029002,0.034339,0.692685
1677104773,754713398,0.405208,0.681174,0.155908,0.719910,0.029460,0.034440,0.692586
1677104773,764366903,0.405262,0.680898,0.155988,0.720404,0.029374,0.034344,0.692081
1677104773,774176667,0.405372,0.680828,0.156070,0.721467,0.029352,0.034416,0.690970
1677104773,784520119,0.405270,0.680685,0.156101,0.721689,0.030278,0.033898,0.690724
1677104773,794525854,0.405382,0.680737,0.156107,0.721781,0.030229,0.033809,0.690634
1677104773,804635197,0.405407,0.680727,0.156085,0.721266,0.030124,0.033127,0.691209
1677104773,814602395,0.405344,0.680744,0.156048,0.720774,0.030115,0.032243,0.691765
1677104773,824705341,0.405322,0.680745,0.156043,0.720626,0.030026,0.031961,0.691936
1677104773,834177913,0.405364,0.680745,0.156086,0.720866,0.029750,0.032392,0.691678
1677104773,844926099,0.405309,0.680730,0.156158,0.721570,0.029858,0.032702,0.690924
1677104773,854250002,0.405172,0.680585,0.156212,0.722024,0.030573,0.033072,0.690400
1677104773,864682623,0.405217,0.680560,0.156292,0.722905,0.029895,0.033201,0.689501
1677104773,874854579,0.405136,0.680503,0.156406,0.723820,0.030305,0.033373,0.688515
1677104773,884578498,0.405168,0.680349,0.156461,0.724484,0.029841,0.033425,0.687834
1677104773,894187402,0.405095,0.680037,0.156537,0.724731,0.030112,0.032833,0.687591
1677104773,904535217,0.405280,0.679680,0.156655,0.725332,0.029019,0.032955,0.686997
1677104773,914546919,0.405272,0.679471,0.156753,0.726293,0.029058,0.032641,0.685995
1677104773,924032208,0.405324,0.679132,0.156827,0.726774,0.028577,0.031949,0.685538
1677104773,934819172,0.405350,0.678886,0.156865,0.727200,0.028427,0.031324,0.685121
1677104773,944663360,0.405463,0.678755,0.156921,0.727741,0.028485,0.031511,0.684535
1677104773,954298650,0.405467,0.678681,0.156954,0.728473,0.028901,0.031374,0.683746
1677104773,964929014,0.405469,0.678502,0.156953,0.728402,0.029545,0.031107,0.683806
1677104773,974334930,0.405474,0.678563,0.157052,0.729506,0.029905,0.030684,0.682631
1677104773,984640305,0.405581,0.678230,0.157071,0.729228,0.030500,0.031034,0.682886
1677104773,994579852,0.405648,0.678047,0.157148,0.730190,0.030125,0.030152,0.681914
1677104774,4760572,0.405775,0.677728,0.157218,0.730877,0.029941,0.030186,0.681184
1677104774,14534580,0.405805,0.677412,0.157313,0.731779,0.029640,0.029321,0.680266
1677104774,24425662,0.405897,0.677064,0.157427,0.732953,0.029174,0.029238,0.679025
1677104774,34756645,0.406020,0.676665,0.157505,0.733727,0.028661,0.028847,0.678227
1677104774,44373703,0.406028,0.676377,0.157658,0.734888,0.028788,0.028736,0.676968
1677104774,54727033,0.406134,0.676093,0.157805,0.735730,0.028462,0.028547,0.676074
1677104774,64785469,0.406106,0.675859,0.157914,0.736194,0.028864,0.028023,0.675574
1677104774,74309087,0.406099,0.675651,0.158049,0.736469,0.029195,0.027877,0.675266
1677104774,84758828,0.406234,0.675385,0.158186,0.736398,0.028813,0.027924,0.675357
1677104774,94682357,0.406390,0.675151,0.158397,0.736677,0.028272,0.028256,0.675063
1677104774,104740329,0.406321,0.674975,0.158626,0.737749,0.028524,0.027588,0.673908
1677104774,114691723,0.406405,0.674637,0.158829,0.738483,0.028252,0.027610,0.673114
1677104774,124308589,0.406524,0.674363,0.159028,0.739725,0.028205,0.028419,0.671717
1677104774,134582014,0.406578,0.673933,0.159199,0.740449,0.027847,0.027934,0.670954
1677104774,144150927,0.406475,0.673773,0.159439,0.742191,0.028655,0.027429,0.669014
1677104774,153956082,0.406564,0.673437,0.159650,0.742863,0.028686,0.027501,0.668262
1677104774,164696437,0.406641,0.673202,0.159900,0.743479,0.028883,0.027703,0.667561
1677104774,174861037,0.406678,0.672963,0.160118,0.743634,0.028595,0.027036,0.667428
1677104774,184240946,0.406715,0.673055,0.160408,0.744394,0.028437,0.026672,0.666601
1677104774,194582506,0.406813,0.672962,0.160690,0.743935,0.028194,0.026511,0.667131
1677104774,204576274,0.406819,0.673060,0.161007,0.743940,0.028295,0.026089,0.667137
1677104774,214631992,0.406863,0.672982,0.161317,0.743580,0.028416,0.025857,0.667542
1677104774,224911228,0.406937,0.672931,0.161654,0.743882,0.028493,0.026154,0.667191
1677104774,234846451,0.406949,0.672850,0.162081,0.744908,0.028360,0.025960,0.666058
1677104774,244576054,0.406981,0.672484,0.162492,0.745462,0.028258,0.026021,0.665441
1677104774,254886522,0.407017,0.672197,0.162955,0.746920,0.028027,0.026402,0.663798
1677104774,264610537,0.406977,0.671843,0.163426,0.747971,0.027922,0.026356,0.662620
1677104774,274250477,0.406961,0.671570,0.163923,0.749020,0.028096,0.026893,0.661404
1677104774,284688419,0.406892,0.671454,0.164374,0.749505,0.028270,0.026920,0.660847
1677104774,294449591,0.406863,0.671493,0.164840,0.749578,0.028021,0.026898,0.660776
1677104774,304946143,0.406788,0.671524,0.165259,0.748701,0.028260,0.026934,0.661757
1677104774,314176354,0.406761,0.671746,0.165739,0.748270,0.028020,0.027145,0.662247
1677104774,324342551,0.406776,0.671921,0.166229,0.747784,0.027281,0.027241,0.662822
1677104774,334726056,0.406648,0.672135,0.166695,0.747586,0.027647,0.027184,0.663032
1677104774,344705964,0.406668,0.672126,0.167219,0.747073,0.027393,0.027580,0.663604
1677104774,354726321,0.406645,0.672132,0.167739,0.747102,0.027853,0.028124,0.663530
1677104774,364349979,0.406658,0.672285,0.168266,0.748041,0.027832,0.027779,0.662487
1677104774,373902826,0.406731,0.672226,0.168788,0.748464,0.028093,0.027937,0.661991
1677104774,384097468,0.406750,0.672196,0.169276,0.748819,0.028842,0.027575,0.661572
1677104774,394583923,0.406894,0.672146,0.169775,0.749294,0.029075,0.027334,0.661034
1677104774,404144712,0.406908,0.671986,0.170253,0.749232,0.029948,0.026490,0.661100
1677104774,414487804,0.407114,0.671947,0.170706,0.749325,0.030401,0.026701,0.660965
1677104774,424474239,0.407294,0.672086,0.171260,0.750221,0.030152,0.025935,0.659990
1677104774,434439473,0.407365,0.671997,0.171706,0.749735,0.031115,0.025776,0.660503
1677104774,444593268,0.407534,0.672164,0.172277,0.750301,0.030784,0.025254,0.659896
1677104774,455078536,0.407512,0.672092,0.172771,0.750006,0.031304,0.024437,0.660238
1677104774,464082885,0.407652,0.672189,0.173314,0.750598,0.031385,0.024190,0.659570
1677104774,474829470,0.407685,0.672108,0.173838,0.750914,0.032244,0.023976,0.659176
1677104774,484671757,0.407852,0.672101,0.174333,0.751575,0.032470,0.023925,0.658414
1677104774,494285147,0.407944,0.672002,0.174838,0.751815,0.033207,0.023217,0.658128
1677104774,504402213,0.408119,0.672033,0.175380,0.752268,0.033671,0.022532,0.657610
1677104774,514914065,0.408369,0.672151,0.175937,0.752751,0.034495,0.022215,0.657026
1677104774,524313441,0.408543,0.672213,0.176461,0.752880,0.035326,0.021279,0.656865
1677104774,535345219,0.408754,0.672352,0.177020,0.752842,0.035886,0.020218,0.656911
1677104774,544750425,0.408868,0.672361,0.177567,0.752316,0.036810,0.019227,0.657492
1677104774,554532120,0.409130,0.672582,0.178212,0.752574,0.037056,0.019085,0.657187
1677104774,564710979,0.409189,0.672613,0.178851,0.752433,0.038096,0.018283,0.657311
1677104774,574216037,0.409243,0.672722,0.179545,0.752860,0.038702,0.017522,0.656808
1677104774,584680788,0.409391,0.672790,0.180235,0.753341,0.039234,0.017632,0.656221
1677104774,594143761,0.409502,0.672906,0.180920,0.754261,0.039347,0.016929,0.655176
1677104774,604418491,0.409491,0.672959,0.181597,0.754587,0.040490,0.016315,0.654746
1677104774,614274278,0.409519,0.672817,0.182260,0.754260,0.041281,0.015655,0.655089
1677104774,623992183,0.409649,0.673016,0.182978,0.755028,0.041228,0.015577,0.654210
1677104774,634363679,0.409687,0.672927,0.183692,0.754498,0.041173,0.015106,0.654835
1677104774,644968698,0.409645,0.673064,0.184477,0.754910,0.040926,0.015022,0.654378
1677104774,654375142,0.409581,0.673079,0.185242,0.754953,0.040470,0.015612,0.654343
1677104774,664483795,0.409280,0.673184,0.186046,0.755542,0.040557,0.015837,0.653652
1677104774,674214569,0.409062,0.673071,0.186848,0.755668,0.039844,0.016387,0.653536
1677104774,684970712,0.408876,0.672948,0.187643,0.755959,0.038904,0.017459,0.653229
1677104774,694674107,0.408543,0.672871,0.188481,0.756757,0.038717,0.018148,0.652296
1677104774,704491928,0.408403,0.672562,0.189236,0.756719,0.037414,0.018864,0.652396
1677104774,714189232,0.408093,0.672385,0.190007,0.757214,0.037385,0.019230,0.651812
1677104774,724595582,0.407839,0.672138,0.190730,0.757419,0.037103,0.019421,0.651585
1677104774,734496729,0.407728,0.672132,0.191464,0.758087,0.036431,0.019663,0.650838
1677104774,744413627,0.407611,0.671940,0.192116,0.757898,0.036275,0.020120,0.651053
1677104774,754562383,0.407507,0.671821,0.192748,0.757655,0.036228,0.020348,0.651332
1677104774,764433495,0.407455,0.671965,0.193426,0.758564,0.036119,0.020524,0.650273
1677104774,774206879,0.407333,0.671738,0.194052,0.758100,0.036256,0.020282,0.650814
1677104774,784134402,0.407281,0.671691,0.194677,0.758583,0.036598,0.020428,0.650227
1677104774,793961740,0.407347,0.671401,0.195299,0.758527,0.035988,0.020175,0.650334
1677104774,804315975,0.407264,0.671160,0.195941,0.758870,0.036303,0.019429,0.649939
1677104774,814086061,0.407298,0.670839,0.196527,0.758926,0.036419,0.018743,0.649888
1677104774,824710677,0.407362,0.670685,0.197181,0.759587,0.036420,0.018135,0.649132
1677104774,834826306,0.407670,0.670460,0.197790,0.759668,0.035542,0.018238,0.649083
1677104774,844480138,0.407636,0.670361,0.198412,0.759949,0.035969,0.017436,0.648752
1677104774,854577269,0.407686,0.670305,0.199074,0.760141,0.036237,0.017174,0.648519
1677104774,864931031,0.407725,0.670113,0.199737,0.760233,0.036166,0.016659,0.648429
1677104774,874643625,0.407749,0.669806,0.200424,0.760358,0.036238,0.016818,0.648274
1677104774,884552522,0.407752,0.669430,0.201134,0.760462,0.036302,0.016689,0.648152
1677104774,894752224,0.407657,0.669185,0.201844,0.761426,0.036906,0.016752,0.646984
1677104774,904931779,0.407702,0.668801,0.202469,0.761620,0.036288,0.016330,0.646800
1677104774,914358923,0.407702,0.668714,0.203136,0.762400,0.036027,0.015828,0.645908
1677104774,924601631,0.407673,0.668387,0.203745,0.761694,0.035992,0.015333,0.646755
1677104774,934682654,0.407821,0.668281,0.204384,0.761239,0.035651,0.015403,0.647307
1677104774,945037806,0.407790,0.668253,0.205053,0.761091,0.035684,0.014702,0.647496
1677104774,954874918,0.407807,0.668203,0.205722,0.760648,0.036167,0.014517,0.647994
1677104774,964582054,0.407937,0.668185,0.206401,0.760812,0.036181,0.014655,0.647797
1677104774,974601160,0.407981,0.667989,0.207095,0.760720,0.036466,0.014063,0.647902
1677104774,984790487,0.408007,0.667835,0.207759,0.761099,0.037166,0.013651,0.647426
1677104774,994363230,0.408022,0.667600,0.208411,0.761464,0.037775,0.013264,0.646970
1677104775,4457094,0.408156,0.667474,0.209046,0.762060,0.037777,0.013272,0.646267
1677104775,14781256,0.408182,0.667218,0.209691,0.762193,0.037879,0.012963,0.646110
1677104775,24455961,0.408227,0.667021,0.210325,0.762545,0.037490,0.012625,0.645724
1677104775,35143413,0.408259,0.666740,0.210917,0.762504,0.037038,0.012584,0.645800
1677104775,44645165,0.408204,0.666616,0.211561,0.762740,0.036639,0.012113,0.645553
1677104775,54638638,0.408139,0.666364,0.212104,0.761986,0.036793,0.012614,0.646424
1677104775,64461887,0.408094,0.666323,0.212653,0.761671,0.036333,0.012735,0.646819
1677104775,74359655,0.407960,0.666455,0.213287,0.761910,0.036227,0.012657,0.646545
1677104775,84991641,0.407907,0.666394,0.213868,0.761585,0.036190,0.013132,0.646921
1677104775,94584608,0.407887,0.666238,0.214464,0.761577,0.035646,0.013169,0.646959
1677104775,105185971,0.407821,0.666047,0.215058,0.761775,0.035817,0.013748,0.646705
1677104775,114384097,0.407729,0.665905,0.215740,0.762449,0.035552,0.013581,0.645928
1677104775,124351818,0.407798,0.665705,0.216392,0.762916,0.034871,0.014007,0.645404
1677104775,135002765,0.407731,0.665635,0.217002,0.763437,0.034960,0.013764,0.644788
1677104775,144784677,0.407703,0.665585,0.217625,0.763523,0.035119,0.013760,0.644678
1677104775,155450782,0.407729,0.665557,0.218222,0.763165,0.035021,0.013867,0.645105
1677104775,164739275,0.407730,0.665483,0.218768,0.762601,0.034653,0.013322,0.645802
1677104775,175202082,0.407643,0.665488,0.219399,0.762413,0.034914,0.013234,0.646012
1677104775,184972577,0.407656,0.665365,0.219976,0.762156,0.034674,0.013663,0.646320
1677104775,194132257,0.407640,0.665325,0.220610,0.762550,0.034322,0.013876,0.645870
1677104775,204711328,0.407566,0.665387,0.221258,0.763337,0.034472,0.014221,0.644923
1677104775,214644132,0.407641,0.665365,0.221867,0.763823,0.033953,0.014895,0.644361
1677104775,224503242,0.407552,0.665360,0.222484,0.763834,0.034242,0.014941,0.644330
1677104775,234152472,0.407575,0.665386,0.223054,0.763891,0.034182,0.015380,0.644256
1677104775,244629403,0.407629,0.665619,0.223697,0.764608,0.033590,0.015620,0.643430
1677104775,255027020,0.407611,0.664912,0.224226,0.762076,0.032512,0.015254,0.646491
1677104775,264205324,0.407588,0.664903,0.224811,0.762125,0.032317,0.015208,0.646443
1677104775,273841845,0.407580,0.664810,0.225447,0.761801,0.032195,0.015451,0.646826
1677104775,284585185,0.407650,0.664826,0.226077,0.761863,0.031995,0.016033,0.646749
1677104775,294110050,0.407593,0.664754,0.226737,0.761754,0.031975,0.015959,0.646880
1677104775,304896321,0.407693,0.664793,0.227375,0.762084,0.031348,0.015947,0.646522
1677104775,314472454,0.407704,0.664669,0.227978,0.761895,0.031463,0.016195,0.646733
1677104775,324310444,0.407777,0.664598,0.228587,0.761909,0.030915,0.016249,0.646742
1677104775,334474781,0.407855,0.664658,0.229205,0.762394,0.030913,0.016804,0.646155
1677104775,344582087,0.407994,0.664396,0.229781,0.761570,0.030594,0.017386,0.647127
1677104775,354300351,0.408171,0.664354,0.230407,0.761551,0.030203,0.017948,0.647152
1677104775,364537999,0.408517,0.664262,0.231017,0.761598,0.029364,0.018723,0.647114
1677104775,374488787,0.409007,0.664066,0.231611,0.761200,0.028274,0.020381,0.647580
1677104775,384487123,0.408386,0.664336,0.232455,0.762762,0.031838,0.015144,0.645717
1677104775,394089370,0.408491,0.664295,0.233127,0.762882,0.032585,0.013902,0.645566
1677104775,404545984,0.408587,0.664304,0.233764,0.763167,0.033749,0.013172,0.645185
1677104775,414557814,0.408857,0.664269,0.234420,0.763212,0.033462,0.012495,0.645160
1677104775,424413197,0.409073,0.664119,0.235001,0.762895,0.033335,0.012034,0.645550
1677104775,434274365,0.409131,0.664223,0.235607,0.763382,0.033231,0.011440,0.644991
1677104775,444286616,0.409059,0.664343,0.236157,0.763729,0.033103,0.010756,0.644597
1677104775,453930020,0.409101,0.664289,0.236608,0.763161,0.032841,0.011957,0.645262
1677104775,464648631,0.408967,0.664360,0.237108,0.763553,0.032324,0.012301,0.644818
1677104775,474722228,0.408863,0.664398,0.237613,0.763975,0.031645,0.013246,0.644333
1677104775,485127702,0.408619,0.664455,0.238081,0.764305,0.031642,0.013586,0.643935
1677104775,494595936,0.408519,0.664556,0.238573,0.764588,0.031113,0.015006,0.643593
1677104775,504553271,0.408332,0.664681,0.239043,0.764548,0.030731,0.015244,0.643653
1677104775,514345616,0.408388,0.664725,0.239433,0.763917,0.029602,0.016183,0.644432
1677104775,524332115,0.408286,0.664984,0.239838,0.764063,0.029371,0.016230,0.644268
1677104775,534603211,0.408305,0.665069,0.240188,0.763366,0.029143,0.016731,0.645092
1677104775,544645143,0.408353,0.665270,0.240570,0.763376,0.028835,0.016817,0.645092
1677104775,554287704,0.408287,0.665459,0.240961,0.763552,0.029174,0.016492,0.644876
1677104775,564794151,0.408413,0.665464,0.241341,0.763375,0.028948,0.017031,0.645081
1677104775,574468177,0.408451,0.665521,0.241769,0.763368,0.029163,0.017208,0.645076
1677104775,584632993,0.408378,0.665629,0.242235,0.763700,0.029781,0.016840,0.644664
1677104775,594685136,0.408544,0.665776,0.242758,0.764447,0.028867,0.017157,0.643812
1677104775,604714454,0.408485,0.665629,0.243221,0.764228,0.029121,0.016782,0.644070
1677104775,614566203,0.408467,0.665697,0.243755,0.765098,0.028865,0.016997,0.643042
1677104775,625231679,0.408482,0.665596,0.244229,0.765341,0.028213,0.017054,0.642781
1677104775,634862354,0.408329,0.665426,0.244764,0.765335,0.028273,0.016757,0.642792
1677104775,644712757,0.408380,0.665392,0.245335,0.766064,0.027428,0.017319,0.641945
1677104775,654713953,0.408275,0.665320,0.245886,0.766401,0.027376,0.017288,0.641546
1677104775,665174401,0.408199,0.665324,0.246496,0.766999,0.026728,0.016918,0.640868
1677104775,674206682,0.408195,0.665267,0.247049,0.767153,0.026567,0.017827,0.640666
1677104775,683838018,0.408054,0.665255,0.247624,0.767349,0.026570,0.017424,0.640442
1677104775,693886863,0.407964,0.664910,0.248105,0.766205,0.026543,0.017914,0.641798
1677104775,705073009,0.407884,0.665050,0.248675,0.766658,0.025905,0.017857,0.641284
1677104775,714441940,0.407811,0.664524,0.249109,0.764627,0.025713,0.018661,0.643689
1677104775,724674482,0.407603,0.664343,0.249617,0.764046,0.025844,0.018717,0.644372
1677104775,734937026,0.407538,0.664268,0.250232,0.763958,0.025501,0.020006,0.644451
1677104775,744528359,0.407402,0.664365,0.250721,0.763945,0.026034,0.020862,0.644419
1677104775,754981312,0.407322,0.664115,0.251211,0.763577,0.025646,0.021097,0.644863
1677104775,764661405,0.407198,0.663744,0.251629,0.762134,0.026319,0.021607,0.646523
1677104775,774610690,0.407266,0.664764,0.252294,0.764970,0.026148,0.022127,0.643154
1677104775,784951991,0.407334,0.664708,0.252774,0.764624,0.026041,0.022391,0.643561
1677104775,794843286,0.407390,0.664803,0.253303,0.765097,0.025786,0.022132,0.643017
1677104775,805113594,0.407497,0.664784,0.253794,0.765032,0.025901,0.022432,0.643080
1677104775,814566072,0.407495,0.664613,0.254207,0.764663,0.026515,0.022531,0.643490
1677104775,824847636,0.407398,0.663913,0.254576,0.763213,0.026769,0.021814,0.645224
1677104775,834825924,0.407527,0.663892,0.254969,0.762906,0.027516,0.022095,0.645546
1677104775,844065830,0.407562,0.663735,0.255406,0.763009,0.026957,0.021676,0.645462
1677104775,854117024,0.407529,0.663665,0.255829,0.762927,0.027676,0.021423,0.645537
1677104775,864402841,0.407725,0.663873,0.256313,0.763721,0.027504,0.021767,0.644593
1677104775,874501677,0.407777,0.663775,0.256753,0.763927,0.027516,0.021784,0.644348
1677104775,884964900,0.407749,0.663080,0.257153,0.763032,0.025579,0.019408,0.645563
1677104775,894916797,0.407660,0.662802,0.257605,0.762607,0.026212,0.019487,0.646037
1677104775,904493457,0.407668,0.662696,0.258030,0.762539,0.026289,0.019798,0.646104
1677104775,913873149,0.407672,0.662635,0.258486,0.762694,0.026119,0.020157,0.645918
1677104775,924077112,0.407736,0.662845,0.258957,0.763494,0.026179,0.020300,0.644964
1677104775,934222622,0.407677,0.662539,0.259376,0.762872,0.026374,0.020578,0.645684
1677104775,945172554,0.407673,0.662535,0.259897,0.763531,0.026029,0.020296,0.644927
1677104775,954546496,0.407684,0.662228,0.260288,0.763095,0.026236,0.020321,0.645433
1677104775,964202873,0.407618,0.662159,0.260754,0.763766,0.026514,0.020218,0.644631
1677104775,974506197,0.407607,0.662164,0.261196,0.764553,0.026558,0.020017,0.643703
1677104775,984775835,0.407671,0.662018,0.261590,0.764483,0.026602,0.019956,0.643785
1677104775,994565789,0.407758,0.661974,0.262007,0.764570,0.026728,0.019854,0.643680
1677104776,4279934,0.407826,0.661805,0.262364,0.764088,0.027085,0.019666,0.644243
1677104776,14293696,0.407882,0.661757,0.262787,0.764265,0.027007,0.018756,0.644064
1677104776,25417361,0.407950,0.661675,0.263172,0.764292,0.027413,0.018407,0.644024
1677104776,34961669,0.408020,0.661483,0.263530,0.764170,0.028024,0.018173,0.644150
1677104776,44146666,0.408191,0.661427,0.263935,0.764556,0.027906,0.018431,0.643689
1677104776,54411684,0.408178,0.661388,0.264319,0.764757,0.028687,0.018001,0.643428
1677104776,64686410,0.408239,0.661177,0.264729,0.764361,0.029038,0.018031,0.643882
1677104776,74586363,0.408278,0.660989,0.265081,0.763868,0.028980,0.017636,0.644481
1677104776,85189980,0.408322,0.661094,0.265530,0.764492,0.028645,0.017063,0.643770
1677104776,94041221,0.408384,0.660933,0.265946,0.764266,0.028599,0.017260,0.644036
1677104776,104264203,0.408413,0.660886,0.266346,0.764497,0.028425,0.016855,0.643780
1677104776,114327708,0.408368,0.660736,0.266723,0.764402,0.029193,0.016947,0.643856
1677104776,124261761,0.408414,0.660808,0.267126,0.764891,0.029533,0.016718,0.643266
1677104776,134640474,0.408636,0.660709,0.267455,0.764500,0.029422,0.017368,0.643717
1677104776,144843926,0.408649,0.660585,0.267763,0.763824,0.030092,0.016330,0.644515
1677104776,154654129,0.408791,0.660645,0.268154,0.764025,0.030353,0.015532,0.644285
1677104776,164643203,0.408856,0.660421,0.268519,0.763594,0.030992,0.014742,0.644784
1677104776,174444929,0.409027,0.660366,0.268920,0.764076,0.031100,0.014167,0.644220
1677104776,184127777,0.409083,0.660276,0.269318,0.764452,0.031099,0.013229,0.643795
1677104776,193863518,0.409290,0.660070,0.269666,0.764132,0.030782,0.013730,0.644179
1677104776,203684635,0.409173,0.660087,0.270043,0.764084,0.031203,0.013028,0.644230
1677104776,214296670,0.409152,0.660170,0.270448,0.764151,0.031147,0.013434,0.644144
1677104776,224108102,0.409218,0.660121,0.270772,0.763287,0.030554,0.014511,0.645173
1677104776,234907392,0.409053,0.660278,0.271150,0.763350,0.030732,0.014849,0.645083
1677104776,244638315,0.409017,0.660389,0.271516,0.763200,0.030388,0.016073,0.645247
1677104776,254742289,0.408884,0.660502,0.271835,0.763019,0.030346,0.016120,0.645462
1677104776,264058636,0.408828,0.660597,0.272202,0.762838,0.029988,0.016481,0.645683
1677104776,274953505,0.408971,0.660764,0.272562,0.762706,0.029475,0.016804,0.645855
1677104776,285089925,0.408825,0.660639,0.272926,0.762603,0.029667,0.016414,0.645978
1677104776,295320273,0.408992,0.660456,0.273309,0.762362,0.028869,0.016639,0.646292
1677104776,304892528,0.409010,0.660421,0.273738,0.762900,0.028942,0.016551,0.645657
1677104776,314699697,0.408959,0.660267,0.274166,0.763178,0.029175,0.016256,0.645324
1677104776,324240915,0.409142,0.660240,0.274642,0.763709,0.027780,0.016504,0.644751
1677104776,334203200,0.409064,0.660176,0.275083,0.763931,0.028121,0.016763,0.644466
1677104776,344191195,0.409020,0.660179,0.275557,0.764058,0.028086,0.017439,0.644300
1677104776,353989997,0.408840,0.660003,0.275942,0.763202,0.028226,0.016999,0.645320
1677104776,364328430,0.408829,0.660127,0.276452,0.763471,0.027681,0.017476,0.645012
1677104776,374070925,0.408854,0.660163,0.276904,0.763284,0.027161,0.018065,0.645239
1677104776,383858655,0.408836,0.660146,0.277409,0.763365,0.026762,0.018343,0.645152
1677104776,393704057,0.408836,0.660093,0.277935,0.763531,0.026604,0.018752,0.644950
1677104776,404087689,0.408905,0.659945,0.278491,0.763863,0.025586,0.018617,0.644602
1677104776,413954312,0.408809,0.659700,0.279013,0.764009,0.025653,0.018452,0.644432
1677104776,424141294,0.408873,0.659676,0.279567,0.764797,0.025091,0.018700,0.643511
1677104776,434442096,0.408836,0.659436,0.280064,0.764573,0.025413,0.019042,0.643754
1677104776,444042899,0.408770,0.659534,0.280594,0.765061,0.025741,0.019165,0.643158
1677104776,454642433,0.408704,0.659589,0.281045,0.764850,0.026315,0.019140,0.643386
1677104776,464835599,0.408673,0.659842,0.281548,0.765205,0.026489,0.019250,0.642953
1677104776,474799849,0.408648,0.659903,0.281927,0.764549,0.026956,0.019639,0.643702
1677104776,484338832,0.408504,0.660143,0.282395,0.764797,0.027123,0.019131,0.643416
1677104776,495128867,0.408466,0.660145,0.282808,0.764235,0.026935,0.019689,0.644074
1677104776,504808397,0.408215,0.660462,0.283332,0.765129,0.027323,0.019562,0.643000
1677104776,514675209,0.408120,0.660198,0.283728,0.763980,0.027115,0.020819,0.644333
1677104776,524865898,0.408005,0.660428,0.284275,0.764821,0.026501,0.021515,0.643338
1677104776,534516082,0.407764,0.660456,0.284789,0.764881,0.026593,0.022041,0.643245
1677104776,544377287,0.407543,0.660401,0.285295,0.764862,0.026811,0.022494,0.643242
1677104776,554789571,0.407473,0.660410,0.285854,0.764981,0.026489,0.023486,0.643079
1677104776,565196853,0.407379,0.660325,0.286388,0.765197,0.025848,0.023498,0.642848
1677104776,575034699,0.407191,0.660278,0.286903,0.765439,0.026470,0.023685,0.642527
1677104776,585815614,0.407081,0.660103,0.287386,0.765371,0.026451,0.023906,0.642601
1677104776,594668676,0.407010,0.659963,0.287819,0.765199,0.026566,0.023977,0.642798
1677104776,605409803,0.406938,0.660028,0.288284,0.765716,0.026581,0.024050,0.642179
1677104776,614688433,0.406820,0.659954,0.288715,0.765638,0.026896,0.023960,0.642262
1677104776,625179505,0.406717,0.660064,0.289154,0.766034,0.027648,0.024365,0.641743
1677104776,634848087,0.406689,0.659889,0.289485,0.765489,0.027703,0.024850,0.642372
1677104776,644369205,0.406629,0.659920,0.289845,0.765580,0.027892,0.024750,0.642259
1677104776,654729174,0.406555,0.659947,0.290208,0.765863,0.027972,0.024627,0.641923
1677104776,664565291,0.406506,0.659881,0.290510,0.765899,0.027990,0.024722,0.641875
1677104776,674535696,0.406555,0.659870,0.290795,0.765853,0.027590,0.024701,0.641948
1677104776,685016999,0.406562,0.659847,0.291124,0.766006,0.027136,0.024469,0.641794
1677104776,695467149,0.406442,0.659801,0.291434,0.766098,0.027701,0.024304,0.641667
1677104776,704520811,0.406461,0.659583,0.291743,0.765770,0.027461,0.024170,0.642074
1677104776,714818339,0.406382,0.659436,0.292059,0.765996,0.028062,0.024301,0.641773
1677104776,724807758,0.406308,0.659265,0.292354,0.766024,0.028498,0.024087,0.641729
1677104776,734392111,0.406395,0.659203,0.292722,0.766383,0.028359,0.024634,0.641285
1677104776,744715811,0.406339,0.659013,0.293082,0.766156,0.028454,0.023861,0.641581
1677104776,754821103,0.406418,0.659107,0.293498,0.766628,0.027928,0.023584,0.641051
1677104776,764473005,0.406457,0.659025,0.293919,0.766476,0.027248,0.023332,0.641270
1677104776,774496885,0.406391,0.659053,0.294369,0.766763,0.027229,0.022994,0.640940
1677104776,784824333,0.406416,0.658999,0.294808,0.767159,0.026779,0.023236,0.640477
1677104776,794588893,0.406368,0.658980,0.295236,0.767389,0.026819,0.023615,0.640186
1677104776,804935748,0.406329,0.659157,0.295703,0.768347,0.026554,0.023617,0.639046
1677104776,814872392,0.406202,0.659265,0.296182,0.768924,0.026430,0.023586,0.638358
1677104776,825066726,0.406159,0.659332,0.296637,0.769103,0.025865,0.023504,0.638169
1677104776,834335378,0.406006,0.659427,0.297142,0.769559,0.025817,0.023630,0.637616
1677104776,843966360,0.406095,0.658053,0.297406,0.765078,0.025612,0.025644,0.642917
1677104776,854163204,0.404889,0.658166,0.298145,0.766691,0.030745,0.024257,0.640821
1677104776,864667567,0.404670,0.658092,0.298631,0.767068,0.030767,0.024871,0.640345
1677104776,874938864,0.404464,0.657738,0.299041,0.766483,0.030624,0.025483,0.641027
1677104776,884643365,0.404355,0.657582,0.299477,0.766795,0.030106,0.026245,0.640648
1677104776,894556790,0.404095,0.657487,0.299866,0.766916,0.030399,0.026371,0.640484
1677104776,904396659,0.404544,0.657439,0.300327,0.767469,0.026141,0.026087,0.640021
1677104776,914048297,0.404530,0.657429,0.300649,0.767293,0.026087,0.026767,0.640206
1677104776,924243900,0.404556,0.657341,0.300873,0.766658,0.026200,0.026898,0.640957
1677104776,934477570,0.404467,0.657300,0.301159,0.766564,0.026849,0.026307,0.641067
1677104776,944427838,0.404664,0.657414,0.301392,0.766883,0.026460,0.026775,0.640682
1677104776,954240847,0.404643,0.657376,0.301617,0.766768,0.026570,0.026002,0.640847
1677104776,964695963,0.404039,0.657378,0.301579,0.765857,0.031313,0.026022,0.641721
1677104776,974423604,0.404172,0.657406,0.301733,0.765617,0.030618,0.025937,0.642043
1677104776,984687629,0.404156,0.657282,0.301879,0.765057,0.030955,0.026243,0.642682
1677104776,994656214,0.404163,0.657182,0.302008,0.764935,0.030905,0.026277,0.642828
1677104777,4389732,0.404205,0.656936,0.302143,0.764561,0.030457,0.026360,0.643292
1677104777,14784739,0.405067,0.656691,0.302555,0.765800,0.023901,0.026114,0.642104
1677104777,24617376,0.405110,0.656301,0.302691,0.765697,0.023495,0.026142,0.642240
1677104777,34915607,0.405212,0.656081,0.302876,0.766427,0.022121,0.026118,0.641419
1677104777,44339832,0.405164,0.655614,0.302973,0.766061,0.021476,0.025236,0.641913
1677104777,55288007,0.405231,0.655477,0.303141,0.766631,0.020453,0.025413,0.641259
1677104777,65030400,0.405403,0.655125,0.303250,0.766538,0.018695,0.025615,0.641415
1677104777,74773157,0.405552,0.654845,0.303285,0.766235,0.017478,0.026084,0.641793
1677104777,84620992,0.405485,0.654586,0.303355,0.766138,0.017655,0.026240,0.641897
1677104777,94617825,0.405431,0.654722,0.303512,0.767170,0.017832,0.026043,0.640667
1677104777,105181777,0.405557,0.654544,0.303541,0.766958,0.017266,0.026658,0.640911
1677104777,114290283,0.405621,0.654441,0.303572,0.766860,0.016692,0.026242,0.641061
1677104777,124148226,0.405964,0.654319,0.303549,0.766417,0.014616,0.026972,0.641610
1677104777,134155733,0.404501,0.654700,0.303890,0.768934,0.023449,0.026307,0.638356
1677104777,144366305,0.404473,0.654715,0.303874,0.769035,0.023608,0.026315,0.638229
1677104777,154275433,0.404476,0.654758,0.303870,0.769211,0.023408,0.026391,0.638020
1677104777,164308219,0.404516,0.654825,0.303854,0.769522,0.023081,0.026657,0.637646
1677104777,174258030,0.404539,0.654737,0.303774,0.769227,0.023092,0.026797,0.637996
1677104777,183951300,0.404532,0.654671,0.303683,0.769010,0.023485,0.026884,0.638239
1677104777,194772018,0.404645,0.654762,0.303604,0.769123,0.023334,0.026974,0.638105
1677104777,204557282,0.404753,0.654725,0.303520,0.768935,0.023563,0.027367,0.638306
