secs,nsecs,tx,ty,tz,rx,ry,rz,rw
1677104856,655869620,0.289553,0.565752,0.469367,0.510425,-0.168342,-0.283723,0.794121
1677104856,665944135,0.289619,0.565779,0.469395,0.510510,-0.167530,-0.283985,0.794145
1677104856,675981259,0.289935,0.565940,0.469327,0.511130,-0.167686,-0.284031,0.793696
1677104856,686319410,0.290261,0.566047,0.469245,0.511111,-0.167579,-0.284035,0.793730
1677104856,696570346,0.290458,0.566104,0.469180,0.510466,-0.167067,-0.284349,0.794140
1677104856,705883572,0.290649,0.566283,0.469070,0.510306,-0.166486,-0.284712,0.794235
1677104856,716561155,0.290905,0.566462,0.468941,0.510128,-0.166480,-0.285006,0.794245
1677104856,726319277,0.291099,0.566590,0.468792,0.510145,-0.166200,-0.285042,0.794280
1677104856,736771221,0.291360,0.566739,0.468630,0.510541,-0.166069,-0.284716,0.794170
1677104856,745675828,0.291578,0.566909,0.468459,0.510818,-0.166069,-0.284931,0.793914
1677104856,755699250,0.291830,0.566933,0.468321,0.510942,-0.166164,-0.284588,0.793938
1677104856,765979791,0.292093,0.567056,0.468146,0.511287,-0.166174,-0.284225,0.793844
1677104856,775726661,0.292303,0.567110,0.467984,0.511213,-0.166124,-0.284291,0.793878
1677104856,786127474,0.292565,0.567137,0.467810,0.510861,-0.166295,-0.284401,0.794029
1677104856,796573476,0.292945,0.567193,0.467621,0.510757,-0.166425,-0.284254,0.794122
1677104856,805795163,0.293280,0.567223,0.467447,0.510577,-0.166009,-0.284045,0.794399
1677104856,816339011,0.293539,0.567355,0.467205,0.510599,-0.165517,-0.284357,0.794376
1677104856,825879321,0.293993,0.567572,0.466890,0.511221,-0.165999,-0.284438,0.793847
1677104856,835284519,0.294320,0.567706,0.466671,0.511208,-0.166233,-0.284673,0.793721
1677104856,845672803,0.294503,0.567762,0.466464,0.510908,-0.165651,-0.285165,0.793860
1677104856,855744495,0.294912,0.567788,0.466253,0.510944,-0.166359,-0.284964,0.793761
1677104856,866141447,0.295329,0.567862,0.465982,0.511575,-0.166073,-0.284314,0.793648
1677104856,876190584,0.295615,0.567961,0.465762,0.511985,-0.165703,-0.284457,0.793409
1677104856,886260699,0.295915,0.568116,0.465534,0.512326,-0.164979,-0.284754,0.793233
1677104856,895805994,0.296321,0.568270,0.465279,0.512742,-0.164946,-0.285046,0.792866
1677104856,906026556,0.296685,0.568404,0.465064,0.513306,-0.164681,-0.284957,0.792588
1677104856,915872539,0.296865,0.568427,0.464891,0.512948,-0.163963,-0.285659,0.792716
1677104856,926186529,0.297125,0.568527,0.464700,0.512643,-0.163971,-0.286389,0.792649
1677104856,936042807,0.297546,0.568820,0.464402,0.513522,-0.163527,-0.286382,0.792173
1677104856,946300918,0.297892,0.568955,0.464127,0.513234,-0.162790,-0.286427,0.792496
1677104856,955633961,0.298124,0.569138,0.463863,0.512840,-0.161925,-0.286605,0.792864
1677104856,966255376,0.298414,0.569455,0.463547,0.512875,-0.161344,-0.286823,0.792880
1677104856,976260083,0.298773,0.569750,0.463227,0.513363,-0.161170,-0.286349,0.792772
1677104856,985986390,0.299012,0.569995,0.462906,0.513334,-0.160958,-0.286539,0.792765
1677104856,995717042,0.299144,0.570114,0.462666,0.512801,-0.160356,-0.286507,0.793243
1677104857,6248191,0.299352,0.570449,0.462269,0.513681,-0.160297,-0.286541,0.792674
1677104857,16850132,0.299646,0.570648,0.461857,0.514015,-0.160034,-0.285759,0.792792
1677104857,26160534,0.299812,0.570843,0.461453,0.513813,-0.159949,-0.285868,0.792901
1677104857,36688979,0.299946,0.571030,0.461056,0.513517,-0.159147,-0.285725,0.793305
1677104857,45662979,0.300213,0.571277,0.460501,0.514040,-0.158967,-0.285758,0.792991
1677104857,55913157,0.300398,0.571386,0.460037,0.514014,-0.158520,-0.285738,0.793105
1677104857,66327060,0.300532,0.571418,0.459525,0.513915,-0.157752,-0.285928,0.793254
1677104857,76394082,0.300768,0.571470,0.458955,0.514614,-0.157641,-0.285869,0.792843
1677104857,85945202,0.301075,0.571559,0.458266,0.515374,-0.158017,-0.286031,0.792216
1677104857,96215960,0.301348,0.571607,0.457550,0.516023,-0.158073,-0.286102,0.791757
1677104857,106139798,0.301493,0.571566,0.456792,0.516027,-0.157629,-0.286426,0.791725
1677104857,115968203,0.301819,0.571583,0.455870,0.516409,-0.157975,-0.286427,0.791407
1677104857,125474699,0.302157,0.571589,0.454792,0.516970,-0.158210,-0.286343,0.791024
1677104857,135006763,0.302565,0.571601,0.453600,0.517458,-0.158144,-0.286021,0.790835
1677104857,145985648,0.302924,0.571662,0.452238,0.518131,-0.157419,-0.286068,0.790522
1677104857,155638584,0.303505,0.571626,0.450718,0.518442,-0.157203,-0.285715,0.790489
1677104857,166053031,0.303873,0.571489,0.449235,0.517997,-0.157027,-0.286364,0.790580
1677104857,176070620,0.304368,0.571413,0.447472,0.518604,-0.156991,-0.287002,0.789958
1677104857,185573204,0.305150,0.570965,0.445609,0.518016,-0.158665,-0.286933,0.790034
1677104857,196074909,0.305455,0.570937,0.443628,0.519085,-0.156830,-0.288013,0.789306
1677104857,205538958,0.306301,0.570707,0.441479,0.520472,-0.158375,-0.287726,0.788188
1677104857,215229172,0.306758,0.570353,0.439264,0.520921,-0.159445,-0.289148,0.787155
1677104857,225312217,0.307207,0.569938,0.436906,0.521765,-0.160555,-0.290270,0.785956
1677104857,235929045,0.307697,0.569409,0.434430,0.522299,-0.162140,-0.290878,0.785050
1677104857,245910977,0.308061,0.568889,0.431776,0.522863,-0.163017,-0.291931,0.784102
1677104857,256450656,0.308399,0.568477,0.428928,0.524259,-0.162613,-0.292619,0.782996
1677104857,265851446,0.308953,0.567985,0.425865,0.525648,-0.162655,-0.292203,0.782212
1677104857,275691584,0.309421,0.567417,0.422680,0.526978,-0.161743,-0.291667,0.781706
1677104857,285955603,0.309818,0.566926,0.419413,0.527956,-0.160936,-0.292301,0.780976
1677104857,295747628,0.310367,0.566421,0.415932,0.528979,-0.161026,-0.293178,0.779935
1677104857,306002091,0.311151,0.565907,0.412368,0.530623,-0.161724,-0.293267,0.778639
1677104857,316306608,0.311570,0.565168,0.408828,0.530763,-0.161895,-0.294933,0.777879
1677104857,325868508,0.312224,0.564465,0.405187,0.531966,-0.163321,-0.296203,0.776275
1677104857,336091886,0.312806,0.563636,0.401524,0.532759,-0.164474,-0.297492,0.774993
1677104857,345770740,0.313379,0.562907,0.397754,0.534237,-0.166363,-0.299316,0.772867
1677104857,356736476,0.313969,0.562161,0.393892,0.535679,-0.167879,-0.300492,0.771083
1677104857,366361656,0.314243,0.561577,0.389916,0.536948,-0.168139,-0.302892,0.769202
1677104857,376025116,0.314920,0.560980,0.385714,0.538391,-0.168940,-0.303097,0.767937
1677104857,386064585,0.315558,0.560729,0.381254,0.539945,-0.168770,-0.303958,0.766541
1677104857,395749088,0.316355,0.560616,0.376587,0.541084,-0.168768,-0.304810,0.765399
1677104857,405923327,0.317215,0.560706,0.371732,0.542037,-0.167789,-0.305623,0.764616
1677104857,415132329,0.318153,0.560814,0.366729,0.542100,-0.166517,-0.306687,0.764423
1677104857,425327763,0.319222,0.560956,0.361607,0.542309,-0.165818,-0.307881,0.763947
1677104857,435338456,0.320363,0.561261,0.356315,0.542902,-0.164599,-0.309369,0.763188
1677104857,445505818,0.321469,0.561541,0.350960,0.543243,-0.162690,-0.311045,0.762673
1677104857,456448891,0.322561,0.561773,0.345527,0.543746,-0.160879,-0.313056,0.761875
1677104857,465725009,0.323602,0.562008,0.340044,0.545210,-0.157781,-0.314132,0.761033
1677104857,475762994,0.324727,0.561804,0.334525,0.544025,-0.158406,-0.316928,0.760592
1677104857,485864958,0.325509,0.561538,0.329107,0.543796,-0.155789,-0.319268,0.760318
1677104857,495843482,0.326278,0.561545,0.323697,0.545904,-0.153887,-0.321936,0.758066
1677104857,505808724,0.327397,0.561467,0.318300,0.549239,-0.152410,-0.323468,0.755299
1677104857,516244856,0.328282,0.561151,0.313113,0.552072,-0.151615,-0.325644,0.752453
1677104857,526107298,0.328961,0.561078,0.308049,0.556633,-0.147764,-0.327816,0.748908
1677104857,535606260,0.329694,0.560825,0.303043,0.559759,-0.145918,-0.329269,0.746297
1677104857,546280611,0.330778,0.561318,0.297522,0.564583,-0.145498,-0.330705,0.742099
1677104857,555879723,0.331800,0.561723,0.291953,0.566341,-0.143915,-0.331980,0.740497
1677104857,566017321,0.332810,0.562297,0.286326,0.564941,-0.143098,-0.336222,0.739810
1677104857,576167539,0.334062,0.563362,0.280702,0.567007,-0.138786,-0.336935,0.738726
1677104857,586209119,0.335370,0.564183,0.275061,0.565398,-0.137772,-0.340431,0.738547
1677104857,595624166,0.336913,0.565207,0.269426,0.565538,-0.136588,-0.342257,0.737815
1677104857,605958902,0.338213,0.566356,0.263970,0.564762,-0.135452,-0.345840,0.736947
1677104857,616025813,0.339565,0.567617,0.258590,0.564170,-0.134010,-0.348476,0.736423
1677104857,625852468,0.340512,0.568484,0.253697,0.561898,-0.132229,-0.351816,0.736893
1677104857,635920485,0.342234,0.569773,0.248393,0.560490,-0.133640,-0.353862,0.736731
1677104857,646045668,0.343096,0.571641,0.243730,0.563688,-0.128104,-0.354098,0.735160
1677104857,656565888,0.344088,0.573110,0.238964,0.564117,-0.126111,-0.354649,0.734909
1677104857,665677736,0.344883,0.574969,0.234376,0.564407,-0.123577,-0.357169,0.733896
1677104857,676194801,0.345840,0.576467,0.229848,0.564635,-0.121903,-0.356318,0.734415
1677104857,686112175,0.346695,0.577931,0.225458,0.564216,-0.120599,-0.356511,0.734858
1677104857,696538485,0.347331,0.579372,0.221296,0.563889,-0.117553,-0.356880,0.735423
1677104857,706488692,0.348294,0.580739,0.217157,0.562809,-0.119565,-0.358770,0.735006
1677104857,716766070,0.349073,0.582293,0.213289,0.562744,-0.118820,-0.360489,0.734335
1677104857,726531959,0.349781,0.583801,0.209671,0.562270,-0.118486,-0.362665,0.733681
1677104857,736073272,0.350546,0.585214,0.206227,0.562071,-0.118424,-0.363621,0.733370
1677104857,746312136,0.351199,0.586752,0.203111,0.562820,-0.118551,-0.364806,0.732186
1677104857,755787663,0.351810,0.588247,0.200195,0.563797,-0.118881,-0.364751,0.731408
1677104857,766077147,0.352257,0.589798,0.197339,0.564314,-0.118623,-0.364463,0.731194
1677104857,776350596,0.352807,0.591571,0.194520,0.564236,-0.118631,-0.364252,0.731358
1677104857,785928716,0.353441,0.593686,0.191784,0.563175,-0.117956,-0.364602,0.732110
1677104857,796052527,0.354253,0.595578,0.189199,0.560225,-0.117554,-0.364173,0.734648
1677104857,806304835,0.355065,0.597726,0.186897,0.557303,-0.117424,-0.364853,0.736551
1677104857,816312394,0.356072,0.599714,0.184890,0.555114,-0.118517,-0.364479,0.738213
1677104857,825872239,0.356635,0.601706,0.183341,0.553492,-0.118765,-0.365209,0.739029
1677104857,836875052,0.357287,0.603506,0.182200,0.552829,-0.120536,-0.364807,0.739437
1677104857,846215379,0.357669,0.605251,0.181462,0.553256,-0.120641,-0.363639,0.739676
1677104857,856032006,0.358129,0.607228,0.180901,0.554742,-0.121421,-0.361969,0.739254
1677104857,866561825,0.358315,0.609206,0.180429,0.554304,-0.121313,-0.360736,0.740202
1677104857,876008870,0.358778,0.611439,0.179853,0.552571,-0.122646,-0.358905,0.742166
1677104857,886219099,0.359241,0.613865,0.179254,0.548354,-0.124233,-0.358044,0.745438
1677104857,896293010,0.359989,0.616547,0.178455,0.543735,-0.126981,-0.356765,0.748963
1677104857,905924702,0.360488,0.619112,0.177795,0.537540,-0.128295,-0.355669,0.753718
1677104857,916015167,0.361132,0.621827,0.177086,0.532446,-0.130627,-0.354289,0.757573
1677104857,925526267,0.361372,0.624258,0.176645,0.526809,-0.132115,-0.352768,0.761953
1677104857,936284143,0.361848,0.626479,0.176230,0.522900,-0.135465,-0.349678,0.765474
1677104857,946036911,0.361808,0.628379,0.176086,0.519255,-0.137395,-0.346972,0.768835
1677104857,955625000,0.361815,0.630278,0.176001,0.517983,-0.139893,-0.344124,0.770520
1677104857,966145987,0.361560,0.631956,0.176033,0.516544,-0.140848,-0.341860,0.772319
1677104857,976472166,0.361551,0.633338,0.175966,0.515429,-0.142230,-0.338872,0.774125
1677104857,985754087,0.361452,0.634732,0.175882,0.513987,-0.143005,-0.337635,0.775480
1677104857,995341245,0.361487,0.635823,0.175720,0.511485,-0.145136,-0.336972,0.777025
1677104858,6151392,0.361880,0.636742,0.175428,0.508997,-0.148483,-0.336146,0.778384
1677104858,17020495,0.362047,0.637519,0.175252,0.506119,-0.150199,-0.336632,0.779720
1677104858,25632481,0.362221,0.638056,0.175127,0.502871,-0.152490,-0.337796,0.780872
1677104858,35908959,0.362401,0.638612,0.175044,0.500367,-0.154468,-0.339211,0.781478
1677104858,45653533,0.362707,0.639078,0.174959,0.498464,-0.156763,-0.339793,0.781985
1677104858,56099094,0.362956,0.639554,0.174891,0.496924,-0.159410,-0.340362,0.782182
1677104858,66207296,0.362918,0.639978,0.174916,0.495152,-0.160550,-0.340671,0.782937
1677104858,75773040,0.362937,0.640333,0.174884,0.494078,-0.162308,-0.339921,0.783580
1677104858,85940455,0.362973,0.640775,0.174805,0.493790,-0.163851,-0.339072,0.783808
1677104858,96260783,0.362861,0.641144,0.174679,0.493302,-0.164558,-0.338085,0.784393
1677104858,105773852,0.362920,0.641457,0.174403,0.492918,-0.166054,-0.336904,0.784827
1677104858,115786346,0.362815,0.641628,0.174221,0.491591,-0.166617,-0.336889,0.785546
1677104858,125943186,0.362957,0.641639,0.173983,0.490658,-0.168360,-0.336718,0.785831
1677104858,136163215,0.363115,0.641563,0.173844,0.489648,-0.170174,-0.337335,0.785806
1677104858,146010044,0.363256,0.641430,0.173774,0.489338,-0.171543,-0.338147,0.785352
1677104858,155365102,0.363197,0.641205,0.173882,0.489160,-0.172366,-0.339375,0.784753
1677104858,165890323,0.363251,0.640924,0.173942,0.489248,-0.173953,-0.340455,0.783880
1677104858,176228178,0.363368,0.640691,0.173984,0.489754,-0.175064,-0.340620,0.783244
1677104858,186377939,0.363433,0.640497,0.173961,0.489734,-0.175747,-0.340789,0.783030
1677104858,196017501,0.363397,0.640415,0.173838,0.489290,-0.175617,-0.341112,0.783196
1677104858,206088510,0.363659,0.640607,0.173471,0.489475,-0.175913,-0.340816,0.783143
1677104858,215653943,0.363825,0.640509,0.173239,0.489231,-0.176186,-0.339812,0.783671
1677104858,226174936,0.363767,0.640476,0.173185,0.490739,-0.176979,-0.339266,0.782785
1677104858,235730585,0.363700,0.640171,0.173248,0.491722,-0.178035,-0.338052,0.782453
1677104858,245811580,0.363567,0.639917,0.173272,0.491933,-0.178655,-0.338129,0.782146
1677104858,256305733,0.363720,0.639760,0.173099,0.492204,-0.179385,-0.338212,0.781773
1677104858,265646109,0.363900,0.639453,0.172968,0.491927,-0.179847,-0.338233,0.781832
1677104858,275739103,0.363981,0.639340,0.172870,0.493326,-0.179527,-0.338525,0.780897
1677104858,285820038,0.364080,0.639205,0.172791,0.494454,-0.179710,-0.338539,0.780136
1677104858,295837976,0.364268,0.639056,0.172671,0.495442,-0.180608,-0.338237,0.779431
1677104858,306028684,0.364438,0.639065,0.172456,0.496532,-0.180784,-0.337776,0.778897
1677104858,316203665,0.364489,0.639001,0.172311,0.496839,-0.181147,-0.337334,0.778809
1677104858,326033735,0.364471,0.639077,0.172151,0.497878,-0.180989,-0.336539,0.778525
1677104858,335977160,0.364547,0.639042,0.172042,0.498887,-0.181849,-0.335161,0.778274
1677104858,345821527,0.364622,0.638972,0.171981,0.500164,-0.182535,-0.333465,0.778022
1677104858,356040229,0.364533,0.638838,0.171929,0.500848,-0.182439,-0.332610,0.777971
1677104858,366116483,0.364682,0.638663,0.171832,0.501981,-0.182769,-0.331681,0.777559
1677104858,375994123,0.364914,0.638544,0.171711,0.503390,-0.183155,-0.331110,0.776800
1677104858,386338930,0.365175,0.638369,0.171621,0.504457,-0.182762,-0.330751,0.776354
1677104858,396322851,0.365489,0.638249,0.171460,0.505485,-0.182984,-0.330820,0.775603
1677104858,405621749,0.365770,0.638225,0.171307,0.506666,-0.182200,-0.330496,0.775155
1677104858,415582384,0.365989,0.638188,0.171178,0.507421,-0.182318,-0.330389,0.774679
1677104858,425723525,0.366091,0.638154,0.171079,0.508342,-0.182159,-0.329684,0.774413
1677104858,436442949,0.366296,0.638093,0.170954,0.509271,-0.183124,-0.328241,0.774187
1677104858,446274012,0.366565,0.638057,0.170845,0.510622,-0.184422,-0.326180,0.773861
1677104858,456645607,0.366651,0.638248,0.170741,0.511630,-0.184761,-0.325383,0.773449
1677104858,466675662,0.366880,0.638420,0.170579,0.512358,-0.185508,-0.324109,0.773324
1677104858,476659310,0.367093,0.638591,0.170440,0.512538,-0.185915,-0.322738,0.773680
1677104858,486475140,0.367447,0.638979,0.170215,0.513815,-0.186152,-0.321059,0.773475
1677104858,496018785,0.367565,0.639159,0.170179,0.513529,-0.185959,-0.319370,0.774410
1677104858,506611625,0.367831,0.639554,0.170078,0.514626,-0.185649,-0.316853,0.774789
1677104858,516428951,0.368145,0.640123,0.169877,0.516168,-0.186578,-0.314789,0.774382
1677104858,526065719,0.368355,0.640446,0.169766,0.516585,-0.186501,-0.311944,0.775273
1677104858,536071119,0.368508,0.640846,0.169651,0.517351,-0.186014,-0.309382,0.775906
1677104858,545935977,0.368695,0.641184,0.169577,0.518602,-0.186072,-0.306903,0.776041
1677104858,555881884,0.368846,0.641357,0.169546,0.519699,-0.185274,-0.304134,0.776588
1677104858,566015542,0.369157,0.641562,0.169447,0.521130,-0.184919,-0.301918,0.776578
1677104858,575717695,0.369533,0.641576,0.169372,0.521706,-0.184074,-0.300013,0.777130
1677104858,585714730,0.369894,0.641685,0.169283,0.522595,-0.182728,-0.299090,0.777206
1677104858,595994290,0.370370,0.641724,0.169222,0.523807,-0.181879,-0.297953,0.777027
1677104858,605896441,0.370890,0.641802,0.169140,0.525108,-0.180305,-0.296760,0.776972
1677104858,615697300,0.371452,0.641884,0.169028,0.526101,-0.179962,-0.295636,0.776808
1677104858,626201032,0.371878,0.642097,0.168877,0.527261,-0.177692,-0.294220,0.777082
1677104858,636361376,0.372534,0.642342,0.168673,0.528829,-0.176908,-0.291842,0.777092
1677104858,645431635,0.372909,0.642561,0.168551,0.530105,-0.175329,-0.289984,0.777276
1677104858,656121994,0.373351,0.642729,0.168454,0.531480,-0.174291,-0.287491,0.777496
1677104858,665075607,0.373774,0.642909,0.168317,0.533183,-0.173126,-0.285101,0.777471
1677104858,675373243,0.374236,0.643101,0.168211,0.535079,-0.171741,-0.282783,0.777322
1677104858,685684958,0.374633,0.643266,0.168155,0.536885,-0.170013,-0.281154,0.777047
1677104858,695776189,0.374800,0.643115,0.168259,0.536974,-0.167447,-0.280770,0.777682
1677104858,706408826,0.375710,0.643342,0.168195,0.538882,-0.166872,-0.279045,0.777106
1677104858,716258379,0.376208,0.643422,0.168266,0.538814,-0.164463,-0.278545,0.777846
1677104858,726000231,0.376972,0.643534,0.168299,0.538878,-0.162623,-0.276673,0.778856
1677104858,735726109,0.377622,0.643967,0.168292,0.539615,-0.160839,-0.275698,0.779062
1677104858,745898360,0.378213,0.644187,0.168346,0.539455,-0.159260,-0.273690,0.780204
1677104858,755876586,0.378943,0.644763,0.168315,0.540178,-0.157941,-0.271017,0.780905
1677104858,765441939,0.379352,0.645203,0.168353,0.539958,-0.155057,-0.268364,0.782549
1677104858,775594960,0.380131,0.645698,0.168370,0.540963,-0.154278,-0.264463,0.783337
1677104858,785830675,0.380472,0.646171,0.168433,0.541639,-0.152146,-0.262300,0.784014
1677104858,795876851,0.381055,0.646631,0.168418,0.542822,-0.150025,-0.259298,0.784603
1677104858,806226323,0.381589,0.646930,0.168423,0.543025,-0.147620,-0.257216,0.785603
1677104858,816543169,0.382315,0.647238,0.168406,0.544082,-0.145377,-0.254920,0.786038
1677104858,826183561,0.383184,0.647480,0.168388,0.545014,-0.142864,-0.252846,0.786523
1677104858,836435163,0.383893,0.647711,0.168403,0.545206,-0.139408,-0.251632,0.787399
1677104858,845473969,0.384814,0.648137,0.168289,0.546064,-0.136385,-0.250249,0.787774
1677104858,855624672,0.385759,0.648596,0.168206,0.546569,-0.133457,-0.248307,0.788540
1677104858,865920429,0.386796,0.649266,0.168103,0.548254,-0.131260,-0.245593,0.788589
1677104858,875523564,0.387468,0.649827,0.168051,0.548882,-0.128229,-0.242909,0.789482
1677104858,885820492,0.388029,0.650498,0.167997,0.550243,-0.125583,-0.239523,0.789994
1677104858,896328941,0.388478,0.650872,0.167990,0.550145,-0.123374,-0.235296,0.791679
1677104858,905555738,0.389026,0.651617,0.167946,0.551804,-0.122106,-0.230879,0.792021
1677104858,915561535,0.389334,0.652149,0.167959,0.552505,-0.119711,-0.226015,0.793300
1677104858,925150010,0.389667,0.652890,0.167939,0.553374,-0.117780,-0.221329,0.794304
1677104858,935546622,0.389950,0.653790,0.167914,0.553995,-0.116115,-0.217130,0.795275
1677104858,945789996,0.390280,0.654710,0.167895,0.554412,-0.114771,-0.212052,0.796548
1677104858,956269964,0.390468,0.655540,0.167921,0.553969,-0.113502,-0.207225,0.798307
1677104858,965880615,0.390542,0.656328,0.167985,0.553285,-0.112941,-0.202687,0.800023
1677104858,975691858,0.390635,0.657167,0.168038,0.553147,-0.112494,-0.197938,0.801370
1677104858,986161081,0.390593,0.657934,0.168146,0.552790,-0.111092,-0.193132,0.802983
1677104858,995812347,0.390585,0.658515,0.168208,0.551762,-0.111104,-0.188932,0.804686
1677104859,5641087,0.390627,0.659072,0.168272,0.551442,-0.110450,-0.184318,0.806064
1677104859,15275080,0.390481,0.659461,0.168359,0.550910,-0.109239,-0.181113,0.807319
1677104859,25711793,0.390561,0.659720,0.168404,0.550467,-0.108819,-0.178068,0.808354
1677104859,36201335,0.390777,0.659908,0.168415,0.550358,-0.108173,-0.175001,0.809184
1677104859,45757073,0.390803,0.659907,0.168419,0.550367,-0.106171,-0.173377,0.809793
1677104859,55834087,0.391229,0.659967,0.168330,0.551901,-0.105551,-0.171527,0.809224
1677104859,66365909,0.391524,0.659712,0.168319,0.552636,-0.103350,-0.170326,0.809260
1677104859,75918935,0.392058,0.659748,0.168180,0.554725,-0.101868,-0.169653,0.808159
1677104859,85353452,0.392584,0.659565,0.168122,0.555547,-0.099749,-0.169058,0.807983
1677104859,95962721,0.393111,0.659639,0.167982,0.557735,-0.097748,-0.168596,0.806816
1677104859,105985188,0.393596,0.659566,0.167919,0.558950,-0.095694,-0.167744,0.806399
1677104859,116259050,0.393944,0.659565,0.167783,0.560438,-0.093666,-0.166735,0.805813
1677104859,125891134,0.394248,0.659571,0.167629,0.561817,-0.091890,-0.164881,0.805439
1677104859,135481270,0.394339,0.659462,0.167500,0.562792,-0.090437,-0.162560,0.805395
1677104859,145509957,0.394383,0.659552,0.167321,0.565627,-0.089471,-0.159307,0.804166
1677104859,155683957,0.394278,0.659400,0.167182,0.567351,-0.088818,-0.155407,0.803787
1677104859,165600421,0.394087,0.659316,0.166999,0.568963,-0.088286,-0.151451,0.803461
1677104859,175757763,0.393793,0.658944,0.166879,0.569491,-0.087472,-0.146934,0.804014
1677104859,186081889,0.393412,0.658784,0.166700,0.571374,-0.087303,-0.142979,0.803410
1677104859,196217794,0.393330,0.658739,0.166577,0.573870,-0.087933,-0.138003,0.802431
1677104859,205555696,0.392973,0.658881,0.166349,0.575765,-0.086717,-0.134246,0.801844
1677104859,215686061,0.392848,0.658932,0.166059,0.576661,-0.086437,-0.130336,0.801875
1677104859,225391530,0.392688,0.659154,0.165745,0.578399,-0.086089,-0.126936,0.801206
1677104859,235317742,0.392661,0.659393,0.165474,0.580763,-0.085877,-0.123245,0.800094
1677104859,245761227,0.392722,0.659544,0.165257,0.582896,-0.086394,-0.119600,0.799039
1677104859,255793944,0.392609,0.659542,0.165036,0.584126,-0.085384,-0.116484,0.798710
1677104859,265257176,0.392548,0.659740,0.164759,0.586682,-0.085559,-0.114656,0.797081
1677104859,276165637,0.392646,0.659724,0.164528,0.588841,-0.084454,-0.111393,0.796069
1677104859,286472964,0.392826,0.659833,0.164235,0.591437,-0.084661,-0.109323,0.794408
1677104859,295905613,0.392875,0.659796,0.163922,0.593088,-0.082883,-0.107949,0.793552
1677104859,306307791,0.393027,0.659969,0.163486,0.595924,-0.080722,-0.106541,0.791838
1677104859,316402860,0.393369,0.659853,0.163217,0.597871,-0.079686,-0.104677,0.790723
1677104859,325631750,0.393766,0.659984,0.162894,0.600706,-0.078361,-0.103032,0.788921
1677104859,335441332,0.394005,0.660017,0.162617,0.602566,-0.075654,-0.101503,0.787965
1677104859,345632415,0.394321,0.660133,0.162330,0.604472,-0.073058,-0.099811,0.786965
1677104859,355256993,0.394626,0.660420,0.162050,0.606824,-0.071342,-0.098609,0.785462
1677104859,365579728,0.394937,0.660498,0.161828,0.608419,-0.069370,-0.096435,0.784675
1677104859,376349530,0.395247,0.660778,0.161575,0.610557,-0.067588,-0.094686,0.783381
1677104859,385932656,0.395406,0.660928,0.161405,0.611599,-0.065080,-0.093281,0.782950
1677104859,396162823,0.395720,0.661270,0.161243,0.613195,-0.062913,-0.091680,0.782067
1677104859,405987621,0.396118,0.661609,0.161129,0.614113,-0.060980,-0.090439,0.781644
1677104859,415871642,0.396699,0.662184,0.161063,0.615098,-0.059820,-0.089045,0.781119
1677104859,426183476,0.397000,0.662764,0.161043,0.615090,-0.057038,-0.088761,0.781366
1677104859,436522237,0.397466,0.663337,0.161090,0.614784,-0.055035,-0.087623,0.781879
1677104859,446111557,0.398091,0.664192,0.161177,0.615061,-0.053761,-0.085831,0.781948
1677104859,456206120,0.398554,0.664846,0.161263,0.613985,-0.052378,-0.084039,0.783081
1677104859,466314082,0.398803,0.665708,0.161275,0.613837,-0.050366,-0.082454,0.783498
1677104859,476441476,0.399192,0.666741,0.161295,0.614678,-0.049881,-0.079561,0.783169
1677104859,485971906,0.399217,0.667226,0.161420,0.613548,-0.048489,-0.076958,0.784401
1677104859,496679929,0.399353,0.667896,0.161529,0.613566,-0.047934,-0.073550,0.784748
1677104859,506024801,0.399350,0.668560,0.161652,0.612846,-0.046841,-0.070181,0.785684
1677104859,515969063,0.399397,0.669328,0.161698,0.612266,-0.046090,-0.066390,0.786511
1677104859,526211414,0.399359,0.670231,0.161694,0.612223,-0.045130,-0.063499,0.786838
1677104859,536398660,0.399495,0.670921,0.161720,0.612115,-0.044429,-0.059331,0.787287
1677104859,545825547,0.399372,0.671644,0.161707,0.612390,-0.042975,-0.056826,0.787339
1677104859,555733729,0.399450,0.672488,0.161631,0.613554,-0.041404,-0.053499,0.786750
1677104859,566028740,0.399501,0.673006,0.161572,0.613242,-0.039753,-0.050426,0.787281
1677104859,575861282,0.399662,0.673521,0.161461,0.613918,-0.038769,-0.047712,0.786972
1677104859,585915802,0.399756,0.673831,0.161351,0.614490,-0.036832,-0.045046,0.786776
1677104859,596260735,0.399929,0.674072,0.161243,0.615367,-0.035271,-0.043170,0.786267
1677104859,606025135,0.400162,0.674477,0.161051,0.617018,-0.033431,-0.041564,0.785139
1677104859,615717251,0.400398,0.674512,0.160882,0.617008,-0.031480,-0.040336,0.785292
1677104859,626117177,0.400764,0.674906,0.160700,0.618600,-0.029622,-0.039068,0.784175
1677104859,636501582,0.400982,0.675199,0.160563,0.619527,-0.026759,-0.038278,0.783585
1677104859,646143476,0.401234,0.675591,0.160427,0.620653,-0.024861,-0.037719,0.782783
1677104859,656296660,0.401503,0.675912,0.160309,0.621383,-0.022735,-0.035955,0.782352
1677104859,666214525,0.401662,0.676232,0.160209,0.622453,-0.020857,-0.034288,0.781627
1677104859,675632510,0.401669,0.676515,0.160097,0.623282,-0.019006,-0.032792,0.781078
1677104859,685714320,0.401696,0.676683,0.160001,0.623782,-0.017777,-0.030685,0.780794
1677104859,695935676,0.401622,0.676904,0.159870,0.625009,-0.016913,-0.028841,0.779901
1677104859,705931953,0.401712,0.676870,0.159822,0.625693,-0.016431,-0.026424,0.779448
1677104859,715342258,0.401733,0.676906,0.159769,0.626701,-0.016363,-0.025700,0.778664
1677104859,725645455,0.401785,0.676970,0.159704,0.627074,-0.014879,-0.025169,0.778411
1677104859,735737197,0.402067,0.677011,0.159611,0.627041,-0.013967,-0.024826,0.778466
1677104859,746023678,0.402354,0.677149,0.159471,0.627385,-0.012793,-0.025435,0.778189
1677104859,756248941,0.402754,0.677331,0.159342,0.628326,-0.011715,-0.026003,0.777427
1677104859,766510887,0.403055,0.677443,0.159268,0.629049,-0.009938,-0.027029,0.776832
1677104859,775617626,0.403406,0.677618,0.159160,0.629703,-0.008390,-0.027551,0.776302
1677104859,786322632,0.403661,0.677991,0.159039,0.630851,-0.007001,-0.028098,0.775364
1677104859,796116628,0.403714,0.678263,0.158936,0.631361,-0.005402,-0.028302,0.774953
1677104859,806399993,0.403802,0.678633,0.158881,0.632246,-0.004895,-0.027537,0.774263
1677104859,815987789,0.403751,0.678840,0.158850,0.632544,-0.004354,-0.025777,0.774083
1677104859,826134217,0.403497,0.679117,0.158761,0.632806,-0.004479,-0.024668,0.773904
1677104859,836186664,0.403218,0.679382,0.158656,0.632994,-0.004511,-0.022319,0.773822
1677104859,845780144,0.402949,0.679747,0.158553,0.633472,-0.005215,-0.020011,0.773489
1677104859,856706230,0.402518,0.680053,0.158434,0.633754,-0.005172,-0.018198,0.773304
1677104859,866018914,0.402240,0.680406,0.158367,0.634307,-0.005664,-0.015544,0.772904
1677104859,875849473,0.401748,0.680709,0.158243,0.634496,-0.005570,-0.014192,0.772776
1677104859,886317987,0.401485,0.680989,0.158221,0.634675,-0.005723,-0.011508,0.772673
1677104859,895959753,0.401177,0.681262,0.158157,0.634989,-0.006077,-0.009367,0.772441
1677104859,905758240,0.400903,0.681624,0.158069,0.635479,-0.006530,-0.007545,0.772054
1677104859,916282094,0.400520,0.682069,0.157973,0.636080,-0.005973,-0.006194,0.771575
1677104859,926233000,0.400249,0.682417,0.157893,0.636034,-0.005657,-0.004791,0.771625
1677104859,935637447,0.400010,0.682786,0.157821,0.636319,-0.005301,-0.003520,0.771400
1677104859,945956243,0.399915,0.683267,0.157743,0.637180,-0.005221,-0.001755,0.770695
1677104859,955876365,0.399746,0.683540,0.157684,0.637418,-0.005156,-0.000826,0.770500
1677104859,965971912,0.399550,0.683843,0.157668,0.638007,-0.004756,-0.000484,0.770015
1677104859,976497418,0.399579,0.684041,0.157669,0.638171,-0.004593,0.000189,0.769881
1677104859,986490791,0.399505,0.684272,0.157651,0.638123,-0.003637,-0.000157,0.769925
1677104859,995584961,0.399654,0.684559,0.157580,0.638142,-0.003090,-0.000018,0.769913
1677104860,5174487,0.399725,0.684924,0.157514,0.638772,-0.002404,-0.000391,0.769392
1677104860,15477843,0.399675,0.685186,0.157467,0.639205,-0.001208,-0.001113,0.769034
1677104860,25384926,0.399753,0.685588,0.157407,0.639891,-0.001257,-0.001149,0.768464
1677104860,35164034,0.399638,0.686092,0.157337,0.640811,-0.000407,-0.001108,0.767698
1677104860,45255670,0.399589,0.686492,0.157255,0.640944,-0.000346,-0.000456,0.767588
1677104860,55783466,0.399417,0.687037,0.157176,0.642055,-0.000223,-0.000010,0.766658
1677104860,65507892,0.399161,0.687355,0.157073,0.642064,0.000059,0.000979,0.766650
1677104860,76693815,0.398853,0.687844,0.156922,0.642827,0.000306,0.001740,0.766010
1677104860,86082749,0.398568,0.688109,0.156837,0.642692,0.000434,0.002926,0.766119
1677104860,95699271,0.398384,0.688526,0.156721,0.643433,0.000004,0.004607,0.765488
1677104860,105787602,0.397988,0.688895,0.156643,0.644107,0.000225,0.005214,0.764917
1677104860,115884699,0.397739,0.689150,0.156550,0.644251,0.000200,0.006410,0.764787
1677104860,125915564,0.397624,0.689565,0.156435,0.644745,-0.000087,0.007908,0.764357
1677104860,135838561,0.397394,0.689867,0.156343,0.645050,0.000058,0.008522,0.764093
1677104860,145734262,0.397123,0.690217,0.156206,0.645564,0.000933,0.009229,0.763650
1677104860,155846092,0.397086,0.690620,0.156082,0.646539,0.000846,0.010425,0.762809
1677104860,166025727,0.397050,0.690828,0.155991,0.646648,0.000753,0.011369,0.762704
1677104860,176459619,0.396930,0.691101,0.155868,0.647069,0.001200,0.011797,0.762339
1677104860,186061686,0.396946,0.691288,0.155781,0.647400,0.001335,0.012571,0.762045
1677104860,195726299,0.396899,0.691496,0.155712,0.648105,0.002123,0.013006,0.761437
1677104860,206034913,0.396921,0.691594,0.155644,0.648504,0.002504,0.013167,0.761093
1677104860,216135735,0.396965,0.691828,0.155575,0.649263,0.002886,0.012894,0.760450
1677104860,225577186,0.397107,0.692077,0.155464,0.649825,0.003304,0.012894,0.759968
1677104860,236268858,0.397113,0.692338,0.155342,0.650672,0.004361,0.012373,0.759245
1677104860,245993351,0.397258,0.692509,0.155237,0.651228,0.004785,0.012268,0.758768
1677104860,255663704,0.397306,0.692568,0.155115,0.651335,0.005793,0.012194,0.758670
1677104860,265689584,0.397315,0.692790,0.155018,0.652265,0.006424,0.011641,0.757874
1677104860,275932157,0.397427,0.692933,0.154873,0.652770,0.006985,0.011979,0.757429
1677104860,285649913,0.397507,0.693023,0.154738,0.653385,0.007480,0.012258,0.756890
1677104860,295605322,0.397552,0.693158,0.154600,0.654469,0.007649,0.012277,0.755951
1677104860,306098458,0.397562,0.693287,0.154429,0.655475,0.007971,0.012213,0.755076
1677104860,316533596,0.397498,0.693258,0.154284,0.655545,0.008652,0.012552,0.755002
1677104860,325410809,0.397592,0.693638,0.154120,0.657052,0.008206,0.012768,0.753692
1677104860,335428377,0.397553,0.693849,0.153992,0.657832,0.008296,0.013094,0.753006
1677104860,346021926,0.397546,0.694111,0.153865,0.658583,0.008476,0.013760,0.752334
1677104860,356013013,0.397446,0.694314,0.153732,0.659021,0.008944,0.014482,0.751932
1677104860,365977957,0.397346,0.694484,0.153653,0.659276,0.008840,0.015093,0.751698
1677104860,375616121,0.397166,0.694788,0.153589,0.660039,0.008903,0.015448,0.751020
1677104860,386008169,0.396938,0.694982,0.153575,0.660308,0.009163,0.015954,0.750770
1677104860,395609029,0.396805,0.695119,0.153559,0.660327,0.009092,0.016801,0.750735
1677104860,405647167,0.396591,0.695230,0.153580,0.660604,0.009229,0.017467,0.750475
1677104860,415498823,0.396631,0.695225,0.153620,0.660544,0.007997,0.018585,0.750515
1677104860,425673440,0.396570,0.695299,0.153644,0.660458,0.007473,0.019515,0.750572
1677104860,436043285,0.396320,0.695365,0.153687,0.660380,0.007884,0.020227,0.750617
1677104860,445640601,0.396229,0.695496,0.153694,0.660672,0.007575,0.020980,0.750343
1677104860,455642929,0.396158,0.695402,0.153707,0.660251,0.006979,0.021670,0.750700
1677104860,465872588,0.396005,0.695374,0.153752,0.660142,0.007152,0.022034,0.750784
1677104860,475685321,0.395861,0.695316,0.153748,0.659958,0.007122,0.022126,0.750943
1677104860,486261173,0.395831,0.695323,0.153735,0.660187,0.007099,0.023279,0.750707
1677104860,496034833,0.395842,0.695396,0.153719,0.660720,0.006405,0.023814,0.750227
1677104860,505742661,0.395758,0.695404,0.153661,0.661099,0.006510,0.024588,0.749867
1677104860,515510907,0.395786,0.695496,0.153625,0.662070,0.005690,0.025600,0.748983
1677104860,525539199,0.395524,0.695284,0.153536,0.661751,0.006720,0.025835,0.749249
1677104860,535711801,0.395409,0.695173,0.153464,0.662183,0.006678,0.026303,0.748850
1677104860,546011212,0.395462,0.695044,0.153386,0.663020,0.006088,0.027462,0.748073
1677104860,556552703,0.395389,0.694967,0.153253,0.664217,0.006198,0.027769,0.746999
1677104860,565826233,0.395206,0.694804,0.153130,0.665494,0.006599,0.027400,0.745871
1677104860,576037910,0.395266,0.694450,0.152964,0.666546,0.006790,0.028067,0.744904
1677104860,586352341,0.395167,0.694180,0.152830,0.668393,0.007177,0.027370,0.743270
1677104860,596001718,0.395198,0.693871,0.152716,0.669743,0.007897,0.027732,0.742033
1677104860,606066056,0.395258,0.693548,0.152644,0.670968,0.007915,0.027390,0.740938
1677104860,615917922,0.395380,0.693317,0.152480,0.672287,0.007833,0.027096,0.739753
1677104860,626022141,0.395439,0.692975,0.152347,0.672785,0.008518,0.026695,0.739307
1677104860,635987870,0.395532,0.692636,0.152232,0.673457,0.008519,0.025879,0.738724
1677104860,645922630,0.395653,0.692388,0.152055,0.674784,0.008689,0.025087,0.737538
1677104860,656475157,0.395705,0.691869,0.151821,0.675440,0.009630,0.024709,0.736938
1677104860,665665405,0.395883,0.691686,0.151575,0.677667,0.009818,0.024390,0.734899
1677104860,675684171,0.396033,0.691224,0.151327,0.678686,0.010369,0.024020,0.733963
1677104860,685630412,0.396107,0.690845,0.151075,0.680158,0.011234,0.023546,0.732601
1677104860,695951434,0.396266,0.690479,0.150794,0.681346,0.011503,0.022989,0.731510
1677104860,705831752,0.396383,0.690049,0.150566,0.682362,0.012589,0.022397,0.730563
1677104860,716102701,0.396718,0.689678,0.150370,0.683444,0.012922,0.022463,0.729543
1677104860,726054542,0.396995,0.689386,0.150202,0.684569,0.013326,0.021539,0.728508
1677104860,736292534,0.397156,0.689123,0.150037,0.685527,0.014425,0.019919,0.727631
1677104860,745582453,0.397580,0.689048,0.149933,0.686710,0.014889,0.019561,0.726516
1677104860,755560422,0.397860,0.688677,0.149829,0.686757,0.016250,0.018666,0.726466
1677104860,765826045,0.398140,0.688578,0.149762,0.687815,0.017013,0.017052,0.725486
1677104860,776808374,0.398483,0.688378,0.149639,0.688741,0.017719,0.016126,0.724612
1677104860,786487017,0.398695,0.688169,0.149538,0.689518,0.018675,0.014570,0.723881
1677104860,795947469,0.399073,0.687869,0.149411,0.689898,0.019191,0.013999,0.723516
1677104860,805463010,0.399321,0.687767,0.149309,0.691396,0.019659,0.013033,0.722091
1677104860,815646560,0.399461,0.687547,0.149208,0.692109,0.020640,0.011588,0.721405
1677104860,825537789,0.399788,0.687405,0.149155,0.693043,0.021038,0.011046,0.720504
1677104860,835863498,0.400050,0.687219,0.149064,0.693313,0.021756,0.010418,0.720233
1677104860,846089274,0.400222,0.687128,0.149030,0.693761,0.022810,0.009695,0.719779
1677104860,855463462,0.400541,0.687075,0.149019,0.694548,0.022712,0.009302,0.719028
1677104860,865445621,0.400726,0.687049,0.149057,0.695759,0.023185,0.008781,0.717847
1677104860,876125256,0.400862,0.686810,0.149020,0.696315,0.023630,0.008251,0.717299
1677104860,885860334,0.400997,0.686460,0.148997,0.696868,0.023776,0.008382,0.716756
1677104860,896114651,0.401041,0.686348,0.148988,0.698716,0.023632,0.007680,0.714968
1677104860,906459635,0.401075,0.685918,0.148948,0.699892,0.023383,0.007343,0.713828
1677104860,916528439,0.401194,0.685555,0.148902,0.701517,0.023079,0.007709,0.712238
1677104860,926193135,0.401257,0.685173,0.148784,0.703187,0.022979,0.007811,0.710591
1677104860,935121720,0.401426,0.685006,0.148685,0.705333,0.022177,0.007687,0.708488
1677104860,945347666,0.401522,0.684587,0.148515,0.705337,0.022759,0.007437,0.708467
1677104860,955187632,0.401639,0.684385,0.148319,0.705449,0.023530,0.006657,0.708339
1677104860,965304722,0.402021,0.684468,0.148232,0.705859,0.023807,0.006310,0.707924
1677104860,975332533,0.402258,0.684445,0.148136,0.705867,0.025179,0.004854,0.707880
1677104860,985949702,0.402597,0.684413,0.148061,0.705521,0.026737,0.003576,0.708176
1677104860,995643036,0.403076,0.684449,0.148062,0.705410,0.027715,0.002249,0.708254
1677104861,5599957,0.403508,0.684564,0.148095,0.705806,0.028478,0.000633,0.707832
1677104861,15688499,0.403892,0.684375,0.148088,0.705207,0.030047,-0.000362,0.708364
1677104861,25487948,0.404258,0.684426,0.148092,0.706018,0.030445,-0.001948,0.707536
1677104861,36437781,0.404616,0.684371,0.148089,0.706693,0.030705,-0.003055,0.706847
1677104861,45913081,0.404856,0.684209,0.148071,0.706889,0.031274,-0.004227,0.706620
1677104861,55952874,0.404965,0.684137,0.147991,0.707351,0.032123,-0.005409,0.706111
1677104861,65242340,0.405235,0.684083,0.147950,0.707986,0.031916,-0.006086,0.705479
1677104861,75515660,0.405368,0.683928,0.147827,0.707963,0.032518,-0.007007,0.705466
1677104861,85962092,0.405371,0.683826,0.147732,0.707798,0.033570,-0.007850,0.705573
1677104861,96339099,0.405528,0.683805,0.147702,0.707708,0.033455,-0.008424,0.705663
1677104861,105809676,0.405588,0.683881,0.147715,0.708308,0.033746,-0.008570,0.705044
1677104861,116130119,0.405608,0.683723,0.147728,0.708091,0.033756,-0.008630,0.705261
1677104861,126427450,0.405579,0.683669,0.147736,0.708361,0.034043,-0.008637,0.704976
1677104861,136534695,0.405544,0.683584,0.147752,0.708404,0.033853,-0.008511,0.704943
1677104861,146374063,0.405509,0.683567,0.147793,0.708807,0.033539,-0.008276,0.704557
1677104861,156171327,0.405436,0.683464,0.147822,0.709091,0.033243,-0.007819,0.704289
1677104861,165636341,0.405394,0.683489,0.147795,0.710080,0.032185,-0.007796,0.703342
1677104861,176078994,0.405263,0.683283,0.147723,0.710020,0.031913,-0.007104,0.703423
1677104861,185384813,0.405105,0.683290,0.147693,0.710395,0.031947,-0.006670,0.703046
1677104861,195151131,0.405057,0.683249,0.147663,0.710361,0.031435,-0.005995,0.703110
1677104861,205306307,0.404884,0.683181,0.147648,0.710421,0.031010,-0.006097,0.703067
1677104861,215225607,0.404834,0.683117,0.147592,0.710485,0.030381,-0.005560,0.703034
1677104861,225484839,0.404718,0.683072,0.147598,0.711056,0.030057,-0.005343,0.702473
1677104861,236291932,0.404487,0.682890,0.147585,0.711243,0.030335,-0.005089,0.702273
1677104861,246275618,0.404431,0.682685,0.147542,0.711505,0.029399,-0.004468,0.702051
1677104861,255544978,0.404242,0.682633,0.147568,0.712573,0.028462,-0.004222,0.701008
1677104861,265530585,0.404017,0.682419,0.147529,0.712991,0.027816,-0.003486,0.700613
1677104861,275423408,0.403806,0.682281,0.147444,0.713735,0.026355,-0.002291,0.699916
1677104861,285986659,0.403344,0.682101,0.147408,0.714039,0.025863,-0.001417,0.699626
1677104861,296141579,0.402890,0.681942,0.147334,0.714212,0.024833,-0.000027,0.699489
1677104861,305685278,0.402455,0.681976,0.147251,0.714834,0.023245,0.001495,0.698906
1677104861,315430586,0.401962,0.681969,0.147164,0.714997,0.022063,0.003661,0.698770
1677104861,326450077,0.401430,0.681772,0.147094,0.714579,0.020905,0.005867,0.699218
1677104861,336151368,0.400942,0.681735,0.147063,0.715014,0.019232,0.007846,0.698801
1677104861,346309783,0.400456,0.681622,0.147046,0.715163,0.017417,0.010122,0.698667
1677104861,356241542,0.399928,0.681573,0.147045,0.715669,0.015837,0.012021,0.698156
1677104861,366350440,0.399439,0.681757,0.147125,0.716665,0.014490,0.014216,0.697123
1677104861,376540436,0.398957,0.681562,0.147154,0.715893,0.013432,0.016325,0.697890
1677104861,386365471,0.398571,0.681641,0.147203,0.716111,0.011967,0.018347,0.697642
1677104861,396221844,0.398133,0.681584,0.147222,0.715856,0.011102,0.019591,0.697885
1677104861,405543179,0.397834,0.681606,0.147275,0.715923,0.009725,0.021054,0.697794
1677104861,415683170,0.397601,0.681664,0.147262,0.715947,0.008480,0.022136,0.697753
1677104861,425858521,0.397393,0.681766,0.147265,0.716099,0.007827,0.023368,0.697564
1677104861,435746404,0.397170,0.681697,0.147295,0.715694,0.007349,0.023648,0.697975
1677104861,446011287,0.397043,0.681685,0.147314,0.715488,0.007149,0.024024,0.698175
1677104861,455715961,0.396969,0.681625,0.147332,0.715259,0.007138,0.024172,0.698405
1677104861,465805285,0.396996,0.681623,0.147337,0.715346,0.007014,0.023919,0.698325
1677104861,475630084,0.397039,0.681704,0.147342,0.716081,0.007372,0.023672,0.697577
1677104861,486186543,0.397282,0.681666,0.147320,0.716574,0.006843,0.023022,0.697097
1677104861,495520419,0.397390,0.681542,0.147270,0.716743,0.007948,0.022443,0.696931
1677104861,506087978,0.397554,0.681387,0.147235,0.716951,0.008307,0.021221,0.696751
1677104861,516267218,0.397820,0.681343,0.147217,0.717707,0.008548,0.020125,0.696002
1677104861,525987820,0.397980,0.681094,0.147149,0.717730,0.009416,0.018902,0.696001
1677104861,535631265,0.398244,0.681035,0.147145,0.718426,0.009703,0.017708,0.695310
1677104861,545671202,0.398494,0.680934,0.147073,0.718480,0.010448,0.016618,0.695270
1677104861,556515971,0.398727,0.680892,0.147036,0.718802,0.011373,0.015759,0.694943
1677104861,566033836,0.398938,0.680822,0.146994,0.718932,0.012009,0.014334,0.694829
1677104861,576190538,0.399287,0.680823,0.146966,0.719717,0.012193,0.013735,0.694025
1677104861,586266400,0.399501,0.680510,0.146912,0.719315,0.012984,0.013037,0.694441
1677104861,595837276,0.399701,0.680510,0.146928,0.720128,0.013591,0.012166,0.693602
1677104861,605766287,0.399832,0.680537,0.146954,0.720917,0.014075,0.011488,0.692783
1677104861,616161544,0.399994,0.680450,0.147032,0.721208,0.014390,0.011430,0.692475
1677104861,625836718,0.399991,0.680216,0.147063,0.721151,0.014747,0.010764,0.692537
1677104861,635985939,0.400041,0.680206,0.147160,0.722070,0.014587,0.010977,0.691579
1677104861,646384632,0.399883,0.680078,0.147237,0.722562,0.015443,0.011519,0.691037
1677104861,655904267,0.399922,0.679954,0.147324,0.723091,0.014447,0.012385,0.690490
1677104861,666008666,0.399780,0.679758,0.147362,0.723337,0.014275,0.012785,0.690229
1677104861,675820228,0.399752,0.679650,0.147415,0.723921,0.013833,0.014160,0.689599
1677104861,685758479,0.399623,0.679575,0.147501,0.724712,0.013456,0.014371,0.688770
1677104861,696095014,0.399516,0.679531,0.147572,0.725633,0.013149,0.014546,0.687802
1677104861,706462893,0.399352,0.679270,0.147589,0.725655,0.013932,0.014972,0.687755
1677104861,716458217,0.399427,0.679223,0.147620,0.726276,0.013296,0.014864,0.687114
1677104861,725815300,0.399489,0.679178,0.147644,0.726698,0.013425,0.015049,0.686661
1677104861,735869475,0.399444,0.679139,0.147679,0.726935,0.014079,0.014448,0.686410
1677104861,745859866,0.399531,0.679042,0.147670,0.726806,0.014134,0.013941,0.686556
1677104861,756115840,0.399624,0.679002,0.147721,0.727010,0.014364,0.013846,0.686336
1677104861,765619508,0.399679,0.678834,0.147738,0.726950,0.014851,0.013105,0.686404
1677104861,775919298,0.399896,0.678747,0.147802,0.727714,0.014382,0.012953,0.685607
1677104861,785870788,0.399907,0.678549,0.147846,0.728230,0.015133,0.012277,0.685056
1677104861,795691512,0.400045,0.678414,0.147932,0.729382,0.015057,0.011395,0.683846
1677104861,805387462,0.400153,0.678147,0.148012,0.730082,0.015696,0.010998,0.683090
1677104861,815732376,0.400357,0.677957,0.148082,0.731017,0.016169,0.010659,0.682085
1677104861,825523653,0.400487,0.677806,0.148120,0.731786,0.017079,0.009643,0.681252
1677104861,835381729,0.400753,0.677747,0.148211,0.732318,0.017629,0.008742,0.680679
1677104861,845685546,0.400916,0.677641,0.148213,0.732135,0.018679,0.007643,0.680861
1677104861,856391259,0.401201,0.677584,0.148196,0.731756,0.019286,0.006812,0.681260
1677104861,866158243,0.401465,0.677731,0.148259,0.732464,0.019929,0.005824,0.680489
1677104861,875875371,0.401631,0.677689,0.148275,0.732653,0.020317,0.004470,0.680284
1677104861,886008619,0.401869,0.677497,0.148250,0.732560,0.020716,0.003940,0.680376
1677104861,895918389,0.401985,0.677331,0.148292,0.733059,0.020789,0.003004,0.679841
1677104861,905741169,0.402092,0.677200,0.148303,0.734024,0.021098,0.002819,0.678790
1677104861,915611800,0.402076,0.677057,0.148307,0.734760,0.021596,0.001850,0.677981
1677104861,925434513,0.402212,0.676910,0.148299,0.735050,0.021715,0.001955,0.677663
1677104861,935807227,0.402325,0.676967,0.148274,0.735181,0.021643,0.001578,0.677524
1677104861,945766852,0.402332,0.676961,0.148247,0.734467,0.022377,0.001650,0.678273
1677104861,955428376,0.402467,0.677025,0.148246,0.734493,0.021826,0.001357,0.678264
1677104861,965810342,0.402503,0.677009,0.148267,0.734765,0.021968,0.001304,0.677965
1677104861,976331750,0.402534,0.676970,0.148315,0.735384,0.021616,0.000990,0.677305
1677104861,985768765,0.402506,0.676865,0.148384,0.735501,0.021771,0.000951,0.677173
1677104861,995813609,0.402517,0.676812,0.148455,0.735669,0.021505,0.000784,0.676999
1677104862,6166174,0.402517,0.676710,0.148532,0.735773,0.021348,0.000964,0.676890
1677104862,15345226,0.402400,0.676649,0.148595,0.736203,0.021579,0.000869,0.676417
1677104862,25657151,0.402441,0.676570,0.148662,0.736802,0.021016,0.001324,0.675780
1677104862,35865306,0.402478,0.676435,0.148664,0.737071,0.020511,0.001650,0.675502
1677104862,45804181,0.402318,0.676361,0.148696,0.737624,0.020679,0.001371,0.674894
1677104862,56712644,0.402237,0.676286,0.148729,0.738028,0.020769,0.001601,0.674448
1677104862,66203653,0.402227,0.676210,0.148722,0.738156,0.020682,0.002148,0.674310
1677104862,75849021,0.402129,0.676097,0.148678,0.738184,0.020284,0.001391,0.674293
1677104862,85728381,0.402144,0.676060,0.148649,0.738432,0.020109,0.001741,0.674026
1677104862,96189470,0.402073,0.675945,0.148660,0.738511,0.019904,0.001488,0.673946
1677104862,106135755,0.401997,0.675835,0.148691,0.738677,0.019979,0.001594,0.673761
1677104862,116646877,0.402019,0.675756,0.148780,0.739168,0.019422,0.001829,0.673239
1677104862,126456152,0.402037,0.675663,0.148869,0.739902,0.018944,0.001983,0.672445
1677104862,136558359,0.401919,0.675500,0.148966,0.740546,0.019260,0.001763,0.671727
1677104862,145850926,0.401986,0.675269,0.149062,0.741105,0.018777,0.002319,0.671123
1677104862,155390333,0.401906,0.675184,0.149164,0.742172,0.019181,0.002147,0.669931
1677104862,165823846,0.401900,0.674979,0.149258,0.742922,0.019513,0.002200,0.669090
1677104862,175543623,0.401951,0.674833,0.149312,0.743858,0.019732,0.002281,0.668043
1677104862,185603243,0.401961,0.674578,0.149286,0.743701,0.020339,0.002168,0.668199
1677104862,195779556,0.401965,0.674585,0.149319,0.743900,0.020629,0.001744,0.667970
1677104862,205605223,0.402035,0.674663,0.149376,0.744151,0.020275,0.001093,0.667702
1677104862,215716238,0.402098,0.674648,0.149417,0.744255,0.020061,0.000819,0.667593
1677104862,225751217,0.402079,0.674610,0.149481,0.744848,0.020209,0.000572,0.666928
1677104862,235835511,0.402130,0.674401,0.149518,0.745461,0.020135,0.000540,0.666245
1677104862,245625542,0.402161,0.674139,0.149594,0.746276,0.020180,0.000609,0.665330
1677104862,256141227,0.402263,0.673885,0.149666,0.747232,0.020127,0.000628,0.664258
1677104862,265999239,0.402253,0.673706,0.149733,0.747940,0.020688,0.000290,0.663444
1677104862,276181953,0.402256,0.673393,0.149753,0.747553,0.021071,-0.000505,0.663867
1677104862,286067861,0.402361,0.673521,0.149808,0.748022,0.021235,-0.000709,0.663334
1677104862,296028873,0.402453,0.673511,0.149850,0.747734,0.021504,-0.000825,0.663650
1677104862,305636341,0.402577,0.673689,0.149905,0.747832,0.021260,-0.000598,0.663547
1677104862,315567887,0.402592,0.673598,0.149895,0.747297,0.021316,-0.000890,0.664148
1677104862,326208550,0.402553,0.673635,0.149991,0.748068,0.021314,-0.000887,0.663279
1677104862,336052515,0.402473,0.673379,0.150060,0.748641,0.021162,-0.001282,0.662636
1677104862,345923660,0.402364,0.673050,0.150144,0.749344,0.021656,-0.000642,0.661827
1677104862,356029881,0.402447,0.672767,0.150278,0.750445,0.020679,-0.000406,0.660609
1677104862,366116407,0.402357,0.672592,0.150407,0.751751,0.020878,-0.000485,0.659116
1677104862,375362640,0.402431,0.672264,0.150524,0.752370,0.020405,-0.000579,0.658425
1677104862,385850934,0.402428,0.671952,0.150606,0.752752,0.020410,-0.001295,0.657986
1677104862,395662556,0.402518,0.671664,0.150672,0.753218,0.020660,-0.001388,0.657445
1677104862,405555490,0.402573,0.671481,0.150810,0.753971,0.021124,-0.001748,0.656566
1677104862,416463419,0.402694,0.671294,0.150899,0.754730,0.021290,-0.002288,0.655686
1677104862,425807959,0.402871,0.671130,0.151036,0.755695,0.021014,-0.002517,0.654582
1677104862,436195511,0.402910,0.670837,0.151137,0.755919,0.021652,-0.002543,0.654302
1677104862,446324089,0.402950,0.670607,0.151280,0.756702,0.021490,-0.003049,0.653399
1677104862,456404740,0.402871,0.670322,0.151366,0.757467,0.021858,-0.003756,0.652497
1677104862,465826436,0.402932,0.670100,0.151542,0.759030,0.021675,-0.003786,0.650683
1677104862,476881639,0.402980,0.669652,0.151670,0.759692,0.021644,-0.003423,0.649913
1677104862,486417936,0.402987,0.669354,0.151810,0.760423,0.021932,-0.003298,0.649049
1677104862,496753531,0.403027,0.669178,0.151962,0.761259,0.021668,-0.003741,0.648075
1677104862,505760550,0.403161,0.668952,0.152116,0.761196,0.021306,-0.003708,0.648161
1677104862,516249236,0.403088,0.668890,0.152286,0.761239,0.021723,-0.004380,0.648093
1677104862,525680107,0.403082,0.668792,0.152464,0.761012,0.021835,-0.004477,0.648354
1677104862,536075563,0.403156,0.668675,0.152667,0.761015,0.021376,-0.004106,0.648370
1677104862,546212250,0.403062,0.668478,0.152935,0.761533,0.021108,-0.003932,0.647770
1677104862,555723889,0.403022,0.668206,0.153192,0.762363,0.020210,-0.003740,0.646823
1677104862,566469794,0.402864,0.667797,0.153452,0.763390,0.019814,-0.003434,0.645624
1677104862,576095967,0.402734,0.667417,0.153726,0.764417,0.019364,-0.002964,0.644425
1677104862,585923104,0.402663,0.667046,0.154006,0.765245,0.018851,-0.001914,0.643460
1677104862,596000422,0.402509,0.666783,0.154312,0.765788,0.018372,-0.002003,0.642828
1677104862,606209477,0.402478,0.666659,0.154597,0.765998,0.017881,-0.001366,0.642593
1677104862,616390923,0.402428,0.666468,0.154867,0.765464,0.017469,-0.001327,0.643240
1677104862,625543502,0.402411,0.666353,0.155194,0.765131,0.016660,-0.001508,0.643657
1677104862,636666489,0.402377,0.666308,0.155555,0.765036,0.016073,-0.001694,0.643785
1677104862,646062112,0.402407,0.666173,0.155938,0.765327,0.015322,-0.001176,0.643458
1677104862,656412043,0.402357,0.665939,0.156353,0.765719,0.015050,-0.000634,0.642999
1677104862,665770560,0.402339,0.665755,0.156844,0.766776,0.014822,0.000341,0.641744
1677104862,675830747,0.402325,0.665406,0.157345,0.767603,0.014040,0.000944,0.640771
1677104862,685994397,0.402242,0.665088,0.157767,0.768236,0.013950,0.001806,0.640013
1677104862,695424390,0.402074,0.664696,0.158212,0.768651,0.014185,0.002065,0.639508
1677104862,705947005,0.402051,0.664513,0.158675,0.769322,0.013290,0.002129,0.638719
1677104862,715635336,0.402086,0.664338,0.159103,0.769757,0.012512,0.002392,0.638210
1677104862,725434602,0.401935,0.664204,0.159520,0.770159,0.012987,0.002077,0.637716
1677104862,735483987,0.402048,0.664084,0.159911,0.770246,0.012132,0.002071,0.637628
1677104862,745896879,0.402128,0.663976,0.160324,0.770381,0.011689,0.002229,0.637472
1677104862,755989402,0.402153,0.663830,0.160722,0.770276,0.011722,0.001838,0.637600
1677104862,765675632,0.402182,0.663713,0.161115,0.770508,0.011765,0.001226,0.637320
1677104862,776233880,0.402305,0.663667,0.161497,0.770824,0.011775,0.001586,0.636937
1677104862,786339078,0.402446,0.663615,0.161909,0.770864,0.011684,0.001716,0.636890
1677104862,796336446,0.402445,0.663738,0.162351,0.771621,0.012127,0.001487,0.635965
1677104862,805844657,0.402443,0.663629,0.162759,0.771413,0.012215,0.001090,0.636216
1677104862,815890702,0.402505,0.663565,0.163138,0.771460,0.012014,0.001389,0.636163
1677104862,825829332,0.402523,0.663547,0.163554,0.771788,0.011563,0.000958,0.635775
1677104862,836308689,0.402479,0.663547,0.163958,0.772081,0.011607,0.001061,0.635417
1677104862,845744620,0.402575,0.663460,0.164354,0.772036,0.010927,0.001338,0.635484
1677104862,855425690,0.402654,0.663446,0.164777,0.772100,0.010019,0.001099,0.635421
1677104862,865945646,0.402578,0.663276,0.165197,0.771725,0.010034,0.000720,0.635877
1677104862,876077109,0.402585,0.663257,0.165640,0.772130,0.010149,0.000885,0.635383
1677104862,886281623,0.402782,0.663246,0.166131,0.773122,0.009188,0.001208,0.634190
1677104862,895889788,0.402693,0.663026,0.166588,0.773648,0.009661,0.000668,0.633541
1677104862,905846256,0.402806,0.662821,0.167013,0.774321,0.009611,0.001239,0.632719
1677104862,915928640,0.402827,0.662713,0.167471,0.775312,0.009784,0.001006,0.631502
1677104862,926022641,0.402919,0.662620,0.167910,0.775887,0.009270,0.000511,0.630803
1677104862,936264534,0.402834,0.662578,0.168312,0.775848,0.010379,0.000710,0.630834
1677104862,945755814,0.402983,0.662607,0.168726,0.775641,0.009538,0.000595,0.631102
1677104862,956749494,0.402995,0.662721,0.169103,0.775318,0.009495,0.000764,0.631500
1677104862,966322807,0.402925,0.662779,0.169484,0.774888,0.009076,0.000017,0.632034
1677104862,976080782,0.402845,0.662809,0.169843,0.774660,0.008985,0.000057,0.632314
1677104862,987185140,0.402842,0.662908,0.170235,0.775134,0.008413,0.000781,0.631741
1677104862,995974132,0.402681,0.662863,0.170622,0.775454,0.008172,0.000943,0.631350
1677104863,6314860,0.402578,0.662731,0.170977,0.775378,0.007894,0.002071,0.631445
1677104863,15815985,0.402425,0.662697,0.171340,0.775651,0.007377,0.002439,0.631114
1677104863,27012409,0.402284,0.662746,0.171734,0.775903,0.006553,0.002826,0.630812
1677104863,36473774,0.402163,0.662717,0.172115,0.775943,0.005963,0.003806,0.630763
1677104863,45110587,0.402009,0.662687,0.172487,0.776058,0.005469,0.004297,0.630623
1677104863,55828824,0.401860,0.662631,0.172858,0.775984,0.005059,0.004529,0.630717
1677104863,65624695,0.401760,0.662519,0.173212,0.775612,0.004479,0.004427,0.631179
1677104863,75249889,0.401851,0.662488,0.173658,0.775810,0.003392,0.004984,0.630938
1677104863,85350988,0.401894,0.662459,0.174064,0.776131,0.002918,0.005086,0.630545
1677104863,96147432,0.401935,0.662253,0.174468,0.776107,0.002896,0.005257,0.630573
1677104863,105921610,0.401926,0.662216,0.174945,0.776945,0.003472,0.005513,0.629535
1677104863,116609977,0.401990,0.661969,0.175366,0.777318,0.003662,0.005205,0.629075
1677104863,126287910,0.401970,0.661791,0.175775,0.777886,0.004236,0.004694,0.628373
1677104863,136501934,0.402223,0.661677,0.176191,0.778584,0.003648,0.005247,0.627507
1677104863,145821386,0.402161,0.661442,0.176562,0.778679,0.004324,0.004649,0.627391
1677104863,155851783,0.402261,0.661232,0.177010,0.778739,0.004166,0.004329,0.627319
1677104863,166186553,0.402336,0.661039,0.177427,0.778653,0.004344,0.004396,0.627424
1677104863,175999252,0.402543,0.661103,0.177969,0.779320,0.003737,0.004724,0.626598
1677104863,186379757,0.402531,0.661106,0.178482,0.779377,0.004022,0.003931,0.626529
1677104863,196287849,0.402719,0.661060,0.179025,0.779326,0.003525,0.003968,0.626596
1677104863,206606271,0.402869,0.661010,0.179612,0.779332,0.003703,0.004203,0.626586
1677104863,216492523,0.402907,0.660971,0.180227,0.779701,0.004452,0.003782,0.626125
1677104863,225838142,0.403140,0.660775,0.180854,0.779916,0.004430,0.004157,0.625855
1677104863,235588473,0.403168,0.660685,0.181533,0.780530,0.005418,0.003668,0.625085
1677104863,246246682,0.403475,0.660574,0.182221,0.781292,0.004941,0.003362,0.624137
1677104863,256252936,0.403549,0.660379,0.182844,0.781272,0.006048,0.002623,0.624156
1677104863,265960861,0.403932,0.660203,0.183479,0.781092,0.005898,0.002832,0.624382
1677104863,276285423,0.404070,0.660169,0.184164,0.780998,0.006542,0.002087,0.624496
1677104863,286278577,0.404382,0.660259,0.184897,0.781100,0.006195,0.001451,0.624373
1677104863,296037025,0.404588,0.660257,0.185674,0.781025,0.006235,0.001114,0.624468
1677104863,306835666,0.404823,0.660247,0.186466,0.781229,0.006215,0.000948,0.624213
1677104863,316088758,0.404928,0.660041,0.187250,0.781224,0.006718,0.000829,0.624215
1677104863,325670580,0.405088,0.659952,0.188115,0.781866,0.007186,0.000934,0.623405
1677104863,335761902,0.405206,0.659765,0.188970,0.782242,0.007870,0.001251,0.622923
1677104863,346358384,0.405444,0.659595,0.189851,0.782666,0.007877,0.001424,0.622391
1677104863,355868380,0.405578,0.659301,0.190688,0.782394,0.008719,0.000832,0.622722
1677104863,365523384,0.405913,0.659353,0.191631,0.783219,0.008650,-0.000067,0.621686
1677104863,375469397,0.406278,0.659331,0.192547,0.783785,0.009002,-0.000434,0.620967
1677104863,385743051,0.406603,0.659140,0.193386,0.783535,0.009892,-0.001334,0.621268
1677104863,396002267,0.406997,0.659275,0.194284,0.784365,0.010530,-0.002064,0.620206
1677104863,406199327,0.407278,0.659244,0.195133,0.783958,0.011766,-0.002879,0.620696
1677104863,415975761,0.407552,0.659258,0.196001,0.783641,0.012629,-0.003859,0.621073
1677104863,426174374,0.407864,0.659376,0.196911,0.783632,0.013062,-0.004530,0.621071
1677104863,436142471,0.408107,0.659438,0.197799,0.783801,0.013510,-0.004848,0.620846
1677104863,446056506,0.408276,0.659461,0.198627,0.784318,0.013812,-0.004809,0.620186
1677104863,456343304,0.408332,0.659422,0.199486,0.784854,0.014126,-0.004679,0.619502
1677104863,466504625,0.408341,0.659373,0.200296,0.785405,0.014209,-0.004280,0.618804
1677104863,476188551,0.408341,0.659327,0.201098,0.785676,0.014369,-0.002785,0.618465
1677104863,485986671,0.408240,0.659423,0.201912,0.786007,0.013895,-0.002286,0.618057
1677104863,496121566,0.408097,0.659636,0.202698,0.786113,0.013562,-0.001290,0.617932
1677104863,506325750,0.407957,0.659843,0.203482,0.785776,0.012648,0.000153,0.618382
1677104863,516131413,0.407752,0.660086,0.204287,0.785623,0.011816,0.001437,0.618591
1677104863,525857483,0.407673,0.660273,0.205025,0.785347,0.010014,0.002600,0.618969
1677104863,536562701,0.407417,0.660405,0.205766,0.785177,0.009456,0.004176,0.619185
1677104863,546481962,0.407227,0.660548,0.206510,0.785368,0.008295,0.005000,0.618953
1677104863,556291046,0.407052,0.660648,0.207210,0.785448,0.007867,0.005981,0.618849
1677104863,566070168,0.407005,0.660677,0.207923,0.785481,0.007512,0.007337,0.618796
1677104863,576165553,0.407017,0.660745,0.208648,0.785728,0.007357,0.008298,0.618473
1677104863,586411874,0.407029,0.660864,0.209374,0.786154,0.007584,0.008308,0.617928
1677104863,596037220,0.407150,0.660930,0.210098,0.786264,0.007701,0.008136,0.617789
1677104863,606126230,0.407250,0.661173,0.210851,0.786918,0.008555,0.007959,0.616948
1677104863,615932084,0.407377,0.661041,0.211514,0.786334,0.009203,0.007218,0.617691
1677104863,626357073,0.407462,0.660866,0.212111,0.785643,0.010370,0.006171,0.618563
1677104863,636233072,0.407420,0.660722,0.212726,0.785229,0.012419,0.004908,0.619061
1677104863,646123005,0.408247,0.661273,0.213744,0.787249,0.010705,0.005919,0.616514
1677104863,656167690,0.408592,0.661325,0.214453,0.787323,0.010922,0.005643,0.616419
1677104863,666333981,0.408814,0.661556,0.215275,0.788178,0.011309,0.005074,0.615322
1677104863,676042555,0.408913,0.661588,0.215982,0.788212,0.012367,0.004904,0.615260
1677104863,685474493,0.409097,0.661622,0.216690,0.788454,0.012694,0.004993,0.614943
1677104863,696238997,0.409199,0.661538,0.217406,0.788493,0.013147,0.005130,0.614882
1677104863,706545967,0.409349,0.661759,0.218188,0.789505,0.012887,0.005255,0.613587
1677104863,715973010,0.409411,0.661567,0.218859,0.789128,0.013092,0.005757,0.614062
1677104863,725825312,0.409499,0.661700,0.219567,0.789541,0.013080,0.006244,0.613527
1677104863,736391171,0.409620,0.661694,0.220230,0.789249,0.012283,0.006425,0.613917
1677104863,746279433,0.409505,0.661915,0.220934,0.789572,0.013023,0.006760,0.613483
1677104863,755382842,0.409591,0.662025,0.221547,0.789112,0.012274,0.006668,0.614091
1677104863,766289934,0.409598,0.662174,0.222210,0.788788,0.012124,0.007134,0.614505
1677104863,775638712,0.409623,0.662487,0.222931,0.789060,0.012036,0.007647,0.614151
1677104863,785653403,0.409675,0.662608,0.223610,0.788866,0.011889,0.008222,0.614395
1677104863,795710914,0.409668,0.662880,0.224339,0.789678,0.011992,0.008427,0.613347
1677104863,806189634,0.409749,0.662856,0.225035,0.789608,0.011952,0.009171,0.613426
1677104863,816050772,0.409714,0.662910,0.225799,0.790124,0.012352,0.009408,0.612750
1677104863,825811004,0.409804,0.663033,0.226587,0.790919,0.012350,0.009852,0.611716
1677104863,835835842,0.409753,0.662245,0.227201,0.788723,0.011634,0.008648,0.614577
1677104863,845885633,0.409921,0.662221,0.227917,0.789110,0.011324,0.009304,0.614077
1677104863,856396136,0.409896,0.662170,0.228597,0.788982,0.012099,0.009367,0.614226
1677104863,865606416,0.410099,0.662287,0.229374,0.789185,0.011298,0.009148,0.613984
1677104863,875966557,0.410141,0.662407,0.230133,0.789014,0.011659,0.009425,0.614193
1677104863,886326955,0.410345,0.662485,0.230883,0.788791,0.011310,0.010528,0.614468
1677104863,896428015,0.410493,0.662442,0.231648,0.788431,0.010932,0.011652,0.614916
1677104863,905637070,0.410629,0.662358,0.232418,0.788032,0.010259,0.012686,0.615418
1677104863,916336904,0.410867,0.662094,0.233173,0.787465,0.008971,0.014472,0.616124
1677104863,925968438,0.410217,0.662411,0.234194,0.789399,0.010744,0.010824,0.613691
1677104863,936386659,0.410150,0.662259,0.234980,0.789741,0.010960,0.012165,0.613221
1677104863,946226595,0.410178,0.662170,0.235817,0.790193,0.010111,0.012742,0.612642
1677104863,956225991,0.410120,0.662244,0.236629,0.790657,0.009801,0.012989,0.612042
1677104863,966323711,0.410023,0.662107,0.237361,0.790032,0.010026,0.013330,0.612839
1677104863,976236752,0.410133,0.662142,0.238135,0.789539,0.009264,0.013974,0.613471
1677104863,986466114,0.410098,0.662365,0.238978,0.789569,0.009488,0.014325,0.613421
1677104863,996363410,0.409997,0.662354,0.239752,0.788699,0.009971,0.014179,0.614536
1677104864,6015627,0.410048,0.662500,0.240602,0.788542,0.009571,0.014345,0.614738
1677104864,16197704,0.410086,0.662488,0.241435,0.788240,0.009022,0.014429,0.615133
1677104864,25918497,0.409973,0.662601,0.242330,0.788539,0.009370,0.014561,0.614741
1677104864,35552467,0.409981,0.662673,0.243212,0.788921,0.009067,0.015544,0.614231
1677104864,46099687,0.409897,0.662479,0.244019,0.788456,0.008543,0.016198,0.614818
1677104864,56163263,0.409822,0.662504,0.244880,0.788566,0.007609,0.016602,0.614679
1677104864,66090368,0.409707,0.662527,0.245709,0.788680,0.006955,0.017300,0.614521
1677104864,76317052,0.409540,0.662432,0.246448,0.788221,0.006757,0.017985,0.615092
1677104864,86061547,0.409390,0.662302,0.247150,0.787538,0.006155,0.017956,0.615974
1677104864,96021888,0.409441,0.662478,0.248004,0.787913,0.005372,0.019258,0.615462
1677104864,106231368,0.409338,0.662447,0.248697,0.787671,0.005527,0.019388,0.615767
1677104864,116013025,0.409376,0.662322,0.249394,0.787291,0.005291,0.019624,0.616246
1677104864,125769567,0.409440,0.662377,0.250143,0.787803,0.005480,0.019572,0.615592
1677104864,136244764,0.409541,0.662309,0.250813,0.788082,0.005996,0.019200,0.615242
1677104864,146188984,0.409647,0.662207,0.251486,0.788391,0.006768,0.018902,0.614847
1677104864,156232981,0.409870,0.662094,0.252093,0.788393,0.007368,0.018469,0.614850
1677104864,165385626,0.410069,0.662150,0.252703,0.788732,0.008463,0.018209,0.614409
1677104864,176253410,0.410137,0.662162,0.253240,0.788845,0.009836,0.017102,0.614276
1677104864,185977233,0.410397,0.662248,0.253793,0.789099,0.010374,0.016709,0.613951
1677104864,195827265,0.410574,0.662022,0.254226,0.788259,0.011192,0.016361,0.615025
1677104864,205604350,0.410786,0.662048,0.254702,0.788290,0.011275,0.015338,0.615009
1677104864,215789470,0.410958,0.661939,0.255166,0.788132,0.011856,0.014699,0.615217
1677104864,225867042,0.411222,0.661883,0.255635,0.788264,0.012326,0.014347,0.615047
1677104864,236553001,0.411232,0.661691,0.256057,0.788034,0.014407,0.013690,0.615311
1677104864,245810490,0.411436,0.661598,0.256497,0.788247,0.015121,0.013076,0.615035
1677104864,255823922,0.411551,0.661436,0.256887,0.787945,0.016869,0.012644,0.615385
1677104864,266232413,0.411682,0.661456,0.257414,0.788495,0.017754,0.011877,0.614670
1677104864,276079444,0.411876,0.661500,0.257883,0.788843,0.018480,0.012101,0.614197
1677104864,286118081,0.412721,0.661511,0.258542,0.790000,0.013840,0.011014,0.612852
1677104864,296156043,0.412866,0.661373,0.259031,0.789765,0.013967,0.011147,0.613149
1677104864,306164659,0.412945,0.661426,0.259590,0.790147,0.013945,0.011273,0.612655
1677104864,316234147,0.412963,0.661393,0.260111,0.790346,0.013616,0.011340,0.612404
1677104864,326283237,0.412879,0.661451,0.260628,0.790490,0.013468,0.011290,0.612222
1677104864,335564132,0.412740,0.661359,0.261143,0.790129,0.013467,0.011827,0.612679
1677104864,345636334,0.412716,0.661454,0.261664,0.790285,0.012744,0.012769,0.612473
1677104864,355222089,0.412520,0.661452,0.262201,0.790255,0.012353,0.013267,0.612510
1677104864,365696573,0.411761,0.661483,0.262586,0.789711,0.016347,0.015412,0.613068
1677104864,375676886,0.411325,0.661201,0.262866,0.788592,0.017673,0.015693,0.614462
1677104864,386341064,0.411412,0.661340,0.263464,0.789558,0.015660,0.016808,0.613246
1677104864,396547614,0.411317,0.661372,0.263874,0.789707,0.015000,0.017568,0.613049
1677104864,405932997,0.411268,0.661420,0.264277,0.789743,0.014050,0.018174,0.613007
1677104864,415775195,0.411364,0.661571,0.264727,0.790029,0.012349,0.018889,0.612654
1677104864,426421149,0.411286,0.661900,0.265161,0.790596,0.012080,0.019297,0.611914
1677104864,436307667,0.411269,0.661903,0.265495,0.789916,0.011722,0.020415,0.612763
1677104864,446174296,0.411208,0.662159,0.265885,0.790089,0.011248,0.020494,0.612547
1677104864,456508153,0.411191,0.662215,0.266246,0.789744,0.010942,0.021379,0.612966
1677104864,465933249,0.411152,0.662278,0.266602,0.789636,0.010633,0.021829,0.613095
1677104864,476039554,0.411113,0.662454,0.266980,0.790046,0.010489,0.022297,0.612552
1677104864,485733413,0.411154,0.662475,0.267301,0.790036,0.009832,0.022785,0.612558
1677104864,496038785,0.411138,0.662545,0.267599,0.790012,0.009648,0.023018,0.612583
1677104864,505686835,0.411095,0.662625,0.267932,0.790042,0.009808,0.023052,0.612541
1677104864,515665183,0.411164,0.662667,0.268223,0.789823,0.009797,0.023359,0.612812
1677104864,525671391,0.411281,0.662704,0.268508,0.789604,0.009839,0.023458,0.613089
1677104864,535661902,0.411465,0.662749,0.268852,0.789846,0.009369,0.022916,0.612805
1677104864,545467070,0.411675,0.662713,0.269186,0.789824,0.009600,0.023079,0.612824
1677104864,555942266,0.411738,0.662536,0.269468,0.789640,0.010690,0.022595,0.613061
1677104864,566154965,0.411922,0.662624,0.269802,0.790442,0.011508,0.022330,0.612021
1677104864,575699608,0.412078,0.662607,0.270084,0.790631,0.012889,0.022021,0.611761
1677104864,585239450,0.412136,0.662626,0.270415,0.790787,0.014360,0.021074,0.611559
1677104864,595524749,0.412799,0.662697,0.270872,0.791187,0.012274,0.020375,0.611112
1677104864,605488605,0.412575,0.662860,0.271139,0.790604,0.015708,0.020322,0.611789
1677104864,616248675,0.412696,0.663018,0.271477,0.790306,0.016530,0.020106,0.612159
1677104864,625872907,0.412656,0.663219,0.271846,0.790187,0.017558,0.019158,0.612315
1677104864,635810476,0.412864,0.663342,0.272172,0.789891,0.017218,0.019615,0.612692
1677104864,645548607,0.412903,0.663489,0.272552,0.789839,0.017074,0.019187,0.612776
1677104864,656115501,0.412991,0.663642,0.272993,0.790140,0.016795,0.019465,0.612387
1677104864,665583346,0.412980,0.663655,0.273395,0.789943,0.016969,0.019455,0.612637
1677104864,676673711,0.413089,0.663578,0.273809,0.789678,0.016595,0.020307,0.612961
1677104864,686328520,0.413109,0.663725,0.274310,0.790371,0.016348,0.020433,0.612070
1677104864,695993928,0.413059,0.663722,0.274808,0.790669,0.016167,0.020464,0.611688
1677104864,705549144,0.413013,0.663666,0.275220,0.790664,0.016419,0.021242,0.611661
1677104864,716432359,0.412977,0.663681,0.275644,0.790846,0.016064,0.021370,0.611432
1677104864,726030124,0.412924,0.663620,0.276006,0.790449,0.015921,0.021467,0.611944
1677104864,735663455,0.413008,0.663710,0.276443,0.790404,0.014962,0.021777,0.612015
1677104864,746118698,0.413064,0.663691,0.276802,0.790086,0.014418,0.022086,0.612428
1677104864,755983386,0.413055,0.663713,0.277167,0.790191,0.014567,0.022116,0.612288
1677104864,766029759,0.413111,0.663617,0.277468,0.790040,0.014872,0.022123,0.612475
1677104864,775936838,0.413123,0.663519,0.277751,0.790050,0.015672,0.021584,0.612462
1677104864,785887080,0.413249,0.663562,0.278119,0.790462,0.015817,0.020936,0.611948
1677104864,795697143,0.413314,0.663525,0.278448,0.790327,0.016885,0.020611,0.612105
1677104864,805713478,0.413397,0.663454,0.278793,0.789993,0.018058,0.020078,0.612520
1677104864,815823547,0.413580,0.663571,0.279226,0.790341,0.018603,0.019756,0.612066
1677104864,826085026,0.413645,0.663461,0.279577,0.790040,0.019457,0.018936,0.612454
1677104864,835472123,0.413728,0.663432,0.279907,0.790162,0.020760,0.018828,0.612257
1677104864,845392759,0.413755,0.663535,0.280308,0.790809,0.022100,0.018348,0.611389
1677104864,856222605,0.413846,0.663494,0.280619,0.790702,0.022748,0.017682,0.611523
1677104864,865888961,0.414605,0.663600,0.281105,0.791321,0.019303,0.016790,0.610866
1677104864,875351060,0.414673,0.663532,0.281454,0.791091,0.018895,0.015883,0.611200
1677104864,885888608,0.414846,0.663550,0.281795,0.790591,0.018535,0.015911,0.611857
1677104864,896375617,0.414791,0.663633,0.282163,0.790601,0.018610,0.014960,0.611866
1677104864,906414988,0.414803,0.663948,0.282620,0.791115,0.019085,0.015632,0.611170
1677104864,916301019,0.414369,0.664011,0.282926,0.790767,0.022121,0.017318,0.611473
1677104864,925938900,0.414637,0.663643,0.283372,0.790922,0.017978,0.015877,0.611447
1677104864,935222416,0.414463,0.663497,0.283706,0.790747,0.018040,0.016054,0.611667
1677104864,945624015,0.413871,0.663657,0.283951,0.790727,0.022014,0.017961,0.611509
1677104864,955250771,0.413608,0.663273,0.284189,0.789822,0.022091,0.018240,0.612667
1677104864,965260282,0.414182,0.663478,0.284789,0.791244,0.016816,0.017850,0.611008
1677104864,975691936,0.413414,0.663514,0.285028,0.790499,0.020927,0.018471,0.611826
1677104864,986070982,0.413370,0.663637,0.285416,0.790523,0.020382,0.018817,0.611804
1677104864,996169533,0.413204,0.663503,0.285700,0.789701,0.020400,0.019066,0.612856
1677104865,6381951,0.413176,0.663772,0.286125,0.790395,0.019165,0.019018,0.612002
1677104865,16508288,0.413051,0.663709,0.286440,0.790173,0.018645,0.019485,0.612291
1677104865,26115011,0.412900,0.663609,0.286695,0.790005,0.018473,0.020060,0.612493
1677104865,36763137,0.412801,0.663418,0.286930,0.789839,0.017820,0.020196,0.612723
1677104865,46307565,0.412635,0.663295,0.287159,0.789990,0.017415,0.020086,0.612543
1677104865,56677846,0.412544,0.663272,0.287345,0.790348,0.017054,0.020437,0.612079
1677104865,66059958,0.412391,0.663210,0.287527,0.790501,0.017180,0.020211,0.611886
1677104865,76211984,0.412337,0.663104,0.287706,0.790261,0.017005,0.020185,0.612201
1677104865,86198952,0.412339,0.663010,0.287901,0.789935,0.016799,0.020066,0.612632
1677104865,96340409,0.412268,0.663059,0.288123,0.790096,0.017106,0.019930,0.612420
1677104865,106130696,0.412257,0.663033,0.288295,0.789988,0.017372,0.020051,0.612548
1677104865,115996196,0.412273,0.663052,0.288531,0.790192,0.017283,0.020064,0.612287
1677104865,125895801,0.412105,0.663016,0.288704,0.790136,0.018180,0.019731,0.612344
1677104865,136459669,0.412033,0.662887,0.288891,0.789974,0.018134,0.019418,0.612564
1677104865,145701232,0.411915,0.662692,0.289060,0.789786,0.018365,0.019126,0.612809
1677104865,155543554,0.411784,0.662616,0.289273,0.790127,0.018656,0.019369,0.612353
1677104865,165988621,0.411743,0.662247,0.289470,0.789702,0.018006,0.019267,0.612924
1677104865,176078401,0.411567,0.662087,0.289696,0.789714,0.018034,0.019022,0.612915
1677104865,185874141,0.411463,0.662038,0.289990,0.790011,0.017560,0.019329,0.612536
1677104865,195964898,0.411746,0.662267,0.290672,0.792300,0.014622,0.019944,0.609631
1677104865,206038399,0.412031,0.662100,0.290848,0.791282,0.011280,0.019914,0.611022
1677104865,216342441,0.411885,0.662118,0.291129,0.791175,0.011017,0.020188,0.611157
1677104865,225269895,0.411842,0.662135,0.291438,0.790786,0.010352,0.021006,0.611645
1677104865,235762444,0.411587,0.662128,0.291772,0.790553,0.010330,0.020845,0.611952
1677104865,246074240,0.411468,0.662165,0.292123,0.790661,0.009620,0.020911,0.611822
1677104865,256833285,0.411429,0.662141,0.292485,0.790937,0.008803,0.021296,0.611463
1677104865,266085867,0.411333,0.661885,0.292737,0.790477,0.008761,0.021983,0.612035
1677104865,275812072,0.411370,0.661825,0.293058,0.790783,0.008319,0.022598,0.611622
1677104865,286577723,0.411379,0.661769,0.293346,0.790887,0.007882,0.022432,0.611500
1677104865,296427084,0.411473,0.661818,0.293596,0.790921,0.007964,0.022832,0.611440
1677104865,306235301,0.411535,0.661850,0.293904,0.790613,0.007959,0.022499,0.611851
1677104865,316693173,0.411538,0.661970,0.294202,0.790370,0.008683,0.022279,0.612162
1677104865,326296793,0.411555,0.662345,0.294611,0.790986,0.009387,0.022063,0.611364
1677104865,336185204,0.411519,0.662484,0.294928,0.790861,0.010546,0.021914,0.611512
1677104865,345625999,0.411473,0.662730,0.295239,0.791191,0.011265,0.021534,0.611086
1677104865,356004770,0.411651,0.662830,0.295538,0.791075,0.010888,0.022324,0.611214
1677104865,366171746,0.411904,0.662882,0.295841,0.791037,0.009645,0.023081,0.611257
1677104865,375794071,0.410809,0.663482,0.296521,0.793871,0.015725,0.022008,0.607485
1677104865,386200188,0.410647,0.663594,0.296905,0.794545,0.015800,0.021950,0.606603
1677104865,395757405,0.410567,0.663695,0.297272,0.795084,0.015652,0.022460,0.605882
1677104865,405907029,0.410418,0.663817,0.297606,0.795566,0.015658,0.023172,0.605221
1677104865,416213615,0.410194,0.664013,0.297945,0.795949,0.015941,0.023398,0.604701
1677104865,426019038,0.410094,0.664209,0.298234,0.795952,0.015439,0.023536,0.604705
1677104865,436335304,0.409949,0.664459,0.298546,0.795921,0.015837,0.024182,0.604710
1677104865,446052407,0.409937,0.664836,0.298828,0.796126,0.015506,0.024919,0.604418
1677104865,456319748,0.409097,0.664821,0.298777,0.794316,0.020198,0.024866,0.606660
1677104865,466091375,0.409017,0.664962,0.298995,0.794154,0.020069,0.025076,0.606867
1677104865,475283848,0.408949,0.665203,0.299250,0.794574,0.019615,0.025082,0.606332
1677104865,485463779,0.408909,0.665171,0.299404,0.794279,0.019468,0.025670,0.606698
1677104865,495907332,0.408875,0.665415,0.299655,0.795092,0.019283,0.026157,0.605618
1677104865,506036031,0.408751,0.665504,0.299866,0.795525,0.019356,0.026307,0.605040
1677104865,516281228,0.408659,0.665569,0.300059,0.795754,0.019130,0.026280,0.604747
1677104865,525882711,0.408571,0.665608,0.300189,0.795805,0.019079,0.026311,0.604680
1677104865,535910860,0.408490,0.665638,0.300270,0.795758,0.019382,0.026796,0.604711
1677104865,546080267,0.408425,0.665837,0.300390,0.796229,0.019445,0.026934,0.604082
1677104865,555961746,0.408357,0.665780,0.300454,0.795881,0.019624,0.027282,0.604519
1677104865,566313858,0.408214,0.665860,0.300503,0.795967,0.020227,0.027010,0.604399
1677104865,576434970,0.408178,0.665783,0.300495,0.795661,0.020344,0.026897,0.604803
1677104865,586011164,0.408092,0.665799,0.300501,0.795741,0.020841,0.026902,0.604680
1677104865,596372083,0.408196,0.665898,0.300558,0.796179,0.020440,0.026991,0.604113
1677104865,605805786,0.408235,0.665996,0.300646,0.796818,0.020265,0.026520,0.603297
1677104865,616267159,0.409106,0.664421,0.300523,0.792398,0.016386,0.028114,0.609136
1677104865,625715622,0.409057,0.664516,0.300617,0.793048,0.016867,0.027381,0.608309
1677104865,636280176,0.409081,0.664507,0.300668,0.793183,0.016983,0.026886,0.608152
1677104865,646109827,0.409093,0.664416,0.300719,0.793193,0.017505,0.026786,0.608129
1677104865,655931610,0.409127,0.664192,0.300750,0.792887,0.017768,0.026954,0.608513
1677104865,666045819,0.409054,0.664133,0.300792,0.793075,0.018455,0.026740,0.608256
1677104865,676240504,0.408943,0.664096,0.300871,0.793374,0.018735,0.026362,0.607874
1677104865,686103653,0.408899,0.664065,0.300912,0.793345,0.018688,0.026291,0.607918
1677104865,695926240,0.408881,0.664108,0.300942,0.793465,0.018312,0.026342,0.607769
1677104865,706272535,0.408893,0.664103,0.300944,0.793337,0.017705,0.026832,0.607933
1677104865,716432734,0.408832,0.664215,0.300989,0.793801,0.017628,0.027319,0.607308
1677104865,726761756,0.408812,0.664090,0.300954,0.793517,0.017498,0.028142,0.607646
1677104865,736443633,0.408632,0.664014,0.300929,0.793477,0.017978,0.028026,0.607689
1677104865,745904577,0.408663,0.663959,0.300917,0.793698,0.017548,0.028273,0.607401
1677104865,756365351,0.408619,0.663968,0.300916,0.794159,0.017624,0.028604,0.606781
1677104865,766702131,0.408528,0.663959,0.300879,0.794578,0.017814,0.028092,0.606250
1677104865,776357824,0.408416,0.663702,0.300792,0.794270,0.018678,0.028252,0.606621
1677104865,786095059,0.408450,0.663776,0.300722,0.794773,0.018553,0.028105,0.605972
1677104865,796276271,0.408481,0.663774,0.300634,0.794926,0.018615,0.027934,0.605777
1677104865,805575084,0.408529,0.663857,0.300558,0.795073,0.018494,0.027849,0.605592
1677104865,815739775,0.408629,0.663878,0.300396,0.794604,0.018067,0.027510,0.606236
1677104865,825407700,0.408539,0.664038,0.300299,0.794521,0.019023,0.027610,0.606310
1677104865,835316803,0.408623,0.664211,0.300213,0.794405,0.018838,0.027757,0.606462
1677104865,845930069,0.408640,0.664381,0.300186,0.794559,0.018755,0.027459,0.606275
1677104865,855715113,0.408561,0.664349,0.300081,0.794057,0.019285,0.027462,0.606916
1677104865,865964515,0.408521,0.664349,0.300008,0.794105,0.019501,0.027493,0.606846
1677104865,876154594,0.408525,0.664303,0.299969,0.794179,0.019291,0.027722,0.606744
1677104865,886163164,0.408456,0.664139,0.299846,0.793755,0.019579,0.027659,0.607292
1677104865,896483466,0.408450,0.664157,0.299884,0.794014,0.019164,0.027572,0.606972
1677104865,906417124,0.408382,0.664170,0.299925,0.794245,0.018988,0.027107,0.606695
1677104865,916340826,0.408499,0.664051,0.299960,0.794109,0.018376,0.027487,0.606875
1677104865,925690446,0.408445,0.663976,0.300051,0.794347,0.018573,0.027275,0.606567
1677104865,936242208,0.408530,0.663820,0.300122,0.794314,0.018470,0.027527,0.606603
1677104865,945709847,0.408572,0.663729,0.300224,0.794659,0.018630,0.027666,0.606140
1677104865,955236694,0.408460,0.663710,0.300285,0.794767,0.019735,0.027661,0.605963
1677104865,965580131,0.408542,0.663714,0.300416,0.794950,0.019825,0.027761,0.605715
1677104865,976269672,0.408500,0.663710,0.300520,0.794898,0.020374,0.027638,0.605771
1677104865,986080380,0.408583,0.663645,0.300626,0.794772,0.019915,0.027333,0.605965
1677104865,996401967,0.408693,0.663599,0.300749,0.794780,0.019205,0.027304,0.605979
1677104866,6399104,0.408654,0.663692,0.300912,0.795336,0.019213,0.026954,0.605264
1677104866,15790269,0.408589,0.663607,0.300988,0.795291,0.019493,0.026701,0.605326
1677104866,26818757,0.408657,0.663728,0.301162,0.795874,0.019081,0.026972,0.604560
1677104866,37201551,0.408616,0.663774,0.301288,0.796151,0.019310,0.026704,0.604200
1677104866,45790662,0.408584,0.663736,0.301375,0.795987,0.019700,0.026996,0.604391
1677104866,55372255,0.408554,0.663755,0.301482,0.795942,0.019867,0.027052,0.604442
1677104866,65887600,0.408507,0.663720,0.301530,0.795539,0.020031,0.027126,0.604963
1677104866,75389963,0.408523,0.663899,0.301665,0.795823,0.019632,0.027400,0.604590
1677104866,85601316,0.408365,0.663986,0.301768,0.795739,0.020045,0.027307,0.604692
1677104866,95760089,0.408307,0.663945,0.301846,0.795116,0.019804,0.027966,0.605489
1677104866,106246927,0.408097,0.663970,0.301921,0.794719,0.020279,0.027944,0.605994
1677104866,115871956,0.408123,0.664092,0.302070,0.794968,0.019430,0.028906,0.605651
1677104866,126455491,0.408001,0.664152,0.302220,0.795141,0.019324,0.029471,0.605400
1677104866,136422856,0.407814,0.664155,0.302328,0.795297,0.019449,0.029566,0.605186
1677104866,145544119,0.407824,0.664129,0.302429,0.795149,0.018769,0.030482,0.605356
1677104866,155794850,0.407728,0.664177,0.302496,0.795090,0.018740,0.030751,0.605422
1677104866,166079688,0.407591,0.664248,0.302566,0.794871,0.018977,0.030758,0.605701
1677104866,175810801,0.407583,0.664523,0.302673,0.795091,0.018708,0.031077,0.605404
1677104866,185704907,0.407512,0.664642,0.302740,0.794908,0.018516,0.031128,0.605647
1677104866,195828904,0.407493,0.664686,0.302817,0.794291,0.018102,0.031050,0.606474
1677104866,206213325,0.407393,0.664707,0.302849,0.793741,0.018206,0.030868,0.607200
1677104866,216709344,0.407283,0.664796,0.302955,0.793679,0.018545,0.031014,0.607262
1677104866,226273704,0.407261,0.664895,0.303040,0.793811,0.018317,0.031142,0.607091
