secs,nsecs,tx,ty,tz,rx,ry,rz,rw
1677104449,228205244,0.274255,0.554400,0.527458,0.474525,-0.222205,-0.203410,0.827088
1677104449,237887308,0.274469,0.554361,0.527456,0.475134,-0.222285,-0.203255,0.826755
1677104449,248010893,0.274546,0.554351,0.527421,0.475374,-0.221975,-0.203996,0.826518
1677104449,258542670,0.274708,0.554303,0.527371,0.475256,-0.221970,-0.204062,0.826571
1677104449,268394655,0.274784,0.554273,0.527320,0.474857,-0.221939,-0.204455,0.826711
1677104449,278717308,0.274815,0.554220,0.527276,0.474381,-0.221725,-0.204568,0.827014
1677104449,287827485,0.274804,0.554180,0.527242,0.474216,-0.221632,-0.204673,0.827108
1677104449,298296120,0.274868,0.554145,0.527220,0.474294,-0.221836,-0.204273,0.827107
1677104449,308125494,0.274847,0.554076,0.527234,0.474286,-0.221947,-0.204496,0.827027
1677104449,317861101,0.274874,0.553985,0.527246,0.474422,-0.222382,-0.204501,0.826831
1677104449,328308617,0.274898,0.553825,0.527305,0.474413,-0.222921,-0.204740,0.826632
1677104449,338798050,0.274929,0.553771,0.527343,0.474941,-0.222771,-0.204752,0.826366
1677104449,348682014,0.275018,0.553748,0.527353,0.475368,-0.222810,-0.204866,0.826082
1677104449,358687568,0.275126,0.553705,0.527358,0.475381,-0.222937,-0.205105,0.825981
1677104449,368491316,0.275267,0.553683,0.527351,0.475185,-0.223198,-0.205251,0.825987
1677104449,379166511,0.275335,0.553690,0.527341,0.474929,-0.222722,-0.205521,0.826195
1677104449,389156340,0.275396,0.553748,0.527355,0.474822,-0.222419,-0.205962,0.826229
1677104449,398793058,0.275468,0.553801,0.527386,0.474864,-0.222719,-0.206378,0.826020
1677104449,409333093,0.275395,0.553840,0.527446,0.475057,-0.222536,-0.206663,0.825886
1677104449,418984738,0.275310,0.553853,0.527541,0.475481,-0.222675,-0.206561,0.825631
1677104449,428607544,0.275119,0.553819,0.527680,0.475539,-0.223155,-0.206646,0.825447
1677104449,438114760,0.274921,0.553783,0.527829,0.475590,-0.223282,-0.206167,0.825503
1677104449,448350070,0.274725,0.553953,0.527857,0.476574,-0.222910,-0.205549,0.825190
1677104449,458179038,0.274605,0.554007,0.527931,0.476633,-0.223504,-0.204622,0.825225
1677104449,467817453,0.274338,0.554055,0.527994,0.476105,-0.223200,-0.204259,0.825702
1677104449,478605795,0.274151,0.554284,0.527944,0.476308,-0.222809,-0.204089,0.825733
1677104449,488466071,0.274070,0.554459,0.527887,0.476163,-0.222605,-0.203513,0.826014
1677104449,498327722,0.273986,0.554536,0.527831,0.475426,-0.222617,-0.203337,0.826478
1677104449,508429050,0.274086,0.554757,0.527687,0.475508,-0.223138,-0.203010,0.826371
1677104449,517771371,0.274182,0.554893,0.527558,0.475320,-0.222964,-0.202383,0.826680
1677104449,528518522,0.274159,0.554955,0.527462,0.474728,-0.223093,-0.202776,0.826889
1677104449,537811557,0.274177,0.555025,0.527333,0.474589,-0.222733,-0.202907,0.827033
1677104449,548350601,0.274198,0.555050,0.527191,0.474341,-0.222833,-0.203446,0.827016
1677104449,558176909,0.274358,0.555064,0.527056,0.474605,-0.223118,-0.203223,0.826843
1677104449,568247452,0.274345,0.555029,0.526910,0.474656,-0.222466,-0.203790,0.826849
1677104449,578110588,0.274505,0.554964,0.526769,0.474820,-0.222266,-0.203997,0.826758
1677104449,588548486,0.274622,0.554943,0.526589,0.475223,-0.221872,-0.204526,0.826502
1677104449,598408491,0.274733,0.554860,0.526445,0.475395,-0.221207,-0.204868,0.826496
1677104449,608173271,0.274944,0.554746,0.526299,0.475217,-0.221532,-0.205211,0.826427
1677104449,618165713,0.275028,0.554683,0.526114,0.475096,-0.221094,-0.205630,0.826509
1677104449,628123338,0.275063,0.554744,0.525808,0.475350,-0.220611,-0.206495,0.826277
1677104449,638053076,0.275313,0.554810,0.525530,0.475514,-0.221083,-0.206002,0.826179
1677104449,648473760,0.275378,0.554845,0.525276,0.475166,-0.220860,-0.205848,0.826477
1677104449,658267079,0.275385,0.554936,0.524939,0.475108,-0.220876,-0.206111,0.826441
1677104449,667911238,0.275489,0.555007,0.524615,0.475384,-0.220776,-0.205259,0.826521
1677104449,677575261,0.275491,0.555175,0.524227,0.475790,-0.220121,-0.205052,0.826514
1677104449,688059563,0.275617,0.555311,0.523799,0.476137,-0.220214,-0.204628,0.826394
1677104449,697641606,0.275580,0.555384,0.523373,0.475720,-0.219460,-0.205071,0.826724
1677104449,707736801,0.275848,0.555619,0.522898,0.476682,-0.218885,-0.204344,0.826503
1677104449,718408072,0.276088,0.555661,0.522439,0.477041,-0.218572,-0.203943,0.826478
1677104449,727740972,0.276215,0.555850,0.521986,0.477894,-0.217061,-0.204268,0.826303
1677104449,737774766,0.276423,0.555846,0.521578,0.477939,-0.216794,-0.204937,0.826181
1677104449,748295119,0.276622,0.555850,0.521186,0.478319,-0.215665,-0.205442,0.826131
1677104449,758162356,0.276867,0.555980,0.520775,0.479276,-0.215363,-0.206585,0.825370
1677104449,769044680,0.277158,0.555921,0.520448,0.479536,-0.214687,-0.206720,0.825362
1677104449,778587231,0.277596,0.555336,0.520258,0.477022,-0.216927,-0.207078,0.826143
1677104449,788086396,0.277809,0.555302,0.520016,0.477150,-0.216838,-0.207369,0.826019
1677104449,798657115,0.278032,0.555285,0.519767,0.477566,-0.217035,-0.207306,0.825742
1677104449,808355392,0.278115,0.555259,0.519527,0.477734,-0.216924,-0.207523,0.825620
1677104449,818279372,0.278197,0.555229,0.519246,0.477899,-0.216730,-0.207369,0.825614
1677104449,828110874,0.278437,0.555318,0.518931,0.478615,-0.217247,-0.206849,0.825194
1677104449,838572654,0.278522,0.555314,0.518590,0.478521,-0.216807,-0.206917,0.825347
1677104449,848808503,0.278825,0.555250,0.518240,0.478209,-0.217346,-0.206742,0.825430
1677104449,859122480,0.279133,0.555354,0.517780,0.478652,-0.216977,-0.206884,0.825235
1677104449,868425639,0.279412,0.555281,0.517321,0.478348,-0.216461,-0.207467,0.825400
1677104449,878826733,0.279748,0.555245,0.516890,0.478372,-0.216630,-0.208158,0.825168
1677104449,888201070,0.280059,0.555020,0.516438,0.477753,-0.216559,-0.208830,0.825375
1677104449,898608767,0.280355,0.554778,0.515957,0.477346,-0.217178,-0.209996,0.825152
1677104449,908363846,0.280581,0.554493,0.515405,0.476931,-0.217354,-0.210959,0.825100
1677104449,918273574,0.280984,0.554121,0.514759,0.476398,-0.218367,-0.211261,0.825063
1677104449,928701317,0.281732,0.554428,0.513543,0.480293,-0.219228,-0.211027,0.822633
1677104449,938491121,0.282380,0.554220,0.512485,0.480776,-0.219814,-0.210678,0.822284
1677104449,948015673,0.282930,0.554092,0.511276,0.481342,-0.220371,-0.211458,0.821603
1677104449,958023241,0.283350,0.553781,0.509991,0.480916,-0.220056,-0.212295,0.821721
1677104449,968868838,0.283991,0.553552,0.508456,0.481623,-0.220227,-0.212645,0.821170
1677104449,978239994,0.284627,0.553373,0.506706,0.482861,-0.220962,-0.213548,0.820011
1677104449,988146665,0.285208,0.552966,0.504835,0.483276,-0.221446,-0.214329,0.819432
1677104449,998721563,0.285973,0.552399,0.502795,0.483259,-0.223011,-0.214340,0.819015
1677104450,8386188,0.286747,0.552068,0.500377,0.484045,-0.223926,-0.215377,0.818028
1677104450,18612331,0.287669,0.551708,0.497757,0.485053,-0.224354,-0.215733,0.817220
1677104450,28326973,0.288594,0.551248,0.495015,0.485267,-0.225167,-0.217381,0.816432
1677104450,37879339,0.289775,0.550690,0.492103,0.485854,-0.225417,-0.218202,0.815795
1677104450,48010688,0.290967,0.550228,0.489013,0.487414,-0.224426,-0.219781,0.814713
1677104450,58349955,0.292329,0.549676,0.485749,0.489355,-0.223127,-0.221373,0.813474
1677104450,67804666,0.293553,0.549080,0.482446,0.491364,-0.221134,-0.224197,0.812033
1677104450,78801126,0.295049,0.548388,0.479012,0.493814,-0.219576,-0.226195,0.810414
1677104450,88642492,0.296498,0.547604,0.475519,0.495838,-0.217615,-0.228515,0.809055
1677104450,98638407,0.298110,0.547034,0.471795,0.498969,-0.215805,-0.230500,0.807049
1677104450,108751241,0.299580,0.546258,0.468130,0.500419,-0.213913,-0.232524,0.806074
1677104450,118403745,0.300934,0.545670,0.464361,0.502498,-0.212394,-0.235039,0.804451
1677104450,128918495,0.302221,0.545015,0.460648,0.504272,-0.211278,-0.236652,0.803160
1677104450,138524430,0.303494,0.544405,0.456913,0.506698,-0.211062,-0.237667,0.801389
1677104450,148564272,0.304710,0.544137,0.453037,0.510779,-0.210603,-0.238240,0.798744
1677104450,157914376,0.305323,0.543097,0.449635,0.509887,-0.211182,-0.239271,0.798854
1677104450,168430978,0.306261,0.542500,0.445924,0.511466,-0.212464,-0.239145,0.797541
1677104450,177924223,0.306947,0.542167,0.442163,0.513719,-0.212508,-0.239067,0.796103
1677104450,188022478,0.307693,0.541955,0.438338,0.516170,-0.212645,-0.238950,0.794514
1677104450,198639685,0.308373,0.541647,0.434538,0.517389,-0.212864,-0.239050,0.793632
1677104450,208600469,0.309183,0.541421,0.430694,0.518968,-0.212668,-0.238352,0.792864
1677104450,218365200,0.309994,0.541276,0.426836,0.520910,-0.212496,-0.237865,0.791782
1677104450,228395392,0.310687,0.541166,0.422953,0.522913,-0.211757,-0.237404,0.790797
1677104450,238600770,0.311415,0.540978,0.419076,0.524387,-0.211972,-0.237339,0.789783
1677104450,248684146,0.312061,0.540923,0.415152,0.526433,-0.211145,-0.237101,0.788713
1677104450,258632699,0.312920,0.540822,0.411239,0.528538,-0.212097,-0.236802,0.787139
1677104450,268210446,0.313583,0.540801,0.407271,0.530797,-0.211426,-0.236640,0.785847
1677104450,278591519,0.314410,0.540828,0.403232,0.533495,-0.211471,-0.236346,0.784094
1677104450,288396874,0.315099,0.540959,0.399108,0.536312,-0.210873,-0.237077,0.782110
1677104450,298368627,0.315953,0.540986,0.394991,0.538507,-0.210322,-0.236742,0.780851
1677104450,308160770,0.316779,0.541047,0.390792,0.540081,-0.209899,-0.237850,0.779540
1677104450,318256549,0.317559,0.541553,0.386585,0.542744,-0.208380,-0.237672,0.778151
1677104450,328817403,0.318449,0.542109,0.382180,0.545195,-0.207166,-0.237027,0.776958
1677104450,338934500,0.319349,0.542924,0.377615,0.546870,-0.206113,-0.236783,0.776134
1677104450,348659819,0.320205,0.543730,0.372935,0.546921,-0.204975,-0.236728,0.776416
1677104450,358460048,0.321206,0.544658,0.368170,0.546917,-0.204264,-0.236604,0.776645
1677104450,368069065,0.322177,0.545590,0.363368,0.546851,-0.203223,-0.237032,0.776833
1677104450,378320011,0.323321,0.546499,0.358515,0.547260,-0.202758,-0.237220,0.776609
1677104450,388221776,0.324289,0.547328,0.353666,0.547304,-0.202448,-0.238757,0.776189
1677104450,398011506,0.325408,0.548169,0.348777,0.548093,-0.201859,-0.240037,0.775390
1677104450,408032606,0.326541,0.549047,0.343914,0.549215,-0.200388,-0.241024,0.774671
1677104450,418204803,0.327792,0.550027,0.339043,0.550972,-0.199017,-0.241738,0.773554
1677104450,428226333,0.328996,0.550987,0.334177,0.552604,-0.197213,-0.242579,0.772587
1677104450,437983954,0.330122,0.551737,0.329267,0.553014,-0.195437,-0.243844,0.772347
1677104450,448696150,0.331209,0.552950,0.324140,0.554485,-0.191941,-0.244449,0.771978
1677104450,458210617,0.332605,0.554119,0.318988,0.554988,-0.190886,-0.245000,0.771703
1677104450,467598795,0.333693,0.555471,0.313734,0.555370,-0.185323,-0.244296,0.773006
1677104450,477720685,0.335272,0.556517,0.308536,0.553090,-0.185850,-0.247006,0.773653
1677104450,488145042,0.336549,0.557791,0.303378,0.552401,-0.182826,-0.249529,0.774056
1677104450,497805340,0.338025,0.559161,0.298254,0.552815,-0.180665,-0.250791,0.773860
1677104450,508217549,0.339256,0.560527,0.293267,0.552548,-0.177655,-0.252667,0.774137
1677104450,518380817,0.340545,0.561717,0.288474,0.551617,-0.175378,-0.253307,0.775111
1677104450,528958990,0.341801,0.563194,0.283690,0.551514,-0.173848,-0.253994,0.775304
1677104450,538915427,0.343018,0.564968,0.278941,0.552751,-0.170104,-0.253335,0.775469
1677104450,548211051,0.344041,0.566467,0.274487,0.551626,-0.170193,-0.254072,0.776009
1677104450,558834836,0.344906,0.568153,0.270081,0.551404,-0.168302,-0.253995,0.776605
1677104450,568530823,0.345345,0.570025,0.265687,0.550866,-0.162168,-0.253514,0.778447
1677104450,578851975,0.346628,0.571263,0.261504,0.546931,-0.167748,-0.254086,0.779851
1677104450,588462053,0.347941,0.572942,0.256946,0.542817,-0.168241,-0.252472,0.783136
1677104450,598445722,0.348899,0.575342,0.252503,0.542549,-0.165152,-0.254163,0.783433
1677104450,608344394,0.350012,0.577162,0.248209,0.539238,-0.163849,-0.254602,0.785846
1677104450,618083500,0.351274,0.578937,0.244027,0.537012,-0.162382,-0.254363,0.787750
1677104450,628562629,0.352443,0.580523,0.240084,0.535054,-0.161650,-0.254621,0.789148
1677104450,638528488,0.353344,0.582304,0.236369,0.534894,-0.160471,-0.257005,0.788724
1677104450,648868965,0.354226,0.583780,0.232926,0.535079,-0.160112,-0.258122,0.788307
1677104450,658323507,0.354998,0.584992,0.229719,0.534591,-0.159580,-0.258300,0.788687
1677104450,668868033,0.355749,0.586497,0.226549,0.535202,-0.160057,-0.258994,0.787948
1677104450,678621354,0.356487,0.587748,0.223474,0.533742,-0.158759,-0.257878,0.789565
1677104450,687873227,0.357183,0.589327,0.220363,0.531931,-0.160368,-0.259159,0.790043
1677104450,697981734,0.358198,0.591161,0.217209,0.531037,-0.162135,-0.259137,0.790291
1677104450,708237389,0.359131,0.592887,0.214188,0.528927,-0.162834,-0.259210,0.791538
1677104450,718319790,0.360004,0.594617,0.211291,0.526687,-0.163126,-0.259895,0.792745
1677104450,728560168,0.360797,0.596463,0.208426,0.525606,-0.161557,-0.260223,0.793676
1677104450,738969143,0.361717,0.597905,0.205937,0.523825,-0.163682,-0.260837,0.794216
1677104450,748443471,0.362573,0.599366,0.203511,0.522814,-0.164385,-0.261204,0.794617
1677104450,758269456,0.363606,0.601155,0.201032,0.522943,-0.166554,-0.262247,0.793736
1677104450,768887886,0.364527,0.602568,0.198807,0.521903,-0.166001,-0.262143,0.794570
1677104450,778356088,0.365595,0.604102,0.196546,0.520392,-0.166015,-0.262539,0.795428
1677104450,788711404,0.366682,0.605711,0.194290,0.518120,-0.166172,-0.263065,0.796703
1677104450,798769868,0.367720,0.607491,0.192039,0.516076,-0.165764,-0.264141,0.797758
1677104450,808994168,0.368779,0.609092,0.189844,0.513719,-0.165228,-0.264479,0.799277
1677104450,818451944,0.369839,0.610621,0.187816,0.512500,-0.164576,-0.264359,0.800233
1677104450,828925252,0.370677,0.612225,0.185910,0.512474,-0.163251,-0.265100,0.800276
1677104450,838371996,0.371594,0.613530,0.184217,0.511938,-0.162394,-0.264832,0.800882
1677104450,848272060,0.372445,0.614780,0.182591,0.511476,-0.161615,-0.265046,0.801264
1677104450,858843680,0.373296,0.616069,0.181157,0.511399,-0.160911,-0.265466,0.801316
1677104450,868619772,0.373659,0.616930,0.180379,0.513614,-0.159908,-0.264544,0.800404
1677104450,878483146,0.373881,0.617871,0.179723,0.516635,-0.161328,-0.263761,0.798431
1677104450,888624234,0.374353,0.618847,0.178974,0.516654,-0.162445,-0.262639,0.798562
1677104450,899264311,0.374749,0.620061,0.178203,0.516331,-0.162258,-0.262325,0.798912
1677104450,908622404,0.374878,0.621226,0.177614,0.516464,-0.161355,-0.261651,0.799230
1677104450,918578428,0.375325,0.622326,0.177086,0.516244,-0.163188,-0.259843,0.799589
1677104450,928561873,0.375451,0.623397,0.176650,0.514961,-0.163849,-0.259249,0.800474
1677104450,938207438,0.375696,0.624532,0.176202,0.514521,-0.164418,-0.257930,0.801066
1677104450,948173829,0.375950,0.625485,0.175830,0.513362,-0.164894,-0.256720,0.802100
1677104450,957888053,0.376287,0.626567,0.175413,0.512182,-0.165482,-0.256088,0.802935
1677104450,968680758,0.376541,0.627441,0.175123,0.510273,-0.165509,-0.255416,0.804357
1677104450,978724717,0.376648,0.628291,0.174876,0.508090,-0.165021,-0.255050,0.805954
1677104450,988325247,0.376905,0.629176,0.174581,0.506672,-0.165083,-0.254372,0.807048
1677104450,998770816,0.377275,0.630003,0.174273,0.506024,-0.165609,-0.253802,0.807526
1677104451,8563923,0.377533,0.630508,0.174043,0.505063,-0.165025,-0.253698,0.808279
1677104451,18331725,0.377757,0.630736,0.173905,0.503932,-0.164955,-0.254745,0.808670
1677104451,28434699,0.378131,0.630942,0.173758,0.504015,-0.164775,-0.255839,0.808309
1677104451,38683396,0.378632,0.630991,0.173700,0.504134,-0.165068,-0.257225,0.807735
1677104451,48699489,0.378940,0.630906,0.173746,0.503713,-0.164365,-0.259079,0.807549
1677104451,59272980,0.379234,0.630862,0.173819,0.503006,-0.164158,-0.261540,0.807239
1677104451,67837960,0.379700,0.630938,0.173837,0.502676,-0.164434,-0.262815,0.806974
1677104451,77662793,0.380138,0.631143,0.173802,0.502045,-0.164566,-0.263770,0.807028
1677104451,88002506,0.380324,0.631452,0.173758,0.500836,-0.164611,-0.264692,0.807468
1677104451,98499457,0.380417,0.631825,0.173679,0.499771,-0.163705,-0.263968,0.808548
1677104451,108659755,0.380390,0.632280,0.173588,0.498834,-0.164268,-0.263563,0.809145
1677104451,118229140,0.380305,0.632616,0.173554,0.498091,-0.164815,-0.262024,0.809990
1677104451,128395580,0.380112,0.632872,0.173581,0.497001,-0.165630,-0.261122,0.810785
1677104451,137873723,0.379899,0.632905,0.173707,0.495492,-0.165807,-0.260247,0.811953
1677104451,148612189,0.379902,0.633003,0.173758,0.495179,-0.167126,-0.259648,0.812065
1677104451,158661378,0.380027,0.633113,0.173772,0.495902,-0.168095,-0.259252,0.811550
1677104451,168907255,0.380088,0.632967,0.173787,0.495731,-0.168196,-0.259423,0.811579
1677104451,177950887,0.380197,0.632774,0.173768,0.495910,-0.167458,-0.260147,0.811391
1677104451,187924869,0.380433,0.632730,0.173626,0.497316,-0.166661,-0.260721,0.810509
1677104451,198077476,0.380601,0.632425,0.173600,0.497875,-0.165719,-0.261068,0.810248
1677104451,208237860,0.380678,0.632204,0.173559,0.498943,-0.165346,-0.261552,0.809510
1677104451,218231671,0.380720,0.631785,0.173594,0.499337,-0.164795,-0.261005,0.809557
1677104451,228243623,0.380839,0.631618,0.173545,0.500951,-0.164598,-0.260386,0.808798
1677104451,237918618,0.380614,0.631244,0.173602,0.500635,-0.164192,-0.261200,0.808814
1677104451,248590146,0.380731,0.631032,0.173572,0.501453,-0.163961,-0.260792,0.808486
1677104451,258813543,0.380759,0.630974,0.173505,0.502785,-0.163552,-0.260905,0.807704
1677104451,268265511,0.380940,0.630753,0.173447,0.503182,-0.163785,-0.260604,0.807507
1677104451,278577779,0.381085,0.630783,0.173320,0.503901,-0.163280,-0.260880,0.807072
1677104451,288620816,0.381216,0.630802,0.173212,0.503986,-0.162798,-0.260907,0.807107
1677104451,298433323,0.381377,0.630937,0.173092,0.503860,-0.162722,-0.260497,0.807334
1677104451,308134330,0.381386,0.631181,0.172933,0.503556,-0.162179,-0.260053,0.807776
1677104451,318271313,0.381472,0.631496,0.172773,0.503230,-0.162828,-0.258888,0.808222
1677104451,328248947,0.381367,0.631885,0.172635,0.503143,-0.162953,-0.257842,0.808586
1677104451,338077859,0.381211,0.632077,0.172615,0.502091,-0.162879,-0.256554,0.809664
1677104451,348103279,0.381247,0.632325,0.172508,0.501565,-0.163559,-0.256006,0.810026
1677104451,358631176,0.381378,0.632484,0.172446,0.501049,-0.163785,-0.255636,0.810417
1677104451,368789631,0.381458,0.632648,0.172401,0.500939,-0.163244,-0.256546,0.810306
1677104451,378680477,0.381819,0.632658,0.172309,0.500891,-0.163724,-0.257181,0.810037
1677104451,388532487,0.382131,0.632691,0.172267,0.501412,-0.163533,-0.257876,0.809532
1677104451,398703120,0.382375,0.632646,0.172206,0.501821,-0.163338,-0.258694,0.809057
1677104451,408614096,0.382623,0.632478,0.172156,0.502078,-0.163395,-0.258967,0.808799
1677104451,418648083,0.382658,0.632244,0.172141,0.502339,-0.162347,-0.259511,0.808673
1677104451,428615168,0.382852,0.632057,0.172119,0.503308,-0.162369,-0.259852,0.807957
1677104451,438393539,0.382936,0.631610,0.172207,0.503427,-0.161732,-0.260204,0.807897
1677104451,448714733,0.383251,0.631522,0.172117,0.504944,-0.161741,-0.261141,0.806645
1677104451,458918902,0.383418,0.631351,0.172119,0.505355,-0.160507,-0.262054,0.806339
1677104451,468463563,0.383790,0.631259,0.172047,0.505563,-0.160766,-0.262354,0.806059
1677104451,477690626,0.383887,0.631258,0.171967,0.505311,-0.160072,-0.263066,0.806123
1677104451,487729471,0.383949,0.631358,0.171874,0.505152,-0.159744,-0.263007,0.806307
1677104451,498132793,0.384051,0.631507,0.171783,0.505201,-0.160615,-0.262375,0.806309
1677104451,508508861,0.384048,0.631707,0.171707,0.505688,-0.161150,-0.261224,0.806271
1677104451,518540122,0.383941,0.631811,0.171676,0.505318,-0.161376,-0.259855,0.806900
1677104451,528907872,0.383938,0.632001,0.171577,0.505652,-0.161953,-0.258176,0.807114
1677104451,538386874,0.383776,0.632152,0.171543,0.505784,-0.162307,-0.257565,0.807155
1677104451,548074376,0.383631,0.632153,0.171509,0.506004,-0.162134,-0.256945,0.807249
1677104451,557830868,0.383719,0.632086,0.171418,0.506749,-0.162355,-0.256222,0.806968
1677104451,568463266,0.383786,0.631985,0.171355,0.507587,-0.161795,-0.256320,0.806522
1677104451,578530042,0.384140,0.631842,0.171232,0.509164,-0.162173,-0.255959,0.805566
1677104451,587807530,0.384328,0.631557,0.171156,0.510201,-0.161343,-0.256355,0.804951
1677104451,598490999,0.384518,0.631232,0.171099,0.510988,-0.161028,-0.257050,0.804292
1677104451,608930262,0.384736,0.631125,0.170969,0.512789,-0.159820,-0.256811,0.803463
1677104451,618580473,0.384997,0.631057,0.170787,0.514183,-0.160275,-0.256982,0.802426
1677104451,628762575,0.385090,0.631031,0.170637,0.515154,-0.159905,-0.256726,0.801959
1677104451,638326659,0.385244,0.631078,0.170508,0.516114,-0.159935,-0.255586,0.801700
1677104451,648321303,0.385340,0.631208,0.170346,0.517267,-0.159983,-0.253868,0.801493
1677104451,658781081,0.385195,0.631374,0.170274,0.517738,-0.159462,-0.252931,0.801589
1677104451,668590028,0.385176,0.631550,0.170188,0.518368,-0.159780,-0.251500,0.801569
1677104451,678696275,0.385137,0.631675,0.170096,0.518746,-0.159285,-0.250168,0.801840
1677104451,688182665,0.385151,0.632064,0.169994,0.519970,-0.158699,-0.249400,0.801402
1677104451,698953655,0.385107,0.632277,0.169973,0.520154,-0.157766,-0.248878,0.801629
1677104451,708803194,0.385489,0.632520,0.169936,0.520592,-0.158547,-0.246979,0.801778
1677104451,717646183,0.385714,0.632920,0.169870,0.521068,-0.158881,-0.245933,0.801725
1677104451,727816585,0.385880,0.633261,0.169855,0.521304,-0.158752,-0.244322,0.802089
1677104451,738042640,0.385965,0.633708,0.169810,0.521893,-0.158851,-0.242997,0.802089
1677104451,747746783,0.386044,0.634070,0.169818,0.522468,-0.158656,-0.241095,0.802327
1677104451,757862837,0.386144,0.634454,0.169779,0.522804,-0.158898,-0.239665,0.802489
1677104451,768573116,0.386365,0.634946,0.169653,0.523962,-0.158720,-0.238405,0.802144
1677104451,778191619,0.386481,0.635156,0.169656,0.523462,-0.157730,-0.237349,0.802979
1677104451,788201195,0.386795,0.635608,0.169566,0.524173,-0.157713,-0.236699,0.802710
1677104451,799013953,0.386923,0.635986,0.169539,0.524167,-0.156483,-0.236583,0.802988
1677104451,808564377,0.387357,0.636498,0.169475,0.525131,-0.156493,-0.235333,0.802724
1677104451,817774605,0.387638,0.636914,0.169441,0.525435,-0.156481,-0.234724,0.802706
1677104451,828152858,0.387821,0.637309,0.169450,0.525794,-0.155393,-0.233649,0.802996
1677104451,838250763,0.388202,0.637598,0.169492,0.525632,-0.155528,-0.232184,0.803501
1677104451,848739197,0.388421,0.638059,0.169505,0.526256,-0.154783,-0.231518,0.803428
1677104451,858698993,0.388710,0.638468,0.169505,0.527006,-0.153962,-0.230334,0.803434
1677104451,868070924,0.389028,0.638778,0.169511,0.527341,-0.153474,-0.229491,0.803549
1677104451,878217970,0.389350,0.639133,0.169494,0.527680,-0.152689,-0.228699,0.803702
1677104451,888464907,0.389736,0.639574,0.169441,0.528393,-0.151996,-0.227903,0.803591
1677104451,898472025,0.389987,0.640119,0.169361,0.529198,-0.151062,-0.227812,0.803263
1677104451,908940230,0.390393,0.640456,0.169401,0.529057,-0.150862,-0.226371,0.803800
1677104451,919110586,0.390701,0.641013,0.169309,0.529765,-0.150521,-0.225356,0.803683
1677104451,928600759,0.390924,0.641487,0.169280,0.529692,-0.150158,-0.223918,0.804201
1677104451,938404105,0.391179,0.642171,0.169138,0.530769,-0.149753,-0.222527,0.803953
1677104451,948365585,0.391386,0.642626,0.169089,0.531103,-0.149398,-0.221101,0.804191
1677104451,957758270,0.391570,0.643003,0.169102,0.531195,-0.149179,-0.219910,0.804498
1677104451,967815422,0.391852,0.643501,0.169073,0.532189,-0.148251,-0.218701,0.804342
1677104451,977674613,0.392232,0.643940,0.168991,0.532890,-0.147691,-0.217970,0.804180
1677104451,987731187,0.392531,0.644343,0.168964,0.533198,-0.146668,-0.217923,0.804175
1677104451,997872649,0.392925,0.644662,0.168934,0.533521,-0.145366,-0.217396,0.804340
1677104452,8243300,0.393450,0.645038,0.168962,0.534070,-0.145421,-0.217456,0.803949
1677104452,18558488,0.393798,0.645314,0.169021,0.534336,-0.144289,-0.217255,0.804031
1677104452,28473816,0.394210,0.645698,0.169035,0.534997,-0.143313,-0.217087,0.803811
1677104452,38313355,0.394579,0.646032,0.169055,0.534904,-0.142812,-0.217459,0.803862
1677104452,48848940,0.395227,0.646560,0.169025,0.535862,-0.142529,-0.216704,0.803478
1677104452,58607755,0.395461,0.646861,0.169125,0.534884,-0.140843,-0.217009,0.804344
1677104452,68341561,0.396090,0.647502,0.169075,0.535636,-0.140871,-0.216129,0.804076
1677104452,78614515,0.396415,0.648058,0.169128,0.535427,-0.139692,-0.215659,0.804546
1677104452,88496402,0.396829,0.648512,0.169197,0.535119,-0.139464,-0.214671,0.805055
1677104452,98631852,0.397104,0.648983,0.169267,0.535091,-0.138356,-0.213572,0.805557
1677104452,108683600,0.397337,0.649408,0.169332,0.534939,-0.137512,-0.213500,0.805822
1677104452,118672032,0.397822,0.649796,0.169394,0.534872,-0.137120,-0.212716,0.806140
1677104452,128700694,0.398337,0.650142,0.169420,0.535184,-0.136506,-0.212229,0.806166
1677104452,138506040,0.398798,0.650349,0.169463,0.535124,-0.135592,-0.212678,0.806241
1677104452,149016822,0.399366,0.650463,0.169540,0.535252,-0.134662,-0.212730,0.806298
1677104452,158132301,0.399807,0.650697,0.169525,0.535910,-0.133199,-0.214148,0.805729
1677104452,168683830,0.400393,0.650785,0.169486,0.536351,-0.132061,-0.214505,0.805528
1677104452,178236166,0.400936,0.651024,0.169397,0.537742,-0.130991,-0.215073,0.804623
1677104452,188345633,0.401304,0.651000,0.169348,0.538033,-0.129701,-0.215668,0.804479
1677104452,198562951,0.401738,0.651078,0.169254,0.538959,-0.128370,-0.215171,0.804205
1677104452,209018123,0.402226,0.651437,0.169053,0.541254,-0.127517,-0.214379,0.803010
1677104452,218475900,0.402457,0.651544,0.168948,0.542285,-0.125861,-0.213617,0.802779
1677104452,228202833,0.402717,0.651612,0.168872,0.542993,-0.124746,-0.212651,0.802731
1677104452,238458490,0.402966,0.651716,0.168817,0.543594,-0.123826,-0.212046,0.802626
1677104452,248815007,0.403292,0.651906,0.168731,0.544117,-0.123092,-0.211148,0.802622
1677104452,258541451,0.403672,0.652162,0.168675,0.544636,-0.122865,-0.210536,0.802465
1677104452,268571201,0.403858,0.652413,0.168650,0.544853,-0.121496,-0.209981,0.802672
1677104452,278454289,0.404148,0.652699,0.168682,0.545034,-0.121125,-0.209104,0.802834
1677104452,288176678,0.404365,0.653077,0.168667,0.545662,-0.120412,-0.207960,0.802811
1677104452,298445603,0.404784,0.653398,0.168579,0.546341,-0.121017,-0.206138,0.802729
1677104452,309043501,0.405021,0.653712,0.168500,0.546630,-0.119904,-0.204454,0.803130
1677104452,318108558,0.405313,0.654073,0.168402,0.547312,-0.119327,-0.202787,0.803174
1677104452,328678869,0.405502,0.654549,0.168291,0.548318,-0.117595,-0.200995,0.803193
1677104452,338872283,0.405810,0.654880,0.168222,0.548471,-0.116285,-0.198713,0.803847
1677104452,348340237,0.406007,0.655494,0.168182,0.550074,-0.114879,-0.196784,0.803429
1677104452,358983976,0.406253,0.655832,0.168217,0.550489,-0.114615,-0.193932,0.803876
1677104452,369170440,0.406303,0.656275,0.168233,0.550316,-0.114171,-0.191901,0.804544
1677104452,378798019,0.406347,0.656698,0.168296,0.549838,-0.113329,-0.189007,0.805674
1677104452,388138573,0.406283,0.657117,0.168382,0.549567,-0.112880,-0.186767,0.806444
1677104452,398487913,0.406315,0.657445,0.168501,0.549144,-0.112764,-0.184250,0.807327
1677104452,408603651,0.406403,0.657789,0.168552,0.548656,-0.112477,-0.182164,0.808172
1677104452,418602057,0.406524,0.658132,0.168561,0.547911,-0.112265,-0.180776,0.809018
1677104452,429091851,0.406779,0.658402,0.168613,0.547512,-0.111820,-0.178684,0.809814
1677104452,438481776,0.406922,0.658716,0.168618,0.547648,-0.110315,-0.177585,0.810170
1677104452,448718009,0.407143,0.658984,0.168680,0.547667,-0.110200,-0.177551,0.810180
1677104452,458803850,0.407570,0.659169,0.168649,0.547615,-0.109566,-0.176294,0.810576
1677104452,468623455,0.407903,0.659264,0.168699,0.547344,-0.108198,-0.175404,0.811136
1677104452,478835483,0.408191,0.659488,0.168691,0.547994,-0.107343,-0.176156,0.810648
1677104452,488278635,0.408709,0.659579,0.168715,0.548362,-0.106872,-0.175780,0.810542
1677104452,499013134,0.409091,0.659639,0.168719,0.547947,-0.105376,-0.176013,0.810968
1677104452,508562064,0.409691,0.659916,0.168652,0.548718,-0.104805,-0.175986,0.810527
1677104452,518119334,0.410086,0.659962,0.168689,0.548658,-0.103600,-0.176183,0.810679
1677104452,528076555,0.410569,0.660169,0.168670,0.549840,-0.102566,-0.175461,0.810166
1677104452,538183796,0.410910,0.660339,0.168615,0.550502,-0.100863,-0.174556,0.810126
1677104452,547805236,0.411210,0.660560,0.168557,0.551102,-0.099601,-0.173640,0.810071
1677104452,558341054,0.411434,0.660707,0.168508,0.551150,-0.097878,-0.172187,0.810559
1677104452,568795205,0.411911,0.661020,0.168459,0.552165,-0.097108,-0.169412,0.810545
1677104452,579186069,0.412108,0.661373,0.168419,0.552884,-0.095478,-0.167257,0.810696
1677104452,589050087,0.412330,0.661814,0.168335,0.553383,-0.094291,-0.164961,0.810965
1677104452,598810669,0.412481,0.662262,0.168281,0.553790,-0.092465,-0.162229,0.811448
1677104452,608493609,0.412763,0.662761,0.168282,0.554026,-0.091911,-0.159305,0.811930
1677104452,618829310,0.413054,0.663297,0.168272,0.554747,-0.091334,-0.155938,0.812156
1677104452,628883245,0.413178,0.663773,0.168330,0.554242,-0.090274,-0.153182,0.813143
1677104452,638464756,0.413524,0.664382,0.168338,0.554398,-0.089363,-0.149284,0.813862
1677104452,648973302,0.413511,0.665064,0.168323,0.554659,-0.087570,-0.146683,0.814352
1677104452,658502124,0.413668,0.665678,0.168280,0.555338,-0.086914,-0.143226,0.814574
1677104452,668679257,0.413673,0.666109,0.168304,0.555351,-0.085244,-0.139584,0.815374
1677104452,678752368,0.413838,0.666619,0.168339,0.556060,-0.084967,-0.136149,0.815501
1677104452,688742029,0.413901,0.667005,0.168340,0.556048,-0.083514,-0.133092,0.816163
1677104452,698532931,0.414102,0.667319,0.168408,0.555744,-0.080536,-0.129347,0.817271
1677104452,708325702,0.414298,0.667839,0.168459,0.555432,-0.079120,-0.127487,0.817914
1677104452,718589326,0.414756,0.668362,0.168482,0.555009,-0.078798,-0.125725,0.818504
1677104452,728649948,0.415126,0.668811,0.168584,0.553822,-0.077239,-0.123841,0.819743
1677104452,738542005,0.415449,0.669552,0.168659,0.553880,-0.075780,-0.122632,0.820022
1677104452,749148425,0.415853,0.670201,0.168757,0.553517,-0.075409,-0.121246,0.820507
1677104452,759024688,0.416253,0.670919,0.168847,0.553108,-0.074704,-0.119556,0.821095
1677104452,768737426,0.416527,0.671771,0.168882,0.553043,-0.073325,-0.117700,0.821531
1677104452,778920176,0.416664,0.672481,0.168934,0.551996,-0.071496,-0.115799,0.822666
1677104452,788811353,0.416891,0.673418,0.168945,0.552199,-0.070471,-0.113163,0.822985
1677104452,799166135,0.417005,0.674243,0.168973,0.552253,-0.069828,-0.110634,0.823347
1677104452,809272099,0.417229,0.675059,0.168997,0.552538,-0.069873,-0.107225,0.823603
1677104452,818579986,0.417119,0.675687,0.169053,0.551891,-0.068592,-0.104206,0.824532
1677104452,828902563,0.417004,0.676343,0.169111,0.551373,-0.068071,-0.101947,0.825204
1677104452,838744766,0.417031,0.676886,0.169176,0.550495,-0.067333,-0.098248,0.826298
1677104452,848940387,0.417109,0.677635,0.169201,0.550656,-0.066803,-0.094972,0.826617
1677104452,858361709,0.417021,0.678342,0.169204,0.550233,-0.065909,-0.092867,0.827209
1677104452,868361566,0.417269,0.679105,0.169199,0.549912,-0.065417,-0.089685,0.827813
1677104452,878497331,0.417269,0.679845,0.169237,0.549274,-0.064254,-0.088072,0.828501
1677104452,888660877,0.417434,0.680620,0.169270,0.549061,-0.063307,-0.085931,0.828939
1677104452,898287024,0.417655,0.681381,0.169281,0.549105,-0.062501,-0.083623,0.829207
1677104452,908748941,0.417739,0.682248,0.169250,0.549739,-0.060856,-0.081680,0.829103
1677104452,918275130,0.417915,0.683024,0.169194,0.550447,-0.060189,-0.079071,0.828935
1677104452,927985000,0.417904,0.683730,0.169099,0.551404,-0.059037,-0.076678,0.828606
1677104452,938162845,0.417930,0.684477,0.168940,0.553103,-0.058161,-0.073156,0.827854
1677104452,948282038,0.417217,0.684900,0.168851,0.553063,-0.053919,-0.070903,0.828364
1677104452,958460289,0.417070,0.685408,0.168762,0.553748,-0.053680,-0.067867,0.828176
1677104452,969238233,0.416730,0.685702,0.168761,0.553311,-0.052834,-0.065426,0.828719
1677104452,978674578,0.416707,0.686259,0.168680,0.554167,-0.053053,-0.062276,0.828376
1677104452,989059393,0.416521,0.686607,0.168711,0.553746,-0.052298,-0.060022,0.828871
1677104452,998539769,0.416447,0.687104,0.168695,0.553970,-0.051853,-0.058174,0.828881
1677104453,8879336,0.416481,0.687473,0.168705,0.553837,-0.051334,-0.056598,0.829112
1677104453,18104620,0.416712,0.687879,0.168704,0.554277,-0.051130,-0.054764,0.828953
1677104453,28152166,0.416708,0.688133,0.168706,0.553947,-0.049868,-0.054180,0.829289
1677104453,38266825,0.416979,0.688493,0.168671,0.554286,-0.049568,-0.053028,0.829155
1677104453,49025154,0.417163,0.688794,0.168664,0.554686,-0.048472,-0.052164,0.829007
1677104453,58833468,0.417315,0.689069,0.168698,0.554860,-0.047402,-0.051429,0.828998
1677104453,69053431,0.417394,0.689464,0.168670,0.555567,-0.046021,-0.050873,0.828637
1677104453,78796362,0.417601,0.689802,0.168652,0.555734,-0.045036,-0.049339,0.828672
1677104453,88860437,0.417641,0.690149,0.168601,0.555828,-0.044016,-0.048108,0.828736
1677104453,99533259,0.417659,0.690495,0.168570,0.556342,-0.042908,-0.046145,0.828561
1677104453,109107851,0.417606,0.690659,0.168572,0.556284,-0.041912,-0.043791,0.828778
1677104453,118986109,0.417331,0.690947,0.168537,0.556768,-0.040351,-0.042141,0.828617
1677104453,129173504,0.417275,0.691210,0.168473,0.557103,-0.039421,-0.038960,0.828592
1677104453,138597440,0.417056,0.691492,0.168407,0.557375,-0.038930,-0.036700,0.828535
1677104453,148442532,0.416814,0.691734,0.168317,0.557696,-0.037672,-0.033807,0.828500
1677104453,158710889,0.417281,0.692622,0.168217,0.561228,-0.038745,-0.027178,0.826307
1677104453,169043301,0.417075,0.692802,0.168106,0.561334,-0.037996,-0.023720,0.826377
1677104453,178290683,0.416857,0.693020,0.168082,0.561558,-0.037516,-0.020572,0.826330
1677104453,188803827,0.416624,0.693314,0.167999,0.562353,-0.036990,-0.017620,0.825881
1677104453,198483607,0.416464,0.693507,0.167951,0.562641,-0.036315,-0.014261,0.825780
1677104453,208318186,0.416289,0.693629,0.167861,0.562409,-0.035426,-0.011343,0.826022
1677104453,218439364,0.416224,0.693859,0.167779,0.562616,-0.035207,-0.008782,0.825921
1677104453,228783610,0.416244,0.694075,0.167717,0.562716,-0.034541,-0.005621,0.825909
1677104453,238836719,0.416193,0.694452,0.167649,0.563544,-0.033795,-0.003381,0.825387
1677104453,248465115,0.416066,0.694666,0.167633,0.563498,-0.033002,-0.001543,0.825456
1677104453,258850137,0.416061,0.694788,0.167613,0.562975,-0.032190,0.001153,0.825846
1677104453,268666597,0.415961,0.695062,0.167547,0.563471,-0.031227,0.003420,0.825539
1677104453,278464949,0.415849,0.695300,0.167557,0.564156,-0.030687,0.005403,0.825080
1677104453,288800660,0.415981,0.695407,0.167599,0.564338,-0.030620,0.008579,0.824931
1677104453,299005915,0.415729,0.695578,0.167614,0.564785,-0.029250,0.010096,0.824658
1677104453,309170870,0.415543,0.695873,0.167576,0.565336,-0.028114,0.011531,0.824301
1677104453,317926151,0.415598,0.696888,0.167244,0.569179,-0.027058,0.013899,0.821651
1677104453,328101075,0.415587,0.697315,0.167097,0.569504,-0.026384,0.015866,0.821412
1677104453,338450720,0.415504,0.697778,0.166920,0.570448,-0.025317,0.017549,0.820756
1677104453,348221233,0.415458,0.697953,0.166892,0.570601,-0.024666,0.019471,0.820626
1677104453,358552637,0.415291,0.698334,0.166770,0.572281,-0.023531,0.020310,0.819468
1677104453,368639604,0.415268,0.698497,0.166691,0.572672,-0.022431,0.021515,0.819195
1677104453,378668765,0.415306,0.698734,0.166622,0.573067,-0.021367,0.022136,0.818931
1677104453,388936794,0.415428,0.698962,0.166522,0.573732,-0.020441,0.022515,0.818478
1677104453,398528212,0.415569,0.699097,0.166525,0.574357,-0.018870,0.022950,0.818065
1677104453,408549409,0.415791,0.699366,0.166459,0.575510,-0.017532,0.023536,0.817268
1677104453,418430411,0.415922,0.699641,0.166382,0.576192,-0.015943,0.022893,0.816838
1677104453,428505817,0.416078,0.700078,0.166212,0.577122,-0.014091,0.022549,0.816225
1677104453,438620114,0.416295,0.700448,0.166069,0.578250,-0.012056,0.022767,0.815453
1677104453,448906211,0.416405,0.700628,0.165990,0.578985,-0.009942,0.023076,0.814951
1677104453,458698480,0.416431,0.700548,0.165938,0.578870,-0.008784,0.022527,0.815061
1677104453,468552276,0.416631,0.700593,0.165911,0.579320,-0.007723,0.023212,0.814733
1677104453,478762991,0.416705,0.700909,0.165786,0.581209,-0.006822,0.023145,0.813397
1677104453,488328687,0.416759,0.700996,0.165750,0.581983,-0.005585,0.023061,0.812855
1677104453,498164072,0.416927,0.701257,0.165666,0.583164,-0.004899,0.023489,0.812000
1677104453,507831725,0.416932,0.701436,0.165599,0.583768,-0.003656,0.023213,0.811581
1677104453,517793080,0.416986,0.701556,0.165537,0.584012,-0.002590,0.023491,0.811401
1677104453,528495405,0.417001,0.701735,0.165461,0.584737,-0.002064,0.023477,0.810880
1677104453,538188546,0.417053,0.701768,0.165457,0.584438,-0.001312,0.023952,0.811084
1677104453,548184927,0.417041,0.701805,0.165460,0.584146,-0.001084,0.023499,0.811308
1677104453,558275293,0.417040,0.701977,0.165485,0.584070,-0.000558,0.022915,0.811380
1677104453,568230884,0.417193,0.702213,0.165528,0.584002,-0.000338,0.023458,0.811413
1677104453,578616671,0.417192,0.702503,0.165545,0.584135,-0.000046,0.023187,0.811325
1677104453,588332180,0.417145,0.702768,0.165554,0.584090,-0.000022,0.023210,0.811357
1677104453,598670412,0.416981,0.703057,0.165545,0.584225,0.000372,0.023779,0.811243
1677104453,608711293,0.416704,0.703271,0.165539,0.584191,0.001200,0.024827,0.811235
1677104453,618418384,0.416495,0.703462,0.165520,0.584060,0.000881,0.026136,0.811289
1677104453,628747919,0.416274,0.703825,0.165442,0.584838,0.000166,0.028139,0.810662
1677104453,638716898,0.415840,0.703921,0.165434,0.584499,0.000415,0.029506,0.810857
1677104453,648322974,0.415567,0.704213,0.165388,0.585106,-0.000054,0.031402,0.810349
1677104453,658839124,0.415223,0.704454,0.165348,0.585154,0.000298,0.032936,0.810253
1677104453,668364654,0.414996,0.704850,0.165286,0.585833,-0.000058,0.034420,0.809701
1677104453,678317605,0.414638,0.705137,0.165217,0.586157,0.000613,0.035631,0.809414
1677104453,688550162,0.414239,0.705336,0.165147,0.586052,0.001817,0.036596,0.809445
1677104453,698523745,0.413954,0.705795,0.165054,0.587289,0.002370,0.038034,0.808480
1677104453,707971939,0.413798,0.706151,0.164972,0.588199,0.002212,0.039592,0.807743
1677104453,718275558,0.413337,0.706275,0.164941,0.587840,0.003625,0.039815,0.807989
1677104453,727840684,0.413236,0.706431,0.164918,0.587557,0.003302,0.041177,0.808128
1677104453,737855098,0.413166,0.706698,0.164911,0.587775,0.003334,0.042624,0.807894
1677104453,748314602,0.412992,0.706949,0.164875,0.588041,0.003556,0.042942,0.807682
1677104453,758933759,0.412829,0.707291,0.164851,0.588687,0.003892,0.043080,0.807203
1677104453,769346561,0.412723,0.707464,0.164874,0.588345,0.004071,0.043035,0.807454
1677104453,778768142,0.412630,0.707785,0.164883,0.588578,0.005095,0.043904,0.807232
1677104453,788585289,0.412499,0.708091,0.164933,0.588562,0.005675,0.044393,0.807212
1677104453,798454134,0.412204,0.708404,0.164919,0.588726,0.006503,0.044698,0.807070
1677104453,808622677,0.411971,0.708673,0.164882,0.588901,0.006632,0.045553,0.806893
1677104453,818179641,0.411815,0.708930,0.164887,0.589080,0.006621,0.047207,0.806668
1677104453,828034976,0.411476,0.709197,0.164858,0.589274,0.006995,0.048135,0.806468
1677104453,838631424,0.411188,0.709327,0.164845,0.588668,0.006981,0.049093,0.806852
1677104453,848733908,0.410965,0.709752,0.164762,0.589190,0.007114,0.050705,0.806370
1677104453,858717720,0.410670,0.710005,0.164756,0.589021,0.007307,0.051580,0.806437
1677104453,869660230,0.410383,0.710224,0.164728,0.589026,0.007584,0.052239,0.806388
1677104453,878926652,0.410198,0.710483,0.164721,0.588989,0.007814,0.053407,0.806336
1677104453,889399078,0.410042,0.710858,0.164687,0.589526,0.007841,0.054213,0.805890
1677104453,898789268,0.409807,0.711178,0.164614,0.589972,0.008689,0.054724,0.805520
1677104453,908697814,0.409614,0.711398,0.164560,0.590074,0.009603,0.055504,0.805382
1677104453,918512805,0.409310,0.711707,0.164493,0.590562,0.010592,0.055631,0.805002
1677104453,928448305,0.409211,0.711969,0.164437,0.591147,0.010810,0.056562,0.804505
1677104453,938367412,0.408995,0.712098,0.164407,0.591282,0.011318,0.056811,0.804382
1677104453,948227450,0.408848,0.712286,0.164335,0.592002,0.011778,0.057458,0.803799
1677104453,957713365,0.408645,0.712507,0.164231,0.592648,0.012578,0.057784,0.803288
1677104453,968251472,0.408544,0.712642,0.164136,0.592840,0.013055,0.058454,0.803090
1677104453,978335719,0.408355,0.712737,0.164068,0.592969,0.013717,0.058665,0.802968
1677104453,988456871,0.408135,0.712924,0.163992,0.593760,0.014543,0.058919,0.802350
1677104453,997958118,0.408054,0.713023,0.163949,0.594101,0.014329,0.059389,0.802067
1677104454,9097295,0.407948,0.713212,0.163910,0.594560,0.014258,0.059692,0.801705
1677104454,17894165,0.407745,0.713295,0.163849,0.594378,0.014819,0.059807,0.801822
1677104454,28184264,0.407567,0.713502,0.163822,0.594831,0.015122,0.060054,0.801462
1677104454,38259549,0.407436,0.713714,0.163798,0.595682,0.014847,0.060309,0.800816
1677104454,47867439,0.407240,0.713788,0.163777,0.595909,0.015176,0.060716,0.800609
1677104454,58010080,0.406898,0.713987,0.163708,0.596951,0.015862,0.060778,0.799815
1677104454,68131953,0.406666,0.714066,0.163690,0.597123,0.016295,0.061502,0.799622
1677104454,78807533,0.406481,0.714115,0.163657,0.597043,0.016035,0.062055,0.799645
1677104454,88703459,0.406282,0.714483,0.163607,0.598486,0.015329,0.062629,0.798534
1677104454,99065574,0.405866,0.714561,0.163622,0.598308,0.016065,0.062945,0.798628
1677104454,108898209,0.405533,0.714658,0.163628,0.598230,0.015486,0.063685,0.798640
1677104454,118358062,0.405266,0.714950,0.163641,0.598662,0.014553,0.064907,0.798235
1677104454,129279585,0.404726,0.714920,0.163680,0.597876,0.014368,0.065449,0.798783
1677104454,138548528,0.404380,0.715162,0.163711,0.598398,0.013088,0.066992,0.798286
1677104454,148121877,0.403820,0.715267,0.163766,0.598324,0.012613,0.068277,0.798240
1677104454,158497704,0.403272,0.715350,0.163842,0.598144,0.011755,0.069846,0.798253
1677104454,168620723,0.402574,0.715537,0.163846,0.598596,0.011635,0.071473,0.797772
1677104454,178280709,0.401900,0.715739,0.163825,0.598983,0.010598,0.072748,0.797380
1677104454,188724968,0.401328,0.715769,0.163868,0.598661,0.009571,0.074978,0.797428
1677104454,198571521,0.400679,0.715720,0.163942,0.598189,0.008559,0.077033,0.797598
1677104454,207849226,0.400028,0.715605,0.163935,0.597659,0.007763,0.078654,0.797845
1677104454,218012522,0.399415,0.715741,0.163934,0.598158,0.006851,0.080341,0.797311
1677104454,228307445,0.398893,0.715913,0.163897,0.598549,0.006398,0.081900,0.796863
1677104454,238408681,0.398335,0.715933,0.163910,0.598764,0.006259,0.083064,0.796582
1677104454,248929415,0.397890,0.715943,0.163933,0.599208,0.006053,0.084440,0.796105
1677104454,258782655,0.397470,0.715946,0.163953,0.599881,0.005548,0.085365,0.795503
1677104454,268472808,0.397110,0.715839,0.163941,0.600576,0.005425,0.086430,0.794864
1677104454,278638827,0.396718,0.715738,0.163931,0.601918,0.005642,0.087035,0.793781
1677104454,288170090,0.396383,0.715299,0.163902,0.602254,0.006348,0.087778,0.793439
1677104454,297908446,0.396156,0.715026,0.163857,0.603826,0.006695,0.088380,0.792173
1677104454,308841456,0.395983,0.714773,0.163684,0.605556,0.007005,0.088412,0.790845
1677104454,318437706,0.395891,0.714322,0.163527,0.606079,0.007756,0.088328,0.790447
1677104454,328820450,0.395928,0.714027,0.163312,0.607676,0.007610,0.087782,0.789282
1677104454,338504886,0.395968,0.713523,0.163130,0.608701,0.008429,0.086911,0.788580
1677104454,348845383,0.396062,0.713024,0.162927,0.610081,0.008963,0.085183,0.787696
1677104454,358563766,0.396406,0.712601,0.162752,0.611724,0.010182,0.084501,0.786479
1677104454,368549672,0.396682,0.712054,0.162607,0.612865,0.011660,0.082243,0.785809
1677104454,378058628,0.397141,0.711693,0.162455,0.614938,0.012242,0.079626,0.784450
1677104454,388526816,0.397598,0.711090,0.162289,0.616052,0.014329,0.077302,0.783773
1677104454,397980260,0.398085,0.710530,0.162079,0.617651,0.016498,0.074743,0.782719
1677104454,408008336,0.398565,0.710168,0.161803,0.620449,0.018489,0.072074,0.780709
1677104454,418276399,0.399063,0.709415,0.161570,0.621590,0.021304,0.069912,0.779926
1677104454,428502900,0.399473,0.708843,0.161248,0.623785,0.023430,0.066939,0.778372
1677104454,438510535,0.400020,0.708218,0.160902,0.625575,0.025405,0.065240,0.777017
1677104454,448892008,0.400457,0.707495,0.160605,0.627193,0.026903,0.063154,0.775833
1677104454,458254858,0.400828,0.706790,0.160303,0.628718,0.028509,0.061649,0.774661
1677104454,468032202,0.401140,0.706225,0.160031,0.630957,0.029476,0.060252,0.772912
1677104454,478107897,0.401323,0.705599,0.159776,0.632783,0.030557,0.058909,0.771481
1677104454,488164704,0.401505,0.705065,0.159499,0.634984,0.030999,0.058328,0.769696
1677104454,498024626,0.401617,0.704358,0.159244,0.636379,0.031183,0.057974,0.768563
1677104454,508362611,0.401648,0.703820,0.158953,0.638514,0.031061,0.057803,0.766807
1677104454,518341190,0.401682,0.703226,0.158681,0.640142,0.030084,0.057664,0.765499
1677104454,528791254,0.401503,0.702640,0.158427,0.641308,0.030383,0.057646,0.764511
1677104454,538072782,0.401280,0.702312,0.158179,0.643466,0.029948,0.057929,0.762692
1677104454,548171179,0.401183,0.701780,0.157956,0.644639,0.028833,0.058737,0.761681
1677104454,557795613,0.400924,0.701344,0.157729,0.646095,0.028315,0.060052,0.760364
1677104454,567880129,0.400639,0.700781,0.157506,0.646996,0.027453,0.060824,0.759568
1677104454,578256798,0.400378,0.700510,0.157309,0.648763,0.026514,0.062438,0.757961
1677104454,587991318,0.400083,0.700052,0.157145,0.649618,0.024905,0.063404,0.757203
1677104454,598118411,0.399802,0.699749,0.157001,0.650685,0.023407,0.064605,0.756232
1677104454,608473564,0.399418,0.699408,0.156859,0.651179,0.022604,0.065642,0.755742
1677104454,618149634,0.399164,0.699367,0.156691,0.652213,0.021149,0.066721,0.754797
1677104454,628107790,0.398994,0.699126,0.156562,0.651696,0.019691,0.067939,0.755175
1677104454,638181798,0.398754,0.699129,0.156454,0.651795,0.018811,0.068364,0.755073
1677104454,648990735,0.398617,0.698905,0.156380,0.651039,0.017477,0.068300,0.755763
1677104454,658559683,0.398686,0.698738,0.156311,0.650390,0.015904,0.068300,0.756356
1677104454,668194451,0.398765,0.698911,0.156288,0.650818,0.014899,0.067525,0.756078
1677104454,678644069,0.399090,0.698957,0.156305,0.650657,0.013890,0.066802,0.756300
1677104454,689146739,0.399388,0.698830,0.156349,0.650101,0.013675,0.065173,0.756924
1677104454,699024897,0.399855,0.698856,0.156437,0.650582,0.013158,0.063582,0.756655
1677104454,709010051,0.400065,0.698875,0.156478,0.650872,0.013589,0.060441,0.756656
1677104454,718720527,0.400626,0.699073,0.156563,0.652089,0.012868,0.059305,0.755710
1677104454,728537221,0.400949,0.698922,0.156663,0.651938,0.012907,0.057312,0.755993
1677104454,738637392,0.401249,0.698880,0.156788,0.651981,0.013002,0.056238,0.756035
1677104454,748166623,0.401405,0.699009,0.156827,0.652578,0.013491,0.055412,0.755572
1677104454,758271381,0.401563,0.699052,0.156865,0.652843,0.013132,0.054839,0.755391
1677104454,768524885,0.401559,0.699060,0.156883,0.653058,0.013081,0.054215,0.755251
1677104454,778329576,0.401495,0.699048,0.156917,0.653001,0.013097,0.054665,0.755268
1677104454,788127750,0.401357,0.698969,0.156941,0.652621,0.012763,0.055086,0.755572
1677104454,798639526,0.401231,0.699161,0.156973,0.653223,0.011669,0.056443,0.754969
1677104454,808871246,0.400957,0.699035,0.157060,0.653158,0.010702,0.057518,0.754959
1677104454,818479909,0.400625,0.699017,0.157127,0.654024,0.009728,0.059348,0.754079
1677104454,829052427,0.400221,0.698750,0.157201,0.654276,0.008708,0.061238,0.753722
1677104454,838309074,0.399766,0.698681,0.157254,0.655252,0.007143,0.062954,0.752749
1677104454,848695423,0.399357,0.698576,0.157272,0.655692,0.005407,0.064781,0.752225
1677104454,857790431,0.398844,0.698603,0.157273,0.655934,0.004265,0.066867,0.751839
1677104454,868226497,0.398446,0.698623,0.157260,0.655722,0.002573,0.069215,0.751819
1677104454,878196328,0.397907,0.698610,0.157224,0.655342,0.001598,0.070925,0.751993
1677104454,888484499,0.397478,0.698663,0.157185,0.655058,0.000659,0.073311,0.752013
1677104454,898910690,0.396968,0.698767,0.157141,0.654917,-0.000510,0.074399,0.752029
1677104454,908732186,0.396632,0.698725,0.157098,0.654108,-0.001640,0.076470,0.752524
1677104454,918238995,0.396218,0.698785,0.157112,0.654427,-0.002099,0.078294,0.752057
1677104454,928919566,0.395891,0.698821,0.157116,0.655319,-0.003587,0.079178,0.751182
1677104454,938955755,0.395614,0.698555,0.157136,0.655317,-0.004162,0.080474,0.751043
1677104454,948180484,0.395310,0.698408,0.157181,0.656466,-0.005075,0.080617,0.750018
1677104454,957907337,0.395095,0.698179,0.157256,0.657456,-0.005155,0.081402,0.749065
1677104454,968462806,0.394969,0.697956,0.157337,0.658757,-0.005298,0.082235,0.747830
1677104454,978055509,0.394854,0.697674,0.157384,0.659737,-0.004792,0.082919,0.746893
1677104454,988641566,0.394750,0.697403,0.157410,0.660256,-0.004576,0.082601,0.746471
1677104454,998414659,0.394788,0.697443,0.157407,0.660981,-0.004242,0.082880,0.745799
1677104455,8837171,0.394731,0.697481,0.157396,0.660973,-0.003661,0.082313,0.745873
1677104455,18567887,0.394719,0.697629,0.157394,0.660739,-0.003269,0.082122,0.746103
1677104455,28919240,0.394706,0.697709,0.157413,0.660182,-0.003254,0.082071,0.746602
1677104455,38591184,0.394538,0.697819,0.157427,0.660307,-0.003326,0.081739,0.746527
1677104455,49041264,0.394406,0.697845,0.157449,0.660338,-0.003549,0.082292,0.746438
1677104455,58926289,0.394219,0.697784,0.157483,0.660327,-0.004101,0.082673,0.746403
1677104455,68599773,0.394076,0.697763,0.157513,0.660446,-0.004575,0.083598,0.746192
1677104455,78523955,0.393771,0.697752,0.157494,0.660681,-0.003839,0.083908,0.745953
1677104455,88083710,0.393701,0.697690,0.157537,0.661339,-0.004778,0.084220,0.745329
1677104455,98014337,0.393505,0.697442,0.157563,0.661880,-0.003942,0.084619,0.744808
1677104455,108332874,0.393443,0.697299,0.157638,0.662830,-0.003772,0.084779,0.743945
1677104455,118206590,0.393390,0.697067,0.157654,0.663173,-0.003157,0.084807,0.743639
1677104455,128696534,0.393379,0.696963,0.157659,0.663697,-0.002837,0.084669,0.743189
1677104455,138356111,0.393412,0.697013,0.157643,0.664258,-0.002656,0.084915,0.742660
1677104455,148889352,0.393352,0.696966,0.157616,0.664244,-0.002599,0.084456,0.742725
1677104455,158565643,0.393324,0.696942,0.157614,0.664339,-0.002688,0.084561,0.742628
1677104455,168487182,0.393325,0.696909,0.157635,0.664320,-0.002879,0.085031,0.742590
1677104455,178941485,0.393192,0.696917,0.157634,0.664462,-0.002925,0.084607,0.742511
1677104455,188420361,0.393171,0.696894,0.157682,0.664492,-0.003142,0.084848,0.742456
1677104455,198494834,0.393095,0.696958,0.157742,0.665247,-0.002955,0.084840,0.741782
1677104455,208496488,0.393045,0.696856,0.157827,0.665736,-0.002429,0.084752,0.741355
1677104455,218933596,0.393078,0.696632,0.157972,0.666147,-0.002003,0.084796,0.740982
1677104455,228869928,0.393143,0.696499,0.158110,0.667012,-0.001671,0.084891,0.740193
1677104455,238617865,0.393247,0.696422,0.158240,0.668049,-0.001900,0.084369,0.739316
1677104455,249218254,0.393219,0.696354,0.158307,0.668637,-0.000593,0.084034,0.738825
1677104455,258335812,0.393388,0.696185,0.158362,0.668379,-0.000203,0.084152,0.739046
1677104455,268277817,0.393481,0.696262,0.158415,0.668879,-0.000343,0.083197,0.738701
1677104455,278175558,0.393508,0.696251,0.158441,0.668759,0.000312,0.082804,0.738854
1677104455,288458226,0.393495,0.696259,0.158491,0.668867,0.000740,0.082299,0.738812
1677104455,298027949,0.393553,0.696156,0.158546,0.669009,0.000714,0.082189,0.738696
1677104455,308712558,0.393554,0.696199,0.158611,0.669888,0.000934,0.081969,0.737923
1677104455,318694014,0.393620,0.695948,0.158692,0.669735,0.001120,0.082206,0.738035
1677104455,328535647,0.393625,0.695986,0.158766,0.670599,0.001699,0.082538,0.737212
1677104455,338623065,0.393619,0.695902,0.158834,0.670742,0.002010,0.082150,0.737124
1677104455,348274871,0.393679,0.695860,0.158937,0.670792,0.002182,0.082248,0.737068
1677104455,358263033,0.393798,0.695868,0.159007,0.670777,0.002360,0.082244,0.737082
1677104455,368368712,0.393836,0.695873,0.159107,0.670724,0.002663,0.081916,0.737165
1677104455,378490624,0.393877,0.695917,0.159183,0.670887,0.002992,0.081757,0.737033
1677104455,388474333,0.393881,0.695832,0.159291,0.670879,0.003182,0.081412,0.737078
1677104455,398294375,0.393906,0.695811,0.159446,0.671987,0.003005,0.081000,0.736113
1677104455,409090129,0.393848,0.695444,0.159593,0.672437,0.003657,0.080812,0.735721
1677104455,418346367,0.393918,0.695252,0.159794,0.674077,0.003027,0.080963,0.734205
1677104455,428621889,0.393964,0.694981,0.159970,0.675346,0.003339,0.081664,0.732958
1677104455,438697932,0.394051,0.694808,0.160092,0.676126,0.003136,0.081939,0.732209
1677104455,448568516,0.393976,0.694593,0.160124,0.675967,0.003753,0.081534,0.732398
1677104455,458092208,0.394025,0.694761,0.160125,0.676273,0.003626,0.081510,0.732119
1677104455,468929953,0.393986,0.694690,0.160122,0.675451,0.003599,0.081319,0.732898
1677104455,478805742,0.393940,0.694842,0.160141,0.675734,0.003425,0.081593,0.732608
1677104455,488923979,0.393859,0.694833,0.160183,0.675964,0.002950,0.082074,0.732344
1677104455,499067916,0.393697,0.694615,0.160172,0.675575,0.002928,0.082488,0.732656
1677104455,508757953,0.393515,0.694661,0.160167,0.676291,0.002834,0.082715,0.731970
1677104455,518612950,0.393368,0.694548,0.160198,0.676619,0.002384,0.082727,0.731668
1677104455,529265731,0.393241,0.694349,0.160191,0.677033,0.002461,0.082875,0.731267
1677104455,538412418,0.393189,0.694069,0.160198,0.677908,0.002378,0.083167,0.730423
1677104455,548491332,0.393089,0.693695,0.160179,0.679042,0.002837,0.082899,0.729398
1677104455,557898403,0.393081,0.693402,0.160166,0.680433,0.003180,0.082798,0.728110
1677104455,568512657,0.393130,0.693151,0.160155,0.681069,0.003858,0.082576,0.727538
1677104455,578452169,0.393218,0.692935,0.160091,0.681033,0.004431,0.081936,0.727640
1677104455,588385224,0.393288,0.693000,0.160020,0.681489,0.004633,0.081079,0.727308
1677104455,598577916,0.393378,0.692985,0.159924,0.681227,0.005020,0.080683,0.727596
1677104455,608708295,0.393347,0.692984,0.159855,0.681299,0.005196,0.079785,0.727626
1677104455,618936161,0.393313,0.692957,0.159818,0.681705,0.005115,0.079412,0.727286
1677104455,629114086,0.393240,0.692819,0.159851,0.682014,0.004701,0.079379,0.727003
1677104455,638933938,0.393139,0.692729,0.159893,0.682445,0.004398,0.079641,0.726572
1677104455,648610960,0.393013,0.692699,0.159884,0.682936,0.004068,0.079858,0.726088
1677104455,659146737,0.392811,0.692675,0.159867,0.683394,0.003990,0.080215,0.725618
1677104455,669151436,0.392643,0.692527,0.159835,0.683212,0.003762,0.080607,0.725748
1677104455,679015350,0.392537,0.692572,0.159853,0.683730,0.003069,0.080714,0.725251
1677104455,688174045,0.392376,0.692498,0.159839,0.683354,0.003104,0.080714,0.725606
1677104455,698971363,0.392250,0.692533,0.159818,0.683309,0.003027,0.080611,0.725660
1677104455,708237997,0.392078,0.692628,0.159819,0.683438,0.003062,0.080143,0.725590
1677104455,719320526,0.392041,0.692549,0.159821,0.683109,0.002724,0.079928,0.725924
1677104455,728660264,0.392070,0.692659,0.159859,0.683696,0.002289,0.080123,0.725351
1677104455,738378956,0.392038,0.692655,0.159865,0.683897,0.002255,0.079994,0.725176
1677104455,748559654,0.392072,0.692609,0.159856,0.683996,0.001776,0.079596,0.725128
1677104455,758398171,0.391991,0.692532,0.159825,0.684053,0.002249,0.079214,0.725115
1677104455,768575175,0.391952,0.692411,0.159801,0.684130,0.002456,0.078583,0.725110
1677104455,779016159,0.391922,0.692284,0.159765,0.684404,0.002849,0.077790,0.724936
1677104455,788933010,0.392047,0.692244,0.159772,0.684940,0.002776,0.077747,0.724434
1677104455,798524470,0.392116,0.692177,0.159745,0.684976,0.003336,0.077768,0.724396
1677104455,808349911,0.392198,0.692165,0.159737,0.685181,0.003097,0.077066,0.724278
1677104455,818870652,0.392218,0.692156,0.159720,0.685339,0.003482,0.076690,0.724166
1677104455,828835555,0.392258,0.692180,0.159708,0.685710,0.003620,0.076429,0.723842
1677104455,838775954,0.392249,0.692052,0.159680,0.685543,0.003801,0.076065,0.724037
1677104455,848636945,0.392258,0.692029,0.159682,0.685764,0.003879,0.075969,0.723838
1677104455,858580571,0.392164,0.692021,0.159679,0.686004,0.004043,0.075634,0.723645
1677104455,868133137,0.392239,0.691921,0.159690,0.685974,0.003460,0.075713,0.723667
1677104455,878426216,0.392212,0.691797,0.159712,0.686004,0.003700,0.075884,0.723620
1677104455,887932659,0.392115,0.691844,0.159720,0.687287,0.003875,0.075254,0.722467
1677104455,898249418,0.392173,0.691505,0.159712,0.687360,0.003633,0.074882,0.722438
1677104455,908603908,0.392112,0.691227,0.159739,0.688124,0.003974,0.073790,0.721820
1677104455,918476883,0.392159,0.691052,0.159738,0.689456,0.004502,0.073153,0.720610
1677104455,928621735,0.392341,0.690846,0.159792,0.690447,0.004412,0.072800,0.719697
1677104455,938662062,0.392454,0.690621,0.159766,0.690746,0.004843,0.072176,0.719470
1677104455,948717138,0.392515,0.690592,0.159740,0.691355,0.005132,0.071167,0.718984
1677104455,958613802,0.392573,0.690564,0.159683,0.691446,0.005371,0.070622,0.718948
1677104455,968290980,0.392514,0.690636,0.159612,0.691752,0.005875,0.070057,0.718705
1677104455,978486948,0.392425,0.690514,0.159571,0.691307,0.005903,0.069838,0.719154
1677104455,988480823,0.392450,0.690540,0.159577,0.691478,0.005204,0.070462,0.718934
1677104455,998524254,0.392330,0.690574,0.159544,0.691915,0.004491,0.070530,0.718512
1677104456,8144036,0.392168,0.690442,0.159536,0.691615,0.004756,0.071226,0.718730
1677104456,18208700,0.391963,0.690467,0.159506,0.691929,0.004642,0.071132,0.718438
1677104456,28443984,0.391926,0.690460,0.159518,0.691775,0.003946,0.071468,0.718557
1677104456,38391233,0.391830,0.690454,0.159508,0.691719,0.003955,0.071413,0.718616
1677104456,48975444,0.391851,0.690507,0.159508,0.692080,0.003631,0.071563,0.718255
1677104456,58386680,0.391856,0.690441,0.159525,0.692277,0.003686,0.071297,0.718092
1677104456,68040405,0.391897,0.690350,0.159554,0.692528,0.003866,0.070992,0.717879
1677104456,78101918,0.391968,0.690160,0.159580,0.692407,0.004666,0.070994,0.717991
1677104456,88534695,0.392207,0.690095,0.159658,0.693061,0.004589,0.070585,0.717400
1677104456,99022167,0.392323,0.689972,0.159715,0.693300,0.005268,0.069659,0.717255
1677104456,108939736,0.392501,0.689930,0.159781,0.693717,0.005683,0.068766,0.716935
1677104456,119295762,0.392702,0.689932,0.159858,0.693936,0.006065,0.067604,0.716830
1677104456,129080519,0.392931,0.689973,0.159937,0.694070,0.006918,0.067233,0.716728
1677104456,138285094,0.393192,0.689920,0.160003,0.693850,0.006934,0.066253,0.717032
1677104456,148990877,0.393289,0.689997,0.160071,0.694432,0.007340,0.064571,0.716618
1677104456,158804303,0.393529,0.689924,0.160134,0.694390,0.007749,0.064282,0.716680
1677104456,168336082,0.393738,0.689902,0.160245,0.695218,0.007737,0.063611,0.715937
1677104456,178405555,0.393807,0.689693,0.160272,0.695436,0.008370,0.062580,0.715809
1677104456,188315313,0.393972,0.689578,0.160307,0.696047,0.008423,0.061958,0.715268
1677104456,197807343,0.394199,0.689370,0.160325,0.696173,0.008380,0.061687,0.715170
1677104456,208504317,0.394317,0.689231,0.160281,0.696528,0.008470,0.060634,0.714913
1677104456,218157161,0.394424,0.689230,0.160288,0.697098,0.009038,0.060450,0.714366
1677104456,228077579,0.394555,0.689050,0.160275,0.696597,0.009247,0.060234,0.714870
1677104456,238725136,0.394622,0.689155,0.160264,0.697123,0.009488,0.059799,0.714390
1677104456,248584530,0.394720,0.689182,0.160275,0.697308,0.009317,0.059516,0.714236
1677104456,258343951,0.394722,0.689234,0.160285,0.697630,0.009766,0.059454,0.713921
1677104456,269013900,0.394740,0.689113,0.160301,0.697395,0.009463,0.058932,0.714198
1677104456,278767758,0.394735,0.689141,0.160307,0.697611,0.009596,0.058878,0.713989
1677104456,288524995,0.394730,0.689142,0.160326,0.697749,0.009375,0.058771,0.713866
1677104456,297846956,0.394706,0.689080,0.160382,0.698053,0.008800,0.058584,0.713591
1677104456,308563569,0.394629,0.688951,0.160394,0.698358,0.008845,0.058364,0.713311
1677104456,318717486,0.394645,0.688796,0.160451,0.698695,0.008555,0.058958,0.712934
1677104456,328915574,0.394585,0.688615,0.160466,0.699200,0.008506,0.058899,0.712445
1677104456,338477465,0.394554,0.688468,0.160510,0.699875,0.008403,0.058820,0.711790
1677104456,348513689,0.394464,0.688290,0.160507,0.699916,0.008733,0.058787,0.711748
1677104456,357830369,0.394420,0.688208,0.160510,0.699867,0.008755,0.058675,0.711805
1677104456,368287691,0.394384,0.688193,0.160552,0.699795,0.008701,0.058623,0.711882
1677104456,378401250,0.394307,0.688225,0.160575,0.700099,0.008776,0.058499,0.711591
1677104456,387823043,0.394170,0.688060,0.160635,0.700174,0.008961,0.058095,0.711548
1677104456,397800431,0.394182,0.688079,0.160769,0.701396,0.008673,0.058756,0.710293
1677104456,408428603,0.394113,0.687888,0.160815,0.701514,0.008014,0.058733,0.710186
1677104456,417777465,0.394022,0.687867,0.160831,0.701690,0.007988,0.059242,0.709970
1677104456,428102806,0.393945,0.687955,0.160841,0.701918,0.007757,0.059798,0.709701
1677104456,438539589,0.393873,0.687986,0.160826,0.701780,0.006922,0.059911,0.709836
1677104456,448830440,0.393760,0.688075,0.160860,0.701931,0.005968,0.060029,0.709686
1677104456,458882844,0.393657,0.687994,0.160841,0.701619,0.005282,0.060566,0.709954
1677104456,468774800,0.393484,0.687897,0.160876,0.701660,0.005142,0.061237,0.709857
1677104456,478721266,0.393282,0.687686,0.160860,0.701422,0.005141,0.061263,0.710090
1677104456,488765102,0.393286,0.687734,0.160867,0.701868,0.004586,0.061900,0.709598
1677104456,498653924,0.393267,0.687814,0.160858,0.701930,0.004370,0.062187,0.709512
1677104456,508746073,0.393292,0.687898,0.160827,0.701729,0.004469,0.062485,0.709684
1677104456,518252716,0.393225,0.687977,0.160820,0.701715,0.004640,0.061802,0.709757
1677104456,528808618,0.393256,0.687992,0.160828,0.701795,0.004762,0.061614,0.709693
1677104456,538531315,0.393362,0.687874,0.160856,0.701746,0.004578,0.061595,0.709745
1677104456,548424775,0.393353,0.687742,0.160881,0.701796,0.005049,0.061209,0.709726
1677104456,558017466,0.393428,0.687670,0.160950,0.702375,0.004983,0.060854,0.709183
1677104456,568104795,0.393482,0.687556,0.161004,0.702852,0.005418,0.060528,0.708735
1677104456,577883238,0.393678,0.687503,0.161115,0.703681,0.005202,0.060420,0.707924
1677104456,588058855,0.393787,0.687309,0.161178,0.703975,0.005608,0.060005,0.707663
1677104456,598393713,0.393850,0.687119,0.161203,0.704197,0.006308,0.059452,0.707483
1677104456,607835598,0.393996,0.687048,0.161277,0.705030,0.006567,0.058953,0.706692
1677104456,617764968,0.394140,0.686863,0.161332,0.705282,0.006267,0.058002,0.706522
1677104456,628049055,0.394226,0.686764,0.161363,0.705583,0.006790,0.057392,0.706266
1677104456,638362097,0.394381,0.686597,0.161390,0.705414,0.006930,0.056986,0.706467
1677104456,648965562,0.394486,0.686597,0.161456,0.705667,0.006870,0.056341,0.706266
1677104456,658973903,0.394587,0.686690,0.161522,0.706217,0.007066,0.056394,0.705711
1677104456,668609529,0.394646,0.686600,0.161555,0.706271,0.007559,0.056352,0.705655
1677104456,678706612,0.394630,0.686570,0.161572,0.706968,0.007724,0.055941,0.704988
1677104456,688048028,0.394640,0.686358,0.161617,0.707288,0.007817,0.055985,0.704661
1677104456,698004236,0.394620,0.686152,0.161646,0.707833,0.007897,0.055680,0.704138
1677104456,708231876,0.394591,0.685944,0.161694,0.708218,0.007949,0.055486,0.703766
1677104456,718271460,0.394754,0.685922,0.161779,0.709375,0.006900,0.055677,0.702595
1677104456,729193732,0.394766,0.685602,0.161805,0.708965,0.007139,0.055449,0.703025
1677104456,738201342,0.394795,0.685504,0.161841,0.709336,0.007131,0.055101,0.702678
1677104456,749246606,0.394909,0.685367,0.161885,0.709457,0.006924,0.054725,0.702587
1677104456,758522417,0.394982,0.685303,0.161929,0.709832,0.007187,0.054452,0.702226
1677104456,768274798,0.395039,0.685145,0.162001,0.710079,0.007518,0.053824,0.702021
1677104456,778885404,0.395113,0.685095,0.162097,0.710976,0.007961,0.053610,0.701124
1677104456,788449885,0.395109,0.684884,0.162210,0.711698,0.008841,0.053149,0.700416
1677104456,798753288,0.395308,0.684683,0.162302,0.712337,0.008697,0.053108,0.699771
1677104456,808759440,0.395380,0.684399,0.162417,0.712669,0.008768,0.052838,0.699453
1677104456,818263021,0.395449,0.684216,0.162477,0.713041,0.008947,0.052205,0.699119
1677104456,828998376,0.395500,0.684059,0.162505,0.712981,0.009267,0.051797,0.699206
1677104456,838361129,0.395566,0.684115,0.162571,0.713416,0.009396,0.051503,0.698783
1677104456,848674506,0.395645,0.684142,0.162627,0.713627,0.009283,0.051109,0.698597
1677104456,858330676,0.395757,0.684102,0.162710,0.713630,0.008822,0.050845,0.698620
1677104456,868751650,0.395785,0.684151,0.162826,0.714096,0.008864,0.050843,0.698143
1677104456,878642049,0.395853,0.684092,0.162959,0.714473,0.008698,0.050915,0.697754
1677104456,888338279,0.395776,0.683841,0.162991,0.714362,0.009221,0.050763,0.697872
1677104456,898414051,0.395757,0.683705,0.163101,0.714916,0.009561,0.051135,0.697272
1677104456,908542067,0.395841,0.683614,0.163222,0.715781,0.009138,0.051665,0.696351
1677104456,918809856,0.395794,0.683499,0.163304,0.716537,0.009137,0.051655,0.695574
1677104456,928708667,0.395695,0.683374,0.163386,0.717470,0.009614,0.051338,0.694629
1677104456,938507751,0.395727,0.683200,0.163492,0.718140,0.009338,0.051127,0.693955
1677104456,948878853,0.395836,0.683081,0.163573,0.718484,0.009112,0.051119,0.693603
1677104456,958616463,0.395858,0.683089,0.163663,0.719102,0.009365,0.051018,0.692966
1677104456,968123143,0.395841,0.683003,0.163703,0.718808,0.010055,0.050960,0.693266
1677104456,978546253,0.395881,0.683097,0.163794,0.719447,0.009899,0.050645,0.692628
1677104456,988247134,0.395874,0.682949,0.163844,0.719393,0.009775,0.050080,0.692726
1677104456,998497870,0.395876,0.682929,0.163921,0.720172,0.009880,0.050415,0.691891
1677104457,8326291,0.395749,0.682595,0.163985,0.720269,0.010039,0.049942,0.691822
1677104457,18700409,0.395738,0.682462,0.164072,0.721194,0.009886,0.050100,0.690848
1677104457,29050546,0.395820,0.682299,0.164160,0.722086,0.009469,0.051042,0.689853
1677104457,38789119,0.395732,0.682112,0.164263,0.722790,0.009588,0.050716,0.689138
1677104457,49130073,0.395633,0.681883,0.164345,0.723205,0.010065,0.050723,0.688695
1677104457,58354219,0.395574,0.681913,0.164477,0.724377,0.009972,0.050492,0.687480
1677104457,68132487,0.395546,0.681784,0.164566,0.724785,0.010125,0.050720,0.687031
1677104457,78650346,0.395469,0.681812,0.164670,0.725794,0.010050,0.050102,0.686011
1677104457,88420576,0.395485,0.681715,0.164738,0.726044,0.009956,0.050284,0.685735
1677104457,98218789,0.395418,0.681586,0.164749,0.725874,0.010231,0.050125,0.685923
1677104457,108585844,0.395442,0.681576,0.164794,0.726001,0.009981,0.050196,0.685787
1677104457,118686067,0.395379,0.681532,0.164816,0.725889,0.010136,0.050049,0.685913
1677104457,129303499,0.395379,0.681495,0.164870,0.726130,0.009787,0.049910,0.685673
1677104457,138563327,0.395317,0.681435,0.164946,0.726623,0.009754,0.050003,0.685145
1677104457,148606222,0.395299,0.681341,0.165022,0.727368,0.009290,0.050112,0.684352
1677104457,158474177,0.395169,0.680977,0.165104,0.727552,0.009891,0.050588,0.684113
1677104457,168716504,0.395082,0.680651,0.165230,0.728276,0.009747,0.050412,0.683358
1677104457,178596960,0.395050,0.680450,0.165361,0.729403,0.009433,0.050458,0.682156
1677104457,188537177,0.394985,0.680230,0.165522,0.730455,0.009234,0.050112,0.681057
1677104457,198653614,0.394976,0.679891,0.165609,0.730721,0.009691,0.050213,0.680758
1677104457,208639834,0.395081,0.679824,0.165737,0.731800,0.009289,0.050053,0.679615
1677104457,218231074,0.395171,0.679691,0.165846,0.732555,0.009100,0.049536,0.678842
1677104457,228997181,0.395127,0.679496,0.165913,0.732747,0.009953,0.049284,0.678641
1677104457,238075245,0.395268,0.679492,0.166025,0.733553,0.009610,0.048916,0.677801
1677104457,248726807,0.395204,0.679368,0.166102,0.734013,0.010134,0.048139,0.677351
1677104457,257893692,0.395289,0.679187,0.166171,0.734249,0.009811,0.048056,0.677106
1677104457,268270121,0.395290,0.679092,0.166255,0.734898,0.009816,0.048191,0.676392
1677104457,278821037,0.395201,0.679021,0.166333,0.735673,0.009780,0.047910,0.675570
1677104457,288109753,0.395176,0.678875,0.166379,0.735929,0.010047,0.048396,0.675253
1677104457,298334535,0.395054,0.678862,0.166436,0.736354,0.009946,0.047901,0.674825
1677104457,308486615,0.394953,0.678864,0.166511,0.736676,0.010044,0.048077,0.674460
1677104457,318087854,0.394830,0.678815,0.166588,0.736793,0.010243,0.048194,0.674320
1677104457,328562897,0.394720,0.678802,0.166703,0.737154,0.009973,0.048090,0.673938
1677104457,338287680,0.394736,0.678752,0.166851,0.737822,0.009190,0.048490,0.673189
1677104457,348272686,0.394544,0.678537,0.166946,0.738015,0.009523,0.048377,0.672980
1677104457,358676754,0.394518,0.678449,0.167136,0.738894,0.009153,0.049029,0.671973
1677104457,368962270,0.394420,0.678273,0.167274,0.739590,0.009208,0.049171,0.671196
1677104457,378507003,0.394471,0.678094,0.167451,0.740226,0.008477,0.049707,0.670464
1677104457,389045793,0.394360,0.677858,0.167583,0.740614,0.008868,0.049607,0.670039
1677104457,399438391,0.394386,0.677719,0.167732,0.741211,0.008452,0.049677,0.669378
1677104457,409126497,0.394337,0.677504,0.167895,0.741440,0.008239,0.049179,0.669164
1677104457,418705744,0.394384,0.677427,0.168056,0.741818,0.008007,0.049307,0.668738
1677104457,428900904,0.394363,0.677302,0.168235,0.741819,0.008234,0.049182,0.668743
1677104457,438390182,0.394379,0.677230,0.168433,0.742043,0.007914,0.048780,0.668528
1677104457,448014026,0.394460,0.677238,0.168666,0.742642,0.007143,0.048650,0.667881
1677104457,458269755,0.394378,0.677219,0.168886,0.743380,0.007102,0.047910,0.667114
1677104457,468017313,0.394319,0.677043,0.169105,0.743658,0.007437,0.048254,0.666775
1677104457,478291646,0.394285,0.676832,0.169334,0.744108,0.007457,0.048303,0.666269
1677104457,488706766,0.394306,0.676581,0.169557,0.744363,0.007037,0.048445,0.665978
1677104457,498492461,0.394199,0.676487,0.169808,0.745122,0.007667,0.048771,0.665099
1677104457,508810115,0.394212,0.676420,0.170040,0.745945,0.007228,0.048737,0.664182
1677104457,518985202,0.394176,0.676430,0.170291,0.746762,0.007314,0.048961,0.663246
1677104457,528619242,0.394049,0.676298,0.170520,0.746964,0.007649,0.048895,0.663020
1677104457,538580667,0.394020,0.676223,0.170765,0.747343,0.007465,0.048716,0.662608
1677104457,548908158,0.394149,0.676194,0.171084,0.748117,0.006635,0.049469,0.661687
1677104457,558596476,0.393955,0.675990,0.171308,0.748263,0.007247,0.049250,0.661532
1677104457,568668321,0.394020,0.675865,0.171605,0.748979,0.006843,0.049787,0.660685
1677104457,579091230,0.394006,0.675603,0.171874,0.749382,0.006998,0.049970,0.660213
1677104457,589021548,0.394071,0.675626,0.172226,0.750893,0.006719,0.050039,0.658491
1677104457,598947024,0.394111,0.675375,0.172472,0.751230,0.006899,0.049794,0.658124
1677104457,608417104,0.394206,0.675203,0.172770,0.751667,0.006884,0.049587,0.657640
1677104457,618504362,0.394278,0.675086,0.173028,0.752050,0.007185,0.049039,0.657240
1677104457,628505468,0.394355,0.674863,0.173307,0.751880,0.007648,0.048564,0.657464
1677104457,638681835,0.394495,0.674913,0.173613,0.752609,0.007995,0.048271,0.656647
1677104457,649089445,0.394617,0.674860,0.173951,0.753312,0.008309,0.047953,0.655860
1677104457,658970027,0.394700,0.674649,0.174242,0.753618,0.008611,0.047844,0.655513
1677104457,668532602,0.394702,0.674556,0.174591,0.754605,0.009169,0.047856,0.654368
1677104457,678489012,0.394842,0.674434,0.174994,0.755504,0.008718,0.048311,0.653303
1677104457,689222432,0.394781,0.674358,0.175323,0.756144,0.008865,0.048492,0.652546
1677104457,698675409,0.394789,0.674361,0.175685,0.756627,0.008433,0.048808,0.651968
1677104457,709113442,0.394766,0.674441,0.176034,0.757080,0.007825,0.049055,0.651431
1677104457,718886869,0.394670,0.674500,0.176329,0.757249,0.007749,0.049384,0.651211
1677104457,729039507,0.394572,0.674540,0.176606,0.757412,0.007674,0.049921,0.650981
1677104457,738642686,0.394472,0.674550,0.176872,0.757479,0.007609,0.050561,0.650854
1677104457,748626140,0.394386,0.674505,0.177155,0.757505,0.007242,0.050991,0.650794
1677104457,758810916,0.394381,0.674681,0.177516,0.758587,0.006584,0.051579,0.649493
1677104457,768177954,0.394286,0.674641,0.177820,0.758978,0.006765,0.052100,0.648993
1677104457,778263177,0.394155,0.674687,0.178139,0.759641,0.007100,0.052390,0.648190
1677104457,788252039,0.394193,0.674630,0.178416,0.759736,0.006518,0.052741,0.648057
1677104457,798312319,0.394097,0.674558,0.178703,0.759699,0.007125,0.053259,0.648051
1677104457,808576050,0.394151,0.674774,0.179073,0.761018,0.006507,0.053361,0.646500
1677104457,818932523,0.394235,0.674657,0.179386,0.761148,0.006178,0.053549,0.646334
1677104457,828155550,0.394276,0.674568,0.179689,0.761450,0.006255,0.053818,0.645955
1677104457,838784463,0.394259,0.674578,0.180034,0.761997,0.006853,0.053726,0.645312
1677104457,848739069,0.394396,0.674667,0.180467,0.762789,0.006642,0.053784,0.644373
1677104457,858168020,0.394547,0.674564,0.180844,0.762832,0.006512,0.053841,0.644318
1677104457,868602760,0.394690,0.674545,0.181282,0.763283,0.006467,0.054055,0.643766
1677104457,878469183,0.394780,0.674384,0.181703,0.763636,0.006572,0.053815,0.643366
1677104457,888543171,0.394910,0.674322,0.182211,0.764810,0.006487,0.053941,0.641961
1677104457,898818455,0.394965,0.674138,0.182675,0.765564,0.006869,0.054039,0.641049
1677104457,908757373,0.395134,0.673993,0.183151,0.766562,0.006545,0.054230,0.639843
1677104457,918351387,0.395270,0.673737,0.183654,0.767006,0.006742,0.054662,0.639272
1677104457,929023419,0.395405,0.673723,0.184201,0.767947,0.007093,0.054871,0.638119
1677104457,938631686,0.395587,0.673638,0.184651,0.767975,0.007146,0.054734,0.638097
1677104457,948706701,0.395797,0.673676,0.185147,0.768191,0.007329,0.054660,0.637841
1677104457,958660638,0.395904,0.673731,0.185643,0.768285,0.007904,0.054400,0.637744
1677104457,969084699,0.396183,0.673706,0.186181,0.768440,0.007573,0.054421,0.637559
1677104457,978460426,0.396374,0.673508,0.186714,0.768626,0.007806,0.054472,0.637327
1677104457,988505152,0.396575,0.673367,0.187294,0.769842,0.007417,0.054239,0.635882
1677104457,998980216,0.396827,0.673216,0.187897,0.771287,0.007394,0.054491,0.634107
1677104458,8757393,0.397020,0.672976,0.188525,0.772441,0.007676,0.054392,0.632706
1677104458,18614898,0.397253,0.672677,0.189065,0.772841,0.008337,0.054397,0.632209
1677104458,28789872,0.397434,0.672485,0.189605,0.772985,0.009519,0.053680,0.632077
1677104458,39052220,0.397810,0.672529,0.190235,0.773705,0.009541,0.053085,0.631246
1677104458,48215738,0.398144,0.672421,0.190834,0.773623,0.009945,0.052155,0.631417
1677104458,58844282,0.398625,0.672432,0.191520,0.774171,0.009856,0.051918,0.630767
1677104458,69050780,0.398878,0.672210,0.192114,0.774150,0.010740,0.050298,0.630909
1677104458,78718854,0.399340,0.672122,0.192766,0.774803,0.010844,0.049970,0.630132
1677104458,88571428,0.399691,0.671921,0.193339,0.775123,0.011406,0.049213,0.629788
1677104458,98444108,0.399963,0.671757,0.193944,0.775801,0.011923,0.048086,0.629029
1677104458,108824386,0.400321,0.671411,0.194477,0.775815,0.012578,0.047786,0.629022
1677104458,118364270,0.400603,0.671403,0.195098,0.776946,0.013097,0.047094,0.627667
1677104458,129007056,0.400956,0.671298,0.195676,0.777474,0.013382,0.047028,0.627011
1677104458,138810207,0.401142,0.671322,0.196222,0.778022,0.014499,0.047044,0.626306
1677104458,148713518,0.401349,0.671210,0.196724,0.778000,0.014763,0.046431,0.626372
1677104458,158976000,0.401584,0.671352,0.197288,0.778709,0.014578,0.046113,0.625519
1677104458,168641327,0.401742,0.671294,0.197751,0.778568,0.015323,0.046835,0.625623
1677104458,178857653,0.401861,0.671284,0.198217,0.778445,0.015585,0.047324,0.625733
1677104458,188510804,0.401951,0.671384,0.198736,0.778734,0.015130,0.047348,0.625383
1677104458,198978225,0.401941,0.671345,0.199205,0.778537,0.015038,0.047412,0.625625
1677104458,208805474,0.401982,0.671287,0.199748,0.778804,0.014313,0.047913,0.625271
1677104458,218947645,0.401976,0.671204,0.200280,0.779513,0.013826,0.048806,0.624328
1677104458,229091609,0.401876,0.671025,0.200820,0.780111,0.013554,0.049516,0.623531
1677104458,238415808,0.401971,0.670700,0.201367,0.780350,0.012253,0.050815,0.623154
1677104458,248743525,0.401845,0.670458,0.201909,0.780627,0.012334,0.051727,0.622731
1677104458,258437516,0.401931,0.670323,0.202525,0.781425,0.010888,0.052078,0.621727
1677104458,268409077,0.401827,0.670172,0.203073,0.781899,0.011057,0.052248,0.621113
1677104458,278606410,0.401927,0.670000,0.203683,0.782142,0.010293,0.052435,0.620805
1677104458,288574688,0.402008,0.670018,0.204268,0.782568,0.010084,0.052813,0.620239
1677104458,298719069,0.402207,0.670026,0.204808,0.782446,0.009672,0.053174,0.620369
1677104458,308454379,0.402274,0.670131,0.205385,0.782535,0.009909,0.053026,0.620266
1677104458,318864922,0.402322,0.670078,0.205966,0.782458,0.010189,0.052711,0.620385
1677104458,328779184,0.402529,0.670073,0.206584,0.783068,0.009816,0.053341,0.619567
1677104458,338301524,0.402463,0.669998,0.207235,0.784031,0.010456,0.053079,0.618360
1677104458,348801119,0.402642,0.669877,0.207946,0.785163,0.009923,0.053918,0.616858
1677104458,358604373,0.402695,0.669631,0.208613,0.785880,0.010295,0.054872,0.615854
1677104458,368180948,0.402648,0.669282,0.209215,0.786174,0.010609,0.054667,0.615491
1677104458,379109909,0.402787,0.669281,0.209974,0.787367,0.010190,0.055309,0.613914
1677104458,388948203,0.402809,0.669109,0.210632,0.787720,0.010431,0.055235,0.613464
1677104458,398385215,0.403040,0.668996,0.211316,0.788206,0.009704,0.055762,0.612803
1677104458,408383375,0.403163,0.668978,0.212057,0.789037,0.009768,0.056112,0.611699
1677104458,418851768,0.403301,0.668771,0.212719,0.789018,0.009675,0.055889,0.611746
1677104458,428075629,0.403473,0.668882,0.213465,0.789785,0.009402,0.055526,0.610793
1677104458,438322895,0.403674,0.668970,0.214169,0.790222,0.009333,0.055285,0.610251
1677104458,448746210,0.403886,0.668893,0.214797,0.790100,0.009350,0.055002,0.610433
1677104458,458477838,0.404083,0.669105,0.215549,0.791439,0.009314,0.054418,0.608750
1677104458,468601188,0.404347,0.668875,0.216185,0.791605,0.009978,0.054747,0.608494
1677104458,478635170,0.404629,0.668764,0.216893,0.792611,0.010441,0.054336,0.607212
1677104458,489101185,0.404957,0.668429,0.217571,0.793205,0.011163,0.053680,0.606482
1677104458,498520466,0.405141,0.668031,0.218182,0.793656,0.013090,0.053125,0.605901
1677104458,509062152,0.405315,0.667623,0.218787,0.793968,0.015606,0.052604,0.605479
1677104458,518382776,0.405553,0.667138,0.219328,0.793527,0.017813,0.051740,0.606069
1677104458,528788373,0.406720,0.667394,0.220321,0.795759,0.014708,0.051682,0.603225
1677104458,538952487,0.407092,0.667174,0.220915,0.795389,0.016028,0.050451,0.603784
1677104458,549416291,0.407512,0.667200,0.221652,0.795606,0.016978,0.049211,0.603574
1677104458,558587776,0.407953,0.667244,0.222418,0.795877,0.017743,0.048624,0.603242
1677104458,568952184,0.408413,0.667335,0.223207,0.796300,0.017968,0.048165,0.602714
1677104458,578818458,0.408886,0.667439,0.224053,0.796728,0.018114,0.048438,0.602122
1677104458,588442348,0.409050,0.667433,0.224852,0.796781,0.019139,0.047702,0.602078
1677104458,598973196,0.409383,0.667657,0.225776,0.797565,0.019253,0.048379,0.600981
1677104458,608633287,0.409528,0.666589,0.226379,0.794129,0.018878,0.047677,0.605582
1677104458,618566011,0.409808,0.666562,0.227328,0.794695,0.018133,0.048698,0.604781
1677104458,628227463,0.409952,0.666406,0.228289,0.795328,0.018040,0.049682,0.603871
1677104458,638916263,0.410106,0.666176,0.229247,0.796016,0.017744,0.050855,0.602874
1677104458,648962757,0.410320,0.665991,0.230247,0.797005,0.016836,0.051899,0.601503
1677104458,658485121,0.410336,0.665781,0.231259,0.797556,0.017003,0.052532,0.600712
1677104458,669308221,0.410537,0.665752,0.232297,0.798046,0.016133,0.053225,0.600025
1677104458,678641572,0.410748,0.665743,0.233385,0.798120,0.015266,0.053454,0.599929
1677104458,688441701,0.410910,0.665843,0.234506,0.798138,0.015114,0.054180,0.599844
1677104458,698889514,0.411073,0.665955,0.235648,0.798133,0.014883,0.054563,0.599821
1677104458,708726719,0.411370,0.665942,0.236769,0.797732,0.014652,0.056110,0.600217
1677104458,718591263,0.411950,0.665838,0.237855,0.796950,0.012999,0.058783,0.601037
1677104458,727981619,0.412484,0.665885,0.238988,0.796746,0.011458,0.061102,0.601108
1677104458,738435847,0.411903,0.666188,0.240226,0.797728,0.013846,0.057125,0.600146
1677104458,748083575,0.412108,0.666341,0.241391,0.797804,0.013332,0.058233,0.599950
1677104458,759056215,0.412189,0.666394,0.242504,0.797749,0.013194,0.058971,0.599954
1677104458,769324777,0.412325,0.666486,0.243655,0.798053,0.012808,0.060106,0.599445
1677104458,778704686,0.412464,0.666458,0.244757,0.798151,0.012295,0.061053,0.599229
1677104458,788666118,0.412558,0.666530,0.245898,0.798926,0.011872,0.061720,0.598136
1677104458,798902927,0.412708,0.666502,0.247008,0.799204,0.011622,0.062390,0.597700
1677104458,808635363,0.412945,0.666615,0.248191,0.799760,0.011335,0.063562,0.596838
1677104458,818448289,0.413132,0.666809,0.249333,0.800105,0.011325,0.063650,0.596367
1677104458,828205123,0.413249,0.667090,0.250454,0.800038,0.012432,0.064121,0.596383
1677104458,838891220,0.413565,0.667317,0.251559,0.799408,0.012594,0.064835,0.597147
1677104458,849010131,0.413958,0.667710,0.252761,0.799413,0.012085,0.064856,0.597148
1677104458,858766950,0.414104,0.667932,0.253858,0.799004,0.013210,0.064875,0.597669
1677104458,868829140,0.414371,0.668135,0.254974,0.798894,0.013428,0.065047,0.597794
1677104458,878855136,0.414613,0.668317,0.256123,0.799519,0.013198,0.065240,0.596942
1677104458,888548201,0.414695,0.668226,0.257184,0.799985,0.013582,0.065410,0.596289
1677104458,898883247,0.414770,0.668050,0.258191,0.801026,0.013917,0.066014,0.594816
1677104458,908835310,0.415057,0.667866,0.259318,0.802506,0.013387,0.067365,0.592678
1677104458,918243424,0.415167,0.667598,0.260327,0.803544,0.013380,0.067734,0.591228
1677104458,928150933,0.415202,0.667459,0.261322,0.804142,0.014390,0.067955,0.590365
1677104458,938322414,0.415410,0.667621,0.262371,0.804753,0.014455,0.068289,0.589491
1677104458,947779894,0.415509,0.667929,0.263394,0.804474,0.015304,0.068362,0.589842
1677104458,958291701,0.415756,0.668519,0.264446,0.803992,0.015508,0.068692,0.590456
1677104458,968326843,0.415926,0.669066,0.265444,0.802711,0.015630,0.068626,0.592200
1677104458,978951444,0.415991,0.669497,0.266377,0.801387,0.015989,0.068657,0.593977
1677104458,988490976,0.415997,0.669739,0.267241,0.800416,0.016070,0.068865,0.595259
1677104458,999175811,0.416096,0.670153,0.268197,0.800910,0.015832,0.069732,0.594499
1677104459,8985068,0.416018,0.670078,0.269100,0.801316,0.015351,0.070287,0.593899
1677104459,18595233,0.416091,0.670107,0.270039,0.802223,0.014879,0.071992,0.592481
1677104459,28969952,0.416041,0.669963,0.270912,0.802450,0.014588,0.072347,0.592137
1677104459,38639388,0.416000,0.670095,0.271866,0.803092,0.014830,0.073204,0.591155
1677104459,49146588,0.416087,0.670256,0.272772,0.803322,0.014428,0.074056,0.590746
1677104459,59368415,0.416196,0.670359,0.273612,0.802930,0.014293,0.074652,0.591207
1677104459,68510800,0.416221,0.670571,0.274460,0.802579,0.014173,0.074295,0.591731
1677104459,78492865,0.416248,0.670877,0.275321,0.802099,0.014166,0.073682,0.592459
1677104459,88629669,0.416422,0.671047,0.276147,0.800889,0.013804,0.074258,0.594031
1677104459,98492344,0.416484,0.671260,0.276959,0.800281,0.013481,0.073591,0.594939
1677104459,108628818,0.416660,0.671556,0.277758,0.800121,0.013351,0.073860,0.595124
1677104459,119013915,0.416729,0.671596,0.278522,0.800263,0.013266,0.074114,0.594904
1677104459,128747055,0.416756,0.671636,0.279341,0.801435,0.013448,0.074388,0.593285
1677104459,138473837,0.416788,0.671434,0.280067,0.802054,0.013195,0.074576,0.592430
1677104459,149069511,0.416757,0.671096,0.280811,0.802732,0.013438,0.075436,0.591397
1677104459,158283112,0.416857,0.671155,0.281668,0.804321,0.012575,0.075839,0.589201
1677104459,168340970,0.416753,0.671163,0.282315,0.804753,0.013389,0.075623,0.588621
1677104459,178972752,0.416918,0.671102,0.283045,0.804339,0.012299,0.076910,0.589044
1677104459,188939549,0.416742,0.671247,0.283743,0.803725,0.012966,0.076462,0.589925
1677104459,198529430,0.416812,0.671352,0.284478,0.803700,0.011397,0.076382,0.590001
1677104459,208339919,0.416661,0.671232,0.285061,0.803073,0.011952,0.077046,0.590758
1677104459,218741137,0.416563,0.671057,0.285639,0.802933,0.011566,0.077297,0.590923
1677104459,228715699,0.416614,0.671042,0.286333,0.803876,0.010642,0.078129,0.589547
1677104459,237953728,0.416355,0.670873,0.286885,0.804391,0.010996,0.078219,0.588827
1677104459,248322481,0.416291,0.670832,0.287505,0.805420,0.010825,0.079338,0.587270
1677104459,258633813,0.416229,0.670694,0.288062,0.805887,0.010249,0.079891,0.586564
1677104459,268150679,0.416131,0.670672,0.288548,0.806235,0.009947,0.080128,0.586060
1677104459,278654174,0.415893,0.670794,0.289031,0.806411,0.010891,0.080812,0.585707
1677104459,288345956,0.415922,0.670865,0.289500,0.805808,0.010065,0.081099,0.586511
1677104459,298789566,0.415880,0.671213,0.289965,0.805683,0.009627,0.081110,0.586688
1677104459,308285539,0.415726,0.671349,0.290348,0.804588,0.009773,0.080877,0.588219
1677104459,319039052,0.415626,0.671600,0.290727,0.803958,0.009867,0.081325,0.589017
1677104459,329267181,0.415438,0.671627,0.291025,0.803111,0.010329,0.081671,0.590115
1677104459,339165310,0.415361,0.671657,0.291410,0.803102,0.009998,0.081934,0.590096
1677104459,348665447,0.415362,0.671582,0.291814,0.803522,0.009336,0.082559,0.589448
1677104459,358234538,0.415234,0.671395,0.292199,0.804015,0.009598,0.082901,0.588724
1677104459,369423443,0.415197,0.671291,0.292633,0.804890,0.009303,0.083207,0.587489
1677104459,378787682,0.415060,0.671161,0.293015,0.805221,0.009577,0.083222,0.587027
1677104459,388718987,0.414999,0.671136,0.293384,0.805316,0.009802,0.083286,0.586885
1677104459,399141348,0.415126,0.671300,0.293814,0.805331,0.009198,0.083800,0.586801
1677104459,409058697,0.415058,0.671323,0.294130,0.804652,0.009657,0.083404,0.587781
1677104459,418993141,0.414994,0.671373,0.294500,0.804023,0.010029,0.082862,0.588711
1677104459,429278932,0.415059,0.671387,0.294882,0.803611,0.009482,0.082714,0.589302
1677104459,437859458,0.414942,0.671323,0.295230,0.803507,0.010294,0.082586,0.589449
1677104459,448032999,0.415016,0.671305,0.295668,0.804111,0.009818,0.082384,0.588661
1677104459,457794233,0.414890,0.671138,0.296008,0.804526,0.010534,0.082098,0.588122
1677104459,467881752,0.414992,0.670907,0.296375,0.804724,0.010172,0.082282,0.587831
1677104459,478045324,0.415026,0.670760,0.296740,0.805000,0.010305,0.082472,0.587424
1677104459,487767082,0.415109,0.670753,0.297157,0.805546,0.010163,0.082685,0.586647
1677104459,497831143,0.415195,0.670700,0.297528,0.805624,0.009966,0.082192,0.586614
1677104459,508341075,0.415287,0.670566,0.297801,0.804861,0.010246,0.082453,0.587618
1677104459,518978493,0.415322,0.670650,0.298128,0.804428,0.010429,0.082630,0.588183
1677104459,528568240,0.415133,0.670747,0.298398,0.803649,0.011242,0.081952,0.589327
1677104459,538088048,0.415186,0.671515,0.298920,0.804585,0.010874,0.082409,0.587992
1677104459,548108154,0.415076,0.671591,0.299165,0.803750,0.010916,0.082571,0.589108
1677104459,557838740,0.414944,0.671618,0.299433,0.803486,0.010769,0.082704,0.589452
1677104459,568037179,0.414875,0.671544,0.299673,0.803594,0.010630,0.083300,0.589223
1677104459,579050389,0.414982,0.671370,0.299942,0.803808,0.009244,0.084288,0.588814
1677104459,588534959,0.414993,0.671213,0.300185,0.804159,0.008586,0.085223,0.588211
1677104459,599052653,0.414849,0.671171,0.300421,0.804464,0.008680,0.085488,0.587753
1677104459,608752178,0.414725,0.671209,0.300670,0.804461,0.008178,0.084930,0.587845
1677104459,618825840,0.414580,0.671273,0.300806,0.803952,0.008235,0.084742,0.588568
1677104459,628292369,0.414424,0.671528,0.301025,0.803604,0.008266,0.085300,0.588963
1677104459,638708104,0.414243,0.671638,0.301166,0.803102,0.008109,0.084999,0.589691
1677104459,648431689,0.414111,0.671572,0.301273,0.802614,0.007820,0.085484,0.590289
1677104459,659026570,0.414106,0.671450,0.301400,0.802628,0.006605,0.085785,0.590242
1677104459,668752562,0.414083,0.671455,0.301617,0.803334,0.005701,0.086581,0.589174
1677104459,678648644,0.413968,0.670849,0.301584,0.802774,0.004494,0.086459,0.589965
1677104459,688623077,0.413999,0.670729,0.301702,0.803503,0.003650,0.086897,0.588913
1677104459,698760068,0.413937,0.670575,0.301793,0.803842,0.003869,0.087022,0.588430
1677104459,709073519,0.414039,0.670697,0.302024,0.804834,0.003022,0.087123,0.587063
1677104459,718902084,0.414151,0.670802,0.302256,0.805433,0.002449,0.086989,0.586264
1677104459,729173085,0.414183,0.670754,0.302392,0.805062,0.002778,0.087102,0.586755
1677104459,738775988,0.414031,0.670683,0.302487,0.804587,0.003470,0.086011,0.587562
1677104459,748666889,0.414053,0.670734,0.302625,0.804390,0.003508,0.086380,0.587778
1677104459,758796844,0.414068,0.670720,0.302691,0.804001,0.003244,0.086519,0.588291
1677104459,768975699,0.414001,0.670771,0.302797,0.804166,0.002685,0.086456,0.588078
1677104459,778738801,0.412775,0.671076,0.303061,0.806388,0.008417,0.085357,0.585134
1677104459,788347649,0.412698,0.670972,0.303084,0.806976,0.008101,0.085896,0.584248
1677104459,798763672,0.412493,0.671061,0.303201,0.808726,0.008431,0.086642,0.581708
1677104459,808522536,0.412398,0.670902,0.303203,0.809534,0.008697,0.087352,0.580473
1677104459,818471687,0.412323,0.670811,0.303184,0.810142,0.009142,0.088102,0.579504
1677104459,829124139,0.412295,0.670583,0.303015,0.809755,0.009491,0.088509,0.579976
1677104459,838561922,0.412415,0.670519,0.302904,0.809358,0.009106,0.088683,0.580510
1677104459,848959389,0.412478,0.670572,0.302802,0.809098,0.009394,0.088337,0.580921
1677104459,858824088,0.412579,0.670664,0.302715,0.808993,0.009566,0.087614,0.581174
1677104459,868764638,0.412651,0.670673,0.302589,0.808808,0.010257,0.086981,0.581515
1677104459,878324210,0.412883,0.670625,0.302490,0.808510,0.010444,0.086822,0.581948
1677104459,888907085,0.412872,0.670609,0.302417,0.808730,0.011849,0.085950,0.581745
1677104459,898700103,0.413048,0.670433,0.302281,0.808319,0.012573,0.085533,0.582362
1677104459,908220162,0.413234,0.670475,0.302251,0.808638,0.012763,0.084811,0.582021
1677104459,918537961,0.413327,0.670486,0.302237,0.808794,0.013582,0.084587,0.581819
1677104459,928897552,0.413390,0.670490,0.302231,0.808747,0.014395,0.084265,0.581911
1677104459,938290036,0.413389,0.670486,0.302255,0.808633,0.014900,0.083289,0.582197
1677104459,948847084,0.413414,0.670507,0.302339,0.808546,0.015440,0.083041,0.582340
1677104459,958607367,0.413380,0.670495,0.302413,0.808216,0.016067,0.082873,0.582805
1677104459,968188151,0.413475,0.670653,0.302601,0.808505,0.015560,0.083029,0.582394
1677104459,978699039,0.413411,0.670849,0.302813,0.808908,0.015566,0.082805,0.581867
1677104459,988311145,0.413285,0.670881,0.302928,0.808590,0.015811,0.082986,0.582276
1677104459,998539612,0.413201,0.670923,0.303088,0.808511,0.015615,0.083401,0.582332
1677104460,9128535,0.413375,0.671370,0.303393,0.809325,0.014505,0.085295,0.580953
