secs,nsecs,tx,ty,tz,rx,ry,rz,rw
1677104803,854952488,0.501708,0.554571,0.490805,0.580596,0.052709,0.213247,0.784000
1677104803,865048766,0.501486,0.554568,0.491094,0.579685,0.051689,0.214024,0.784530
1677104803,874414300,0.501270,0.554731,0.491424,0.579408,0.050491,0.214668,0.784636
1677104803,884490903,0.501015,0.554847,0.491707,0.578970,0.049733,0.214838,0.784962
1677104803,895070114,0.500832,0.555264,0.491959,0.579532,0.049159,0.215663,0.784357
1677104803,904404017,0.500688,0.555320,0.492262,0.578785,0.048752,0.215794,0.784897
1677104803,914536555,0.500593,0.555534,0.492496,0.578417,0.049014,0.216393,0.784987
1677104803,924652915,0.500482,0.555789,0.492718,0.578560,0.049064,0.216417,0.784872
1677104803,934536784,0.500528,0.556130,0.492894,0.578541,0.048890,0.217009,0.784734
1677104803,944851992,0.500489,0.556556,0.493001,0.578682,0.049333,0.217229,0.784541
1677104803,955467460,0.500530,0.556807,0.493083,0.577488,0.049975,0.217690,0.785252
1677104803,965069743,0.500537,0.557311,0.493056,0.577278,0.050292,0.217525,0.785432
1677104803,975021918,0.500476,0.557650,0.493009,0.576317,0.051008,0.216873,0.786272
1677104803,985017421,0.500659,0.558010,0.493086,0.575032,0.051276,0.217142,0.787120
1677104803,994747206,0.500744,0.558196,0.493150,0.573762,0.051816,0.216753,0.788119
1677104804,5003067,0.500847,0.558444,0.493251,0.573580,0.052512,0.216834,0.788183
1677104804,15165994,0.500811,0.558575,0.493361,0.574216,0.053156,0.215907,0.787931
1677104804,25431582,0.500979,0.558692,0.493574,0.575368,0.052648,0.215986,0.787102
1677104804,35641664,0.501057,0.558559,0.493810,0.575968,0.052792,0.215921,0.786671
1677104804,45794606,0.501137,0.558432,0.494023,0.576736,0.052774,0.216555,0.785935
1677104804,55501092,0.501078,0.558277,0.494197,0.577658,0.052454,0.216514,0.785291
1677104804,65551941,0.500964,0.558278,0.494233,0.579207,0.051997,0.216550,0.784170
1677104804,75464301,0.500878,0.558168,0.494295,0.579388,0.051574,0.217575,0.783780
1677104804,85665668,0.500827,0.558328,0.494172,0.579938,0.050683,0.218540,0.783162
1677104804,95393703,0.500747,0.558485,0.494006,0.579411,0.050245,0.219630,0.783276
1677104804,105440132,0.500625,0.558842,0.493792,0.578705,0.050011,0.220259,0.783636
1677104804,115197104,0.500632,0.559065,0.493592,0.576476,0.050313,0.221136,0.785011
1677104804,125104151,0.500465,0.559538,0.493353,0.575462,0.051211,0.221028,0.785727
1677104804,135130464,0.500473,0.560000,0.493174,0.574444,0.052093,0.221143,0.786382
1677104804,145122463,0.500603,0.560247,0.493133,0.573178,0.052580,0.221297,0.787229
1677104804,154955304,0.501078,0.560530,0.493158,0.572962,0.050874,0.221265,0.787507
1677104804,164906975,0.501204,0.560539,0.493178,0.572865,0.051239,0.220932,0.787648
1677104804,175115453,0.501269,0.560581,0.493218,0.573906,0.050873,0.220931,0.786914
1677104804,184842007,0.501180,0.560505,0.493176,0.575246,0.051016,0.220454,0.786059
1677104804,194888799,0.500643,0.560488,0.493091,0.576674,0.053834,0.221016,0.784666
1677104804,205202906,0.500441,0.560537,0.492953,0.578004,0.053298,0.221301,0.783643
1677104804,214937928,0.500329,0.560427,0.492809,0.577616,0.052548,0.222099,0.783754
1677104804,225560214,0.500129,0.560548,0.492602,0.577646,0.052275,0.223566,0.783333
1677104804,234820413,0.499575,0.559978,0.492194,0.575002,0.054145,0.222788,0.785371
1677104804,244511228,0.499489,0.560215,0.491917,0.575004,0.053558,0.223870,0.785101
1677104804,254766608,0.499910,0.560314,0.491751,0.574119,0.050446,0.224806,0.785688
1677104804,264910624,0.499841,0.560538,0.491430,0.574643,0.050598,0.224869,0.785277
1677104804,275305946,0.499861,0.560621,0.491210,0.574478,0.051059,0.225157,0.785285
1677104804,285386223,0.499936,0.560806,0.490991,0.575005,0.051507,0.225012,0.784911
1677104804,294820147,0.499966,0.560759,0.490794,0.574993,0.052125,0.224227,0.785104
1677104804,305127888,0.500133,0.560658,0.490682,0.574969,0.052418,0.223890,0.785198
1677104804,315078730,0.500138,0.560494,0.490520,0.575193,0.053380,0.222689,0.785311
1677104804,325001218,0.500261,0.560357,0.490425,0.575584,0.053210,0.222290,0.785149
1677104804,335310909,0.500317,0.560187,0.490313,0.575403,0.053622,0.221947,0.785351
1677104804,345313839,0.500265,0.560153,0.490159,0.575863,0.053968,0.221646,0.785075
1677104804,355012719,0.500354,0.560058,0.490058,0.575592,0.053579,0.222107,0.785170
1677104804,365121015,0.500294,0.559962,0.489922,0.575257,0.053854,0.222313,0.785338
1677104804,375071309,0.500216,0.559962,0.489793,0.575535,0.053395,0.222535,0.785103
1677104804,384842054,0.500185,0.559836,0.489717,0.575250,0.053125,0.222729,0.785275
1677104804,395555007,0.500051,0.559632,0.489681,0.575023,0.052936,0.222406,0.785546
1677104804,405418927,0.500058,0.559553,0.489700,0.575287,0.052783,0.223081,0.785171
1677104804,415055142,0.500036,0.559363,0.489736,0.575342,0.052707,0.223176,0.785109
1677104804,425204231,0.499968,0.559266,0.489795,0.576240,0.052281,0.223244,0.784459
1677104804,435605261,0.499999,0.559116,0.489851,0.576455,0.052158,0.223914,0.784119
1677104804,445019008,0.499932,0.558891,0.489832,0.576565,0.051751,0.223911,0.784065
1677104804,454726898,0.499910,0.558693,0.489765,0.576563,0.051215,0.223981,0.784082
1677104804,465350858,0.499924,0.558571,0.489611,0.576312,0.050345,0.224499,0.784175
1677104804,474847319,0.499812,0.558470,0.489370,0.575801,0.050771,0.224780,0.784442
1677104804,484447492,0.499806,0.558470,0.489129,0.575151,0.050553,0.225112,0.784837
1677104804,494720950,0.499752,0.558585,0.488854,0.575022,0.050780,0.225375,0.784842
1677104804,505498262,0.499275,0.559468,0.488294,0.579464,0.050832,0.223566,0.782084
1677104804,515045717,0.499312,0.559486,0.488136,0.579342,0.050783,0.223739,0.782128
1677104804,525046939,0.499289,0.559428,0.488020,0.579385,0.050527,0.223384,0.782214
1677104804,535124304,0.499290,0.559282,0.487983,0.579046,0.050714,0.223849,0.782321
1677104804,544808053,0.499195,0.559113,0.487924,0.579160,0.050233,0.223905,0.782251
1677104804,555596018,0.499128,0.559027,0.487880,0.579317,0.049832,0.225066,0.781827
1677104804,565568992,0.498948,0.558695,0.487802,0.578244,0.049853,0.226197,0.782293
1677104804,575274778,0.498678,0.558513,0.487639,0.577808,0.049429,0.227300,0.782323
1677104804,585212587,0.498445,0.558496,0.487422,0.577624,0.048335,0.228593,0.782151
1677104804,595335892,0.498177,0.558303,0.487181,0.576186,0.047634,0.230185,0.782787
1677104804,604992497,0.497781,0.558519,0.486771,0.576205,0.046910,0.231267,0.782498
1677104804,615266367,0.497164,0.559078,0.486134,0.577649,0.046297,0.231496,0.781401
1677104804,624824010,0.496776,0.559094,0.485668,0.575025,0.047190,0.233124,0.782798
1677104804,635215480,0.496496,0.559247,0.485102,0.572812,0.047152,0.234524,0.784004
1677104804,644905531,0.496204,0.559538,0.484475,0.571386,0.046370,0.235625,0.784760
1677104804,655189970,0.495881,0.559740,0.483793,0.569822,0.045699,0.236905,0.785551
1677104804,665055029,0.495471,0.560147,0.482988,0.569598,0.044891,0.238617,0.785242
1677104804,674870385,0.494849,0.560290,0.482072,0.569091,0.044137,0.239655,0.785336
1677104804,685555924,0.494206,0.560484,0.481103,0.568941,0.043685,0.242253,0.784673
1677104804,695153303,0.493706,0.560747,0.479987,0.568768,0.040667,0.246111,0.783759
1677104804,705444507,0.492850,0.560901,0.478655,0.567881,0.038847,0.250011,0.783260
1677104804,715101802,0.491896,0.561247,0.477020,0.566863,0.036378,0.254721,0.782598
1677104804,725328900,0.490810,0.561632,0.475140,0.565177,0.032612,0.258701,0.782678
1677104804,734834914,0.489726,0.562181,0.473019,0.563147,0.028131,0.263216,0.782810
1677104804,745293105,0.488598,0.562446,0.470740,0.559364,0.024867,0.267753,0.784093
1677104804,755153438,0.487606,0.562897,0.468329,0.556532,0.020987,0.272208,0.784687
1677104804,764840946,0.486599,0.563531,0.465713,0.555213,0.018216,0.276551,0.784172
1677104804,774812506,0.485746,0.563801,0.463107,0.552584,0.015955,0.280411,0.784707
1677104804,784869180,0.484866,0.564310,0.460286,0.551447,0.015538,0.283288,0.784483
1677104804,794890981,0.484189,0.564842,0.457548,0.550040,0.016055,0.286913,0.784142
1677104804,805140593,0.483631,0.565474,0.454788,0.549375,0.016657,0.289223,0.783747
1677104804,815149344,0.483152,0.566074,0.452080,0.548626,0.018289,0.291006,0.783575
1677104804,824945153,0.482834,0.566677,0.449394,0.547941,0.020144,0.292713,0.783373
1677104804,835179229,0.482578,0.567254,0.446693,0.548123,0.021042,0.293271,0.783014
1677104804,845702111,0.482346,0.567644,0.443955,0.547866,0.022196,0.293667,0.783013
1677104804,855100214,0.482187,0.568160,0.441106,0.548455,0.023582,0.295014,0.782053
1677104804,865089852,0.481987,0.568395,0.438099,0.548719,0.024370,0.295849,0.781529
1677104804,875135804,0.481610,0.568544,0.434852,0.549426,0.025178,0.296199,0.780873
1677104804,885307516,0.481328,0.568914,0.431488,0.550385,0.025474,0.298071,0.779475
1677104804,895136587,0.481017,0.569142,0.427951,0.550174,0.025873,0.300548,0.778659
1677104804,904737620,0.480566,0.569480,0.424240,0.550137,0.026178,0.303042,0.777708
1677104804,915215313,0.480065,0.569781,0.420388,0.549476,0.026607,0.305670,0.777132
1677104804,925019186,0.479565,0.570060,0.416414,0.548160,0.027436,0.309085,0.776682
1677104804,935781237,0.479059,0.570530,0.412346,0.547441,0.028189,0.312623,0.775746
1677104804,945210797,0.478465,0.570899,0.408168,0.546484,0.029195,0.315552,0.775197
1677104804,954881807,0.477926,0.571325,0.403977,0.545882,0.029744,0.318303,0.774475
1677104804,964683816,0.477585,0.571782,0.399904,0.545552,0.029225,0.321362,0.773464
1677104804,974695330,0.477145,0.572040,0.395906,0.545476,0.028893,0.323465,0.772652
1677104804,984666891,0.476767,0.572320,0.392010,0.546466,0.026774,0.324990,0.771388
1677104804,995244706,0.476474,0.572474,0.388232,0.546619,0.027297,0.326726,0.770527
1677104805,5629372,0.476254,0.572814,0.384484,0.547151,0.027530,0.328207,0.769512
1677104805,15544085,0.476007,0.573197,0.380784,0.547563,0.028693,0.329070,0.768807
1677104805,24758665,0.475804,0.573670,0.377187,0.547090,0.030731,0.330447,0.768474
1677104805,35182367,0.475617,0.574373,0.373625,0.547669,0.032330,0.330805,0.767842
1677104805,45211748,0.475173,0.574937,0.369945,0.546816,0.036978,0.330909,0.768195
1677104805,55216306,0.475024,0.575727,0.366450,0.546706,0.039114,0.331067,0.768100
1677104805,64949378,0.474877,0.576353,0.363038,0.545725,0.041165,0.331161,0.768650
1677104805,75569911,0.474558,0.577008,0.359539,0.545085,0.043853,0.330878,0.769077
1677104805,85319016,0.474231,0.578501,0.355960,0.546118,0.047019,0.332999,0.767239
1677104805,94856813,0.473893,0.579200,0.352487,0.544822,0.049159,0.333490,0.767813
1677104805,105187311,0.473571,0.580156,0.349076,0.544461,0.050385,0.334907,0.767373
1677104805,115208303,0.472841,0.580499,0.345544,0.542924,0.053533,0.334856,0.768270
1677104805,124872449,0.472403,0.581646,0.342130,0.543962,0.054978,0.337079,0.766459
1677104805,134922692,0.471752,0.582357,0.338668,0.543709,0.057494,0.338537,0.765812
1677104805,144967443,0.471047,0.583606,0.335087,0.545237,0.059684,0.340951,0.763484
1677104805,155492488,0.470353,0.584534,0.331457,0.544434,0.062131,0.343255,0.762829
1677104805,165244048,0.469263,0.585868,0.327544,0.543619,0.066488,0.346066,0.761772
1677104805,174694688,0.468324,0.587199,0.323619,0.541927,0.069336,0.348630,0.761554
1677104805,184774040,0.467208,0.588839,0.319561,0.541143,0.072721,0.351372,0.760535
1677104805,195347748,0.465382,0.590301,0.315404,0.540049,0.080882,0.353561,0.759473
1677104805,205169748,0.464836,0.592071,0.311459,0.538797,0.079611,0.355965,0.759373
1677104805,215023801,0.463827,0.593640,0.307491,0.537173,0.082717,0.358682,0.758914
1677104805,225264134,0.462613,0.595244,0.303446,0.535922,0.086629,0.360514,0.758494
1677104805,235075363,0.461334,0.597684,0.299249,0.535967,0.091933,0.364904,0.755733
1677104805,244810600,0.460068,0.599611,0.295060,0.534825,0.096605,0.367286,0.754805
1677104805,255341545,0.458856,0.601729,0.290795,0.533774,0.101149,0.370029,0.753613
1677104805,265168816,0.457602,0.603749,0.286434,0.532641,0.105247,0.372106,0.752831
1677104805,274793132,0.456081,0.605927,0.281955,0.533549,0.109690,0.373552,0.750834
1677104805,284633200,0.454858,0.607934,0.277536,0.530760,0.113487,0.376332,0.750858
1677104805,295018805,0.453487,0.610001,0.273020,0.528561,0.116763,0.378403,0.750867
1677104805,305402928,0.452031,0.612353,0.268458,0.526201,0.120350,0.380967,0.750661
1677104805,314790679,0.450537,0.614602,0.263901,0.522853,0.124004,0.383218,0.751260
1677104805,325311675,0.448837,0.617478,0.259305,0.521667,0.128132,0.386852,0.749528
1677104805,335010119,0.447596,0.619239,0.255041,0.518071,0.129556,0.387983,0.751191
1677104805,344706827,0.446099,0.621338,0.250760,0.517260,0.132594,0.389733,0.750313
1677104805,354428305,0.445036,0.623306,0.246818,0.516261,0.133883,0.392458,0.749351
1677104805,364712788,0.443629,0.625136,0.242808,0.516669,0.137611,0.394608,0.747262
1677104805,374732162,0.442372,0.626698,0.239055,0.513845,0.142181,0.397627,0.746754
1677104805,384595498,0.441029,0.628558,0.235157,0.512267,0.146021,0.400795,0.745402
1677104805,395456130,0.439430,0.630472,0.231168,0.513439,0.147162,0.401063,0.744226
1677104805,404839589,0.438453,0.632005,0.227632,0.508756,0.148771,0.404373,0.745330
1677104805,415045708,0.437125,0.633728,0.223906,0.506879,0.150905,0.405648,0.745487
1677104805,425142805,0.435917,0.635500,0.220323,0.505038,0.153424,0.407435,0.745248
1677104805,435072298,0.434903,0.637035,0.216987,0.503090,0.155322,0.408700,0.745480
1677104805,445011995,0.434008,0.638755,0.213720,0.502216,0.156933,0.410237,0.744887
1677104805,455246920,0.432888,0.640456,0.210364,0.502301,0.159648,0.410425,0.744148
1677104805,465318630,0.432063,0.641802,0.207269,0.500227,0.162575,0.410952,0.744622
1677104805,474937851,0.431275,0.643342,0.204308,0.498292,0.165271,0.412114,0.744683
1677104805,485420566,0.430310,0.644824,0.201382,0.496459,0.168200,0.412482,0.745048
1677104805,494951484,0.429591,0.646100,0.198682,0.493331,0.170219,0.413441,0.746134
1677104805,505635791,0.428766,0.647385,0.196120,0.491281,0.172271,0.414039,0.746685
1677104805,515069556,0.427974,0.648677,0.193660,0.490545,0.173898,0.414254,0.746672
1677104805,524931683,0.427380,0.649853,0.191422,0.489297,0.175367,0.415517,0.746445
1677104805,535465560,0.426782,0.650773,0.189319,0.487967,0.176897,0.415683,0.746862
1677104805,545068132,0.426329,0.651688,0.187433,0.486882,0.177636,0.416214,0.747099
1677104805,555240350,0.425851,0.652504,0.185678,0.486492,0.179289,0.416159,0.746989
1677104805,565335930,0.425530,0.653230,0.184171,0.486413,0.180991,0.416295,0.746554
1677104805,575049366,0.425382,0.653711,0.182956,0.486270,0.182405,0.415938,0.746503
1677104805,584896178,0.425221,0.654290,0.181802,0.486592,0.184494,0.415800,0.745856
1677104805,594921360,0.424958,0.654826,0.180639,0.486732,0.186357,0.414798,0.745859
1677104805,604860825,0.424664,0.655460,0.179491,0.486278,0.187921,0.413983,0.746215
1677104805,615241565,0.424393,0.656302,0.178361,0.485431,0.188805,0.414147,0.746453
1677104805,624792607,0.424157,0.656966,0.177249,0.484190,0.188934,0.413791,0.747423
1677104805,635622277,0.424054,0.657478,0.176205,0.482643,0.188911,0.413587,0.748541
1677104805,645436424,0.423768,0.657967,0.175217,0.482414,0.190457,0.413191,0.748516
1677104805,654980144,0.423649,0.658403,0.174333,0.482494,0.191974,0.413116,0.748119
1677104805,664608304,0.423532,0.658601,0.173570,0.482123,0.194361,0.412501,0.748081
1677104805,674438782,0.423403,0.659145,0.172830,0.483107,0.196885,0.412800,0.746619
1677104805,684926674,0.423492,0.659328,0.172346,0.483749,0.197785,0.411733,0.746555
1677104805,695299288,0.423633,0.659529,0.172174,0.486963,0.199766,0.410840,0.744427
1677104805,705150323,0.423900,0.659529,0.172095,0.490198,0.201559,0.409279,0.742678
1677104805,715235344,0.424067,0.659608,0.171957,0.491578,0.203197,0.408627,0.741678
1677104805,725481316,0.424004,0.659862,0.171634,0.492207,0.203626,0.408223,0.741365
1677104805,735326319,0.424091,0.660061,0.171372,0.492576,0.203096,0.408200,0.741278
1677104805,745318884,0.424087,0.659930,0.171267,0.493219,0.203558,0.407597,0.741056
1677104805,755226139,0.424313,0.659649,0.171278,0.493580,0.203368,0.407220,0.741075
1677104805,765003223,0.424238,0.659567,0.171194,0.494594,0.204056,0.407109,0.740271
1677104805,774905346,0.424146,0.659626,0.171058,0.496044,0.203885,0.406759,0.739539
1677104805,785271312,0.424173,0.659571,0.171034,0.496308,0.203761,0.406821,0.739362
1677104805,795838169,0.424189,0.659548,0.171059,0.496940,0.203564,0.406803,0.739002
1677104805,805555991,0.424027,0.659598,0.171015,0.497894,0.204180,0.406434,0.738393
1677104805,815207475,0.423888,0.659725,0.171006,0.497873,0.204497,0.406954,0.738033
1677104805,824998100,0.423644,0.659929,0.170926,0.497350,0.204832,0.407762,0.737846
1677104805,834608282,0.423424,0.660222,0.170851,0.497342,0.204622,0.408815,0.737327
1677104805,845149272,0.423173,0.660344,0.170773,0.497499,0.205202,0.409310,0.736785
1677104805,855945045,0.423089,0.660332,0.170787,0.497782,0.205447,0.409453,0.736446
1677104805,865618654,0.422976,0.660378,0.170744,0.498524,0.205949,0.409483,0.735787
1677104805,875792560,0.422921,0.660495,0.170730,0.499061,0.206135,0.409554,0.735332
1677104805,885731632,0.422900,0.660504,0.170715,0.498859,0.206172,0.409423,0.735531
1677104805,894941407,0.422747,0.660642,0.170642,0.499164,0.206893,0.409143,0.735277
1677104805,905223351,0.422691,0.660717,0.170637,0.499417,0.207178,0.408553,0.735353
1677104805,914797677,0.422674,0.660734,0.170653,0.499708,0.207394,0.407783,0.735522
1677104805,925631499,0.422600,0.660813,0.170635,0.500519,0.207876,0.406970,0.735284
1677104805,935484087,0.422621,0.660882,0.170616,0.501090,0.208065,0.406542,0.735079
1677104805,945379436,0.422598,0.660770,0.170553,0.501123,0.208435,0.405676,0.735430
1677104805,954994293,0.422690,0.660704,0.170466,0.501133,0.208215,0.405093,0.735807
1677104805,965058123,0.422780,0.660611,0.170333,0.501664,0.208564,0.404238,0.735816
1677104805,974918612,0.422944,0.660498,0.170258,0.502484,0.209498,0.403324,0.735493
1677104805,984817320,0.423236,0.660413,0.170168,0.503759,0.210157,0.401660,0.735344
1677104805,994802529,0.423477,0.660314,0.170072,0.504713,0.211428,0.399191,0.735670
1677104806,4835101,0.423910,0.660391,0.169986,0.505183,0.211964,0.397135,0.736305
1677104806,14870036,0.424025,0.660548,0.169831,0.506006,0.213720,0.394321,0.736745
1677104806,24683073,0.424294,0.660603,0.169790,0.505895,0.214784,0.391936,0.737783
1677104806,34937932,0.424522,0.660678,0.169784,0.505773,0.215404,0.390282,0.738563
1677104806,44675762,0.424420,0.660833,0.169693,0.506963,0.216299,0.388748,0.738294
1677104806,55298722,0.424370,0.660733,0.169625,0.507183,0.216070,0.387826,0.738695
1677104806,65538022,0.424308,0.660479,0.169557,0.507080,0.215160,0.387671,0.739113
1677104806,74711349,0.424011,0.660334,0.169460,0.508528,0.214610,0.387691,0.738266
1677104806,85274252,0.423811,0.659980,0.169386,0.509123,0.213964,0.387781,0.737996
1677104806,94958205,0.423441,0.659764,0.169247,0.509959,0.213830,0.388031,0.737326
1677104806,105260303,0.423257,0.659642,0.169124,0.510523,0.212791,0.388041,0.737231
1677104806,115777104,0.423015,0.659563,0.168982,0.511213,0.212349,0.387658,0.737082
1677104806,125223529,0.422781,0.659610,0.168899,0.512300,0.212040,0.387014,0.736755
1677104806,135014292,0.422526,0.659697,0.168762,0.513585,0.212313,0.385897,0.736368
1677104806,145280723,0.422335,0.659727,0.168700,0.514548,0.212404,0.385082,0.736096
1677104806,154976018,0.422076,0.659737,0.168588,0.515388,0.212711,0.384333,0.735811
1677104806,165275141,0.421737,0.659715,0.168429,0.516032,0.213169,0.383692,0.735561
1677104806,174625086,0.421370,0.659775,0.168266,0.517094,0.213094,0.383510,0.734932
1677104806,185222600,0.421040,0.659871,0.168100,0.518290,0.212566,0.383427,0.734285
1677104806,195201168,0.420789,0.659611,0.168026,0.518679,0.212248,0.382594,0.734537
1677104806,204954653,0.420575,0.659610,0.167954,0.520108,0.211963,0.382188,0.733820
1677104806,215728555,0.420294,0.659491,0.167873,0.521402,0.212214,0.380938,0.733479
1677104806,225705540,0.420157,0.659419,0.167849,0.522127,0.211968,0.380126,0.733456
1677104806,235253465,0.420046,0.659358,0.167755,0.522271,0.211633,0.379098,0.733981
1677104806,244614235,0.419837,0.659390,0.167654,0.523184,0.211205,0.378229,0.733903
1677104806,254826177,0.419633,0.659376,0.167513,0.524261,0.211366,0.377592,0.733416
1677104806,265164182,0.419466,0.659161,0.167398,0.525130,0.211163,0.376597,0.733365
1677104806,274702887,0.419252,0.659037,0.167284,0.526524,0.211107,0.375633,0.732875
1677104806,285087794,0.419072,0.658929,0.167158,0.527805,0.211176,0.374836,0.732342
1677104806,294916159,0.418925,0.658697,0.167012,0.528656,0.211267,0.373522,0.732373
1677104806,304734917,0.418765,0.658776,0.166863,0.530525,0.211000,0.372390,0.731674
1677104806,314778215,0.418665,0.658684,0.166727,0.531425,0.211148,0.371003,0.731684
1677104806,324747735,0.418482,0.658758,0.166569,0.533066,0.211601,0.369347,0.731197
1677104806,335662837,0.418483,0.658634,0.166477,0.533500,0.211961,0.367489,0.731711
1677104806,345310683,0.418548,0.658654,0.166356,0.534727,0.211749,0.365371,0.731938
1677104806,355404151,0.418652,0.658848,0.166241,0.535937,0.211975,0.364194,0.731574
1677104806,364947517,0.418728,0.658811,0.166140,0.536769,0.212153,0.362032,0.731986
1677104806,374993084,0.418570,0.658933,0.165998,0.538350,0.212717,0.359363,0.731976
1677104806,385474671,0.418516,0.658961,0.165852,0.538939,0.212657,0.357113,0.732661
1677104806,395163094,0.418498,0.658972,0.165796,0.539730,0.212453,0.355359,0.732991
1677104806,404998209,0.418451,0.658919,0.165791,0.540188,0.212291,0.353795,0.733456
1677104806,415145604,0.418234,0.659017,0.165730,0.541258,0.212266,0.352000,0.733538
1677104806,425162182,0.418061,0.659125,0.165717,0.541861,0.211326,0.350583,0.734043
1677104806,435564254,0.417814,0.659276,0.165667,0.542282,0.211134,0.349947,0.734091
1677104806,445402533,0.417548,0.659263,0.165702,0.542834,0.210717,0.349131,0.734192
1677104806,455319079,0.417395,0.659131,0.165719,0.543181,0.209700,0.348195,0.734671
1677104806,465984619,0.417128,0.659083,0.165667,0.544286,0.208853,0.347328,0.734504
1677104806,475405690,0.416943,0.658961,0.165581,0.545099,0.208157,0.346120,0.734669
1677104806,486182867,0.416919,0.658759,0.165510,0.545699,0.207657,0.344369,0.735188
1677104806,494902263,0.416927,0.658787,0.165452,0.547434,0.207179,0.342068,0.735107
1677104806,504267790,0.416941,0.658861,0.165381,0.548421,0.207498,0.339489,0.735477
1677104806,515128305,0.416786,0.659181,0.165242,0.549046,0.208434,0.337395,0.735710
1677104806,524756647,0.416436,0.659691,0.165031,0.549733,0.209332,0.335312,0.735893
1677104806,535176811,0.416084,0.660058,0.164885,0.549607,0.209975,0.333706,0.736534
1677104806,545445395,0.415515,0.660369,0.164781,0.549745,0.210937,0.332661,0.736629
1677104806,555398380,0.415010,0.660747,0.164714,0.550750,0.209923,0.332463,0.736258
1677104806,565298281,0.414456,0.660723,0.164654,0.550585,0.209212,0.332848,0.736410
1677104806,575357237,0.413944,0.660765,0.164629,0.551727,0.207004,0.333180,0.736029
1677104806,585034647,0.413381,0.660702,0.164602,0.553098,0.205584,0.333352,0.735319
1677104806,594998557,0.413026,0.660337,0.164636,0.553662,0.203430,0.332508,0.735876
1677104806,605193549,0.412737,0.660197,0.164588,0.554523,0.202379,0.331525,0.735961
1677104806,615305396,0.412689,0.660164,0.164566,0.555284,0.200824,0.329840,0.736570
1677104806,625240451,0.412534,0.660352,0.164475,0.556581,0.200508,0.327332,0.736796
1677104806,634322229,0.412461,0.660609,0.164346,0.557432,0.199709,0.324046,0.737821
1677104806,645099059,0.412525,0.660897,0.164200,0.557745,0.198791,0.321424,0.738979
1677104806,655374978,0.412440,0.661287,0.164051,0.558990,0.198706,0.318555,0.739303
1677104806,664718424,0.412324,0.661478,0.163950,0.560251,0.198624,0.315870,0.739523
1677104806,675340010,0.412176,0.661639,0.163844,0.561403,0.198180,0.313519,0.739769
1677104806,685185616,0.412022,0.661706,0.163708,0.561746,0.197357,0.311934,0.740398
1677104806,694775679,0.411674,0.661845,0.163557,0.562800,0.196195,0.310109,0.740673
1677104806,705401120,0.411460,0.661779,0.163542,0.563744,0.195228,0.308237,0.740992
1677104806,715114281,0.411265,0.661697,0.163610,0.565010,0.194247,0.306027,0.741201
1677104806,724756387,0.411131,0.661818,0.163617,0.565732,0.193364,0.304712,0.741423
1677104806,735395525,0.410876,0.662011,0.163529,0.565656,0.192092,0.302831,0.742581
1677104806,744887097,0.410408,0.662470,0.163379,0.566299,0.191528,0.301409,0.742816
1677104806,755006395,0.410094,0.662750,0.163313,0.566731,0.190740,0.299872,0.743311
1677104806,765205368,0.409748,0.663050,0.163360,0.567824,0.190005,0.298833,0.743083
1677104806,775068513,0.409383,0.663167,0.163401,0.567726,0.189469,0.297618,0.743782
1677104806,785502410,0.408893,0.663504,0.163365,0.568285,0.187857,0.296345,0.744272
1677104806,794742105,0.408452,0.663647,0.163347,0.568077,0.186199,0.295262,0.745277
1677104806,805242462,0.408131,0.663873,0.163372,0.568216,0.184822,0.295203,0.745538
1677104806,815123638,0.407658,0.664055,0.163421,0.569112,0.183366,0.293510,0.745882
1677104806,824891056,0.407291,0.664332,0.163432,0.569884,0.181979,0.291999,0.746225
1677104806,835095620,0.407008,0.664450,0.163447,0.569791,0.180823,0.290510,0.747158
1677104806,844931131,0.406637,0.664819,0.163439,0.570847,0.180091,0.289155,0.747054
1677104806,855203122,0.406342,0.665113,0.163416,0.571869,0.178733,0.286942,0.747452
1677104806,865309306,0.406187,0.665461,0.163349,0.572454,0.177272,0.285811,0.747785
1677104806,875068711,0.405961,0.665830,0.163293,0.573070,0.176160,0.284081,0.748235
1677104806,885012709,0.405695,0.666118,0.163212,0.573776,0.175315,0.281882,0.748724
1677104806,894929778,0.405420,0.666445,0.163176,0.574857,0.174382,0.279594,0.748971
1677104806,905281532,0.405361,0.666648,0.163167,0.575128,0.173037,0.277775,0.749751
1677104806,915090190,0.405063,0.667017,0.163138,0.576672,0.171891,0.274989,0.749856
1677104806,925516693,0.404902,0.667211,0.163107,0.577489,0.170822,0.272392,0.750419
1677104806,935093471,0.404804,0.667419,0.163081,0.578513,0.169388,0.269454,0.751016
1677104806,944935543,0.404777,0.667896,0.163060,0.580455,0.167958,0.267528,0.750527
1677104806,955507792,0.404571,0.668051,0.162988,0.580709,0.167533,0.264457,0.751513
1677104806,965099848,0.404239,0.668458,0.162831,0.581270,0.166893,0.261884,0.752123
1677104806,974689014,0.404033,0.669134,0.162610,0.582012,0.165429,0.260892,0.752217
1677104806,985340921,0.403594,0.669708,0.162426,0.583049,0.164252,0.258972,0.752336
1677104806,994920798,0.403182,0.670046,0.162335,0.583464,0.163137,0.257280,0.752837
1677104807,5203540,0.402782,0.670410,0.162302,0.584446,0.161563,0.255841,0.752905
1677104807,15191731,0.402426,0.670758,0.162292,0.585253,0.159539,0.254805,0.753061
1677104807,25053356,0.402026,0.670850,0.162263,0.585198,0.157504,0.252850,0.754190
1677104807,34788625,0.401574,0.671163,0.162210,0.586404,0.155805,0.251094,0.754193
1677104807,44930825,0.401355,0.671379,0.162196,0.587055,0.153849,0.249602,0.754583
1677104807,55533578,0.401130,0.671640,0.162152,0.588050,0.152688,0.247190,0.754838
1677104807,65049156,0.401136,0.671996,0.162129,0.589004,0.151169,0.244816,0.755174
1677104807,75410606,0.400977,0.672181,0.162094,0.589105,0.151015,0.240718,0.756442
1677104807,85441430,0.401025,0.672648,0.162143,0.589725,0.150046,0.236777,0.757395
1677104807,95432835,0.401185,0.673033,0.162210,0.589673,0.149469,0.233644,0.758521
1677104807,105581136,0.401249,0.673606,0.162264,0.589986,0.148989,0.230029,0.759477
1677104807,114897483,0.401208,0.673977,0.162297,0.589689,0.148400,0.226077,0.761008
1677104807,125288515,0.401275,0.674376,0.162362,0.589338,0.147518,0.223053,0.762343
1677104807,135079808,0.401239,0.674600,0.162446,0.589627,0.146821,0.219735,0.763217
1677104807,145685289,0.401316,0.674765,0.162530,0.589962,0.146068,0.217625,0.763707
1677104807,155399585,0.401274,0.674928,0.162518,0.590434,0.144998,0.214379,0.764464
1677104807,165120068,0.401394,0.674958,0.162531,0.590476,0.143379,0.211511,0.765535
1677104807,174682822,0.401479,0.675232,0.162498,0.592073,0.142216,0.208475,0.765351
1677104807,185199623,0.401571,0.675440,0.162520,0.593443,0.140913,0.204734,0.765541
1677104807,195044379,0.401762,0.675559,0.162446,0.593918,0.139634,0.201137,0.766360
1677104807,205062577,0.401876,0.675823,0.162342,0.594618,0.138629,0.197284,0.767001
1677104807,215366065,0.401934,0.676193,0.162210,0.595907,0.137790,0.193608,0.767088
1677104807,225532106,0.401971,0.676405,0.162137,0.596703,0.137754,0.190365,0.767288
1677104807,235468191,0.402018,0.676552,0.162086,0.597169,0.136852,0.187568,0.767775
1677104807,245698725,0.401929,0.676979,0.161991,0.598425,0.135873,0.185436,0.767489
1677104807,255666030,0.401671,0.677250,0.161888,0.598791,0.135188,0.183516,0.767786
1677104807,265540549,0.401399,0.677526,0.161820,0.599344,0.133802,0.182230,0.767904
1677104807,275369859,0.401050,0.677978,0.161811,0.600118,0.133172,0.182185,0.767419
1677104807,285454925,0.400748,0.678116,0.161851,0.599608,0.131849,0.182365,0.768003
1677104807,294996890,0.400265,0.678472,0.161866,0.600013,0.130631,0.182600,0.767840
1677104807,305351687,0.399811,0.678607,0.161870,0.599462,0.128714,0.182315,0.768661
1677104807,315001845,0.399320,0.678794,0.161827,0.599296,0.127765,0.182404,0.768927
1677104807,324917036,0.399089,0.678883,0.161860,0.599062,0.126056,0.181968,0.769494
1677104807,334399279,0.398996,0.679085,0.161859,0.599794,0.124786,0.181015,0.769356
1677104807,345187192,0.398950,0.679272,0.161857,0.600765,0.124278,0.178854,0.769186
1677104807,355469864,0.399104,0.679198,0.161823,0.600717,0.124226,0.175855,0.769923
1677104807,364803272,0.399479,0.679392,0.161792,0.601957,0.123873,0.172764,0.769712
1677104807,375018839,0.399805,0.679478,0.161716,0.602479,0.124225,0.168215,0.770254
1677104807,384851441,0.400430,0.679616,0.161691,0.602491,0.123705,0.165007,0.771022
1677104807,394936480,0.400836,0.680066,0.161588,0.603877,0.123420,0.161161,0.770797
1677104807,405381756,0.401070,0.680322,0.161488,0.604839,0.123519,0.157621,0.770759
1677104807,415216586,0.401219,0.680329,0.161350,0.605615,0.123386,0.154372,0.770828
1677104807,424782218,0.401600,0.680210,0.161213,0.606241,0.122197,0.153353,0.770728
1677104807,435356218,0.401537,0.680117,0.160991,0.608065,0.122294,0.151455,0.769651
1677104807,445077379,0.401688,0.679882,0.160804,0.609356,0.121267,0.150287,0.769021
1677104807,455006370,0.401704,0.679747,0.160599,0.610887,0.121050,0.148925,0.768105
1677104807,464331759,0.401761,0.679502,0.160423,0.611392,0.120719,0.147524,0.768025
1677104807,474883755,0.401872,0.679411,0.160280,0.611714,0.120159,0.146122,0.768125
1677104807,485387598,0.401862,0.679513,0.160135,0.612844,0.119847,0.144454,0.767588
1677104807,495096685,0.401965,0.679525,0.160062,0.613645,0.119210,0.143412,0.767243
1677104807,505221601,0.401999,0.679336,0.160026,0.613773,0.118522,0.142051,0.767500
1677104807,515161845,0.402001,0.679327,0.160034,0.614688,0.117798,0.141473,0.766986
1677104807,525274489,0.401836,0.679233,0.160014,0.614963,0.117307,0.139974,0.767116
1677104807,535556718,0.401719,0.679335,0.159940,0.615919,0.116117,0.139328,0.766648
1677104807,545473342,0.401609,0.679377,0.159811,0.616435,0.114721,0.138839,0.766532
1677104807,555185545,0.401412,0.679192,0.159666,0.616262,0.113509,0.137887,0.767023
1677104807,565570549,0.401159,0.679163,0.159562,0.617056,0.112608,0.137087,0.766661
1677104807,575130720,0.400967,0.679235,0.159533,0.618127,0.111200,0.136734,0.766066
1677104807,585387697,0.400794,0.679287,0.159535,0.618810,0.109140,0.136469,0.765858
1677104807,595327565,0.400376,0.679379,0.159510,0.619534,0.107771,0.135419,0.765653
1677104807,605220513,0.400025,0.679581,0.159497,0.620524,0.106071,0.134933,0.765175
1677104807,615014205,0.399683,0.679700,0.159458,0.621317,0.103815,0.133715,0.765054
1677104807,625315705,0.399370,0.679795,0.159407,0.621258,0.102681,0.133272,0.765332
1677104807,635215312,0.398919,0.680338,0.159333,0.622678,0.101570,0.132388,0.764480
1677104807,645014977,0.398591,0.680890,0.159182,0.623646,0.100498,0.132062,0.763888
1677104807,655531827,0.398215,0.681125,0.159048,0.623227,0.099702,0.130899,0.764534
1677104807,665093017,0.397928,0.681329,0.158974,0.623095,0.099012,0.130480,0.764803
1677104807,674928684,0.397622,0.681678,0.158924,0.623983,0.097476,0.129412,0.764458
1677104807,685085136,0.397128,0.682036,0.158891,0.625177,0.096555,0.127891,0.763856
1677104807,694880093,0.396804,0.682262,0.158846,0.625011,0.095519,0.127750,0.764145
1677104807,705491135,0.396405,0.682541,0.158769,0.625235,0.094094,0.126918,0.764277
1677104807,714783004,0.395992,0.682888,0.158775,0.626240,0.092479,0.126058,0.763794
1677104807,725303323,0.395623,0.683106,0.158777,0.626901,0.091180,0.125473,0.763504
1677104807,734892621,0.395312,0.683203,0.158759,0.627018,0.089802,0.124490,0.763732
1677104807,745292695,0.395036,0.683559,0.158736,0.627522,0.088439,0.123239,0.763680
1677104807,755597617,0.394790,0.683979,0.158693,0.627614,0.087558,0.121803,0.763936
1677104807,765250852,0.394583,0.684378,0.158719,0.627215,0.086908,0.120497,0.764545
1677104807,775587695,0.394338,0.685007,0.158699,0.627747,0.086411,0.118817,0.764427
1677104807,785356160,0.394225,0.685508,0.158728,0.627742,0.085847,0.118257,0.764582
1677104807,795551814,0.394044,0.685993,0.158750,0.627919,0.085513,0.117578,0.764579
1677104807,805265507,0.393846,0.686357,0.158761,0.628105,0.084930,0.116447,0.764664
1677104807,815395226,0.393573,0.686590,0.158824,0.627754,0.084632,0.115327,0.765155
1677104807,825381707,0.393472,0.687037,0.158889,0.627625,0.083678,0.115276,0.765373
1677104807,834898310,0.393216,0.687418,0.158966,0.627213,0.083129,0.115040,0.765806
1677104807,844996521,0.393007,0.687559,0.159113,0.626233,0.082134,0.114721,0.766763
1677104807,855108390,0.392812,0.687871,0.159189,0.626575,0.080838,0.114342,0.766678
1677104807,865270018,0.392629,0.688172,0.159250,0.626944,0.079938,0.114358,0.766468
1677104807,875718579,0.392585,0.688517,0.159241,0.627129,0.078999,0.114071,0.766457
1677104807,884692845,0.392548,0.688588,0.159297,0.626512,0.078446,0.113090,0.767163
1677104807,895262897,0.392527,0.688825,0.159311,0.627135,0.078029,0.111381,0.766947
1677104807,904599509,0.392681,0.688960,0.159289,0.627684,0.077440,0.109774,0.766789
1677104807,914837182,0.392774,0.688925,0.159261,0.627893,0.076728,0.107401,0.767026
1677104807,924922248,0.393082,0.689121,0.159180,0.628698,0.075014,0.105402,0.766813
1677104807,935026656,0.393251,0.689274,0.159118,0.629064,0.074049,0.103669,0.766843
1677104807,945505176,0.393436,0.689507,0.159062,0.629541,0.072340,0.102094,0.766826
1677104807,955468517,0.393373,0.689667,0.158970,0.629688,0.071992,0.100773,0.766913
1677104807,965209381,0.393376,0.689813,0.158914,0.629671,0.070918,0.099863,0.767145
1677104807,975257103,0.393259,0.690078,0.158866,0.630359,0.070068,0.098796,0.766797
1677104807,985780673,0.393171,0.690243,0.158826,0.630866,0.069230,0.098101,0.766545
1677104807,994790052,0.393128,0.690338,0.158789,0.631477,0.068576,0.097355,0.766196
1677104808,5369140,0.393271,0.690428,0.158735,0.632736,0.066912,0.097109,0.765335
1677104808,15209622,0.393117,0.690237,0.158653,0.633504,0.066183,0.095226,0.765000
1677104808,24535408,0.393089,0.689991,0.158508,0.634321,0.064990,0.093826,0.764598
1677104808,34601581,0.393143,0.689924,0.158353,0.635926,0.063720,0.093196,0.763448
1677104808,45559565,0.393182,0.689793,0.158164,0.636361,0.062753,0.092916,0.763200
1677104808,55468415,0.393160,0.689647,0.157961,0.636207,0.061765,0.092548,0.763453
1677104808,65016603,0.393037,0.689622,0.157791,0.636548,0.061259,0.092352,0.763234
1677104808,75676758,0.392949,0.689541,0.157646,0.637512,0.059659,0.091231,0.762690
1677104808,85352571,0.392904,0.689591,0.157554,0.639135,0.059054,0.091210,0.761380
1677104808,95051782,0.392863,0.689500,0.157422,0.639460,0.058528,0.090417,0.761242
1677104808,105504689,0.392909,0.689808,0.157192,0.640294,0.057577,0.089164,0.760761
1677104808,115245932,0.393060,0.689997,0.157013,0.640311,0.057289,0.088072,0.760896
1677104808,124945651,0.393157,0.690050,0.156913,0.640846,0.057828,0.085956,0.760647
1677104808,135502473,0.393415,0.690042,0.156862,0.641310,0.058238,0.084234,0.760417
1677104808,145362311,0.393616,0.690163,0.156753,0.641219,0.058811,0.082064,0.760687
1677104808,155304263,0.393892,0.690417,0.156673,0.641503,0.058963,0.079974,0.760658
1677104808,164957320,0.394268,0.690581,0.156666,0.642524,0.058674,0.078475,0.759975
1677104808,175053358,0.394380,0.690632,0.156652,0.643536,0.059678,0.076036,0.759288
1677104808,185082529,0.394726,0.690787,0.156621,0.644302,0.059220,0.074513,0.758825
1677104808,194910763,0.394925,0.690818,0.156568,0.643968,0.059510,0.072727,0.759259
1677104808,205328113,0.395083,0.691008,0.156548,0.644253,0.059623,0.071116,0.759161
1677104808,215210785,0.395306,0.691176,0.156555,0.644515,0.059416,0.069984,0.759061
1677104808,225069303,0.395490,0.691246,0.156540,0.644281,0.058790,0.068622,0.759432
1677104808,235543669,0.395629,0.691316,0.156493,0.644760,0.058037,0.067000,0.759228
1677104808,244810821,0.395875,0.691408,0.156411,0.645459,0.057192,0.065896,0.758794
1677104808,255052216,0.395966,0.691445,0.156304,0.646407,0.056563,0.064217,0.758179
1677104808,265252289,0.396047,0.691387,0.156139,0.646898,0.055808,0.062248,0.757980
1677104808,274916188,0.396201,0.691329,0.155970,0.647561,0.054644,0.060785,0.757618
1677104808,284919965,0.396284,0.691429,0.155791,0.649280,0.053087,0.058946,0.756401
1677104808,294545662,0.396338,0.691356,0.155637,0.649899,0.052068,0.057136,0.756079
1677104808,305285934,0.396404,0.691301,0.155503,0.650254,0.051453,0.055735,0.755920
1677104808,315306846,0.396546,0.691490,0.155397,0.651296,0.050467,0.054305,0.755194
1677104808,325090173,0.396703,0.691612,0.155317,0.651749,0.049498,0.052964,0.754962
1677104808,335656596,0.396722,0.691705,0.155249,0.652118,0.049284,0.051521,0.754758
1677104808,345519878,0.396722,0.691830,0.155147,0.652640,0.048674,0.049940,0.754452
1677104808,355422272,0.396621,0.691784,0.155080,0.652791,0.048192,0.048587,0.754441
1677104808,365566656,0.396553,0.691806,0.155025,0.653485,0.047330,0.048266,0.753915
1677104808,375256717,0.396406,0.691928,0.154888,0.654688,0.045564,0.047631,0.753020
1677104808,385093584,0.396124,0.692001,0.154753,0.655198,0.044234,0.047539,0.752661
1677104808,395501294,0.395762,0.692211,0.154559,0.656221,0.042864,0.047508,0.751851
1677104808,405062297,0.395369,0.692149,0.154442,0.656280,0.041367,0.047966,0.751854
1677104808,415454041,0.394877,0.692263,0.154320,0.657427,0.040004,0.048412,0.750897
1677104808,425509660,0.394583,0.692294,0.154235,0.657748,0.037626,0.049695,0.750655
1677104808,434972110,0.394083,0.692328,0.154217,0.657553,0.036507,0.050743,0.750811
1677104808,444984831,0.393569,0.692574,0.154168,0.658004,0.035224,0.051079,0.750454
1677104808,455273750,0.393243,0.692686,0.154163,0.658108,0.033412,0.052214,0.750367
1677104808,465568552,0.392734,0.692691,0.154120,0.658335,0.032995,0.052477,0.750168
1677104808,475047846,0.392595,0.692748,0.154109,0.659009,0.031032,0.053306,0.749601
1677104808,485547134,0.392444,0.692724,0.154070,0.659420,0.029855,0.053806,0.749252
1677104808,495393088,0.392178,0.692650,0.154000,0.659719,0.029603,0.053245,0.749039
1677104808,505232599,0.392054,0.692440,0.153971,0.659419,0.028940,0.053007,0.749346
1677104808,514955179,0.391925,0.692432,0.153926,0.659809,0.028329,0.052344,0.749073
1677104808,525125446,0.391813,0.692402,0.153833,0.660456,0.027883,0.051653,0.748567
1677104808,535522103,0.391861,0.692263,0.153751,0.661078,0.026862,0.051473,0.748068
1677104808,544943162,0.391915,0.692131,0.153648,0.662203,0.025553,0.051041,0.747147
1677104808,555652774,0.391863,0.691739,0.153524,0.662287,0.024755,0.050037,0.747168
1677104808,565171123,0.391863,0.691706,0.153391,0.663226,0.024036,0.049335,0.746405
1677104808,574674513,0.391941,0.691642,0.153240,0.664061,0.022915,0.048873,0.745727
1677104808,585366830,0.391900,0.691580,0.153118,0.665080,0.022304,0.047843,0.744904
1677104808,595045281,0.391977,0.691435,0.153015,0.665495,0.021558,0.047277,0.744591
1677104808,604993490,0.391946,0.691378,0.152915,0.666482,0.020953,0.045979,0.743807
1677104808,614935572,0.392167,0.691395,0.152812,0.667824,0.019677,0.045587,0.742662
1677104808,625139147,0.392220,0.691210,0.152666,0.667930,0.019466,0.044527,0.742636
1677104808,634897487,0.392307,0.691316,0.152589,0.668865,0.019573,0.043788,0.741835
1677104808,644351096,0.392456,0.691248,0.152494,0.668687,0.019372,0.042629,0.742069
1677104808,654912177,0.392681,0.691380,0.152435,0.669153,0.019609,0.042085,0.741673
1677104808,665301834,0.392995,0.691373,0.152419,0.669096,0.019295,0.041168,0.741784
1677104808,674837011,0.393282,0.691466,0.152403,0.670070,0.018674,0.039809,0.740994
1677104808,685088718,0.393488,0.691338,0.152375,0.670211,0.018708,0.037925,0.740965
1677104808,695209926,0.393825,0.691205,0.152365,0.670043,0.017504,0.035669,0.741258
1677104808,705643608,0.394357,0.691373,0.152296,0.671186,0.015254,0.033863,0.740358
1677104808,715567034,0.394578,0.691325,0.152185,0.671690,0.015061,0.030863,0.740036
1677104808,725464553,0.395179,0.691400,0.152157,0.673131,0.013680,0.028961,0.738829
1677104808,735922783,0.395502,0.691285,0.152126,0.673588,0.014495,0.026529,0.738488
1677104808,745432119,0.396062,0.691391,0.152138,0.674749,0.014628,0.024639,0.737490
1677104808,755433280,0.396532,0.691446,0.152131,0.675610,0.015256,0.022415,0.736760
1677104808,765241809,0.396983,0.691405,0.152155,0.675905,0.016304,0.020553,0.736521
1677104808,775175482,0.397484,0.691285,0.152158,0.675897,0.017040,0.019075,0.736552
1677104808,784938161,0.397799,0.691175,0.152217,0.676352,0.017538,0.016923,0.736175
1677104808,794765721,0.398172,0.691231,0.152231,0.678117,0.017338,0.015584,0.734584
1677104808,805229393,0.398532,0.691009,0.152184,0.679422,0.016194,0.014486,0.733426
1677104808,815307986,0.398691,0.690569,0.152102,0.680526,0.015831,0.013504,0.732429
1677104808,825481864,0.398797,0.690332,0.152034,0.682214,0.014916,0.011937,0.730903
1677104808,835092174,0.398856,0.690074,0.151910,0.682891,0.015212,0.011341,0.730274
1677104808,845355541,0.398917,0.689867,0.151768,0.683087,0.015160,0.010896,0.730099
1677104808,855097160,0.399041,0.689689,0.151653,0.683240,0.014729,0.010824,0.729965
1677104808,865074838,0.399144,0.689534,0.151609,0.683433,0.014457,0.011012,0.729787
1677104808,874406976,0.399200,0.689545,0.151583,0.684440,0.013831,0.011079,0.728854
1677104808,885057238,0.399207,0.689438,0.151541,0.684811,0.013127,0.010910,0.728521
1677104808,894849157,0.399170,0.689339,0.151482,0.685042,0.012345,0.010936,0.728317
1677104808,905556822,0.399111,0.689222,0.151425,0.685699,0.011539,0.011491,0.727703
1677104808,914990398,0.399040,0.688926,0.151325,0.686023,0.010263,0.011983,0.727409
1677104808,924723011,0.398913,0.688875,0.151270,0.687666,0.008455,0.012084,0.725877
1677104808,934476098,0.398647,0.688652,0.151190,0.688148,0.007830,0.012512,0.725421
1677104808,944848930,0.398583,0.688395,0.151130,0.687737,0.006468,0.013512,0.725805
1677104808,955278641,0.398399,0.688544,0.151100,0.688638,0.005700,0.014052,0.724947
1677104808,964916399,0.398234,0.688367,0.151063,0.688447,0.004738,0.014862,0.725119
1677104808,975071992,0.398090,0.688332,0.151071,0.689103,0.004091,0.015997,0.724475
1677104808,984949521,0.398001,0.688291,0.151085,0.689895,0.003132,0.016906,0.723705
1677104808,994727703,0.397981,0.688113,0.151108,0.689738,0.002198,0.018292,0.723825
1677104809,5715921,0.397833,0.688080,0.151100,0.690126,0.001747,0.018645,0.723447
1677104809,16242471,0.397656,0.687994,0.151075,0.690514,0.001262,0.018691,0.723076
1677104809,25107056,0.397599,0.687794,0.151091,0.690902,0.000458,0.019275,0.722691
1677104809,35715577,0.397574,0.687861,0.151104,0.692409,-0.000708,0.019617,0.721238
1677104809,45878140,0.397610,0.687689,0.151074,0.692041,-0.001250,0.020481,0.721567
1677104809,55984052,0.397570,0.687712,0.151047,0.691839,-0.001441,0.020888,0.721749
1677104809,65420928,0.397536,0.687897,0.151069,0.692048,-0.001574,0.021103,0.721541
1677104809,75549852,0.397537,0.687853,0.151056,0.691825,-0.001399,0.021714,0.721737
1677104809,85881327,0.397516,0.687718,0.151027,0.691932,-0.001473,0.021549,0.721639
1677104809,95550938,0.397510,0.687695,0.151017,0.692662,-0.001296,0.021460,0.720942
1677104809,105544398,0.397559,0.687527,0.150966,0.693035,-0.001347,0.021213,0.720590
1677104809,115335675,0.397719,0.687426,0.150945,0.693770,-0.001764,0.020925,0.719890
1677104809,125235499,0.397884,0.687222,0.150904,0.694145,-0.002013,0.020542,0.719540
1677104809,134734056,0.398067,0.687062,0.150857,0.694683,-0.002332,0.019733,0.719041
1677104809,144651304,0.398148,0.686905,0.150826,0.694865,-0.001766,0.018899,0.718890
1677104809,154143767,0.398315,0.686944,0.150796,0.695424,-0.001362,0.018230,0.718367
1677104809,164603719,0.398488,0.686974,0.150801,0.695240,-0.001041,0.017432,0.718565
1677104809,174994979,0.398688,0.687101,0.150806,0.695282,-0.000703,0.017043,0.718534
1677104809,184441594,0.398833,0.687108,0.150802,0.695169,-0.000066,0.016987,0.718645
1677104809,194625897,0.398906,0.687171,0.150831,0.695933,-0.000216,0.016265,0.717923
1677104809,204997753,0.398998,0.686961,0.150853,0.696033,-0.000590,0.016007,0.717831
1677104809,215333319,0.399043,0.686765,0.150834,0.696389,-0.000398,0.015991,0.717486
1677104809,224658068,0.399043,0.686641,0.150826,0.696995,-0.000646,0.015815,0.716901
1677104809,235301039,0.399145,0.686503,0.150830,0.697368,-0.001266,0.015740,0.716539
1677104809,245310828,0.399213,0.686491,0.150849,0.697944,-0.001416,0.015555,0.715982
1677104809,255410319,0.399267,0.686405,0.150818,0.698077,-0.001192,0.015300,0.715858
1677104809,265149785,0.399230,0.686381,0.150766,0.697955,-0.000440,0.014785,0.715989
1677104809,274857510,0.399378,0.686418,0.150777,0.698305,-0.000693,0.014675,0.715650
1677104809,285154165,0.399454,0.686367,0.150788,0.698400,-0.000632,0.014493,0.715560
1677104809,295322218,0.399660,0.686358,0.150797,0.698879,-0.001407,0.014508,0.715091
1677104809,305090202,0.399590,0.686107,0.150778,0.698569,-0.000927,0.014000,0.715405
1677104809,315554712,0.399598,0.686129,0.150765,0.699088,-0.001042,0.013758,0.714902
1677104809,325511530,0.399606,0.685960,0.150765,0.699173,-0.001226,0.013646,0.714821
1677104809,335430333,0.399612,0.685979,0.150775,0.700307,-0.001942,0.013182,0.713717
1677104809,345094711,0.399615,0.685803,0.150768,0.700916,-0.002388,0.012918,0.713123
1677104809,355274691,0.399609,0.685654,0.150772,0.701254,-0.002572,0.012989,0.712788
1677104809,365333285,0.399659,0.685592,0.150814,0.701314,-0.002846,0.013310,0.712722
1677104809,374888762,0.399657,0.685585,0.150851,0.701499,-0.003423,0.013124,0.712542
1677104809,385072974,0.399537,0.685528,0.150888,0.701491,-0.003545,0.012672,0.712557
1677104809,395078685,0.399476,0.685566,0.150923,0.701761,-0.003955,0.012629,0.712290
1677104809,404918806,0.399399,0.685606,0.150952,0.702020,-0.004185,0.012969,0.712027
1677104809,415128545,0.399426,0.685628,0.150975,0.701982,-0.004813,0.013869,0.712043
1677104809,425083623,0.399424,0.685660,0.151006,0.702190,-0.005711,0.014323,0.711823
1677104809,434710806,0.399198,0.685611,0.151041,0.702035,-0.005333,0.014226,0.711980
1677104809,445084000,0.399117,0.685499,0.151065,0.701898,-0.005779,0.014386,0.712108
1677104809,455388906,0.399015,0.685392,0.151115,0.702198,-0.005998,0.014562,0.711807
1677104809,465084743,0.398990,0.685253,0.151134,0.702466,-0.006180,0.014577,0.711541
1677104809,475489998,0.398989,0.685282,0.151156,0.703410,-0.006419,0.014377,0.710610
1677104809,485259708,0.399010,0.685167,0.151177,0.703367,-0.006226,0.014093,0.710660
1677104809,495132606,0.399209,0.685271,0.151212,0.703769,-0.006663,0.014073,0.710258
1677104809,505182003,0.399313,0.685260,0.151273,0.703978,-0.006665,0.013388,0.710064
1677104809,515164880,0.399526,0.685148,0.151349,0.704144,-0.007190,0.012737,0.709906
1677104809,525346968,0.399585,0.685099,0.151428,0.704854,-0.006639,0.011924,0.709221
1677104809,535089167,0.399780,0.685003,0.151531,0.705330,-0.006811,0.011354,0.708755
1677104809,545632303,0.399955,0.684878,0.151613,0.705524,-0.006813,0.010483,0.708576
1677104809,555262823,0.400115,0.684756,0.151681,0.705723,-0.006620,0.009967,0.708387
1677104809,565285508,0.400214,0.684681,0.151677,0.705819,-0.006115,0.008922,0.708310
1677104809,575201817,0.400252,0.684646,0.151675,0.706292,-0.005747,0.007274,0.707860
1677104809,585259320,0.400478,0.684490,0.151647,0.706180,-0.005419,0.006961,0.707978
1677104809,594999964,0.400671,0.684408,0.151669,0.706544,-0.005334,0.006270,0.707621
1677104809,605352219,0.400798,0.684329,0.151728,0.707203,-0.005127,0.005757,0.706968
1677104809,615388044,0.400853,0.684199,0.151748,0.707756,-0.004234,0.005010,0.706426
1677104809,624928409,0.400967,0.684089,0.151828,0.708507,-0.003989,0.004604,0.705677
1677104809,635010002,0.400990,0.683848,0.151882,0.708542,-0.003156,0.004034,0.705650
1677104809,645272017,0.401169,0.683816,0.151931,0.709106,-0.003560,0.003908,0.705082
1677104809,655499453,0.401194,0.683790,0.151954,0.709065,-0.003411,0.003726,0.705125
1677104809,665432062,0.401152,0.683923,0.151930,0.708881,-0.003242,0.003618,0.705312
1677104809,674503203,0.401142,0.684091,0.151944,0.708638,-0.003582,0.004253,0.705551
1677104809,684879357,0.401101,0.684128,0.151979,0.708158,-0.004042,0.005348,0.706022
1677104809,694937863,0.400852,0.684126,0.152057,0.708270,-0.004330,0.005859,0.705904
1677104809,705476237,0.400695,0.684102,0.152114,0.708544,-0.005053,0.007191,0.705612
1677104809,715113023,0.400468,0.683997,0.152180,0.708457,-0.005564,0.007927,0.705687
1677104809,724983561,0.400288,0.683969,0.152261,0.709139,-0.006083,0.008614,0.704989
1677104809,735103834,0.400358,0.683790,0.152338,0.709159,-0.007054,0.010024,0.704942
1677104809,745001802,0.400127,0.683632,0.152369,0.709472,-0.006397,0.009917,0.704635
1677104809,755017981,0.400253,0.683492,0.152474,0.710299,-0.007448,0.010250,0.703786
1677104809,764869766,0.400267,0.683548,0.152561,0.711658,-0.006784,0.010776,0.702410
1677104809,774916528,0.400383,0.683220,0.152626,0.711350,-0.006581,0.010510,0.702729
1677104809,785003867,0.400457,0.683222,0.152724,0.711886,-0.006128,0.009750,0.702200
1677104809,795014255,0.400494,0.683248,0.152822,0.712321,-0.005294,0.008753,0.701779
1677104809,805599240,0.400615,0.683122,0.152913,0.712297,-0.004803,0.008135,0.701815
1677104809,815119390,0.400741,0.683035,0.153003,0.712655,-0.004168,0.007596,0.701461
1677104809,825350231,0.400903,0.682945,0.153135,0.713430,-0.004100,0.007434,0.700675
1677104809,835521379,0.400972,0.682725,0.153236,0.713851,-0.003179,0.007383,0.700251
1677104809,845287527,0.401107,0.682548,0.153382,0.714704,-0.003117,0.007268,0.699383
1677104809,855505562,0.401105,0.682399,0.153463,0.715495,-0.002252,0.007011,0.698579
1677104809,865142670,0.401231,0.682297,0.153583,0.716228,-0.001864,0.007057,0.697828
1677104809,875323574,0.401278,0.682035,0.153659,0.716134,-0.001298,0.007223,0.697925
1677104809,885558240,0.401464,0.682050,0.153740,0.716744,-0.001720,0.007028,0.697299
1677104809,894758237,0.401451,0.681937,0.153766,0.716701,-0.000896,0.006709,0.697348
1677104809,904916107,0.401502,0.681970,0.153815,0.717211,-0.000806,0.006067,0.696829
1677104809,915098090,0.401515,0.681866,0.153845,0.717344,-0.000396,0.005799,0.696695
1677104809,924898382,0.401587,0.681739,0.153941,0.717752,-0.000759,0.005726,0.696275
1677104809,935407322,0.401647,0.681661,0.154038,0.718560,-0.000795,0.006105,0.695438
1677104809,945303787,0.401614,0.681542,0.154147,0.719115,-0.000821,0.006008,0.694865
1677104809,955091770,0.401595,0.681419,0.154230,0.719403,-0.000871,0.006162,0.694565
1677104809,965250846,0.401568,0.681373,0.154272,0.719869,-0.000885,0.006165,0.694082
1677104809,975284509,0.401508,0.681263,0.154361,0.720250,-0.000886,0.006206,0.693686
1677104809,984841183,0.401467,0.681219,0.154462,0.721088,-0.001159,0.006251,0.692815
1677104809,994846303,0.401431,0.680846,0.154525,0.720917,-0.001529,0.006224,0.692992
1677104810,4963937,0.401496,0.680720,0.154686,0.721966,-0.001807,0.007039,0.691891
1677104810,14733827,0.401472,0.680385,0.154793,0.722528,-0.002234,0.006666,0.691306
1677104810,25317203,0.401401,0.680261,0.154918,0.723757,-0.001848,0.006793,0.690019
1677104810,35367848,0.401362,0.679959,0.155038,0.724028,-0.001365,0.007039,0.689733
1677104810,44854628,0.401323,0.679657,0.155089,0.724352,-0.001384,0.006539,0.689398
1677104810,55394480,0.401380,0.679323,0.155184,0.724610,-0.001766,0.006116,0.689130
1677104810,65280525,0.401435,0.679184,0.155305,0.725697,-0.001887,0.005990,0.687986
1677104810,74769705,0.401571,0.678888,0.155426,0.726418,-0.002169,0.005867,0.687225
1677104810,85439161,0.401644,0.678687,0.155555,0.727404,-0.002406,0.005192,0.686185
1677104810,94913324,0.401616,0.678328,0.155633,0.727766,-0.001486,0.004720,0.685808
1677104810,105017818,0.401726,0.678074,0.155735,0.728176,-0.001511,0.004328,0.685375
1677104810,115525331,0.401769,0.677947,0.155835,0.728798,-0.000805,0.004054,0.684716
1677104810,124906942,0.401754,0.677827,0.155961,0.729530,-0.000153,0.003754,0.683939
1677104810,135382118,0.401668,0.677656,0.156038,0.730090,0.000336,0.003342,0.683342
1677104810,144984969,0.401732,0.677356,0.156153,0.730737,0.000037,0.003959,0.682648
1677104810,155202377,0.401680,0.677250,0.156292,0.732203,0.000051,0.004194,0.681073
1677104810,165465865,0.401649,0.676767,0.156368,0.732140,-0.000030,0.004557,0.681138
1677104810,174726215,0.401520,0.676539,0.156517,0.732839,0.000196,0.004572,0.680387
1677104810,185188414,0.401505,0.676300,0.156676,0.733027,-0.000424,0.004524,0.680184
1677104810,195212541,0.401366,0.676230,0.156888,0.733617,-0.000356,0.004420,0.679548
1677104810,205162705,0.401330,0.676007,0.157039,0.733477,-0.000532,0.004638,0.679699
1677104810,215710678,0.401227,0.675913,0.157232,0.734218,-0.000184,0.004839,0.678896
1677104810,224927455,0.401213,0.675781,0.157373,0.735112,-0.000451,0.004979,0.677927
1677104810,235113614,0.401084,0.675453,0.157523,0.735304,0.000216,0.005218,0.677718
1677104810,244617723,0.400996,0.675212,0.157661,0.736011,0.000277,0.004985,0.676951
1677104810,254815604,0.401029,0.674997,0.157812,0.736621,0.000185,0.005338,0.676285
1677104810,265287345,0.401074,0.674719,0.157956,0.736841,0.000193,0.005564,0.676043
1677104810,275159085,0.401074,0.674617,0.158201,0.737728,0.000210,0.005349,0.675076
1677104810,285488936,0.401091,0.674508,0.158434,0.738188,0.000740,0.005919,0.674569
1677104810,295081545,0.400968,0.674298,0.158665,0.738310,0.001551,0.005611,0.674437
1677104810,305154696,0.400992,0.674097,0.158924,0.738373,0.001428,0.005573,0.674368
1677104810,315231799,0.401002,0.674053,0.159258,0.738884,0.001326,0.005594,0.673808
1677104810,325111314,0.400931,0.673949,0.159554,0.739140,0.001375,0.005648,0.673527
1677104810,335316115,0.400959,0.673931,0.159917,0.739893,0.000718,0.006058,0.672697
1677104810,345378372,0.400826,0.673598,0.160240,0.739821,0.000641,0.006498,0.672772
1677104810,355187819,0.400776,0.673489,0.160634,0.740671,0.000164,0.007148,0.671830
1677104810,365326554,0.400656,0.673111,0.160974,0.740751,-0.000083,0.007789,0.671734
1677104810,374893137,0.400494,0.672779,0.161389,0.741200,-0.000129,0.008074,0.671236
1677104810,385176925,0.400458,0.672620,0.161825,0.742128,-0.000331,0.008923,0.670198
1677104810,395550447,0.400343,0.672364,0.162282,0.742569,-0.000179,0.009435,0.669703
1677104810,405559810,0.400480,0.672248,0.162793,0.743220,-0.000997,0.010252,0.668968
1677104810,415102118,0.400307,0.671971,0.163253,0.743133,-0.000516,0.009831,0.669071
1677104810,424994568,0.400294,0.671793,0.163734,0.743413,-0.000432,0.009741,0.668761
1677104810,434874268,0.400292,0.671564,0.164249,0.743784,-0.000157,0.009930,0.668347
1677104810,445194750,0.400363,0.671322,0.164790,0.744559,-0.000506,0.010278,0.667478
1677104810,455333948,0.400428,0.670898,0.165299,0.744784,-0.000339,0.010920,0.667216
1677104810,465041268,0.400461,0.670706,0.165860,0.745854,-0.000268,0.011037,0.666018
1677104810,475072261,0.400350,0.670247,0.166340,0.746083,0.000390,0.010182,0.665775
1677104810,485544134,0.400604,0.670171,0.166898,0.747537,-0.000303,0.010540,0.664136
1677104810,495225671,0.400614,0.669650,0.167358,0.747136,0.000522,0.010373,0.664590
1677104810,505475960,0.400757,0.669427,0.167864,0.747764,0.000789,0.010332,0.663884
1677104810,515378137,0.400740,0.669259,0.168369,0.748311,0.001779,0.009794,0.663274
1677104810,525252712,0.400813,0.669119,0.168895,0.748849,0.002316,0.009514,0.662668
1677104810,535066857,0.400944,0.668847,0.169397,0.748859,0.002561,0.009500,0.662656
1677104810,545433822,0.400976,0.668661,0.169911,0.749242,0.002681,0.008819,0.662232
1677104810,555230223,0.400943,0.668439,0.170376,0.749436,0.003034,0.008571,0.662014
1677104810,565020956,0.401018,0.668238,0.170877,0.750323,0.002396,0.008410,0.661014
1677104810,575245530,0.400891,0.667905,0.171390,0.751219,0.002772,0.008381,0.659994
1677104810,584904546,0.400884,0.667530,0.171853,0.752045,0.002852,0.008986,0.659044
1677104810,594818552,0.400813,0.667291,0.172338,0.753551,0.003120,0.009210,0.657318
1677104810,605461607,0.400799,0.666980,0.172776,0.754261,0.003236,0.009640,0.656496
1677104810,615391071,0.400748,0.666626,0.173210,0.754306,0.003512,0.009354,0.656447
1677104810,624816490,0.400682,0.666479,0.173666,0.754658,0.003813,0.008868,0.656047
1677104810,635636016,0.400786,0.666421,0.174172,0.755044,0.003160,0.008567,0.655610
1677104810,645327616,0.400718,0.666276,0.174620,0.755073,0.003678,0.008506,0.655575
1677104810,655520513,0.400746,0.666269,0.175121,0.755897,0.003359,0.008681,0.654624
1677104810,665444887,0.400667,0.666044,0.175571,0.756067,0.003325,0.009106,0.654423
1677104810,675644444,0.400524,0.665844,0.176075,0.756701,0.003125,0.009577,0.653683
1677104810,685546005,0.400281,0.665716,0.176517,0.757529,0.003317,0.010171,0.652714
1677104810,694634420,0.400119,0.665438,0.176957,0.757787,0.003083,0.011232,0.652398
1677104810,704692890,0.399888,0.665371,0.177430,0.758546,0.002976,0.011960,0.651503
1677104810,714695277,0.399649,0.665161,0.177902,0.758754,0.002728,0.012627,0.651249
1677104810,724753912,0.399612,0.665052,0.178396,0.759360,0.001547,0.013465,0.650529
1677104810,735370700,0.399402,0.664892,0.178864,0.759675,0.001571,0.014443,0.650141
1677104810,744999407,0.399248,0.664654,0.179325,0.759865,0.001118,0.014874,0.649910
1677104810,754870083,0.399134,0.664540,0.179843,0.760517,0.000849,0.015851,0.649124
1677104810,765249212,0.399073,0.664410,0.180356,0.761329,0.000124,0.016344,0.648159
1677104810,774850659,0.398837,0.664374,0.180840,0.762283,0.001054,0.017141,0.647016
1677104810,785398861,0.398907,0.664251,0.181349,0.762746,0.000061,0.017860,0.646452
1677104810,795413441,0.398750,0.664181,0.181832,0.763118,0.000447,0.017988,0.646009
1677104810,805588895,0.398664,0.664028,0.182294,0.763169,0.000835,0.018470,0.645935
1677104810,815157511,0.398696,0.664143,0.182836,0.764425,0.000320,0.018521,0.644446
1677104810,824446354,0.398644,0.663997,0.183330,0.764833,0.000831,0.018972,0.643949
1677104810,834979745,0.398667,0.663984,0.183782,0.765481,0.001611,0.019833,0.643150
1677104810,845190787,0.398648,0.663816,0.184254,0.765730,0.001851,0.019606,0.642861
1677104810,855497363,0.398673,0.663843,0.184760,0.766316,0.002465,0.020172,0.642142
1677104810,865226254,0.398684,0.663793,0.185214,0.766705,0.002721,0.020114,0.641679
1677104810,874824448,0.398844,0.663817,0.185689,0.767333,0.002619,0.020800,0.640907
1677104810,885358626,0.398758,0.663937,0.186231,0.768352,0.003297,0.020520,0.639691
1677104810,895593407,0.398962,0.663738,0.186711,0.768153,0.002762,0.020906,0.639919
1677104810,905053598,0.398990,0.663797,0.187226,0.768419,0.003520,0.021100,0.639589
1677104810,914859748,0.399057,0.663963,0.187794,0.768854,0.004032,0.021300,0.639057
1677104810,925396581,0.399163,0.664112,0.188342,0.769232,0.004645,0.021497,0.638591
1677104810,935260945,0.399274,0.664246,0.188934,0.769810,0.005255,0.021743,0.637881
1677104810,945136012,0.399391,0.664054,0.189453,0.769424,0.006390,0.022243,0.638319
1677104810,955157444,0.399540,0.664165,0.190068,0.770359,0.007128,0.022093,0.637188
1677104810,964770329,0.399822,0.664150,0.190731,0.771130,0.007199,0.022534,0.636238
1677104810,975252212,0.399893,0.664167,0.191413,0.771942,0.008545,0.021961,0.635256
1677104810,985418157,0.400103,0.664117,0.192102,0.772375,0.009753,0.022375,0.634698
1677104810,994740575,0.400381,0.664251,0.192840,0.773282,0.010240,0.022089,0.633595
1677104811,5535701,0.400652,0.664251,0.193543,0.773136,0.010951,0.022114,0.633760
1677104811,15079749,0.400882,0.664428,0.194303,0.773650,0.011472,0.021976,0.633127
1677104811,25059072,0.401133,0.664607,0.195074,0.773998,0.011474,0.021605,0.632716
1677104811,36123145,0.401242,0.664606,0.195786,0.773857,0.012272,0.021818,0.632865
1677104811,45280344,0.401330,0.664655,0.196546,0.774476,0.012421,0.021927,0.632101
1677104811,54733461,0.401440,0.664483,0.197313,0.774491,0.012355,0.022458,0.632066
1677104811,65131327,0.401544,0.664543,0.198200,0.775711,0.011923,0.023054,0.630554
1677104811,74532660,0.401491,0.664418,0.199048,0.776157,0.011824,0.022845,0.630015
1677104811,84964116,0.401602,0.664192,0.199901,0.776079,0.011402,0.023870,0.630080
1677104811,95059638,0.401658,0.664133,0.200813,0.776439,0.010710,0.024072,0.629641
1677104811,104433045,0.401708,0.664176,0.201703,0.777028,0.010065,0.024344,0.628914
1677104811,114594700,0.401746,0.664024,0.202522,0.777056,0.009711,0.024815,0.628867
1677104811,125036636,0.401713,0.664016,0.203420,0.777487,0.009813,0.025547,0.628304
1677104811,135363950,0.401845,0.664091,0.204330,0.778340,0.008781,0.026293,0.627231
1677104811,145242083,0.401715,0.664045,0.205138,0.778250,0.009243,0.026645,0.627321
1677104811,154994115,0.401810,0.664177,0.205958,0.778042,0.008775,0.027907,0.627530
1677104811,165270427,0.401923,0.664275,0.206751,0.777485,0.007818,0.028536,0.628206
1677104811,175095758,0.401912,0.664610,0.207589,0.777601,0.007384,0.028866,0.628051
1677104811,185513433,0.401967,0.664697,0.208388,0.777019,0.006766,0.029498,0.628749
1677104811,195009046,0.402035,0.664730,0.209198,0.777032,0.006284,0.030307,0.628699
1677104811,205854845,0.402142,0.664652,0.210037,0.777204,0.005773,0.031018,0.628457
1677104811,215214843,0.402204,0.664592,0.210870,0.777736,0.006198,0.031943,0.627748
1677104811,225102837,0.402452,0.664597,0.211703,0.778628,0.005967,0.032505,0.626615
1677104811,235009033,0.402652,0.664535,0.212522,0.779135,0.006016,0.032076,0.626006
1677104811,245326844,0.403003,0.664592,0.213326,0.779913,0.005865,0.031876,0.625048
1677104811,255464844,0.403341,0.664643,0.214138,0.780558,0.006163,0.031622,0.624252
1677104811,265502100,0.403675,0.664387,0.214855,0.780331,0.006671,0.030927,0.624566
1677104811,275553959,0.404027,0.663496,0.215489,0.777892,0.005783,0.029774,0.627666
1677104811,285658030,0.404205,0.663347,0.216142,0.777765,0.007066,0.029120,0.627840
1677104811,295368565,0.404413,0.663103,0.216723,0.776789,0.007751,0.028392,0.629073
1677104811,305487274,0.404344,0.663138,0.217383,0.776384,0.009580,0.027349,0.629593
1677104811,315547286,0.404502,0.663189,0.217997,0.775816,0.009993,0.027232,0.630291
1677104811,325276397,0.404561,0.663257,0.218666,0.775476,0.010543,0.026719,0.630723
1677104811,336024663,0.405490,0.663655,0.219715,0.777366,0.005743,0.027296,0.628429
1677104811,345687698,0.405612,0.663499,0.220473,0.777530,0.005393,0.027199,0.628234
1677104811,355037592,0.405737,0.663366,0.221307,0.778065,0.005295,0.027192,0.627572
1677104811,364632308,0.405943,0.663124,0.222169,0.778607,0.004661,0.027278,0.626902
1677104811,375282949,0.406192,0.662909,0.223103,0.778832,0.004404,0.027935,0.626595
1677104811,385022821,0.406287,0.662814,0.223926,0.779100,0.004648,0.027514,0.626279
1677104811,395340794,0.406480,0.662754,0.224777,0.779186,0.004566,0.027343,0.626179
1677104811,405570995,0.406600,0.662825,0.225628,0.779415,0.005011,0.027310,0.625893
1677104811,415209118,0.406809,0.662771,0.226431,0.779280,0.004695,0.026708,0.626089
1677104811,425353831,0.407052,0.662818,0.227241,0.779875,0.004455,0.026214,0.625370
1677104811,434969310,0.407316,0.662622,0.227951,0.780041,0.004733,0.026278,0.625159
1677104811,445000791,0.407537,0.662442,0.228685,0.780646,0.005027,0.025590,0.624429
1677104811,454850616,0.407778,0.662453,0.229504,0.781780,0.005785,0.024996,0.623026
1677104811,464815723,0.408084,0.662134,0.230214,0.781687,0.006458,0.024637,0.623151
1677104811,474440536,0.408307,0.661975,0.230942,0.781738,0.007323,0.023867,0.623106
1677104811,484667539,0.408534,0.661978,0.231739,0.782350,0.007883,0.022875,0.622369
1677104811,494728030,0.408937,0.661955,0.232543,0.782811,0.007394,0.022903,0.621794
1677104811,505319482,0.409097,0.661956,0.233342,0.783207,0.007896,0.022948,0.621288
1677104811,515460728,0.409446,0.661640,0.234101,0.782843,0.007118,0.024035,0.621714
1677104811,525153504,0.409526,0.661443,0.234840,0.782950,0.007333,0.025260,0.621528
1677104811,535481904,0.409696,0.661409,0.235632,0.783612,0.005942,0.026386,0.620662
1677104811,545118618,0.409770,0.661215,0.236358,0.783674,0.005056,0.027800,0.620529
1677104811,554923589,0.409172,0.661519,0.237264,0.785350,0.006276,0.025134,0.618510
1677104811,565210326,0.409136,0.661441,0.238044,0.785605,0.005085,0.025962,0.618162
1677104811,575159743,0.408980,0.661297,0.238789,0.785470,0.004771,0.027090,0.618288
1677104811,584868940,0.408884,0.661301,0.239545,0.785799,0.004238,0.027936,0.617836
1677104811,595443069,0.408791,0.661304,0.240341,0.786024,0.003882,0.029024,0.617502
1677104811,605312274,0.408635,0.661334,0.241113,0.786141,0.003653,0.028842,0.617362
1677104811,615307249,0.408611,0.661288,0.241882,0.785949,0.003347,0.029512,0.617578
1677104811,624988146,0.408747,0.661085,0.242589,0.785596,0.003068,0.030731,0.617969
1677104811,635622012,0.408644,0.660985,0.243295,0.786108,0.003218,0.029620,0.617371
1677104811,645048482,0.408781,0.660832,0.244047,0.786921,0.003137,0.030125,0.616310
1677104811,655420430,0.408967,0.660580,0.244751,0.787397,0.003064,0.030081,0.615704
1677104811,665502294,0.409185,0.660385,0.245517,0.788100,0.003060,0.030311,0.614792
1677104811,675185073,0.409182,0.660184,0.246200,0.788126,0.004454,0.029982,0.614768
1677104811,684966196,0.409484,0.660251,0.246962,0.788723,0.003764,0.029964,0.614006
1677104811,694958736,0.409441,0.660269,0.247657,0.788677,0.004833,0.029360,0.614087
1677104811,705068327,0.409590,0.660322,0.248368,0.788592,0.005089,0.029810,0.614172
1677104811,715759103,0.409558,0.660233,0.249042,0.788092,0.005186,0.029233,0.614841
1677104811,725340409,0.409669,0.660319,0.249806,0.788357,0.004773,0.030022,0.614466
1677104811,735413363,0.409792,0.660380,0.250567,0.788868,0.004071,0.031184,0.613758
1677104811,745449583,0.409633,0.660236,0.251200,0.788612,0.004743,0.031678,0.614056
1677104811,755350680,0.409628,0.660368,0.251927,0.789326,0.004926,0.032543,0.613091
1677104811,765291498,0.409609,0.660245,0.252620,0.789049,0.004687,0.033119,0.613419
1677104811,775220616,0.409633,0.660300,0.253285,0.789008,0.004665,0.033626,0.613444
1677104811,785273728,0.409686,0.660429,0.254080,0.789295,0.004488,0.033909,0.613061
1677104811,795261212,0.409688,0.660489,0.254831,0.789188,0.004667,0.033890,0.613199
1677104811,805063801,0.409813,0.660654,0.255647,0.789328,0.004554,0.034090,0.613008
1677104811,815159722,0.410064,0.660711,0.256449,0.789222,0.003920,0.034861,0.613105
1677104811,825032323,0.410022,0.660722,0.257197,0.789048,0.004803,0.034770,0.613328
1677104811,834897740,0.410020,0.660804,0.257931,0.789414,0.005238,0.034583,0.612864
1677104811,844425663,0.410231,0.660762,0.258697,0.789654,0.004736,0.035583,0.612502
1677104811,855004800,0.410249,0.660870,0.259472,0.790449,0.005309,0.035938,0.611450
1677104811,865737048,0.410284,0.660823,0.260211,0.790600,0.005637,0.036336,0.611228
1677104811,875253148,0.410404,0.660804,0.260902,0.790239,0.005542,0.036617,0.611678
1677104811,885812435,0.410451,0.661025,0.261678,0.790343,0.005990,0.037205,0.611504
1677104811,894830711,0.410583,0.661263,0.262459,0.790344,0.005358,0.037350,0.611500
1677104811,904836339,0.410615,0.661441,0.263154,0.789797,0.005776,0.037702,0.612182
1677104811,915258550,0.410695,0.661546,0.263879,0.789358,0.005692,0.038383,0.612706
1677104811,925594654,0.410728,0.661798,0.264651,0.789721,0.005968,0.038784,0.612209
1677104811,935777304,0.410733,0.661786,0.265374,0.789692,0.006181,0.038917,0.612236
1677104811,945304400,0.410792,0.661881,0.266133,0.790262,0.006292,0.039010,0.611494
1677104811,955236551,0.410951,0.661895,0.266831,0.790663,0.006127,0.039503,0.610945
1677104811,964937436,0.411052,0.661715,0.267549,0.790663,0.006046,0.039534,0.610944
1677104811,974604943,0.411084,0.661828,0.268271,0.791563,0.006498,0.039293,0.609788
1677104811,985120415,0.411297,0.661764,0.268965,0.791647,0.006410,0.039654,0.609657
1677104811,994828312,0.411390,0.661845,0.269599,0.791809,0.007330,0.039876,0.609421
1677104812,4800921,0.411478,0.661944,0.270198,0.791824,0.008129,0.039401,0.609423
1677104812,15419193,0.411605,0.662100,0.270809,0.791897,0.008601,0.038985,0.609348
1677104812,25097582,0.411866,0.662141,0.271345,0.791540,0.008477,0.038985,0.609814
1677104812,35084032,0.411909,0.662206,0.271869,0.791826,0.009142,0.038734,0.609449
1677104812,45459482,0.412084,0.662179,0.272289,0.791958,0.009356,0.038886,0.609264
1677104812,55417829,0.412111,0.662189,0.272678,0.792378,0.010116,0.038811,0.608710
1677104812,65419314,0.412249,0.662131,0.273030,0.792451,0.010424,0.039329,0.608577
1677104812,75921202,0.412330,0.662215,0.273391,0.792667,0.010758,0.039121,0.608303
1677104812,85676044,0.412346,0.662250,0.273745,0.792665,0.011443,0.038821,0.608313
1677104812,95418366,0.412527,0.662263,0.274043,0.792145,0.011547,0.038843,0.608986
1677104812,105111862,0.412673,0.662540,0.274419,0.792570,0.011827,0.038655,0.608440
1677104812,115235007,0.412845,0.662664,0.274757,0.792682,0.011826,0.038335,0.608314
1677104812,124869497,0.413002,0.662635,0.275090,0.792277,0.012387,0.038291,0.608834
1677104812,135811612,0.413061,0.662692,0.275444,0.792482,0.013025,0.037857,0.608580
1677104812,145391996,0.413149,0.662743,0.275778,0.792626,0.013675,0.037830,0.608379
1677104812,155291427,0.413226,0.662671,0.276086,0.792398,0.014178,0.037813,0.608667
1677104812,165517504,0.413306,0.662673,0.276485,0.792635,0.014171,0.037304,0.608389
1677104812,175067425,0.413395,0.662697,0.276840,0.792837,0.014316,0.037421,0.608115
1677104812,185042988,0.413525,0.662664,0.277303,0.793367,0.013955,0.037791,0.607409
1677104812,195405562,0.413457,0.662460,0.277618,0.793011,0.014886,0.037902,0.607845
1677104812,205290675,0.413456,0.662394,0.278007,0.793090,0.015085,0.037861,0.607740
1677104812,215123627,0.413399,0.662456,0.278454,0.793653,0.015488,0.037649,0.607007
1677104812,225464230,0.414029,0.662476,0.279022,0.794410,0.011551,0.037349,0.606122
1677104812,235447096,0.414066,0.662441,0.279408,0.794441,0.011250,0.037017,0.606108
1677104812,245635218,0.413657,0.662246,0.279590,0.793095,0.015030,0.038242,0.607711
1677104812,255569261,0.413522,0.662090,0.279891,0.792808,0.016066,0.037557,0.608101
1677104812,264679747,0.413707,0.662125,0.280345,0.793724,0.015045,0.037191,0.606954
1677104812,275335277,0.413778,0.661959,0.280698,0.793668,0.015446,0.037436,0.607002
1677104812,284932199,0.414649,0.661841,0.281324,0.794896,0.009862,0.036804,0.605548
1677104812,294606866,0.414833,0.661632,0.281696,0.794584,0.009601,0.036976,0.605951
1677104812,305036970,0.414850,0.661716,0.282152,0.794906,0.009481,0.036153,0.605581
1677104812,315501015,0.414971,0.661666,0.282567,0.794644,0.009152,0.036196,0.605927
1677104812,325416320,0.415086,0.661647,0.282925,0.794386,0.009125,0.036566,0.606243
1677104812,335717250,0.415127,0.661692,0.283320,0.794598,0.009225,0.036413,0.605972
1677104812,345410837,0.415172,0.661682,0.283700,0.794519,0.009560,0.036619,0.606059
1677104812,355166884,0.414544,0.661956,0.284248,0.796031,0.014231,0.036324,0.603997
1677104812,365062141,0.414702,0.661967,0.284624,0.796188,0.013869,0.036376,0.603796
1677104812,375428291,0.415408,0.661722,0.284852,0.794720,0.009749,0.035944,0.605833
1677104812,385311724,0.414816,0.661939,0.285447,0.796413,0.014473,0.035765,0.603522
1677104812,395469582,0.414903,0.661944,0.285860,0.796625,0.014953,0.035978,0.603217
1677104812,405179116,0.414981,0.661954,0.286308,0.796841,0.015321,0.036313,0.602903
1677104812,415423239,0.415021,0.661903,0.286702,0.796677,0.015233,0.035952,0.603143
1677104812,425011716,0.415045,0.661972,0.287066,0.796808,0.015068,0.035622,0.602993
1677104812,435077467,0.415173,0.661905,0.287452,0.796545,0.014663,0.036382,0.603305
1677104812,445206931,0.415003,0.661870,0.287788,0.796303,0.015382,0.036148,0.603621
1677104812,455361030,0.414926,0.661896,0.288128,0.796440,0.015119,0.035933,0.603459
1677104812,465468812,0.414928,0.661880,0.288455,0.796450,0.014738,0.036475,0.603424
1677104812,474846105,0.414881,0.661728,0.288715,0.795951,0.014422,0.036726,0.604074
1677104812,485071801,0.414789,0.661680,0.289026,0.796276,0.014397,0.036989,0.603630
1677104812,494974350,0.414814,0.661520,0.289273,0.796271,0.014201,0.037620,0.603602
1677104812,505005543,0.414715,0.661431,0.289630,0.796905,0.014693,0.037570,0.602757
1677104812,515265639,0.414722,0.661434,0.290001,0.797686,0.014851,0.037673,0.601712
1677104812,525458902,0.414820,0.661346,0.290243,0.797519,0.014836,0.037708,0.601932
1677104812,535258524,0.414941,0.661294,0.290507,0.797222,0.014610,0.037534,0.602341
1677104812,545150593,0.415031,0.661295,0.290747,0.796935,0.014511,0.036952,0.602759
1677104812,555276776,0.415151,0.661240,0.290985,0.796713,0.014524,0.036708,0.603067
1677104812,565101847,0.415184,0.661206,0.291237,0.796724,0.015044,0.036582,0.603048
1677104812,574928318,0.415064,0.661196,0.291521,0.796876,0.016040,0.035885,0.602862
1677104812,585432179,0.415142,0.661059,0.291814,0.796755,0.015833,0.035977,0.603022
1677104812,595226489,0.415294,0.661052,0.292109,0.796945,0.015162,0.036349,0.602767
1677104812,604968386,0.415286,0.661104,0.292453,0.797498,0.015253,0.036661,0.602013
1677104812,615349098,0.415190,0.660975,0.292775,0.797524,0.015476,0.036764,0.601968
1677104812,624907816,0.415200,0.660986,0.293094,0.797695,0.014976,0.036965,0.601740
1677104812,635552942,0.415083,0.661137,0.293490,0.798417,0.015239,0.037197,0.600762
1677104812,645100237,0.414978,0.661183,0.293809,0.798683,0.015523,0.036948,0.600415
1677104812,655511905,0.415002,0.661235,0.294096,0.798964,0.015452,0.037388,0.600017
1677104812,665182320,0.415047,0.661223,0.294349,0.799109,0.015466,0.037863,0.599794
1677104812,674932773,0.414976,0.661242,0.294563,0.799392,0.016293,0.037668,0.599407
1677104812,685579366,0.414951,0.661356,0.294880,0.800076,0.016520,0.037321,0.598508
1677104812,695329021,0.414993,0.661558,0.295153,0.800755,0.016633,0.036817,0.597628
1677104812,705024247,0.415143,0.661737,0.295431,0.801534,0.016345,0.037072,0.596575
1677104812,715542797,0.415142,0.661782,0.295632,0.801446,0.017098,0.037466,0.596648
1677104812,725226748,0.415165,0.661824,0.295764,0.801320,0.017249,0.037105,0.596835
1677104812,734893790,0.415184,0.661933,0.295975,0.801445,0.017078,0.037034,0.596676
1677104812,745907509,0.415099,0.662068,0.296130,0.801638,0.017786,0.037211,0.596385
1677104812,755434124,0.415047,0.662099,0.296262,0.801619,0.017912,0.037053,0.596417
1677104812,765119626,0.415021,0.662116,0.296384,0.801621,0.017809,0.037251,0.596405
1677104812,775244519,0.415033,0.662097,0.296478,0.801446,0.018015,0.037789,0.596600
1677104812,785445927,0.415001,0.662153,0.296600,0.801513,0.017816,0.037820,0.596514
1677104812,794896302,0.415029,0.662338,0.296737,0.801833,0.017222,0.037157,0.596143
1677104812,804957740,0.415073,0.662336,0.296807,0.801592,0.017196,0.037207,0.596465
1677104812,815537687,0.415165,0.662368,0.296897,0.801729,0.017248,0.037496,0.596261
1677104812,824883164,0.415243,0.662363,0.296943,0.801917,0.017774,0.037287,0.596006
1677104812,835648623,0.415300,0.662377,0.297052,0.802215,0.018515,0.036811,0.595612
1677104812,845353352,0.415518,0.662428,0.297178,0.802639,0.018941,0.036671,0.595035
1677104812,855830973,0.415600,0.662412,0.297287,0.802899,0.019426,0.035197,0.594758
1677104812,864887600,0.415814,0.662337,0.297415,0.802673,0.019566,0.034708,0.595087
1677104812,875425466,0.416284,0.660715,0.297169,0.797250,0.019406,0.035798,0.602274
1677104812,885470037,0.416384,0.660753,0.297288,0.796940,0.020315,0.036072,0.602638
1677104812,895753629,0.416518,0.660854,0.297403,0.796660,0.020171,0.035672,0.603037
1677104812,905066838,0.416497,0.661074,0.297528,0.796702,0.020494,0.035338,0.602991
1677104812,915139884,0.416571,0.661190,0.297631,0.796404,0.020507,0.035722,0.603361
1677104812,924709958,0.416588,0.661311,0.297730,0.796464,0.020427,0.036309,0.603249
1677104812,934542140,0.416610,0.661321,0.297811,0.796596,0.019674,0.036052,0.603115
1677104812,944837195,0.416493,0.661287,0.297858,0.796533,0.019938,0.036078,0.603188
1677104812,954827626,0.416488,0.661238,0.297951,0.796583,0.019581,0.036232,0.603124
1677104812,964691522,0.416396,0.661262,0.298055,0.796465,0.019644,0.036396,0.603269
1677104812,975232660,0.416283,0.661469,0.298200,0.796692,0.020055,0.036807,0.602930
1677104812,985069442,0.416307,0.661539,0.298285,0.796471,0.019675,0.037627,0.603184
1677104812,994636965,0.416272,0.661572,0.298287,0.795966,0.019276,0.037404,0.603877
1677104813,5084870,0.416240,0.661683,0.298355,0.796243,0.018886,0.037436,0.603522
1677104813,15525998,0.416228,0.661732,0.298380,0.796496,0.018761,0.037537,0.603186
1677104813,24990123,0.416142,0.661629,0.298373,0.796376,0.019387,0.037274,0.603341
1677104813,35165358,0.416277,0.661566,0.298400,0.796530,0.018849,0.037437,0.603144
1677104813,44889611,0.416369,0.661492,0.298398,0.796232,0.019437,0.037562,0.603512
1677104813,55651247,0.416359,0.661626,0.298476,0.796692,0.020274,0.037194,0.602899
1677104813,65201781,0.416496,0.661686,0.298532,0.796684,0.020437,0.036656,0.602937
1677104813,75266497,0.416666,0.661813,0.298622,0.796672,0.020306,0.036014,0.602996
1677104813,85441517,0.416756,0.661906,0.298753,0.796511,0.021192,0.035988,0.603180
1677104813,94933322,0.416865,0.662043,0.298869,0.796499,0.021410,0.035808,0.603199
1677104813,104947020,0.416809,0.661933,0.299007,0.795969,0.021990,0.035429,0.603899
1677104813,114996603,0.416774,0.661932,0.299220,0.796109,0.022196,0.035094,0.603727
1677104813,125312042,0.416873,0.661874,0.299444,0.796445,0.021272,0.035452,0.603296
1677104813,135542753,0.416812,0.661740,0.299690,0.796764,0.021431,0.036463,0.602809
1677104813,145153670,0.416754,0.661689,0.299913,0.797053,0.021219,0.036988,0.602402
1677104813,155497053,0.416599,0.661583,0.300155,0.797111,0.021384,0.037139,0.602310
1677104813,165277308,0.416551,0.661570,0.300348,0.796837,0.020952,0.037164,0.602686
1677104813,175060573,0.416663,0.661675,0.300610,0.796774,0.019835,0.037829,0.602766
1677104813,184819589,0.416561,0.661664,0.300797,0.796293,0.019572,0.037567,0.603426
1677104813,195422373,0.416498,0.661623,0.300925,0.795879,0.019278,0.037155,0.604007
1677104813,205325055,0.416403,0.661685,0.301051,0.795803,0.019472,0.037137,0.604101
1677104813,215643637,0.416494,0.661815,0.301182,0.796041,0.018648,0.037128,0.603814
1677104813,225423783,0.416437,0.661892,0.301249,0.795983,0.019015,0.037057,0.603884
1677104813,235792053,0.416484,0.661978,0.301351,0.795984,0.018723,0.037130,0.603888
1677104813,244815051,0.416525,0.662165,0.301429,0.796256,0.018739,0.036965,0.603539
1677104813,254841502,0.416591,0.662047,0.301441,0.795762,0.018811,0.037253,0.604170
1677104813,265101420,0.416502,0.661935,0.301450,0.795338,0.019509,0.036483,0.604753
1677104813,274782445,0.416557,0.661895,0.301482,0.795096,0.019890,0.036641,0.605049
1677104813,285251933,0.416651,0.661981,0.301608,0.795271,0.020093,0.036837,0.604800
1677104813,294883123,0.416703,0.662046,0.301684,0.795130,0.020264,0.036204,0.605018
1677104813,304953342,0.416647,0.662034,0.301765,0.794634,0.021007,0.035829,0.605667
1677104813,314978605,0.416739,0.662223,0.301980,0.794866,0.021038,0.035687,0.605369
1677104813,325099649,0.416722,0.662267,0.302105,0.794698,0.021286,0.035083,0.605617
1677104813,334707362,0.416695,0.662215,0.302224,0.794276,0.021652,0.035261,0.606146
1677104813,344550745,0.416737,0.662297,0.302362,0.794288,0.021388,0.035300,0.606138
1677104813,354831658,0.416662,0.662195,0.302467,0.793908,0.021505,0.035236,0.606635
1677104813,365237528,0.416749,0.662175,0.302587,0.793743,0.020451,0.035314,0.606883
1677104813,375133199,0.416707,0.662243,0.302730,0.793884,0.020382,0.036057,0.606657
1677104813,385527995,0.416833,0.662961,0.303088,0.795798,0.020348,0.038227,0.604011
1677104813,395509250,0.416813,0.663092,0.303282,0.796118,0.019690,0.038306,0.603607
1677104813,404995670,0.416686,0.663060,0.303457,0.796024,0.019353,0.038152,0.603752
1677104813,414906681,0.416626,0.663111,0.303656,0.796019,0.019397,0.038776,0.603717
1677104813,425572952,0.416625,0.663153,0.303858,0.796037,0.018954,0.039407,0.603666
1677104813,435204080,0.416568,0.663196,0.304014,0.796095,0.018831,0.039626,0.603580
1677104813,445121141,0.416571,0.663293,0.304151,0.796044,0.018508,0.039764,0.603647
1677104813,455499112,0.416512,0.663259,0.304279,0.795669,0.018654,0.039907,0.604128
1677104813,465487203,0.416455,0.663327,0.304425,0.795375,0.019173,0.040315,0.604471
1677104813,475519223,0.416437,0.663493,0.304636,0.795670,0.018869,0.040178,0.604102
1677104813,485162797,0.416403,0.663566,0.304794,0.795768,0.018863,0.040265,0.603967
1677104813,495033741,0.416428,0.663513,0.304897,0.795613,0.018462,0.040318,0.604180
1677104813,504778391,0.416512,0.663510,0.305038,0.795715,0.018026,0.041183,0.604001
1677104813,515416201,0.416508,0.663548,0.305143,0.795749,0.018236,0.041696,0.603915
1677104813,525334759,0.416481,0.663594,0.305209,0.795515,0.018233,0.041636,0.604227
1677104813,535019926,0.416390,0.663678,0.305266,0.795096,0.018488,0.041338,0.604791
1677104813,545512419,0.416350,0.664061,0.305406,0.795525,0.018463,0.041318,0.604229
1677104813,555188508,0.416301,0.664150,0.305477,0.795139,0.018471,0.041419,0.604729
1677104813,565066711,0.416225,0.664220,0.305521,0.794859,0.018656,0.041338,0.605096
1677104813,575209050,0.416200,0.664270,0.305589,0.794873,0.018379,0.041333,0.605088
1677104813,584988473,0.416140,0.664180,0.305596,0.794643,0.018251,0.041326,0.605394
1677104813,595239838,0.416166,0.664118,0.305644,0.794760,0.017997,0.041792,0.605215
1677104813,605139681,0.416028,0.663946,0.305641,0.794669,0.018375,0.041380,0.605352
1677104813,615475826,0.416170,0.663751,0.305634,0.794359,0.017393,0.041623,0.605771
1677104813,625205864,0.416137,0.663583,0.305561,0.793967,0.017538,0.041671,0.606278
1677104813,634789035,0.416181,0.663729,0.305580,0.794558,0.017368,0.041540,0.605517
1677104813,645390024,0.416141,0.663760,0.305487,0.794595,0.017777,0.041054,0.605490
