secs,nsecs,tx,ty,tz,rx,ry,rz,rw
1677104680,482776532,0.382608,0.541890,0.479165,0.522464,-0.108636,0.010138,0.845651
1677104680,492599252,0.382569,0.542001,0.479050,0.522676,-0.108140,0.010424,0.845581
1677104680,503774535,0.382657,0.542229,0.478926,0.523447,-0.109119,0.010802,0.844973
1677104680,512965614,0.382609,0.542378,0.478767,0.523398,-0.108929,0.011248,0.845022
1677104680,523070256,0.382655,0.542666,0.478579,0.524039,-0.109239,0.011936,0.844575
1677104680,533404597,0.382519,0.542689,0.478401,0.523144,-0.108368,0.012241,0.845238
1677104680,542843697,0.382544,0.542834,0.478238,0.522957,-0.108613,0.012609,0.845316
1677104680,552177370,0.382520,0.542977,0.478013,0.522886,-0.108606,0.012590,0.845362
1677104680,562463762,0.382590,0.543195,0.477768,0.523052,-0.108277,0.013030,0.845295
1677104680,573239163,0.382639,0.543286,0.477557,0.522901,-0.108183,0.012956,0.845401
1677104680,583048565,0.382780,0.543437,0.477312,0.523101,-0.108183,0.013120,0.845275
1677104680,593514648,0.382806,0.543383,0.477097,0.522414,-0.107953,0.012459,0.845739
1677104680,603230318,0.382876,0.543397,0.476840,0.522154,-0.107447,0.012166,0.845969
1677104680,612839334,0.382952,0.543448,0.476590,0.522225,-0.107270,0.011659,0.845954
1677104680,622930550,0.383061,0.543431,0.476402,0.522204,-0.107523,0.011365,0.845939
1677104680,633095057,0.383122,0.543375,0.476204,0.522229,-0.106921,0.011192,0.846002
1677104680,643067366,0.383223,0.543325,0.476035,0.522253,-0.106788,0.011284,0.846003
1677104680,653029721,0.383302,0.543271,0.475850,0.522341,-0.106882,0.011382,0.845935
1677104680,662803504,0.383372,0.543342,0.475632,0.522632,-0.107091,0.011545,0.845727
1677104680,672467486,0.383378,0.543336,0.475430,0.522269,-0.107320,0.011382,0.845924
1677104680,682648543,0.383325,0.543401,0.475194,0.522371,-0.106919,0.011278,0.845913
1677104680,693213149,0.383358,0.543418,0.475031,0.522271,-0.107269,0.011244,0.845931
1677104680,702905206,0.383328,0.543391,0.474904,0.522331,-0.107134,0.011038,0.845914
1677104680,713073684,0.383414,0.543339,0.474861,0.522417,-0.107444,0.011019,0.845822
1677104680,723295575,0.383508,0.543224,0.474891,0.522592,-0.107751,0.010877,0.845677
1677104680,733196549,0.383433,0.543150,0.474893,0.523065,-0.107444,0.009975,0.845434
1677104680,743414780,0.383534,0.543125,0.474962,0.523678,-0.108218,0.009639,0.844960
1677104680,753084708,0.383518,0.542991,0.474978,0.523430,-0.108213,0.009471,0.845116
1677104680,762596115,0.383459,0.542869,0.474966,0.522857,-0.108149,0.009340,0.845480
1677104680,772740949,0.383417,0.542853,0.474910,0.522706,-0.108387,0.009449,0.845542
1677104680,783011838,0.383373,0.542810,0.474808,0.522459,-0.108874,0.009608,0.845630
1677104680,792836782,0.383289,0.542847,0.474658,0.522736,-0.109349,0.009689,0.845397
1677104680,802813300,0.383170,0.542826,0.474447,0.523070,-0.109369,0.009725,0.845187
1677104680,812739848,0.383074,0.542658,0.474222,0.522870,-0.109542,0.009486,0.845292
1677104680,823236376,0.383104,0.542497,0.473937,0.522680,-0.110041,0.009358,0.845345
1677104680,832268953,0.383318,0.542506,0.473530,0.523274,-0.111124,0.009209,0.844838
1677104680,843039992,0.383479,0.542375,0.473030,0.522721,-0.111188,0.008486,0.845179
1677104680,853190766,0.383767,0.542462,0.472377,0.523039,-0.111633,0.007779,0.844931
1677104680,863175331,0.384044,0.542539,0.471628,0.523036,-0.111233,0.006720,0.844994
1677104680,872392157,0.384532,0.542573,0.470823,0.522709,-0.111649,0.006133,0.845146
1677104680,882925258,0.384872,0.542712,0.469850,0.523002,-0.111646,0.004832,0.844974
1677104680,892871239,0.385265,0.542793,0.468784,0.523051,-0.112327,0.003474,0.844860
1677104680,902971140,0.385634,0.542898,0.467579,0.523354,-0.112435,0.002779,0.844660
1677104680,913370676,0.385841,0.542777,0.466273,0.522620,-0.112562,0.001499,0.845101
1677104680,923118743,0.386121,0.542935,0.464764,0.523251,-0.112640,0.000806,0.844701
1677104680,932807428,0.386288,0.542922,0.463120,0.522954,-0.113263,-0.000158,0.844802
1677104680,943076468,0.386406,0.542933,0.461209,0.522649,-0.113536,-0.000750,0.844954
1677104680,953158414,0.386658,0.543153,0.459102,0.523199,-0.114525,-0.000346,0.844480
1677104680,962302989,0.386771,0.543286,0.456765,0.523002,-0.114591,-0.000365,0.844593
1677104680,973144216,0.386988,0.543403,0.454268,0.522894,-0.115546,-0.000576,0.844530
1677104680,982944578,0.387291,0.543552,0.451633,0.523267,-0.115798,-0.000354,0.844264
1677104680,992968244,0.387537,0.543548,0.448861,0.523976,-0.116907,-0.002076,0.843669
1677104681,3062218,0.387835,0.543375,0.446050,0.524565,-0.116989,-0.003635,0.843286
1677104681,12843254,0.388196,0.543178,0.443061,0.526053,-0.117750,-0.005912,0.842240
1677104681,22639592,0.388669,0.542989,0.439932,0.528105,-0.118502,-0.007771,0.840834
1677104681,32589215,0.389261,0.542713,0.436636,0.529743,-0.119396,-0.009395,0.839660
1677104681,42667163,0.389712,0.542386,0.433026,0.531068,-0.119975,-0.011583,0.838713
1677104681,53150759,0.390236,0.542293,0.429206,0.532959,-0.120413,-0.013503,0.837421
1677104681,62850142,0.390718,0.542111,0.425204,0.534096,-0.120390,-0.015038,0.836673
1677104681,73437672,0.391037,0.542013,0.420914,0.535199,-0.119486,-0.017058,0.836059
1677104681,82922952,0.391600,0.542050,0.416456,0.536342,-0.119435,-0.017050,0.835334
1677104681,92740796,0.392008,0.542120,0.411709,0.536306,-0.118612,-0.017064,0.835473
1677104681,103475033,0.392221,0.542373,0.406692,0.535992,-0.118194,-0.017944,0.835716
1677104681,113119015,0.392668,0.542776,0.401601,0.535848,-0.118159,-0.017444,0.835824
1677104681,122660974,0.393103,0.542949,0.396591,0.535380,-0.118669,-0.017427,0.836052
1677104681,133095177,0.393506,0.542855,0.391745,0.535184,-0.118843,-0.018181,0.836137
1677104681,143269003,0.394025,0.542810,0.386963,0.537146,-0.118783,-0.019051,0.834867
1677104681,153982450,0.394365,0.542611,0.382175,0.540221,-0.117057,-0.020812,0.833082
1677104681,162577009,0.394749,0.542207,0.377287,0.543375,-0.115851,-0.023094,0.831137
1677104681,173148276,0.395217,0.541791,0.372296,0.546835,-0.113697,-0.023744,0.829145
1677104681,182500108,0.395786,0.541525,0.367079,0.550836,-0.112323,-0.024509,0.826657
1677104681,192369698,0.396174,0.541494,0.361605,0.554871,-0.109006,-0.025885,0.824358
1677104681,202959839,0.396671,0.541526,0.356098,0.557689,-0.105369,-0.026900,0.822896
1677104681,212799950,0.397390,0.542206,0.350326,0.561165,-0.101390,-0.027321,0.821016
1677104681,223245821,0.398032,0.542993,0.344473,0.563470,-0.096768,-0.028142,0.819967
1677104681,233334218,0.399020,0.543783,0.338564,0.563801,-0.094934,-0.029719,0.819898
1677104681,242845592,0.399848,0.545029,0.332477,0.565586,-0.090642,-0.030515,0.819124
1677104681,252766074,0.400509,0.546181,0.326422,0.566396,-0.085482,-0.031751,0.819073
1677104681,263015498,0.401457,0.547430,0.320466,0.567638,-0.082045,-0.032079,0.818551
1677104681,272716946,0.402262,0.548774,0.314500,0.569146,-0.078481,-0.033370,0.817802
1677104681,283262225,0.403231,0.549979,0.308693,0.570407,-0.075887,-0.033922,0.817145
1677104681,292699474,0.403916,0.551248,0.303002,0.572493,-0.071996,-0.035026,0.815991
1677104681,303416595,0.404765,0.552480,0.297485,0.575389,-0.068701,-0.035132,0.814231
1677104681,313578853,0.405490,0.553574,0.292093,0.577555,-0.065066,-0.035744,0.812969
1677104681,322948744,0.405488,0.555125,0.286717,0.581440,-0.056610,-0.036584,0.810792
1677104681,332979241,0.406832,0.556521,0.281415,0.582008,-0.060547,-0.038272,0.810023
1677104681,343476699,0.407526,0.558272,0.276134,0.582628,-0.057978,-0.039031,0.809728
1677104681,353448228,0.407991,0.560190,0.270933,0.582076,-0.055739,-0.040382,0.810216
1677104681,362936179,0.408696,0.562766,0.265708,0.582961,-0.054504,-0.040819,0.809642
1677104681,372953391,0.409210,0.565161,0.260538,0.582037,-0.052954,-0.041006,0.810399
1677104681,382492568,0.409542,0.567495,0.255500,0.579989,-0.050913,-0.040289,0.812033
1677104681,393778479,0.409922,0.570205,0.250419,0.579439,-0.050250,-0.039601,0.812500
1677104681,403665862,0.410252,0.572961,0.245411,0.578480,-0.050224,-0.038657,0.813230
1677104681,413411928,0.410530,0.575929,0.240379,0.577694,-0.048702,-0.036890,0.813964
1677104681,423612035,0.410653,0.578430,0.235627,0.574012,-0.048207,-0.036970,0.816590
1677104681,433362362,0.411206,0.581224,0.230928,0.571419,-0.048715,-0.035948,0.818422
1677104681,442986552,0.411536,0.583948,0.226442,0.569985,-0.045889,-0.035771,0.819592
1677104681,453566986,0.412053,0.586633,0.222135,0.569088,-0.044376,-0.036370,0.820272
1677104681,464028471,0.412584,0.589063,0.218167,0.567708,-0.042661,-0.037256,0.821279
1677104681,473258506,0.413144,0.591286,0.214393,0.565833,-0.041750,-0.038842,0.822546
1677104681,483804806,0.413593,0.593690,0.210701,0.564187,-0.039867,-0.040092,0.823709
1677104681,492677491,0.414019,0.595921,0.207269,0.560994,-0.038785,-0.041299,0.825879
1677104681,503287154,0.414362,0.598252,0.204027,0.558027,-0.038410,-0.042655,0.827835
1677104681,513003016,0.414304,0.599983,0.201131,0.553215,-0.037728,-0.045130,0.830959
1677104681,523241552,0.414587,0.601851,0.198490,0.550573,-0.038843,-0.044718,0.832683
1677104681,532825672,0.414660,0.603826,0.196131,0.549530,-0.039621,-0.044618,0.833340
1677104681,543328148,0.414802,0.605471,0.194122,0.547514,-0.040698,-0.043512,0.834673
1677104681,552503785,0.414749,0.607181,0.192292,0.545791,-0.041073,-0.042212,0.835849
1677104681,562863911,0.414593,0.609104,0.190568,0.544383,-0.041531,-0.041075,0.836801
1677104681,573051639,0.414429,0.610935,0.188964,0.541881,-0.042351,-0.039734,0.838447
1677104681,583200871,0.414370,0.612805,0.187453,0.539023,-0.043319,-0.037085,0.840359
1677104681,593012555,0.414182,0.614554,0.186041,0.535842,-0.044932,-0.035247,0.842385
1677104681,602903315,0.414046,0.616099,0.184823,0.532464,-0.046835,-0.033341,0.844498
1677104681,613665911,0.413880,0.617800,0.183638,0.530587,-0.048544,-0.031932,0.845637
1677104681,622923509,0.413721,0.619120,0.182695,0.527113,-0.050072,-0.030874,0.847756
1677104681,632778977,0.413691,0.620699,0.181760,0.524185,-0.051654,-0.029663,0.849519
1677104681,643436720,0.413647,0.622379,0.180844,0.520903,-0.052252,-0.028474,0.851539
1677104681,653028032,0.413505,0.623978,0.180208,0.518547,-0.051824,-0.025868,0.853085
1677104681,662975570,0.412949,0.625441,0.179743,0.517845,-0.050967,-0.023353,0.853636
1677104681,673341110,0.412366,0.626964,0.179173,0.515622,-0.051825,-0.020789,0.854995
1677104681,683345248,0.411930,0.628504,0.178571,0.512975,-0.052662,-0.017237,0.856613
1677104681,693250419,0.411296,0.629661,0.178249,0.510612,-0.053753,-0.014900,0.858000
1677104681,703224636,0.410805,0.630760,0.178013,0.508679,-0.055364,-0.012227,0.859087
1677104681,712815205,0.410375,0.631936,0.177702,0.506106,-0.057069,-0.010624,0.860516
1677104681,722914431,0.410161,0.633102,0.177450,0.503827,-0.058643,-0.008513,0.861769
1677104681,733232267,0.409062,0.633594,0.177336,0.498177,-0.057913,-0.011273,0.865066
1677104681,743227251,0.408786,0.634751,0.177136,0.495168,-0.058873,-0.010080,0.866741
1677104681,753181526,0.408531,0.635832,0.177011,0.491449,-0.058981,-0.008427,0.868866
1677104681,763388598,0.408137,0.636948,0.176849,0.488402,-0.058880,-0.007995,0.870593
1677104681,773580237,0.407979,0.637952,0.176657,0.486056,-0.059702,-0.006732,0.871860
1677104681,782799353,0.407775,0.638597,0.176537,0.482826,-0.059582,-0.006087,0.873666
1677104681,792710938,0.407586,0.639207,0.176448,0.481228,-0.059318,-0.006202,0.874564
1677104681,803130080,0.407648,0.639564,0.176448,0.480146,-0.059357,-0.006598,0.875153
1677104681,813172436,0.407812,0.639734,0.176475,0.479153,-0.059129,-0.007761,0.875703
1677104681,822815580,0.408133,0.639779,0.176545,0.478213,-0.059289,-0.008970,0.876195
1677104681,833080949,0.408329,0.639760,0.176656,0.477457,-0.059001,-0.011139,0.876601
1677104681,843131905,0.408652,0.640033,0.176653,0.478307,-0.058821,-0.011790,0.876141
1677104681,853067878,0.408778,0.640092,0.176684,0.477787,-0.058498,-0.012460,0.876437
1677104681,862498130,0.408814,0.640228,0.176684,0.477843,-0.058406,-0.012582,0.876411
1677104681,873024417,0.408664,0.640234,0.176643,0.478045,-0.058228,-0.012414,0.876315
1677104681,882611481,0.408561,0.640309,0.176493,0.478637,-0.057752,-0.011588,0.876035
1677104681,892726388,0.408450,0.640185,0.176434,0.478010,-0.057697,-0.010946,0.876389
1677104681,903247867,0.408434,0.640125,0.176279,0.478531,-0.057962,-0.009754,0.876101
1677104681,912788367,0.408446,0.640019,0.176178,0.478889,-0.058468,-0.008954,0.875881
1677104681,923367221,0.408314,0.639998,0.176000,0.479800,-0.058371,-0.009051,0.875387
1677104681,933389513,0.408248,0.639952,0.175869,0.480435,-0.058148,-0.008813,0.875056
1677104681,943305662,0.408348,0.640025,0.175728,0.481675,-0.057868,-0.008142,0.874399
1677104681,953018453,0.408372,0.640083,0.175604,0.482173,-0.057025,-0.008642,0.874176
1677104681,963134061,0.408480,0.640153,0.175527,0.482189,-0.055996,-0.009621,0.874223
1677104681,972911011,0.408672,0.640307,0.175452,0.482270,-0.055552,-0.011025,0.874190
1677104681,982745165,0.408976,0.640482,0.175359,0.482212,-0.055380,-0.011356,0.874229
1677104681,993239710,0.408987,0.640518,0.175356,0.481406,-0.054528,-0.012262,0.874714
1677104682,3268527,0.409006,0.640630,0.175345,0.481191,-0.054375,-0.012184,0.874843
1677104682,12889057,0.408935,0.640821,0.175246,0.481381,-0.054179,-0.012056,0.874752
1677104682,22827184,0.408817,0.640823,0.175209,0.480682,-0.053893,-0.011964,0.875155
1677104682,33177174,0.408948,0.641015,0.175112,0.480954,-0.053946,-0.011286,0.875012
1677104682,43178800,0.409005,0.641113,0.175057,0.481123,-0.053163,-0.011692,0.874962
1677104682,52947369,0.409084,0.641236,0.175031,0.480991,-0.052321,-0.013520,0.875059
1677104682,63484658,0.409632,0.641514,0.174945,0.481745,-0.051873,-0.014296,0.874658
1677104682,73110936,0.409899,0.641586,0.174863,0.481442,-0.050529,-0.017347,0.874848
1677104682,82790497,0.410320,0.641751,0.174804,0.481374,-0.049030,-0.019207,0.874932
1677104682,92659393,0.410741,0.641755,0.174803,0.481406,-0.049562,-0.021129,0.874840
1677104682,102859613,0.410888,0.641766,0.174810,0.481778,-0.048462,-0.022014,0.874675
1677104682,112714143,0.410971,0.641723,0.174807,0.481386,-0.048290,-0.022524,0.874887
1677104682,122948591,0.410893,0.641851,0.174727,0.482265,-0.047781,-0.022975,0.874420
1677104682,132531630,0.411062,0.641703,0.174825,0.482216,-0.048151,-0.022252,0.874445
1677104682,143418639,0.411185,0.641793,0.174731,0.483728,-0.047883,-0.022698,0.873613
1677104682,153542662,0.411446,0.641667,0.174699,0.484566,-0.047758,-0.024070,0.873118
1677104682,162853699,0.411733,0.641367,0.174743,0.484694,-0.047113,-0.025893,0.873030
1677104682,173314750,0.411995,0.641134,0.174730,0.485710,-0.046714,-0.028155,0.872417
1677104682,182416815,0.412281,0.640920,0.174711,0.486753,-0.045948,-0.029484,0.871832
1677104682,193110093,0.412471,0.640710,0.174699,0.487745,-0.045665,-0.030919,0.871243
1677104682,202869862,0.412627,0.640685,0.174631,0.489051,-0.045963,-0.032172,0.870449
1677104682,212916195,0.412800,0.640645,0.174580,0.489440,-0.045882,-0.032394,0.870226
1677104682,223237442,0.412811,0.640653,0.174476,0.489614,-0.045605,-0.033172,0.870114
1677104682,233312798,0.412950,0.640786,0.174306,0.490245,-0.045737,-0.033596,0.869735
1677104682,243096504,0.413051,0.640797,0.174200,0.490516,-0.045792,-0.034481,0.869545
1677104682,253521722,0.413143,0.640876,0.174050,0.491335,-0.045219,-0.035995,0.869051
1677104682,263701241,0.413443,0.640781,0.173980,0.491623,-0.045198,-0.037076,0.868844
1677104682,273287362,0.413735,0.640715,0.173910,0.492782,-0.045577,-0.038919,0.868086
1677104682,283580983,0.414018,0.640528,0.173867,0.493988,-0.044634,-0.039638,0.867417
1677104682,293011521,0.414056,0.640057,0.173905,0.494375,-0.043539,-0.041220,0.867178
1677104682,303155141,0.414302,0.639880,0.173835,0.496950,-0.043991,-0.042253,0.865633
1677104682,313042724,0.414592,0.639422,0.173885,0.497902,-0.044218,-0.042383,0.865068
1677104682,323150555,0.414679,0.639022,0.173929,0.498897,-0.043931,-0.043594,0.864449
1677104682,332904684,0.414854,0.638822,0.173850,0.500460,-0.043498,-0.044354,0.863528
1677104682,342580559,0.414999,0.638457,0.173904,0.500977,-0.043337,-0.045514,0.863176
1677104682,353005728,0.415278,0.638432,0.173746,0.503249,-0.043152,-0.046213,0.861825
1677104682,363033749,0.415448,0.638189,0.173679,0.503914,-0.042902,-0.048296,0.861335
1677104682,372515896,0.415686,0.638045,0.173580,0.504819,-0.042194,-0.050016,0.860742
1677104682,382971717,0.416123,0.637988,0.173489,0.505723,-0.042246,-0.051274,0.860134
1677104682,393089370,0.416395,0.637915,0.173389,0.506330,-0.041779,-0.052912,0.859701
1677104682,403122997,0.416608,0.637841,0.173321,0.506484,-0.041492,-0.054446,0.859528
1677104682,413199180,0.416861,0.637848,0.173202,0.507392,-0.041461,-0.055118,0.858951
1677104682,423091814,0.416923,0.637873,0.173128,0.508644,-0.041514,-0.056276,0.858132
1677104682,432775090,0.417137,0.637851,0.173064,0.509547,-0.042089,-0.056647,0.857544
1677104682,442419211,0.417386,0.637818,0.172973,0.510432,-0.042672,-0.057010,0.856964
1677104682,453135675,0.417614,0.637887,0.172819,0.511487,-0.042948,-0.057584,0.856283
1677104682,463324611,0.417740,0.637790,0.172745,0.511871,-0.042548,-0.058441,0.856015
1677104682,473565739,0.417840,0.637790,0.172648,0.512820,-0.042379,-0.059190,0.855404
1677104682,483022671,0.418149,0.637976,0.172490,0.514545,-0.042148,-0.058368,0.854436
1677104682,492740660,0.418274,0.638199,0.172415,0.516422,-0.041966,-0.058142,0.853327
1677104682,503025228,0.418398,0.638279,0.172402,0.517140,-0.041618,-0.057873,0.852928
1677104682,513369040,0.418549,0.638484,0.172311,0.518421,-0.041355,-0.057803,0.852167
1677104682,523136088,0.418724,0.638674,0.172199,0.519650,-0.040976,-0.057788,0.851437
1677104682,532839371,0.418985,0.638844,0.172133,0.520470,-0.040859,-0.057770,0.850943
1677104682,543281547,0.419198,0.638864,0.172149,0.520790,-0.040668,-0.057937,0.850745
1677104682,553210589,0.419576,0.639149,0.172065,0.521963,-0.040709,-0.057062,0.850083
1677104682,562894267,0.419787,0.639592,0.171935,0.523442,-0.040771,-0.056991,0.849175
1677104682,573389888,0.420593,0.640390,0.171772,0.526396,-0.042441,-0.053511,0.847492
1677104682,583263405,0.420625,0.640722,0.171720,0.527069,-0.042131,-0.053406,0.847096
1677104682,593003152,0.420907,0.641099,0.171692,0.528119,-0.042861,-0.051854,0.846501
1677104682,603249350,0.421035,0.641406,0.171694,0.528649,-0.042892,-0.050753,0.846236
1677104682,613215992,0.421068,0.641674,0.171673,0.528930,-0.042274,-0.050134,0.846128
1677104682,623332177,0.421279,0.642101,0.171552,0.530063,-0.042487,-0.049137,0.845466
1677104682,632786483,0.421483,0.642561,0.171395,0.531180,-0.042539,-0.048266,0.844813
1677104682,643255954,0.421626,0.642891,0.171298,0.532265,-0.041834,-0.047162,0.844228
1677104682,652908566,0.421864,0.643205,0.171199,0.533617,-0.041415,-0.045972,0.843460
1677104682,663642366,0.422039,0.643469,0.171070,0.534824,-0.040727,-0.045425,0.842758
1677104682,673425617,0.422366,0.643722,0.170890,0.536104,-0.040186,-0.044774,0.842005
1677104682,682931412,0.422744,0.643814,0.170825,0.536681,-0.039437,-0.044446,0.841691
1677104682,692778793,0.423266,0.644164,0.170698,0.538503,-0.039126,-0.044439,0.840541
1677104682,702968513,0.423678,0.644438,0.170604,0.539623,-0.038019,-0.045042,0.839841
1677104682,713099492,0.424230,0.644879,0.170456,0.541248,-0.037491,-0.044973,0.838822
1677104682,722941419,0.424676,0.645140,0.170390,0.541828,-0.036842,-0.044855,0.838482
1677104682,732922293,0.425015,0.645611,0.170270,0.542991,-0.035917,-0.044471,0.837791
1677104682,743425395,0.425446,0.646095,0.170207,0.544176,-0.035905,-0.043455,0.837075
1677104682,752582349,0.425676,0.646671,0.170096,0.545285,-0.035056,-0.042444,0.836441
1677104682,762902236,0.425900,0.647044,0.170055,0.545353,-0.034642,-0.041371,0.836468
1677104682,773276220,0.426191,0.647481,0.169947,0.545585,-0.034268,-0.039883,0.836404
1677104682,783126934,0.426486,0.648071,0.169852,0.546340,-0.034185,-0.038761,0.835968
1677104682,793188872,0.426822,0.648650,0.169778,0.547173,-0.034030,-0.037590,0.835483
1677104682,803211338,0.427194,0.649214,0.169686,0.547875,-0.033977,-0.036635,0.835067
1677104682,813062097,0.427528,0.649805,0.169584,0.548638,-0.033252,-0.036077,0.834619
1677104682,822863505,0.427868,0.650458,0.169477,0.549884,-0.032308,-0.035806,0.833847
1677104682,833479453,0.428424,0.650944,0.169423,0.550055,-0.032068,-0.035343,0.833763
1677104682,843471141,0.428931,0.651970,0.169272,0.552332,-0.030839,-0.033697,0.832372
1677104682,853043755,0.429532,0.652643,0.169229,0.552712,-0.030814,-0.032094,0.832184
1677104682,863330379,0.429765,0.653343,0.169206,0.552958,-0.030451,-0.032000,0.832037
1677104682,873026054,0.429981,0.654112,0.169177,0.553272,-0.030440,-0.031046,0.831865
1677104682,882427599,0.430224,0.655006,0.169094,0.553934,-0.030077,-0.029352,0.831499
1677104682,893246458,0.430461,0.655810,0.169095,0.554102,-0.029707,-0.027319,0.831470
1677104682,903328177,0.430670,0.656578,0.169102,0.553626,-0.029842,-0.025900,0.831828
1677104682,913053210,0.430877,0.657503,0.169039,0.553825,-0.029253,-0.024059,0.831771
1677104682,923165833,0.430987,0.658493,0.168976,0.554296,-0.028996,-0.022620,0.831507
1677104682,933020767,0.431240,0.659379,0.168949,0.554248,-0.028980,-0.020017,0.831606
1677104682,943269966,0.431251,0.660456,0.168841,0.555369,-0.028590,-0.018165,0.830914
1677104682,953954171,0.431199,0.661209,0.168833,0.554713,-0.028388,-0.016285,0.831398
1677104682,963194054,0.431348,0.662065,0.168771,0.554848,-0.028641,-0.013149,0.831355
1677104682,973213119,0.431411,0.663022,0.168697,0.555349,-0.028710,-0.010623,0.831054
1677104682,983110107,0.431325,0.663757,0.168691,0.554657,-0.028397,-0.009244,0.831543
1677104682,992638840,0.431466,0.664649,0.168690,0.555265,-0.028670,-0.007467,0.831145
1677104683,3130748,0.431564,0.665352,0.168707,0.555119,-0.027709,-0.005849,0.831289
1677104683,12923606,0.431723,0.666196,0.168683,0.555980,-0.027600,-0.005471,0.830719
1677104683,23404996,0.431920,0.666852,0.168662,0.555729,-0.026638,-0.004556,0.830924
1677104683,32996931,0.432190,0.667622,0.168629,0.556170,-0.026070,-0.004029,0.830650
1677104683,43129014,0.432496,0.668231,0.168610,0.556062,-0.025867,-0.003438,0.830731
1677104683,53114140,0.432729,0.668985,0.168567,0.556501,-0.025380,-0.002606,0.830455
1677104683,63237505,0.432810,0.669661,0.168509,0.556634,-0.024719,-0.002410,0.830386
1677104683,73806490,0.433010,0.670312,0.168498,0.556613,-0.024965,-0.000999,0.830396
1677104683,82871875,0.433037,0.670860,0.168494,0.556464,-0.024592,0.000214,0.830507
1677104683,93050317,0.433042,0.671576,0.168424,0.557354,-0.024343,0.001772,0.829916
1677104683,102939665,0.432980,0.671993,0.168470,0.556900,-0.023925,0.003265,0.830228
1677104683,113327699,0.433029,0.672725,0.168372,0.558221,-0.024411,0.004959,0.829319
1677104683,123054420,0.432976,0.673263,0.168272,0.558675,-0.024088,0.006772,0.829009
1677104683,133547927,0.433035,0.673818,0.168160,0.559188,-0.024419,0.009105,0.828631
1677104683,143689297,0.432943,0.674671,0.167875,0.561962,-0.023003,0.010896,0.826771
1677104683,153512227,0.432887,0.675073,0.167826,0.562306,-0.022182,0.012309,0.826540
1677104683,162660875,0.432944,0.675500,0.167794,0.562692,-0.022235,0.013103,0.826264
1677104683,173072053,0.433025,0.676120,0.167674,0.563917,-0.021992,0.013969,0.825420
1677104683,183115427,0.433118,0.676534,0.167597,0.564215,-0.021714,0.014656,0.825212
1677104683,193010722,0.433204,0.676991,0.167570,0.564864,-0.021112,0.015573,0.824767
1677104683,203328256,0.433224,0.677517,0.167532,0.566084,-0.020781,0.015914,0.823932
1677104683,212710973,0.433272,0.677826,0.167535,0.566054,-0.020304,0.016559,0.823952
1677104683,223007147,0.433340,0.678355,0.167504,0.566653,-0.019729,0.017338,0.823537
1677104683,233207900,0.433293,0.678771,0.167476,0.566554,-0.019427,0.017680,0.823606
1677104683,243541366,0.433463,0.679528,0.167410,0.567671,-0.019268,0.019639,0.822795
1677104683,253157097,0.433338,0.680080,0.167385,0.567694,-0.018697,0.020807,0.822764
1677104683,262722817,0.433038,0.680710,0.167293,0.567992,-0.017971,0.021841,0.822548
1677104683,272470822,0.432955,0.681461,0.167194,0.569227,-0.017744,0.024244,0.821631
1677104683,282879958,0.432813,0.681867,0.167216,0.569172,-0.017717,0.026627,0.821596
1677104683,292931246,0.432518,0.682407,0.167232,0.569656,-0.017037,0.028234,0.821221
1677104683,302508070,0.432377,0.682891,0.167208,0.569817,-0.016914,0.029682,0.821061
1677104683,313089182,0.432392,0.683447,0.167210,0.569790,-0.016157,0.031271,0.821036
1677104683,322921918,0.432401,0.684052,0.167188,0.569712,-0.015526,0.031564,0.821091
1677104683,332784574,0.432509,0.684705,0.167149,0.569834,-0.014729,0.032286,0.820993
1677104683,343298153,0.432644,0.685382,0.167153,0.569923,-0.013772,0.033085,0.820916
1677104683,353141008,0.432624,0.685947,0.167188,0.569588,-0.012312,0.033820,0.821142
1677104683,362831712,0.432544,0.686641,0.167250,0.569934,-0.011163,0.034456,0.820892
1677104683,372735344,0.432479,0.687304,0.167295,0.570181,-0.010335,0.036106,0.820660
1677104683,383269629,0.432286,0.687863,0.167288,0.570328,-0.009517,0.037126,0.820523
1677104683,393274111,0.432143,0.688564,0.167246,0.570870,-0.008711,0.038896,0.820072
1677104683,403452103,0.432000,0.689258,0.167183,0.571466,-0.008290,0.040263,0.819596
1677104683,413279894,0.431775,0.689790,0.167204,0.571012,-0.007582,0.041016,0.819881
1677104683,423092410,0.431777,0.690602,0.167193,0.571237,-0.007852,0.042039,0.819670
1677104683,433227775,0.431626,0.691193,0.167258,0.569934,-0.006720,0.042710,0.820552
1677104683,442808725,0.431498,0.692275,0.167216,0.570496,-0.006302,0.043094,0.820144
1677104683,452854488,0.431244,0.693073,0.167253,0.569625,-0.005099,0.043561,0.820734
1677104683,463515253,0.431035,0.693992,0.167327,0.569533,-0.005030,0.044115,0.820768
1677104683,473387876,0.430815,0.694627,0.167432,0.568409,-0.004447,0.045622,0.821469
1677104683,482890737,0.430431,0.695423,0.167493,0.568732,-0.003660,0.046789,0.821183
1677104683,493049372,0.430172,0.696087,0.167605,0.568495,-0.003464,0.048055,0.821275
1677104683,502823777,0.429782,0.696817,0.167616,0.568708,-0.002635,0.049242,0.821060
1677104683,512770272,0.429535,0.697354,0.167696,0.567783,-0.001789,0.051191,0.821583
1677104683,523176516,0.429230,0.698108,0.167705,0.567945,-0.001012,0.052364,0.821398
1677104683,532651079,0.428930,0.698759,0.167686,0.567936,-0.000526,0.053066,0.821360
1677104683,543479947,0.428805,0.699345,0.167754,0.567697,0.000072,0.054762,0.821414
1677104683,553289737,0.428484,0.700052,0.167714,0.568314,0.001015,0.055139,0.820962
1677104683,563594639,0.428196,0.700744,0.167691,0.568650,0.002197,0.055825,0.820680
1677104683,573493627,0.428101,0.701383,0.167667,0.568557,0.002479,0.057409,0.820635
1677104683,582579697,0.427884,0.701843,0.167614,0.568197,0.002980,0.058390,0.820813
1677104683,593351138,0.427598,0.702256,0.167602,0.567826,0.003630,0.059575,0.820982
1677104683,603106237,0.427333,0.702693,0.167491,0.568243,0.003664,0.061086,0.820582
1677104683,612899140,0.427019,0.703080,0.167363,0.569140,0.003612,0.062407,0.819861
1677104683,622962982,0.426740,0.703282,0.167241,0.569862,0.003668,0.063638,0.819264
1677104683,632968623,0.426528,0.703469,0.167106,0.570893,0.003245,0.064867,0.818452
1677104683,642823295,0.426276,0.703489,0.166985,0.571289,0.003885,0.066069,0.818076
1677104683,652993309,0.426060,0.703709,0.166832,0.572452,0.004567,0.067249,0.817163
1677104683,663401143,0.425854,0.703894,0.166686,0.573049,0.005173,0.068154,0.816666
1677104683,673004080,0.425717,0.704353,0.166525,0.574465,0.005808,0.069977,0.815511
1677104683,682838039,0.425339,0.704546,0.166380,0.574661,0.007459,0.071061,0.815266
1677104683,692776939,0.425131,0.704788,0.166275,0.575019,0.007762,0.072957,0.814843
1677104683,703155470,0.424609,0.705087,0.166112,0.575981,0.008840,0.073819,0.814075
1677104683,712804589,0.424219,0.705346,0.166044,0.576557,0.008810,0.075104,0.813550
1677104683,722389375,0.423837,0.705518,0.165967,0.576700,0.008307,0.076019,0.813369
1677104683,732988244,0.423489,0.705652,0.165960,0.576473,0.007893,0.077002,0.813442
1677104683,743107893,0.423275,0.705892,0.165986,0.576520,0.007198,0.078201,0.813301
1677104683,753025820,0.422920,0.706237,0.165947,0.576903,0.006955,0.078582,0.812994
1677104683,763072625,0.422559,0.706473,0.165999,0.576461,0.007170,0.079338,0.813233
1677104683,773294937,0.422233,0.706773,0.166077,0.575884,0.007039,0.080593,0.813519
1677104683,782822852,0.421749,0.707366,0.166037,0.576640,0.007058,0.081498,0.812893
1677104683,793240220,0.421324,0.707556,0.166124,0.575366,0.006937,0.083302,0.813613
1677104683,803587028,0.420794,0.708090,0.166107,0.576009,0.006685,0.085001,0.812984
1677104683,812532348,0.420281,0.708415,0.166170,0.575347,0.006760,0.087195,0.813220
1677104683,822642314,0.419639,0.708699,0.166195,0.574734,0.006793,0.088822,0.813477
1677104683,832981275,0.419119,0.709294,0.166189,0.575165,0.006687,0.090911,0.812943
1677104683,842542514,0.418409,0.709764,0.166185,0.575221,0.007488,0.091922,0.812782
1677104683,852377125,0.418075,0.710196,0.166225,0.574616,0.007478,0.094178,0.812952
1677104683,863066967,0.417529,0.710604,0.166284,0.573920,0.008381,0.094983,0.813341
1677104683,872414347,0.417176,0.711180,0.166271,0.574127,0.008468,0.095843,0.813093
1677104683,882531013,0.416741,0.711681,0.166282,0.573893,0.010123,0.096722,0.813136
1677104683,893016502,0.416416,0.712341,0.166263,0.574612,0.010708,0.097007,0.812586
1677104683,903583178,0.416173,0.712889,0.166235,0.574445,0.011892,0.097870,0.812584
1677104683,913022890,0.415835,0.713278,0.166274,0.573811,0.012982,0.097674,0.813039
1677104683,923049672,0.415554,0.713865,0.166278,0.574632,0.013899,0.097854,0.812422
1677104683,932694400,0.415162,0.714241,0.166301,0.574676,0.016107,0.097689,0.812370
1677104683,943497515,0.415030,0.714699,0.166340,0.574788,0.017008,0.098705,0.812150
1677104683,953553725,0.414714,0.715141,0.166302,0.574779,0.018339,0.098400,0.812164
1677104683,962792845,0.414437,0.715578,0.166281,0.574936,0.019701,0.098463,0.812013
1677104683,972790178,0.414167,0.716017,0.166289,0.575769,0.020554,0.098568,0.811389
1677104683,982875078,0.414015,0.716343,0.166338,0.576170,0.021489,0.099414,0.810977
1677104683,993004251,0.413829,0.716605,0.166365,0.576191,0.022545,0.100162,0.810841
1677104684,2799063,0.413578,0.716959,0.166246,0.576305,0.023823,0.100176,0.810722
1677104684,12738621,0.413372,0.717302,0.166163,0.576259,0.024977,0.100642,0.810662
1677104684,23067771,0.413135,0.717575,0.166054,0.576655,0.026058,0.100514,0.810363
1677104684,32961245,0.412896,0.717816,0.165984,0.577529,0.027167,0.100312,0.809728
1677104684,42676471,0.412706,0.717980,0.165924,0.578203,0.027918,0.100373,0.809214
1677104684,53350147,0.412373,0.718076,0.165831,0.578364,0.029381,0.099703,0.809130
1677104684,62880005,0.412121,0.718294,0.165748,0.579032,0.030433,0.099868,0.808592
1677104684,72469966,0.411844,0.718483,0.165704,0.579901,0.031625,0.100274,0.807874
1677104684,82864650,0.411440,0.718594,0.165697,0.580817,0.033047,0.101050,0.807062
1677104684,93104269,0.410859,0.718737,0.165659,0.581922,0.033676,0.101083,0.806235
1677104684,102776055,0.410426,0.718895,0.165663,0.582389,0.034262,0.102634,0.805677
1677104684,112637799,0.409877,0.718740,0.165681,0.581419,0.035072,0.103791,0.806194
1677104684,122557064,0.409295,0.718986,0.165622,0.582346,0.035397,0.104640,0.805401
1677104684,132888711,0.408716,0.719095,0.165552,0.582702,0.035688,0.105272,0.805048
1677104684,143258174,0.408129,0.719050,0.165522,0.582866,0.036065,0.105507,0.804882
1677104684,153017866,0.407774,0.719064,0.165497,0.583533,0.036141,0.106101,0.804317
1677104684,162564895,0.407316,0.719044,0.165508,0.584386,0.036418,0.105727,0.803734
1677104684,173142418,0.406955,0.719071,0.165491,0.584978,0.037449,0.105090,0.803340
1677104684,183385509,0.406701,0.719111,0.165469,0.585444,0.038164,0.104437,0.803051
1677104684,193042694,0.406457,0.719178,0.165459,0.586133,0.038361,0.103117,0.802710
1677104684,202793177,0.406234,0.719217,0.165459,0.586992,0.038689,0.101916,0.802220
1677104684,213151467,0.406009,0.719253,0.165462,0.587849,0.039148,0.100965,0.801690
1677104684,222430496,0.405638,0.719186,0.165461,0.587649,0.039685,0.099421,0.802003
1677104684,232847715,0.405355,0.719333,0.165427,0.588001,0.039045,0.098578,0.801881
1677104684,243002304,0.404970,0.719414,0.165429,0.587799,0.038994,0.098027,0.802098
1677104684,253144114,0.404545,0.719546,0.165440,0.588003,0.038284,0.097449,0.802054
1677104684,263101340,0.404021,0.719626,0.165499,0.587970,0.037839,0.097207,0.802129
1677104684,273456478,0.403409,0.719727,0.165527,0.587996,0.037936,0.097202,0.802106
1677104684,282890365,0.402904,0.719856,0.165550,0.588306,0.037213,0.097629,0.801860
1677104684,292953845,0.402375,0.719897,0.165607,0.588425,0.035924,0.097521,0.801845
1677104684,303135972,0.401884,0.719932,0.165640,0.588609,0.035249,0.097758,0.801711
1677104684,313282065,0.401367,0.720080,0.165622,0.589362,0.035087,0.097685,0.801173
1677104684,323034733,0.400855,0.720041,0.165663,0.589067,0.035320,0.097033,0.801460
1677104684,333788588,0.400606,0.720046,0.165643,0.588997,0.034481,0.096617,0.801598
1677104684,343131787,0.400330,0.720028,0.165579,0.589259,0.033770,0.095656,0.801551
1677104684,353115851,0.400042,0.719919,0.165562,0.589674,0.033677,0.094612,0.801373
1677104684,363228755,0.399808,0.719769,0.165507,0.590460,0.033826,0.093346,0.800936
1677104684,373402211,0.399810,0.719714,0.165506,0.591629,0.033878,0.092358,0.800186
1677104684,382767207,0.399752,0.719561,0.165471,0.592277,0.035034,0.090375,0.799883
1677104684,393085264,0.399775,0.719407,0.165433,0.592588,0.036075,0.087845,0.799888
1677104684,402919798,0.400011,0.719359,0.165409,0.593128,0.036006,0.085527,0.799742
1677104684,413105710,0.400047,0.719366,0.165322,0.593914,0.036826,0.082592,0.799430
1677104684,422944450,0.400212,0.719240,0.165289,0.594134,0.036653,0.080052,0.799533
1677104684,433161775,0.400416,0.719090,0.165244,0.594388,0.036217,0.077997,0.799567
1677104684,442892797,0.400545,0.718998,0.165148,0.595353,0.036294,0.076320,0.799007
1677104684,453530266,0.400571,0.718736,0.165103,0.595758,0.036566,0.074476,0.798867
1677104684,463560681,0.400747,0.718446,0.165041,0.596334,0.036612,0.072988,0.798573
1677104684,473051157,0.400994,0.718213,0.164940,0.597612,0.035993,0.071010,0.797823
1677104684,482904283,0.401172,0.717934,0.164822,0.599271,0.036538,0.068529,0.796770
1677104684,493272792,0.401514,0.717451,0.164641,0.600723,0.036758,0.065448,0.795925
1677104684,503351067,0.401917,0.717041,0.164466,0.603041,0.037556,0.062051,0.794406
1677104684,512618141,0.402584,0.716439,0.164296,0.604539,0.038368,0.058821,0.793474
1677104684,522538166,0.403190,0.715918,0.164093,0.606425,0.039802,0.054069,0.792301
1677104684,532823526,0.404023,0.715488,0.163862,0.607918,0.040783,0.049409,0.791411
1677104684,542666272,0.404856,0.715117,0.163600,0.609615,0.042425,0.045187,0.790271
1677104684,552516904,0.405624,0.714529,0.163455,0.611056,0.043884,0.041077,0.789302
1677104684,563011123,0.406280,0.713899,0.163270,0.613324,0.045391,0.036960,0.787659
1677104684,573093160,0.406903,0.713201,0.163089,0.615792,0.046487,0.033501,0.785822
1677104684,583164020,0.407432,0.712409,0.162904,0.617695,0.047559,0.030175,0.784398
1677104684,593675869,0.407968,0.711790,0.162643,0.620026,0.048331,0.027123,0.782621
1677104684,603476794,0.408554,0.711233,0.162378,0.622559,0.048873,0.024692,0.780655
1677104684,613415405,0.408861,0.710529,0.162140,0.624428,0.050575,0.021247,0.779154
1677104684,623413986,0.409422,0.709969,0.161944,0.626523,0.051320,0.018810,0.777484
1677104684,632963545,0.409885,0.709430,0.161722,0.627971,0.052459,0.016530,0.776291
1677104684,643233420,0.410192,0.709082,0.161493,0.629672,0.053650,0.013610,0.774887
1677104684,653109777,0.410552,0.708467,0.161338,0.629810,0.054663,0.011174,0.774743
1677104684,663337583,0.411013,0.708297,0.161174,0.631993,0.054774,0.009614,0.772976
1677104684,673602708,0.411281,0.708084,0.161079,0.633763,0.055543,0.007590,0.771493
1677104684,683129661,0.411548,0.707727,0.161027,0.634335,0.056188,0.006264,0.770989
1677104684,693187542,0.411763,0.707566,0.160926,0.635302,0.056706,0.005129,0.770162
1677104684,702616020,0.412000,0.707364,0.160843,0.636014,0.056991,0.004556,0.769556
1677104684,713633386,0.412249,0.707099,0.160759,0.636147,0.057234,0.004276,0.769430
1677104684,723069478,0.412362,0.706893,0.160648,0.636480,0.057425,0.003287,0.769145
1677104684,733151192,0.412423,0.706859,0.160508,0.637487,0.058005,0.002758,0.768269
1677104684,743417551,0.412393,0.706636,0.160390,0.638229,0.058210,0.001691,0.767641
1677104684,753072540,0.412455,0.706302,0.160252,0.639054,0.058387,0.001793,0.766940
1677104684,762782980,0.412435,0.706086,0.160131,0.640354,0.058280,0.001694,0.765864
1677104684,773061020,0.412350,0.705758,0.160068,0.640807,0.058428,0.001912,0.765473
1677104684,783388337,0.412324,0.705420,0.159966,0.641447,0.058079,0.003001,0.764960
1677104684,793076777,0.412198,0.705028,0.159866,0.642903,0.057849,0.003632,0.763751
1677104684,802853036,0.412112,0.704567,0.159783,0.645035,0.057049,0.003813,0.762011
1677104684,813446117,0.412023,0.704088,0.159678,0.646901,0.056942,0.004157,0.760434
1677104684,823112046,0.412000,0.703676,0.159547,0.647902,0.057192,0.004422,0.759561
1677104684,833467730,0.411888,0.703491,0.159367,0.648150,0.057424,0.003450,0.759337
1677104684,843164235,0.411818,0.703453,0.159184,0.648043,0.057188,0.002649,0.759449
1677104684,853165319,0.411698,0.703519,0.159070,0.647429,0.057278,0.002462,0.759966
1677104684,863124887,0.411430,0.703734,0.158997,0.646572,0.059169,0.003864,0.760545
1677104684,873403696,0.410935,0.704122,0.158783,0.644976,0.065555,0.008019,0.761343
1677104684,883467182,0.410553,0.704397,0.158608,0.642548,0.066131,0.011261,0.763303
1677104684,893157271,0.409859,0.704455,0.158587,0.642764,0.065557,0.014091,0.763124
1677104684,903700396,0.409145,0.704001,0.158805,0.644093,0.063840,0.017079,0.762087
1677104684,912873229,0.408557,0.703633,0.158957,0.646295,0.061665,0.020909,0.760305
1677104684,922943457,0.407821,0.703397,0.158980,0.647247,0.060008,0.023428,0.759553
1677104684,932605707,0.407264,0.703355,0.158819,0.647564,0.058511,0.026276,0.759307
1677104684,942914516,0.406799,0.703321,0.158698,0.648256,0.056975,0.028911,0.758738
1677104684,953229870,0.406359,0.702978,0.158668,0.648889,0.055630,0.030689,0.758226
1677104684,962988447,0.405938,0.702759,0.158606,0.650820,0.054573,0.031796,0.756600
1677104684,973282693,0.405765,0.702274,0.158552,0.650924,0.053828,0.033637,0.756484
1677104684,982989404,0.405655,0.702084,0.158437,0.651510,0.052714,0.033552,0.756062
1677104684,993146633,0.405595,0.702232,0.158336,0.653233,0.052172,0.033213,0.754627
1677104685,2920362,0.405593,0.701932,0.158286,0.653337,0.052200,0.032345,0.754572
1677104685,12871994,0.405712,0.701587,0.158223,0.654121,0.051791,0.031504,0.753957
1677104685,22455877,0.405883,0.701305,0.158174,0.655839,0.051585,0.030956,0.752500
1677104685,33128176,0.406045,0.700902,0.158113,0.657067,0.050991,0.030255,0.751497
1677104685,43293300,0.406101,0.700491,0.158034,0.658554,0.050623,0.029331,0.750256
1677104685,53200236,0.406059,0.700027,0.157940,0.660005,0.050827,0.028961,0.748981
1677104685,63089433,0.406093,0.699558,0.157838,0.662086,0.049865,0.028623,0.747219
1677104685,73544367,0.406039,0.699074,0.157755,0.664182,0.049589,0.028720,0.745371
1677104685,82904468,0.406091,0.698497,0.157632,0.665565,0.048888,0.029350,0.744159
1677104685,92834141,0.406014,0.698088,0.157537,0.667235,0.048186,0.028795,0.742729
1677104685,103182540,0.405945,0.697879,0.157421,0.669244,0.047273,0.028362,0.740995
1677104685,112996785,0.406019,0.697465,0.157281,0.669978,0.046385,0.028683,0.740375
1677104685,122611874,0.405973,0.697224,0.157216,0.670753,0.046010,0.028731,0.739694
1677104685,133665137,0.405950,0.696938,0.157136,0.670989,0.045751,0.028583,0.739502
1677104685,143121642,0.405961,0.696842,0.157105,0.671958,0.045221,0.028208,0.738669
1677104685,152821303,0.405975,0.696500,0.157000,0.672349,0.044991,0.027968,0.738336
1677104685,162739903,0.405938,0.696250,0.156817,0.673972,0.044956,0.027578,0.736872
1677104685,173087318,0.405923,0.695826,0.156680,0.675011,0.044846,0.027133,0.735943
1677104685,183515904,0.406001,0.695384,0.156479,0.676120,0.044829,0.026900,0.734935
1677104685,193354545,0.406226,0.695065,0.156329,0.677474,0.044240,0.027141,0.733713
1677104685,203178307,0.406287,0.694752,0.156100,0.678306,0.044739,0.026576,0.732935
1677104685,213278868,0.406422,0.694449,0.155900,0.678965,0.045521,0.026296,0.732286
1677104685,223200638,0.406709,0.694321,0.155751,0.679792,0.045402,0.025508,0.731554
1677104685,233190523,0.406883,0.694099,0.155621,0.679873,0.046889,0.024712,0.731412
1677104685,242982444,0.407200,0.693983,0.155571,0.680148,0.047519,0.023302,0.731162
1677104685,252957762,0.407597,0.693811,0.155490,0.680508,0.047765,0.021891,0.730855
1677104685,263396142,0.407845,0.693690,0.155387,0.681371,0.049384,0.020737,0.729976
1677104685,273390221,0.408287,0.693466,0.155270,0.682334,0.049526,0.019675,0.729096
1677104685,282784340,0.408558,0.693099,0.155136,0.683265,0.050215,0.018099,0.728217
1677104685,292754999,0.408733,0.692741,0.155000,0.684142,0.050758,0.016318,0.727397
1677104685,302575093,0.408960,0.692482,0.154794,0.685296,0.051541,0.015779,0.726267
1677104685,312329004,0.409136,0.692142,0.154581,0.686165,0.051594,0.015011,0.725459
1677104685,322854493,0.409291,0.691837,0.154385,0.686755,0.051672,0.014694,0.724901
1677104685,332997586,0.409274,0.691540,0.154246,0.687325,0.052052,0.014405,0.724339
1677104685,342923551,0.409319,0.691377,0.154148,0.688117,0.051318,0.014277,0.723642
1677104685,353416184,0.409350,0.691135,0.154052,0.688083,0.050791,0.014748,0.723702
1677104685,362721398,0.409319,0.691093,0.154023,0.688579,0.050035,0.015230,0.723273
1677104685,373311140,0.409200,0.691082,0.153950,0.689098,0.049256,0.015092,0.722835
1677104685,382792945,0.409103,0.691040,0.153915,0.689671,0.048455,0.015646,0.722331
1677104685,393624957,0.408902,0.690732,0.153852,0.689454,0.047867,0.015524,0.722579
1677104685,403468549,0.408872,0.690544,0.153849,0.690100,0.046518,0.016151,0.722037
1677104685,412686391,0.408731,0.690413,0.153839,0.691418,0.044827,0.016078,0.720883
1677104685,422671713,0.408479,0.690027,0.153810,0.692002,0.043778,0.016264,0.720384
1677104685,432898431,0.408319,0.689660,0.153811,0.692642,0.041527,0.016317,0.719900
1677104685,442405486,0.408130,0.689435,0.153785,0.693714,0.039966,0.016648,0.718948
1677104685,452641173,0.407856,0.689220,0.153761,0.694647,0.039310,0.017423,0.718064
1677104685,463190477,0.407763,0.688973,0.153737,0.695062,0.038186,0.018320,0.717702
1677104685,472663635,0.407652,0.688870,0.153714,0.695790,0.037501,0.019087,0.717012
1677104685,482813084,0.407457,0.688835,0.153739,0.696497,0.037348,0.019330,0.716327
1677104685,492791203,0.407445,0.688829,0.153750,0.697139,0.036848,0.019569,0.715721
1677104685,503469110,0.407306,0.688616,0.153779,0.697081,0.037283,0.019142,0.715767
1677104685,513582180,0.407421,0.688451,0.153789,0.697627,0.036660,0.018945,0.715272
1677104685,523053885,0.407457,0.688210,0.153748,0.698289,0.036828,0.018729,0.714623
1677104685,533420551,0.407624,0.687986,0.153778,0.699594,0.036552,0.018668,0.713361
1677104685,543340260,0.407606,0.687633,0.153793,0.700529,0.037848,0.018100,0.712389
1677104685,553225707,0.407748,0.687450,0.153868,0.702339,0.038034,0.017457,0.710611
1677104685,562783757,0.407954,0.686944,0.153900,0.702751,0.038383,0.017118,0.710193
1677104685,572709232,0.408187,0.686748,0.153965,0.704114,0.038400,0.016518,0.708856
1677104685,583121726,0.408335,0.686386,0.153952,0.704361,0.038551,0.015567,0.708624
1677104685,593225056,0.408433,0.686089,0.153943,0.704209,0.038719,0.014609,0.708786
1677104685,603411224,0.408655,0.685957,0.153935,0.704186,0.038271,0.014319,0.708839
1677104685,613378113,0.408764,0.686042,0.153945,0.704698,0.038536,0.013958,0.708322
1677104685,622981259,0.408791,0.686111,0.153986,0.705147,0.038745,0.013644,0.707870
1677104685,632653384,0.408809,0.686147,0.154040,0.705579,0.039063,0.013621,0.707422
1677104685,643364875,0.408731,0.686172,0.154093,0.706307,0.039894,0.013679,0.706648
1677104685,653430031,0.408772,0.686097,0.154140,0.706785,0.039844,0.014063,0.706166
1677104685,662735047,0.408696,0.686188,0.154152,0.707586,0.040189,0.014029,0.705344
1677104685,672289718,0.408668,0.686135,0.154108,0.707279,0.040703,0.014463,0.705613
1677104685,683077551,0.408723,0.686284,0.154028,0.706896,0.040393,0.014756,0.706009
1677104685,692609009,0.408707,0.686225,0.153967,0.705944,0.040089,0.014663,0.706980
1677104685,702707633,0.408646,0.686286,0.153954,0.706253,0.040004,0.014926,0.706671
1677104685,713172551,0.408592,0.686226,0.153967,0.706600,0.039827,0.015180,0.706328
1677104685,723027331,0.408475,0.685977,0.154004,0.706256,0.039840,0.015000,0.706676
1677104685,732850024,0.408509,0.685955,0.154046,0.706395,0.039444,0.015307,0.706552
1677104685,743388081,0.408499,0.685941,0.154062,0.706543,0.039202,0.015394,0.706416
1677104685,753151376,0.408446,0.685906,0.154031,0.706298,0.039502,0.015201,0.706648
1677104685,762859221,0.408445,0.685947,0.153973,0.706280,0.039604,0.015337,0.706658
1677104685,773289266,0.408505,0.685966,0.153917,0.706386,0.039206,0.015145,0.706578
1677104685,783197981,0.408529,0.686002,0.153887,0.706875,0.038806,0.014871,0.706117
1677104685,793297422,0.408534,0.685875,0.153862,0.706965,0.038539,0.014935,0.706039
1677104685,803353051,0.408464,0.685893,0.153875,0.707500,0.038583,0.014883,0.705502
1677104685,812914173,0.408342,0.685925,0.153909,0.707832,0.038921,0.014997,0.705149
1677104685,822751053,0.408324,0.685923,0.153968,0.707955,0.038531,0.014833,0.705050
1677104685,833394566,0.408301,0.685824,0.154034,0.707965,0.038180,0.014981,0.705055
1677104685,843070689,0.408278,0.685651,0.154059,0.708244,0.037869,0.015400,0.704783
1677104685,853091844,0.408189,0.685539,0.154107,0.709196,0.037668,0.015347,0.703838
1677104685,862952604,0.408149,0.685279,0.154174,0.709674,0.037941,0.016125,0.703323
1677104685,872930358,0.408153,0.685045,0.154211,0.709884,0.037719,0.016542,0.703114
1677104685,883345485,0.408145,0.685092,0.154288,0.710926,0.037523,0.016594,0.702069
1677104685,892906298,0.408181,0.684835,0.154333,0.710456,0.037483,0.016895,0.702540
1677104685,903020743,0.408156,0.684879,0.154411,0.710970,0.037870,0.016881,0.701999
1677104685,912771558,0.408134,0.684846,0.154519,0.711414,0.038176,0.016521,0.701541
1677104685,922525954,0.408261,0.684698,0.154586,0.711660,0.037559,0.016016,0.701336
1677104685,932408484,0.408328,0.684607,0.154694,0.712532,0.037546,0.015539,0.700462
1677104685,942731443,0.408474,0.684452,0.154731,0.713226,0.037988,0.015785,0.699726
1677104685,953163029,0.408578,0.684331,0.154766,0.714004,0.038025,0.014752,0.698953
1677104685,963038062,0.408683,0.684164,0.154776,0.714304,0.038337,0.013957,0.698645
1677104685,973366873,0.408762,0.683940,0.154804,0.714034,0.039301,0.013304,0.698880
1677104685,982985859,0.409050,0.683976,0.154870,0.714699,0.038870,0.012740,0.698235
1677104685,992576574,0.409161,0.684010,0.154924,0.715372,0.039586,0.011805,0.697521
1677104686,2840271,0.409301,0.683923,0.154942,0.715496,0.039744,0.010689,0.697404
1677104686,13389910,0.409314,0.683737,0.154957,0.715677,0.040720,0.009935,0.697173
1677104686,22537643,0.409487,0.683483,0.154975,0.715884,0.040761,0.009666,0.696962
1677104686,32720295,0.409573,0.683361,0.155007,0.716949,0.040747,0.008992,0.695876
1677104686,42779509,0.409591,0.683214,0.155063,0.717755,0.041259,0.008491,0.695020
1677104686,52761736,0.409661,0.683014,0.155053,0.717974,0.041234,0.008489,0.694795
1677104686,62807797,0.409613,0.682929,0.155047,0.718236,0.041392,0.008046,0.694521
1677104686,72935464,0.409605,0.682882,0.155067,0.718434,0.041476,0.008463,0.694306
1677104686,82363620,0.409527,0.682829,0.155078,0.718795,0.041418,0.008563,0.693934
1677104686,92647814,0.409468,0.682791,0.155094,0.719233,0.041016,0.008851,0.693500
1677104686,103814886,0.409399,0.682656,0.155101,0.719062,0.040580,0.009544,0.693694
1677104686,113557373,0.409225,0.682591,0.155097,0.718868,0.040348,0.009787,0.693906
1677104686,123578897,0.409007,0.682693,0.155100,0.718798,0.040046,0.009843,0.693994
1677104686,133225524,0.408966,0.682865,0.155101,0.718701,0.039334,0.011279,0.694114
1677104686,143360749,0.408742,0.683031,0.155121,0.718569,0.039022,0.012105,0.694254
1677104686,153312570,0.408610,0.683056,0.155180,0.718071,0.037944,0.012996,0.694813
1677104686,163238499,0.408340,0.683048,0.155230,0.718250,0.037602,0.013867,0.694630
1677104686,173237669,0.408079,0.682914,0.155321,0.718920,0.036714,0.014179,0.693978
1677104686,182770070,0.407834,0.682521,0.155424,0.719868,0.036275,0.014721,0.693006
1677104686,193111232,0.407868,0.682157,0.155616,0.721822,0.035028,0.016140,0.691003
1677104686,202925269,0.407734,0.681705,0.155790,0.723842,0.034758,0.016351,0.688896
1677104686,212765728,0.407655,0.681135,0.155972,0.725218,0.034976,0.016807,0.687425
1677104686,223266593,0.407697,0.680727,0.156145,0.726358,0.034811,0.016928,0.686226
1677104686,233714539,0.407703,0.680593,0.156267,0.727268,0.035122,0.016624,0.685253
1677104686,243243300,0.407825,0.680618,0.156327,0.727462,0.034755,0.015852,0.685084
1677104686,252740574,0.407949,0.680641,0.156332,0.726797,0.035098,0.015181,0.685787
1677104686,263223411,0.408057,0.680584,0.156262,0.725585,0.035644,0.014669,0.687052
1677104686,272945653,0.408165,0.680856,0.156273,0.726070,0.036078,0.014151,0.686528
1677104686,283575066,0.408201,0.680789,0.156268,0.725910,0.036855,0.013884,0.686661
1677104686,292989456,0.408256,0.680843,0.156358,0.726935,0.037218,0.013613,0.685562
1677104686,303154510,0.408291,0.680613,0.156422,0.727232,0.037656,0.013608,0.685223
1677104686,312365805,0.408335,0.680409,0.156502,0.727959,0.037825,0.013560,0.684442
1677104686,323269240,0.408265,0.680321,0.156607,0.728985,0.038602,0.013609,0.683305
1677104686,333195722,0.408380,0.680123,0.156725,0.729665,0.037572,0.013646,0.682636
1677104686,343104681,0.408242,0.679890,0.156748,0.729693,0.038197,0.013527,0.682573
1677104686,353105776,0.408211,0.679661,0.156765,0.729520,0.037867,0.013680,0.682774
1677104686,363032970,0.408153,0.679580,0.156791,0.729746,0.037409,0.013495,0.682561
1677104686,372806041,0.408124,0.679501,0.156817,0.729800,0.036725,0.013418,0.682542
1677104686,383142048,0.408081,0.679480,0.156843,0.730154,0.036268,0.013739,0.682181
1677104686,393074048,0.408021,0.679409,0.156880,0.730465,0.036083,0.014215,0.681848
1677104686,402465995,0.407948,0.679336,0.156945,0.731055,0.036219,0.014783,0.681197
1677104686,413483137,0.407840,0.679268,0.157069,0.731811,0.036141,0.014606,0.680392
1677104686,422931100,0.407895,0.679089,0.157185,0.732316,0.036196,0.016039,0.679813
1677104686,432811044,0.407908,0.678993,0.157291,0.733314,0.036002,0.016246,0.678742
1677104686,443253363,0.407814,0.678797,0.157373,0.733789,0.036480,0.015815,0.678213
1677104686,453198587,0.407815,0.678550,0.157430,0.734247,0.036958,0.015559,0.677697
1677104686,463357363,0.408006,0.678341,0.157490,0.734776,0.036835,0.015518,0.677131
1677104686,473119263,0.408057,0.678234,0.157544,0.735223,0.037318,0.014675,0.676638
1677104686,483747986,0.408186,0.678220,0.157620,0.735873,0.037633,0.014115,0.675926
1677104686,493528027,0.408319,0.677984,0.157614,0.735457,0.037916,0.013333,0.676379
1677104686,502849150,0.408432,0.678017,0.157679,0.736422,0.038174,0.012880,0.675322
1677104686,513596764,0.408484,0.677823,0.157730,0.736837,0.038630,0.012570,0.674848
1677104686,523188309,0.408549,0.677487,0.157818,0.737282,0.038999,0.012584,0.674342
1677104686,532597380,0.408552,0.677367,0.157982,0.738942,0.039238,0.012771,0.672505
1677104686,542888527,0.408593,0.677124,0.158113,0.740444,0.038923,0.013044,0.670864
1677104686,553578137,0.408508,0.676635,0.158227,0.741086,0.039659,0.013702,0.670098
1677104686,563327479,0.408432,0.676379,0.158339,0.742334,0.039772,0.013621,0.668710
1677104686,572550466,0.408321,0.676246,0.158468,0.743420,0.040005,0.013777,0.667485
1677104686,583357261,0.408291,0.676310,0.158588,0.744290,0.039245,0.013655,0.666563
1677104686,593422348,0.408181,0.676299,0.158638,0.743965,0.039411,0.013991,0.666909
1677104686,604147721,0.408033,0.676305,0.158666,0.743582,0.039685,0.014657,0.667305
1677104686,613375437,0.407923,0.676395,0.158692,0.743575,0.039618,0.015167,0.667305
1677104686,623677873,0.407862,0.676413,0.158748,0.743726,0.039216,0.015774,0.667147
1677104686,632535058,0.407754,0.676341,0.158812,0.743945,0.038924,0.015908,0.666917
1677104686,642813212,0.407671,0.676370,0.158953,0.744830,0.038345,0.016103,0.665957
1677104686,652601390,0.407580,0.676259,0.159058,0.745261,0.038081,0.016538,0.665479
1677104686,662646129,0.407581,0.676066,0.159151,0.745098,0.037554,0.017361,0.665670
1677104686,672823246,0.407476,0.676045,0.159286,0.745720,0.037436,0.017227,0.664984
1677104686,682767577,0.407528,0.675776,0.159427,0.745607,0.036972,0.017739,0.665123
1677104686,693165271,0.407474,0.675677,0.159573,0.746341,0.037210,0.017965,0.664280
1677104686,703109975,0.407516,0.675457,0.159726,0.746993,0.036823,0.018332,0.663558
1677104686,713129020,0.407565,0.675240,0.159871,0.747937,0.036670,0.018720,0.662492
1677104686,722874264,0.407427,0.675074,0.160027,0.749149,0.037192,0.018189,0.661106
1677104686,733479639,0.407560,0.674698,0.160168,0.749423,0.037100,0.018938,0.660780
1677104686,743249270,0.407542,0.674548,0.160270,0.749884,0.037430,0.018554,0.660249
1677104686,752908115,0.407660,0.674534,0.160372,0.750319,0.037221,0.018617,0.659765
1677104686,763286553,0.407745,0.674534,0.160428,0.750106,0.037212,0.018322,0.660015
1677104686,773386366,0.407775,0.674631,0.160489,0.750028,0.037397,0.018121,0.660100
1677104686,783189389,0.407820,0.674695,0.160555,0.749701,0.037641,0.017885,0.660463
1677104686,793925672,0.407896,0.674724,0.160625,0.749742,0.037858,0.018059,0.660400
1677104686,803332885,0.407856,0.674588,0.160669,0.749856,0.038621,0.017856,0.660231
1677104686,812891655,0.407945,0.674500,0.160741,0.750509,0.038802,0.018095,0.659472
1677104686,822973578,0.407957,0.674330,0.160832,0.751109,0.039203,0.018162,0.658763
1677104686,832634152,0.408049,0.674305,0.160973,0.752180,0.039050,0.017726,0.657560
1677104686,842871108,0.408101,0.674159,0.161078,0.752579,0.039688,0.017608,0.657069
1677104686,853054730,0.408268,0.674026,0.161192,0.752845,0.039515,0.017303,0.656782
1677104686,863116211,0.408398,0.673941,0.161303,0.753100,0.039479,0.016642,0.656510
1677104686,873325454,0.408541,0.673780,0.161355,0.752918,0.039392,0.016155,0.656736
1677104686,882804346,0.408663,0.673748,0.161423,0.753093,0.039619,0.015813,0.656530
1677104686,893068945,0.408784,0.673654,0.161472,0.752879,0.039714,0.015416,0.656779
1677104686,902905113,0.408836,0.673697,0.161562,0.753276,0.040082,0.015237,0.656305
1677104686,913122051,0.408960,0.673654,0.161662,0.753587,0.039957,0.015335,0.655954
1677104686,923373315,0.408984,0.673602,0.161769,0.754185,0.039773,0.015024,0.655284
1677104686,933148602,0.408869,0.673441,0.161896,0.754583,0.040667,0.015249,0.654765
1677104686,943309692,0.408851,0.673325,0.162054,0.755212,0.040275,0.015030,0.654070
1677104686,952791398,0.408855,0.673186,0.162214,0.755709,0.040254,0.015870,0.653477
1677104686,962625699,0.408846,0.673175,0.162383,0.756332,0.039649,0.015782,0.652794
1677104686,973609414,0.408801,0.673059,0.162505,0.756496,0.039299,0.015954,0.652622
1677104686,983180323,0.408729,0.673080,0.162704,0.757112,0.039185,0.016148,0.651909
1677104686,993002056,0.408656,0.673172,0.162904,0.757771,0.039269,0.016540,0.651127
1677104687,3410168,0.408692,0.673168,0.163087,0.757892,0.038886,0.017038,0.650997
1677104687,12732832,0.408622,0.673113,0.163240,0.757382,0.039283,0.017564,0.651552
1677104687,23458649,0.408572,0.673287,0.163472,0.757780,0.039163,0.017692,0.651094
1677104687,34535867,0.408458,0.673450,0.163701,0.758183,0.039414,0.017545,0.650613
1677104687,43406363,0.408524,0.673561,0.163941,0.758524,0.038975,0.018053,0.650228
1677104687,53420249,0.408451,0.673560,0.164194,0.758790,0.039016,0.018046,0.649916
1677104687,63318186,0.408437,0.673582,0.164473,0.759417,0.038768,0.018269,0.649191
1677104687,72799043,0.408344,0.673528,0.164728,0.759686,0.038912,0.018363,0.648865
1677104687,83646879,0.408271,0.673572,0.164999,0.760279,0.039245,0.018735,0.648139
1677104687,92983451,0.408289,0.673650,0.165263,0.760731,0.039107,0.019043,0.647608
1677104687,103118516,0.408194,0.673672,0.165549,0.760657,0.039408,0.019058,0.647676
1677104687,112678208,0.408209,0.673914,0.165886,0.761007,0.039433,0.019362,0.647255
1677104687,123315754,0.408216,0.674036,0.166191,0.760904,0.039219,0.019736,0.647377
1677104687,133310932,0.408175,0.674124,0.166518,0.760727,0.039080,0.020240,0.647578
1677104687,143517793,0.407984,0.674144,0.166894,0.760680,0.039240,0.020052,0.647630
1677104687,153320975,0.407910,0.674137,0.167330,0.761100,0.038751,0.020820,0.647141
1677104687,163227131,0.407813,0.674166,0.167793,0.761892,0.037916,0.021515,0.646235
1677104687,173241388,0.407680,0.673841,0.168162,0.761416,0.037120,0.022856,0.646796
1677104687,183579467,0.407395,0.673880,0.168601,0.762086,0.036690,0.023700,0.646001
1677104687,193028684,0.407111,0.673828,0.169031,0.762091,0.035757,0.024865,0.646003
1677104687,203541955,0.406749,0.673792,0.169475,0.762152,0.034932,0.025394,0.645956
1677104687,213468969,0.406547,0.673867,0.169973,0.762546,0.033546,0.026899,0.645503
1677104687,223274167,0.406332,0.673843,0.170458,0.762824,0.032419,0.028420,0.645167
1677104687,232856221,0.406035,0.673690,0.170976,0.762674,0.031938,0.029519,0.645320
1677104687,243167465,0.405818,0.673663,0.171518,0.763221,0.030973,0.030111,0.644692
1677104687,253055263,0.405611,0.673562,0.172070,0.763478,0.030418,0.030965,0.644374
1677104687,263373187,0.405479,0.673374,0.172571,0.763197,0.030138,0.032054,0.644667
1677104687,273209030,0.405392,0.673474,0.173158,0.764098,0.029187,0.032197,0.643635
1677104687,283458995,0.405122,0.673379,0.173652,0.764225,0.029559,0.031908,0.643481
1677104687,292868598,0.405093,0.673308,0.174168,0.764526,0.029369,0.032780,0.643089
1677104687,302915413,0.405044,0.673219,0.174697,0.765125,0.029347,0.033007,0.642365
1677104687,313432893,0.405001,0.673157,0.175245,0.765985,0.029305,0.032819,0.641351
1677104687,323469031,0.404957,0.673023,0.175744,0.766690,0.029845,0.033180,0.640464
1677104687,333974260,0.404970,0.672954,0.176248,0.767418,0.029971,0.033416,0.639574
1677104687,342683493,0.404905,0.672831,0.176678,0.767430,0.030554,0.033423,0.639531
1677104687,353037077,0.404910,0.672873,0.177163,0.767484,0.030181,0.033190,0.639497
1677104687,362926234,0.404875,0.673216,0.177677,0.767909,0.030002,0.033155,0.638996
1677104687,373625039,0.404745,0.673377,0.178076,0.767020,0.030171,0.033337,0.640045
1677104687,383190359,0.404659,0.673742,0.178474,0.766556,0.030269,0.034047,0.640560
1677104687,392739067,0.404451,0.674106,0.178777,0.765508,0.030594,0.034289,0.641783
1677104687,403444822,0.404301,0.674583,0.179141,0.764704,0.029831,0.034384,0.642772
1677104687,413177795,0.404173,0.674833,0.179440,0.763105,0.029500,0.035273,0.644636
1677104687,423246624,0.403925,0.675126,0.179860,0.762722,0.028809,0.035186,0.645126
1677104687,432289664,0.403686,0.675111,0.180235,0.762315,0.028647,0.035886,0.645575
1677104687,442677875,0.403545,0.674834,0.180653,0.762405,0.027510,0.036264,0.645497
1677104687,452599248,0.403339,0.674582,0.181157,0.763957,0.026920,0.036639,0.643664
1677104687,462682643,0.403118,0.673942,0.181615,0.764765,0.026791,0.036619,0.642710
1677104687,473087709,0.402986,0.673460,0.182171,0.766359,0.027053,0.036920,0.640780
1677104687,482892217,0.403071,0.672915,0.182742,0.767336,0.026314,0.036992,0.639637
1677104687,493244565,0.403125,0.672382,0.183302,0.767836,0.026418,0.036642,0.639051
1677104687,503233254,0.403306,0.671978,0.183956,0.768239,0.026214,0.036274,0.638597
1677104687,512617019,0.403501,0.671794,0.184653,0.769084,0.026136,0.035035,0.637651
1677104687,523315100,0.403694,0.671424,0.185337,0.768928,0.026583,0.034319,0.637860
1677104687,532933830,0.403906,0.671200,0.186089,0.769279,0.026482,0.032896,0.637516
1677104687,543493399,0.404190,0.670844,0.186823,0.769179,0.026645,0.032421,0.637654
1677104687,553189174,0.404252,0.670385,0.187534,0.768912,0.027487,0.031127,0.638005
1677104687,563179758,0.404486,0.670145,0.188336,0.769969,0.027159,0.030039,0.636795
1677104687,573237829,0.404667,0.669644,0.189044,0.770406,0.027341,0.029437,0.636286
1677104687,583031374,0.404880,0.669307,0.189829,0.771517,0.026638,0.028177,0.635026
1677104687,593582697,0.404981,0.668972,0.190562,0.772451,0.026706,0.027889,0.633900
1677104687,602968707,0.405061,0.668630,0.191273,0.772853,0.026574,0.027653,0.633425
1677104687,613510952,0.404980,0.668564,0.192007,0.773556,0.026872,0.027512,0.632559
1677104687,623035971,0.404883,0.668488,0.192669,0.773349,0.027011,0.027895,0.632790
1677104687,633438641,0.404795,0.668634,0.193343,0.773348,0.026572,0.028508,0.632783
1677104687,643090406,0.404537,0.668705,0.193993,0.773044,0.026257,0.028446,0.633170
1677104687,652833351,0.404464,0.668693,0.194663,0.772605,0.025190,0.029325,0.633709
1677104687,663306756,0.404316,0.668676,0.195314,0.772643,0.024546,0.029644,0.633673
1677104687,673051261,0.404102,0.668617,0.195998,0.772914,0.024939,0.030728,0.633276
1677104687,682941879,0.404019,0.668679,0.196740,0.773862,0.024397,0.031072,0.632121
1677104687,693175352,0.403931,0.668464,0.197371,0.773752,0.024560,0.031531,0.632227
1677104687,702943621,0.403955,0.668452,0.198045,0.774387,0.024409,0.032223,0.631420
1677104687,713189498,0.403942,0.668370,0.198731,0.774804,0.024142,0.031868,0.630936
1677104687,722598883,0.403878,0.668227,0.199417,0.774916,0.024449,0.032126,0.630774
1677104687,732695899,0.403917,0.668155,0.200122,0.775101,0.024452,0.032300,0.630537
1677104687,742751125,0.403943,0.668122,0.200793,0.775267,0.024580,0.032713,0.630307
1677104687,753175324,0.403935,0.668141,0.201509,0.775451,0.024488,0.032472,0.630096
1677104687,763161694,0.404046,0.668198,0.202205,0.775511,0.024644,0.033038,0.629987
1677104687,772887547,0.404149,0.668240,0.202918,0.775587,0.024454,0.032641,0.629921
1677104687,783536886,0.404288,0.668130,0.203587,0.775136,0.025028,0.032502,0.630462
1677104687,793412340,0.404530,0.668199,0.204348,0.775653,0.025262,0.032460,0.629818
1677104687,803490205,0.404767,0.668078,0.205065,0.775808,0.025913,0.031988,0.629625
1677104687,812964732,0.404994,0.668003,0.205718,0.776139,0.026799,0.031537,0.629202
1677104687,823615493,0.405390,0.668048,0.206509,0.776915,0.026769,0.031537,0.628245
1677104687,833103614,0.405511,0.667979,0.207236,0.777170,0.028058,0.030410,0.627929
1677104687,843219554,0.405859,0.667964,0.207941,0.777459,0.028311,0.030061,0.627576
1677104687,853313187,0.406071,0.667953,0.208671,0.777875,0.029470,0.029603,0.627030
1677104687,863196056,0.406427,0.667937,0.209435,0.778140,0.029953,0.029291,0.626692
1677104687,873413136,0.406822,0.667947,0.210171,0.778649,0.030677,0.029556,0.626011
1677104687,883052424,0.407112,0.667871,0.210940,0.778690,0.031460,0.028968,0.625949
1677104687,892914718,0.407429,0.667943,0.211765,0.779075,0.032307,0.028464,0.625450
1677104687,903322469,0.407769,0.667996,0.212589,0.779165,0.033083,0.028563,0.625293
1677104687,913516135,0.408114,0.668120,0.213411,0.779427,0.033115,0.027738,0.625002
1677104687,923459323,0.408311,0.668158,0.214255,0.779459,0.033803,0.027640,0.624929
1677104687,932637065,0.408516,0.668111,0.215103,0.779241,0.033945,0.027768,0.625188
1677104687,942660810,0.408693,0.668065,0.215981,0.779339,0.033322,0.028136,0.625082
1677104687,952962136,0.408732,0.667935,0.216870,0.779443,0.033085,0.028573,0.624946
1677104687,963105003,0.408738,0.667835,0.217753,0.779719,0.032829,0.029491,0.624573
1677104687,973048515,0.408747,0.667892,0.218682,0.780624,0.032207,0.030520,0.623423
1677104687,983118245,0.408837,0.667754,0.219536,0.780431,0.030986,0.031518,0.623678
1677104687,992719986,0.408784,0.667686,0.220375,0.780060,0.030759,0.032620,0.624096
1677104688,3147324,0.408659,0.667886,0.221293,0.780235,0.030721,0.033172,0.623850
1677104688,13806899,0.408793,0.668055,0.222203,0.780355,0.029469,0.033962,0.623718
1677104688,23356831,0.408745,0.668191,0.223119,0.780402,0.029554,0.034422,0.623630
1677104688,33139600,0.408815,0.668377,0.224095,0.780739,0.029279,0.035297,0.623172
1677104688,43803431,0.408885,0.668427,0.225064,0.780974,0.029447,0.036421,0.622805
1677104688,53549042,0.408999,0.667811,0.225922,0.779061,0.028246,0.036392,0.625253
1677104688,63160165,0.409026,0.667681,0.226851,0.779224,0.028251,0.036155,0.625063
1677104688,73507075,0.409147,0.667533,0.227776,0.779521,0.028665,0.036682,0.624644
1677104688,83749907,0.409317,0.667539,0.228728,0.780226,0.028893,0.036900,0.623739
1677104688,93099359,0.409418,0.667502,0.229654,0.780605,0.029788,0.036946,0.623220
1677104688,102887124,0.409636,0.667521,0.230582,0.780730,0.030065,0.036789,0.623060
1677104688,112974169,0.409936,0.667519,0.231454,0.780302,0.030294,0.037379,0.623549
1677104688,123000424,0.410453,0.667549,0.232330,0.779793,0.029143,0.038372,0.624181
1677104688,133076815,0.410927,0.667464,0.233163,0.778618,0.028451,0.039229,0.625625
1677104688,143512900,0.410558,0.667753,0.234242,0.779334,0.030905,0.035515,0.624838
1677104688,153492709,0.410709,0.667815,0.235210,0.779486,0.031732,0.035166,0.624626
1677104688,162834043,0.410850,0.667826,0.236204,0.779739,0.032529,0.034526,0.624305
1677104688,173118974,0.411183,0.667767,0.237166,0.779862,0.032650,0.034880,0.624125
1677104688,183121643,0.411273,0.667706,0.238049,0.780223,0.034567,0.035048,0.623561
1677104688,192795540,0.411420,0.667571,0.238917,0.780345,0.035781,0.034376,0.623378
1677104688,202600443,0.411767,0.667602,0.239770,0.781070,0.037153,0.034697,0.622371
1677104688,213310839,0.412083,0.667652,0.240613,0.781927,0.038918,0.034588,0.621191
1677104688,223736699,0.412472,0.667614,0.241421,0.782274,0.040084,0.033602,0.620734
1677104688,233383900,0.412868,0.667689,0.242202,0.782882,0.041103,0.032598,0.619955
1677104688,243810025,0.413286,0.667673,0.242955,0.782856,0.041587,0.031800,0.619997
1677104688,253414816,0.413532,0.667574,0.243771,0.782714,0.041863,0.030925,0.620202
1677104688,262745265,0.413687,0.667412,0.244594,0.782046,0.041898,0.030567,0.621059
1677104688,273305631,0.413647,0.667188,0.245442,0.781384,0.042293,0.031390,0.621824
1677104688,283051214,0.413644,0.666866,0.246206,0.780197,0.041408,0.033029,0.623287
1677104688,293090558,0.413290,0.666684,0.247039,0.779705,0.041275,0.034125,0.623852
1677104688,303132829,0.413539,0.666652,0.248028,0.780416,0.036032,0.035376,0.623218
1677104688,313119032,0.413224,0.666399,0.248871,0.779858,0.034815,0.036918,0.623896
1677104688,322545291,0.412972,0.666157,0.249750,0.779712,0.033025,0.038646,0.624071
1677104688,332527305,0.412820,0.665975,0.250621,0.779837,0.031618,0.039981,0.623904
1677104688,342929257,0.412645,0.665602,0.251457,0.779457,0.030924,0.040578,0.624375
1677104688,352352668,0.412488,0.665229,0.252270,0.778935,0.031540,0.040592,0.624994
1677104688,362548807,0.412725,0.665488,0.253290,0.780231,0.031244,0.040861,0.623373
1677104688,372834530,0.412792,0.664602,0.253975,0.778109,0.031876,0.039483,0.626076
1677104688,382801534,0.413438,0.665092,0.255082,0.780257,0.031633,0.040375,0.623353
1677104688,393622065,0.413833,0.665055,0.256035,0.781283,0.031653,0.039635,0.622112
1677104688,403235179,0.413916,0.664596,0.256855,0.780923,0.033222,0.038310,0.622565
1677104688,412946239,0.414208,0.664461,0.257794,0.781677,0.033409,0.038453,0.621600
1677104688,422891096,0.414413,0.664372,0.258737,0.782314,0.033111,0.038490,0.620812
1677104688,433049516,0.414514,0.664283,0.259682,0.782535,0.033331,0.039035,0.620487
1677104688,443405400,0.414437,0.664078,0.260526,0.782288,0.033538,0.039109,0.620782
1677104688,452710954,0.414510,0.664030,0.261464,0.782295,0.032155,0.039503,0.620822
1677104688,462606529,0.414374,0.663987,0.262358,0.782061,0.032214,0.039705,0.621101
1677104688,472739479,0.414394,0.663965,0.263231,0.781951,0.031589,0.040914,0.621193
1677104688,482449805,0.414452,0.663983,0.264132,0.781977,0.030602,0.041914,0.621143
1677104688,492692402,0.414337,0.663919,0.264931,0.781874,0.030348,0.042136,0.621270
1677104688,503017132,0.414247,0.663725,0.265684,0.781466,0.030658,0.042722,0.621728
1677104688,512815152,0.414188,0.663348,0.266380,0.780734,0.030178,0.043088,0.622645
1677104688,523427921,0.414369,0.663793,0.267273,0.782150,0.029934,0.044125,0.620805
1677104688,533365124,0.414534,0.663758,0.268034,0.782129,0.029388,0.044769,0.620811
1677104688,543368807,0.414578,0.663788,0.268779,0.782243,0.029106,0.044697,0.620686
1677104688,553328510,0.414589,0.663566,0.269444,0.781435,0.028957,0.044610,0.621716
1677104688,563402467,0.414624,0.663574,0.270057,0.781139,0.028546,0.044785,0.622095
1677104688,573279102,0.414672,0.663726,0.270774,0.781265,0.027632,0.045106,0.621954
1677104688,583133158,0.414731,0.663971,0.271459,0.781587,0.027016,0.046398,0.621481
1677104688,593274496,0.414695,0.663929,0.271967,0.780843,0.026745,0.046638,0.622410
1677104688,603049048,0.414714,0.664033,0.272605,0.781025,0.026815,0.048419,0.622042
1677104688,612900814,0.414600,0.663641,0.273110,0.780097,0.026650,0.048208,0.623229
1677104688,623095135,0.414629,0.663579,0.273679,0.780303,0.026782,0.048588,0.622936
1677104688,633199799,0.414721,0.663629,0.274240,0.780933,0.026538,0.048524,0.622162
1677104688,643177331,0.414951,0.663863,0.274855,0.781888,0.026477,0.048965,0.620929
1677104688,653563945,0.415134,0.663978,0.275384,0.782333,0.026178,0.048614,0.620409
1677104688,663058660,0.415203,0.663960,0.275854,0.781728,0.026769,0.048540,0.621151
1677104688,673073532,0.415307,0.664214,0.276432,0.781889,0.026411,0.048316,0.620982
1677104688,683180221,0.415370,0.664498,0.276958,0.781966,0.026255,0.048410,0.620883
1677104688,693086227,0.415270,0.664383,0.277345,0.780743,0.026928,0.048700,0.622369
1677104688,703246461,0.415255,0.664643,0.277880,0.781186,0.026897,0.049600,0.621743
1677104688,713406440,0.415114,0.664676,0.278322,0.781058,0.026976,0.049713,0.621892
1677104688,723102017,0.415063,0.664806,0.278757,0.781347,0.026644,0.050507,0.621479
1677104688,732845271,0.415020,0.664883,0.279154,0.781189,0.026461,0.051205,0.621628
1677104688,743481793,0.414911,0.665031,0.279614,0.781313,0.026520,0.051135,0.621476
1677104688,753433294,0.415018,0.665156,0.280010,0.781292,0.025856,0.051734,0.621480
1677104688,762953022,0.414978,0.665157,0.280411,0.780918,0.025898,0.051170,0.621995
1677104688,772998681,0.415043,0.665221,0.280822,0.780699,0.025754,0.051087,0.622283
1677104688,783274294,0.415083,0.665352,0.281242,0.780739,0.025783,0.051047,0.622234
1677104688,793069431,0.415040,0.665489,0.281707,0.780756,0.026101,0.051174,0.622190
1677104688,802801010,0.415065,0.665404,0.282153,0.780324,0.025853,0.051358,0.622726
1677104688,812448247,0.414929,0.665396,0.282648,0.780534,0.026365,0.051701,0.622414
1677104688,822461551,0.414864,0.665251,0.283166,0.780582,0.025927,0.051954,0.622351
1677104688,832443813,0.414689,0.665219,0.283779,0.781130,0.025571,0.051821,0.621688
1677104688,843392331,0.414555,0.665174,0.284373,0.781403,0.024954,0.052604,0.621305
1677104688,852896807,0.414143,0.664935,0.284921,0.780896,0.024903,0.052341,0.621967
1677104688,862698213,0.414085,0.665317,0.285609,0.781303,0.023889,0.053034,0.621436
1677104688,872780238,0.413781,0.665396,0.286202,0.780886,0.023588,0.053955,0.621892
1677104688,882719493,0.413367,0.665311,0.286800,0.780275,0.023498,0.054429,0.622620
1677104688,893116860,0.413175,0.665440,0.287442,0.780403,0.022716,0.055647,0.622381
1677104688,903030979,0.412892,0.665619,0.288092,0.780829,0.022225,0.056037,0.621830
1677104688,913338532,0.412699,0.665543,0.288622,0.780244,0.021664,0.056960,0.622500
1677104688,922756509,0.412420,0.665615,0.289214,0.780526,0.021551,0.057307,0.622118
1677104688,933394369,0.412172,0.665638,0.289750,0.780671,0.021597,0.057832,0.621886
1677104688,943884830,0.411929,0.665673,0.290279,0.780868,0.022103,0.058428,0.621564
1677104688,952990622,0.411754,0.665685,0.290798,0.780979,0.021797,0.058287,0.621449
1677104688,962872881,0.411661,0.665658,0.291247,0.780596,0.021855,0.058868,0.621874
1677104688,973072945,0.411571,0.665714,0.291686,0.780304,0.021667,0.059136,0.622221
1677104688,983099865,0.411462,0.665677,0.292075,0.779608,0.021427,0.059219,0.623094
1677104688,993153305,0.411381,0.665661,0.292411,0.779023,0.021363,0.059227,0.623826
1677104689,3115964,0.411188,0.665683,0.292776,0.778895,0.021614,0.058841,0.624014
1677104689,13200499,0.411121,0.665559,0.293124,0.778359,0.021274,0.058914,0.624686
1677104689,22685163,0.410907,0.665591,0.293532,0.778821,0.021640,0.058647,0.624124
1677104689,33218213,0.410905,0.665596,0.293939,0.778978,0.021086,0.059363,0.623879
1677104689,43445233,0.410783,0.665500,0.294319,0.778776,0.021155,0.059566,0.624109
1677104689,53333302,0.410575,0.665468,0.294727,0.778956,0.021678,0.059594,0.623864
1677104689,63469580,0.410495,0.665403,0.295117,0.778976,0.021296,0.059480,0.623863
1677104689,73254099,0.410412,0.665357,0.295512,0.779037,0.021031,0.059811,0.623764
1677104689,83418378,0.410665,0.665548,0.295949,0.779622,0.019901,0.060916,0.622962
1677104689,93140842,0.410568,0.665510,0.296330,0.780007,0.019843,0.060458,0.622528
1677104689,103422601,0.410541,0.665544,0.296683,0.780485,0.019875,0.060230,0.621949
1677104689,113439793,0.410667,0.665272,0.296916,0.779579,0.019492,0.060471,0.623073
1677104689,122744768,0.410654,0.665225,0.297193,0.779347,0.019547,0.059931,0.623414
1677104689,132732040,0.410614,0.665148,0.297447,0.778954,0.019813,0.059197,0.623966
1677104689,143056717,0.410373,0.664703,0.297653,0.778021,0.020642,0.058199,0.625197
1677104689,153368120,0.410576,0.664661,0.297979,0.778201,0.019632,0.058418,0.624984
1677104689,163404095,0.410555,0.664655,0.298260,0.778599,0.019686,0.058396,0.624489
1677104689,173398475,0.410608,0.664638,0.298558,0.779120,0.018910,0.058270,0.623874
1677104689,182865293,0.410785,0.664683,0.298827,0.779697,0.017845,0.058944,0.623122
1677104689,192590382,0.410765,0.664730,0.299117,0.780260,0.017407,0.058632,0.622458
1677104689,203323647,0.410796,0.664628,0.299348,0.780029,0.016951,0.058475,0.622774
1677104689,212700166,0.410773,0.664709,0.299631,0.780183,0.016780,0.058312,0.622601
1677104689,222534593,0.411088,0.665537,0.300149,0.782170,0.015810,0.059572,0.620009
1677104689,232698039,0.411053,0.665695,0.300403,0.782060,0.015573,0.058863,0.620222
1677104689,242861760,0.411013,0.665692,0.300608,0.781446,0.015905,0.058534,0.621017
1677104689,252798148,0.411087,0.665929,0.300917,0.781991,0.015934,0.058634,0.620322
1677104689,262937257,0.411183,0.665941,0.301172,0.782265,0.016051,0.058754,0.619961
1677104689,273106255,0.411360,0.664439,0.301072,0.777760,0.015944,0.058825,0.625599
1677104689,283262234,0.411533,0.664391,0.301260,0.778201,0.015392,0.058971,0.625051
1677104689,292943127,0.410855,0.664634,0.301574,0.780316,0.019567,0.058001,0.622382
1677104689,303159553,0.411772,0.664326,0.301489,0.778798,0.014725,0.059034,0.624317
1677104689,312831515,0.410950,0.664559,0.301643,0.779607,0.019663,0.058008,0.623267
1677104689,323209706,0.411776,0.664488,0.301534,0.777911,0.015051,0.058953,0.625422
1677104689,333199651,0.411629,0.664496,0.301507,0.776963,0.015726,0.058225,0.626651
1677104689,342671448,0.411676,0.664706,0.301568,0.776997,0.015782,0.058430,0.626588
1677104689,352837213,0.411614,0.664624,0.301503,0.776481,0.016500,0.058102,0.627239
1677104689,362965550,0.411667,0.664695,0.301482,0.776755,0.016660,0.057715,0.626932
1677104689,373401380,0.411736,0.664766,0.301437,0.776892,0.017328,0.057606,0.626754
1677104689,382809916,0.411896,0.664800,0.301399,0.776989,0.017561,0.057262,0.626658
1677104689,393707508,0.412067,0.664662,0.301299,0.776517,0.018139,0.056597,0.627287
1677104689,403079534,0.412226,0.664581,0.301234,0.776200,0.019110,0.056044,0.627700
1677104689,413146602,0.412540,0.664750,0.301306,0.776997,0.019131,0.055271,0.626781
1677104689,423199052,0.412709,0.664552,0.301276,0.776897,0.019559,0.054168,0.626989
1677104689,433118222,0.412924,0.664526,0.301282,0.777419,0.019721,0.053228,0.626416
1677104689,443039041,0.413138,0.664403,0.301303,0.777877,0.019586,0.052789,0.625889
1677104689,453159444,0.413358,0.664186,0.301272,0.777973,0.019658,0.052811,0.625765
1677104689,463291349,0.413450,0.664048,0.301260,0.778253,0.019949,0.052630,0.625424
1677104689,472875688,0.412822,0.664225,0.301447,0.780416,0.024913,0.052117,0.622587
1677104689,482537706,0.412910,0.663841,0.301340,0.780044,0.025861,0.051886,0.623033
1677104689,492713022,0.413026,0.663897,0.301310,0.781127,0.026610,0.052003,0.621634
1677104689,502877275,0.413100,0.663766,0.301168,0.781253,0.027201,0.050858,0.621544
1677104689,512583445,0.413186,0.663437,0.300936,0.780425,0.027900,0.049885,0.622631
1677104689,523112702,0.413344,0.663445,0.300812,0.780636,0.028164,0.049375,0.622395
1677104689,532899983,0.413449,0.663460,0.300717,0.780791,0.028596,0.048868,0.622222
1677104689,543528008,0.413530,0.663403,0.300610,0.780761,0.028840,0.048639,0.622266
1677104689,553470799,0.413654,0.663385,0.300538,0.780860,0.028365,0.048401,0.622182
1677104689,562884434,0.413662,0.663244,0.300462,0.780539,0.028276,0.048084,0.622613
1677104689,572666576,0.413565,0.663131,0.300453,0.780628,0.028706,0.048076,0.622483
1677104689,582894351,0.413536,0.662919,0.300451,0.780547,0.028539,0.047931,0.622604
1677104689,593164272,0.413395,0.662754,0.300507,0.780961,0.029142,0.047987,0.622052
1677104689,602936281,0.414091,0.662519,0.300890,0.782287,0.023639,0.048169,0.620602
1677104689,613037159,0.414024,0.662324,0.300978,0.782362,0.023748,0.048674,0.620465
1677104689,623228864,0.413824,0.662318,0.301109,0.782599,0.024060,0.048722,0.620150
1677104689,633211621,0.413723,0.662450,0.301275,0.782677,0.023752,0.048832,0.620055
1677104689,643805489,0.413535,0.662496,0.301424,0.782302,0.023376,0.048562,0.620563
1677104689,653153594,0.413470,0.662486,0.301582,0.781723,0.022671,0.049025,0.621282
1677104689,663642321,0.413339,0.662525,0.301739,0.781563,0.022155,0.049366,0.621475
1677104689,673693456,0.413189,0.662412,0.301902,0.781522,0.022090,0.050157,0.621466
1677104689,682905860,0.413092,0.662520,0.302111,0.782640,0.022027,0.050952,0.619995
1677104689,692666111,0.413101,0.662313,0.302278,0.782963,0.021583,0.051556,0.619552
1677104689,702861807,0.412994,0.662068,0.302419,0.783126,0.022024,0.051503,0.619335
1677104689,713241275,0.412966,0.661973,0.302516,0.783250,0.022195,0.051142,0.619202
1677104689,723071716,0.412803,0.661281,0.302541,0.781656,0.022199,0.049263,0.621364
1677104689,733160172,0.413220,0.662019,0.302840,0.783111,0.022186,0.050883,0.619400
1677104689,743509464,0.413220,0.662033,0.302902,0.782489,0.022961,0.049630,0.620258
1677104689,752962347,0.413446,0.662201,0.303044,0.781963,0.022786,0.049471,0.620940
1677104689,762877574,0.413547,0.662314,0.303147,0.781384,0.023580,0.049402,0.621645
1677104689,773402376,0.413658,0.662401,0.303256,0.781173,0.023395,0.049021,0.621948
1677104689,783230238,0.413674,0.662487,0.303332,0.781109,0.023633,0.048682,0.622045
1677104689,793129242,0.413555,0.662488,0.303455,0.781417,0.024186,0.048186,0.621676
1677104689,803237408,0.413582,0.662510,0.303582,0.781666,0.023960,0.048616,0.621338
1677104689,813435520,0.413628,0.662616,0.303731,0.781853,0.023562,0.049180,0.621073
1677104689,823371005,0.413468,0.662677,0.303832,0.781548,0.023992,0.049484,0.621416
1677104689,832491580,0.413380,0.662803,0.303901,0.780948,0.024348,0.049777,0.622133
1677104689,843159028,0.412564,0.663036,0.303758,0.779761,0.029523,0.049856,0.623390
1677104689,853457416,0.412564,0.663433,0.303997,0.780013,0.029294,0.050121,0.623064
1677104689,862887433,0.412742,0.663548,0.304097,0.779252,0.028674,0.050860,0.623985
1677104689,873613284,0.412855,0.663669,0.304253,0.779240,0.028211,0.051057,0.624005
1677104689,883412363,0.412932,0.663705,0.304309,0.779029,0.028264,0.050911,0.624278
1677104689,892942637,0.412954,0.663788,0.304391,0.779284,0.029079,0.051070,0.623909
