secs,nsecs,tx,ty,tz,rx,ry,rz,rw
1677105714,761084561,0.298663,0.639860,0.494862,0.348610,-0.075255,-0.276196,0.892482
1677105714,771469738,0.298826,0.639909,0.494801,0.348548,-0.075637,-0.276406,0.892409
1677105714,781053466,0.298955,0.639832,0.494895,0.348407,-0.075639,-0.276347,0.892482
1677105714,791397428,0.299043,0.639911,0.494913,0.349561,-0.075953,-0.276613,0.891921
1677105714,801034625,0.299125,0.639986,0.494978,0.350831,-0.075920,-0.276712,0.891395
1677105714,810632164,0.299131,0.640040,0.495145,0.351473,-0.075777,-0.276927,0.891087
1677105714,821199770,0.299229,0.640098,0.495218,0.351800,-0.076061,-0.276741,0.890991
1677105714,830992981,0.299275,0.640257,0.495218,0.352030,-0.075969,-0.276878,0.890866
1677105714,840941003,0.299399,0.640592,0.495064,0.352816,-0.075479,-0.276615,0.890679
1677105714,850857145,0.299547,0.640853,0.494931,0.352744,-0.074859,-0.275923,0.890974
1677105714,861390520,0.299561,0.641192,0.494791,0.352635,-0.074556,-0.275898,0.891050
1677105714,871365829,0.299772,0.641471,0.494647,0.352875,-0.074562,-0.274746,0.891310
1677105714,880715129,0.299715,0.641780,0.494609,0.352969,-0.074244,-0.275076,0.891198
1677105714,889940872,0.299963,0.642071,0.494447,0.354024,-0.074754,-0.273869,0.891109
1677105714,900495715,0.299940,0.642219,0.494530,0.353503,-0.074049,-0.273568,0.891467
1677105714,911049307,0.300043,0.642471,0.494462,0.353850,-0.073807,-0.273244,0.891449
1677105714,921076228,0.300155,0.642706,0.494405,0.354189,-0.073566,-0.272756,0.891483
1677105714,930975045,0.300170,0.642868,0.494441,0.354059,-0.073096,-0.272544,0.891638
1677105714,940910708,0.300316,0.643173,0.494311,0.355348,-0.073028,-0.271998,0.891298
1677105714,951576449,0.300380,0.643433,0.494274,0.355961,-0.072804,-0.271791,0.891135
1677105714,960904018,0.300488,0.643755,0.494082,0.356905,-0.072755,-0.271459,0.890862
1677105714,970765123,0.300638,0.644095,0.493849,0.357490,-0.072592,-0.271008,0.890778
1677105714,980671247,0.300751,0.644309,0.493680,0.356700,-0.071835,-0.270359,0.891353
1677105714,990937454,0.300813,0.644573,0.493489,0.356043,-0.071223,-0.270481,0.891628
1677105715,496262,0.301024,0.644930,0.493217,0.356415,-0.070865,-0.270100,0.891624
1677105715,10571564,0.301212,0.645196,0.493037,0.356889,-0.070460,-0.269720,0.891581
1677105715,20421178,0.301228,0.645498,0.492900,0.357544,-0.070404,-0.270542,0.891074
1677105715,31177921,0.301309,0.645746,0.492782,0.358307,-0.069918,-0.270535,0.890808
1677105715,40385132,0.301474,0.646028,0.492609,0.359481,-0.069511,-0.270012,0.890525
1677105715,51048363,0.301731,0.646256,0.492427,0.359997,-0.069808,-0.269106,0.890568
1677105715,61019735,0.301779,0.646609,0.492228,0.360661,-0.069085,-0.269093,0.890360
1677105715,71028862,0.302025,0.646877,0.492001,0.361105,-0.069096,-0.268111,0.890475
1677105715,81261199,0.302198,0.647209,0.491741,0.361400,-0.069059,-0.267910,0.890419
1677105715,91077426,0.302412,0.647497,0.491568,0.361698,-0.068745,-0.267390,0.890478
1677105715,101282333,0.302561,0.647829,0.491358,0.362288,-0.068594,-0.267502,0.890216
1677105715,110954392,0.302747,0.648044,0.491264,0.362375,-0.067998,-0.267159,0.890330
1677105715,120769104,0.303008,0.648305,0.491113,0.363330,-0.067492,-0.266387,0.890210
1677105715,130992051,0.303124,0.648591,0.491010,0.363933,-0.066825,-0.266227,0.890062
1677105715,140888573,0.303209,0.649011,0.490857,0.365067,-0.066900,-0.266326,0.889562
1677105715,150992797,0.303421,0.649451,0.490589,0.366316,-0.066633,-0.265483,0.889321
1677105715,160675991,0.303568,0.649910,0.490310,0.366585,-0.066376,-0.264793,0.889435
1677105715,170324190,0.303852,0.650455,0.489824,0.367235,-0.066113,-0.263155,0.889672
1677105715,180237134,0.303951,0.651106,0.489320,0.367371,-0.065629,-0.262706,0.889784
1677105715,190459953,0.304097,0.651662,0.488828,0.367027,-0.065045,-0.261625,0.890288
1677105715,201326758,0.304221,0.652404,0.488118,0.367985,-0.065841,-0.261342,0.889917
1677105715,210730808,0.304202,0.652990,0.487551,0.368237,-0.065633,-0.260655,0.890030
1677105715,220726059,0.304098,0.653513,0.486937,0.368385,-0.065546,-0.260282,0.890084
1677105715,230898244,0.304259,0.654131,0.486025,0.369791,-0.066559,-0.258717,0.889882
1677105715,240941973,0.304224,0.654557,0.485186,0.369536,-0.066021,-0.257084,0.890501
1677105715,250994874,0.304150,0.655359,0.483998,0.371105,-0.066249,-0.256415,0.890025
1677105715,261035000,0.304181,0.656059,0.482673,0.372643,-0.066095,-0.254781,0.889862
1677105715,271040110,0.304071,0.656638,0.481365,0.373380,-0.064653,-0.253196,0.890112
1677105715,280653436,0.304062,0.657255,0.479816,0.374756,-0.064086,-0.251598,0.890028
1677105715,290415495,0.304075,0.657849,0.478148,0.375913,-0.062634,-0.249827,0.890142
1677105715,300885018,0.304274,0.658706,0.476097,0.378551,-0.061994,-0.248344,0.889484
1677105715,311070935,0.304350,0.659419,0.474035,0.379486,-0.060619,-0.247737,0.889349
1677105715,321144737,0.304705,0.660344,0.471656,0.381105,-0.059534,-0.246587,0.889050
1677105715,331186785,0.305104,0.661280,0.468996,0.381797,-0.057798,-0.245607,0.889139
1677105715,341414180,0.305611,0.662461,0.466033,0.382195,-0.056448,-0.245393,0.889113
1677105715,350844960,0.306312,0.663722,0.462843,0.381986,-0.054710,-0.245213,0.889362
1677105715,360817278,0.306729,0.665014,0.459731,0.380277,-0.054253,-0.247213,0.889568
1677105715,370791868,0.307081,0.666338,0.456457,0.380271,-0.054011,-0.244389,0.890365
1677105715,380537851,0.306948,0.667859,0.453299,0.380322,-0.054028,-0.242957,0.890735
1677105715,390265711,0.307031,0.669593,0.449929,0.381875,-0.051083,-0.239963,0.891055
1677105715,400433954,0.306974,0.670871,0.446804,0.380545,-0.050187,-0.240137,0.891628
1677105715,410537909,0.307036,0.672219,0.443510,0.380619,-0.049366,-0.239849,0.891720
1677105715,420230868,0.307078,0.673545,0.440179,0.380956,-0.049171,-0.239920,0.891568
1677105715,430173294,0.306971,0.674697,0.437029,0.380079,-0.049182,-0.241025,0.891643
1677105715,440414157,0.307170,0.675897,0.433656,0.380621,-0.050074,-0.240352,0.891544
1677105715,450959943,0.307003,0.677138,0.430344,0.379854,-0.050229,-0.241696,0.891500
1677105715,460922520,0.307028,0.678419,0.427008,0.378777,-0.051340,-0.241617,0.891916
1677105715,470871168,0.306746,0.679796,0.423775,0.377589,-0.052812,-0.242395,0.892122
1677105715,480138812,0.306152,0.680997,0.420955,0.376326,-0.054738,-0.242517,0.892507
1677105715,490174448,0.305395,0.682136,0.418287,0.377322,-0.058656,-0.241460,0.892124
1677105715,500356819,0.304369,0.683009,0.416100,0.378118,-0.063296,-0.239299,0.892052
1677105715,511065178,0.303265,0.683942,0.413899,0.380750,-0.067374,-0.235529,0.891637
1677105715,520649667,0.302067,0.684877,0.411617,0.382741,-0.071229,-0.231362,0.891576
1677105715,531041829,0.301101,0.686075,0.408990,0.384768,-0.075431,-0.227453,0.891364
1677105715,541108097,0.300269,0.687264,0.406208,0.384630,-0.078227,-0.223982,0.892061
1677105715,551062434,0.299845,0.688781,0.402904,0.385032,-0.080569,-0.221059,0.892408
1677105715,561191725,0.299564,0.690169,0.399594,0.383226,-0.081249,-0.218987,0.893633
1677105715,571430604,0.299600,0.691646,0.395988,0.381993,-0.082125,-0.217730,0.894388
1677105715,581085186,0.299856,0.692932,0.392329,0.380509,-0.083063,-0.216606,0.895207
1677105715,591469450,0.300254,0.694203,0.388487,0.380114,-0.082914,-0.216266,0.895471
1677105715,601216395,0.300764,0.695238,0.384727,0.378969,-0.083800,-0.216791,0.895747
1677105715,610907272,0.301387,0.696255,0.380838,0.379138,-0.083600,-0.217791,0.895451
1677105715,621115093,0.302152,0.696948,0.377096,0.378681,-0.083030,-0.218409,0.895547
1677105715,631178823,0.303017,0.697776,0.373156,0.380265,-0.081566,-0.218936,0.894881
1677105715,640449482,0.304084,0.698383,0.369207,0.381021,-0.081125,-0.219292,0.894513
1677105715,650665729,0.305329,0.699323,0.364886,0.383472,-0.079901,-0.219681,0.893479
1677105715,660466395,0.306664,0.699969,0.360670,0.383218,-0.077536,-0.219835,0.893758
1677105715,670327250,0.308308,0.700946,0.356063,0.384284,-0.075115,-0.219352,0.893626
1677105715,680123491,0.309895,0.701869,0.351396,0.383758,-0.071865,-0.219394,0.894109
1677105715,690424896,0.311583,0.702885,0.346463,0.383150,-0.069226,-0.219451,0.894564
1677105715,700246116,0.313566,0.703778,0.341377,0.382587,-0.067862,-0.218120,0.895235
1677105715,710972816,0.315343,0.704411,0.336342,0.380848,-0.066987,-0.218045,0.896060
1677105715,721135699,0.317306,0.704761,0.331385,0.378387,-0.067886,-0.218703,0.896875
1677105715,730587344,0.319389,0.704920,0.326515,0.375735,-0.068403,-0.219990,0.897635
1677105715,740737296,0.321812,0.705117,0.321366,0.375481,-0.067420,-0.220865,0.897601
1677105715,751194509,0.324366,0.705298,0.316249,0.375045,-0.066300,-0.223034,0.897330
1677105715,760904484,0.326644,0.705361,0.311238,0.372856,-0.062293,-0.227729,0.897350
1677105715,770621627,0.329437,0.705289,0.306144,0.370012,-0.057954,-0.230636,0.898076
1677105715,780278561,0.332309,0.705311,0.300837,0.367502,-0.053216,-0.233562,0.898643
1677105715,790789808,0.335051,0.705529,0.295449,0.364824,-0.049285,-0.238221,0.898735
1677105715,800884869,0.337894,0.705617,0.290112,0.361948,-0.046220,-0.242006,0.899050
1677105715,810686414,0.341198,0.705863,0.284750,0.361360,-0.047231,-0.244269,0.898622
1677105715,821131290,0.343556,0.705705,0.280016,0.358984,-0.046022,-0.249146,0.898298
1677105715,830948239,0.345867,0.705045,0.275744,0.356079,-0.046395,-0.252080,0.898616
1677105715,840842029,0.348023,0.704458,0.271604,0.354508,-0.047131,-0.254576,0.898495
1677105715,851326220,0.350106,0.703648,0.267643,0.351764,-0.047344,-0.256210,0.899098
1677105715,861077103,0.352319,0.703152,0.263357,0.350353,-0.047137,-0.257843,0.899193
1677105715,870788537,0.354519,0.702440,0.259210,0.346549,-0.044089,-0.259172,0.900439
1677105715,881114880,0.356862,0.702076,0.254736,0.344684,-0.041828,-0.261908,0.900471
1677105715,890384662,0.359322,0.701456,0.250469,0.342322,-0.037960,-0.264052,0.900917
1677105715,900685818,0.361694,0.701003,0.246262,0.341914,-0.034654,-0.267839,0.900087
1677105715,910998850,0.364029,0.700119,0.242542,0.340643,-0.032547,-0.271205,0.899639
1677105715,920900800,0.366074,0.699072,0.239316,0.338548,-0.030330,-0.274987,0.899359
1677105715,930827078,0.368040,0.698093,0.236125,0.337470,-0.030241,-0.278631,0.898646
1677105715,940690203,0.369986,0.697258,0.232950,0.336411,-0.031258,-0.281598,0.898083
1677105715,950976012,0.371860,0.696579,0.229711,0.334570,-0.032444,-0.284019,0.897966
1677105715,961047931,0.373607,0.695909,0.226438,0.330987,-0.032118,-0.285307,0.898897
1677105715,970597060,0.375264,0.695545,0.222948,0.327359,-0.032120,-0.287425,0.899551
1677105715,980906553,0.377036,0.695310,0.219304,0.324208,-0.030961,-0.288514,0.900383
1677105715,991059106,0.378808,0.695065,0.215714,0.321054,-0.030158,-0.289807,0.901125
1677105716,753615,0.380398,0.694728,0.212382,0.317866,-0.027383,-0.291610,0.901762
1677105716,10758413,0.382031,0.694218,0.209391,0.314979,-0.024855,-0.292874,0.902438
1677105716,20799566,0.383322,0.693578,0.206906,0.312041,-0.022702,-0.295493,0.902662
1677105716,30049450,0.384502,0.692921,0.204713,0.310943,-0.021623,-0.298054,0.902226
1677105716,41022565,0.385748,0.692220,0.202698,0.311778,-0.022605,-0.299611,0.901397
1677105716,50961688,0.386611,0.691412,0.201157,0.311173,-0.022758,-0.301345,0.901024
1677105716,61230457,0.387471,0.690892,0.199394,0.311646,-0.023873,-0.302452,0.900461
1677105716,70990940,0.388320,0.690527,0.197468,0.311114,-0.024407,-0.302643,0.900566
1677105716,80682198,0.388971,0.690274,0.195604,0.308027,-0.023862,-0.303355,0.901402
1677105716,90403225,0.389755,0.690229,0.193501,0.304890,-0.023817,-0.303673,0.902362
1677105716,100872121,0.390412,0.690194,0.191533,0.300981,-0.024157,-0.304206,0.903485
1677105716,110976913,0.391048,0.690162,0.189781,0.297702,-0.024708,-0.304477,0.904465
1677105716,120805461,0.391128,0.689932,0.188687,0.292806,-0.024865,-0.306754,0.905289
1677105716,131046138,0.392035,0.689992,0.187114,0.294287,-0.027702,-0.304380,0.905527
1677105716,141160543,0.392158,0.689864,0.186342,0.293326,-0.028712,-0.304571,0.905744
1677105716,151097464,0.392434,0.689681,0.185504,0.293988,-0.030361,-0.303292,0.905905
1677105716,161102640,0.392463,0.689586,0.184747,0.294554,-0.030516,-0.302674,0.905923
1677105716,170899571,0.392595,0.689443,0.183943,0.295179,-0.030299,-0.301564,0.906096
1677105716,181008165,0.392839,0.689357,0.182945,0.296077,-0.029653,-0.300656,0.906126
1677105716,190800037,0.393206,0.689209,0.181853,0.296069,-0.028172,-0.299963,0.906406
1677105716,201220089,0.393160,0.688991,0.181009,0.292849,-0.027026,-0.303069,0.906453
1677105716,210617479,0.394039,0.688896,0.179613,0.292708,-0.027432,-0.302469,0.906688
1677105716,220417819,0.394542,0.688728,0.178572,0.291457,-0.027851,-0.303552,0.906716
1677105716,230620629,0.394813,0.688542,0.177842,0.289974,-0.029250,-0.305079,0.906634
1677105716,240705800,0.395176,0.688240,0.177256,0.289497,-0.031455,-0.304673,0.906850
1677105716,250580824,0.395193,0.688011,0.176933,0.289639,-0.033234,-0.304209,0.906897
1677105716,260648734,0.395051,0.687762,0.176825,0.289546,-0.035685,-0.303862,0.906950
1677105716,271121269,0.394630,0.687471,0.176947,0.289481,-0.035912,-0.303325,0.907141
1677105716,280887030,0.394433,0.687223,0.176850,0.290947,-0.037056,-0.301863,0.907114
1677105716,290652763,0.394160,0.686991,0.176777,0.292652,-0.037106,-0.300811,0.906913
1677105716,301247602,0.393948,0.686733,0.176581,0.294447,-0.036676,-0.299971,0.906627
1677105716,311165392,0.393717,0.686326,0.176483,0.295079,-0.035724,-0.299982,0.906456
1677105716,321370383,0.393755,0.686017,0.175967,0.297137,-0.035037,-0.299696,0.905905
1677105716,330878382,0.393815,0.685579,0.175469,0.296994,-0.035158,-0.300589,0.905651
1677105716,340985086,0.394047,0.685083,0.174830,0.296176,-0.035693,-0.301337,0.905650
1677105716,350822633,0.394202,0.684662,0.174220,0.295838,-0.036408,-0.303026,0.905168
1677105716,360811224,0.394240,0.684084,0.173954,0.295152,-0.036752,-0.304234,0.904973
1677105716,370522645,0.393719,0.683550,0.174027,0.294064,-0.037726,-0.308154,0.903960
1677105716,381016394,0.394313,0.683162,0.173534,0.298395,-0.041032,-0.305060,0.903446
1677105716,391250414,0.393951,0.682753,0.173595,0.299725,-0.042359,-0.305045,0.902950
1677105716,401206339,0.393557,0.682567,0.173410,0.302525,-0.042974,-0.303708,0.902437
1677105716,410681561,0.393093,0.682403,0.173154,0.304303,-0.042852,-0.301929,0.902442
1677105716,420650503,0.392553,0.682307,0.172859,0.304743,-0.041865,-0.300315,0.902879
1677105716,430344190,0.392264,0.682313,0.172210,0.305256,-0.042492,-0.298380,0.903317
1677105716,440557603,0.392011,0.682276,0.171578,0.304866,-0.042793,-0.296913,0.903918
1677105716,450252563,0.391796,0.682282,0.170949,0.304991,-0.043816,-0.296355,0.904010
1677105716,460854142,0.391693,0.682132,0.170418,0.305561,-0.045298,-0.295710,0.903956
1677105716,471148346,0.391488,0.681870,0.170208,0.305532,-0.046580,-0.295797,0.903872
1677105716,480644250,0.391383,0.681771,0.169824,0.307270,-0.048794,-0.295941,0.903119
1677105716,490094587,0.391104,0.681510,0.169785,0.307255,-0.051028,-0.296632,0.902774
1677105716,500964318,0.390890,0.681341,0.169613,0.308952,-0.052666,-0.296213,0.902238
1677105716,510227024,0.390514,0.681119,0.169608,0.309799,-0.054223,-0.296096,0.901893
1677105716,520492147,0.390054,0.681030,0.169643,0.311352,-0.055473,-0.295506,0.901476
1677105716,530498894,0.389384,0.680874,0.170007,0.312885,-0.056683,-0.294815,0.901096
1677105716,540611297,0.388719,0.680790,0.170305,0.315838,-0.058279,-0.293342,0.900445
1677105716,551340143,0.388187,0.680617,0.170535,0.317913,-0.059792,-0.290918,0.900401
1677105716,561238338,0.387451,0.680609,0.170666,0.318884,-0.060412,-0.290021,0.900306
1677105716,571117440,0.386851,0.680506,0.170783,0.319687,-0.061342,-0.288511,0.900444
1677105716,581158807,0.386386,0.680445,0.170837,0.321818,-0.063543,-0.287093,0.899985
1677105716,591151033,0.385850,0.680235,0.171077,0.323898,-0.065456,-0.286413,0.899318
1677105716,600709267,0.385329,0.679885,0.171441,0.325052,-0.066734,-0.285670,0.899044
1677105716,610673813,0.384879,0.679640,0.171583,0.326394,-0.068663,-0.285937,0.898327
1677105716,620935650,0.384682,0.679437,0.171459,0.328585,-0.070490,-0.285457,0.897539
1677105716,630890097,0.384174,0.678994,0.171724,0.328522,-0.071693,-0.286245,0.897216
1677105716,640987686,0.383817,0.678664,0.171802,0.331121,-0.072843,-0.285718,0.896336
1677105716,650715481,0.383319,0.678322,0.171988,0.334004,-0.074271,-0.285408,0.895247
1677105716,661110219,0.382841,0.677907,0.172132,0.336853,-0.075970,-0.284700,0.894262
1677105716,670743421,0.382197,0.677425,0.172393,0.339063,-0.076951,-0.283783,0.893634
1677105716,680326651,0.381513,0.676969,0.172612,0.341567,-0.078307,-0.283118,0.892773
1677105716,690849666,0.380923,0.676424,0.172873,0.344915,-0.079580,-0.281730,0.891812
1677105716,701070095,0.380231,0.675762,0.173159,0.347740,-0.080874,-0.280944,0.890846
1677105716,710548566,0.379718,0.675160,0.173281,0.351286,-0.082451,-0.280152,0.889559
1677105716,720966946,0.379229,0.674473,0.173406,0.354575,-0.084161,-0.279611,0.888263
1677105716,731097471,0.378811,0.673633,0.173563,0.357565,-0.085320,-0.278595,0.887273
1677105716,740497218,0.378359,0.672937,0.173658,0.361039,-0.086706,-0.278696,0.885698
1677105716,750309215,0.378154,0.672050,0.173804,0.363910,-0.088857,-0.277250,0.884763
1677105716,760463422,0.377609,0.671450,0.173858,0.367817,-0.089087,-0.277419,0.883070
1677105716,770802739,0.377133,0.670611,0.174074,0.370280,-0.090620,-0.277236,0.881941
1677105716,780887145,0.376734,0.669934,0.174207,0.373857,-0.091921,-0.276259,0.880603
1677105716,790886783,0.376263,0.669259,0.174308,0.377356,-0.092863,-0.275452,0.879264
1677105716,801045841,0.375622,0.668551,0.174597,0.379429,-0.093115,-0.275121,0.878449
1677105716,810249731,0.375284,0.667827,0.174651,0.382158,-0.094533,-0.273093,0.877746
1677105716,820956447,0.374889,0.667283,0.174617,0.385914,-0.095133,-0.271378,0.876570
1677105716,831008585,0.374369,0.666694,0.174675,0.389474,-0.095641,-0.269780,0.875432
1677105716,840657273,0.373867,0.665901,0.174836,0.392410,-0.096742,-0.267283,0.874766
1677105716,851180347,0.373271,0.665291,0.174920,0.396512,-0.096939,-0.264616,0.873705
1677105716,860873973,0.372684,0.664574,0.175026,0.400072,-0.097221,-0.260958,0.873150
1677105716,870965036,0.372203,0.664032,0.175005,0.404998,-0.099072,-0.256854,0.871887
1677105716,880620153,0.371461,0.663410,0.175107,0.409335,-0.099846,-0.252540,0.871033
1677105716,890565747,0.370854,0.662811,0.175123,0.414206,-0.100885,-0.246843,0.870244
1677105716,901503882,0.370019,0.662193,0.175225,0.417836,-0.101794,-0.242077,0.869741
1677105716,910892214,0.369115,0.661634,0.175226,0.421462,-0.102022,-0.237552,0.869212
1677105716,921310452,0.368345,0.661084,0.175166,0.425335,-0.102228,-0.232429,0.868687
1677105716,930515092,0.367790,0.660487,0.175083,0.429359,-0.103687,-0.226818,0.868017
1677105716,941081685,0.367078,0.659981,0.175000,0.434414,-0.104518,-0.222263,0.866579
1677105716,951012820,0.366413,0.659102,0.175060,0.437728,-0.104775,-0.217389,0.866117
1677105716,960742230,0.365940,0.658575,0.174880,0.442574,-0.105993,-0.213385,0.864500
1677105716,970881305,0.365496,0.657898,0.174777,0.445602,-0.106439,-0.210556,0.863583
1677105716,981038690,0.365118,0.657350,0.174659,0.449168,-0.106951,-0.208945,0.862062
1677105716,990423516,0.364921,0.656757,0.174556,0.452622,-0.107438,-0.207656,0.860505
1677105717,844556,0.364885,0.656166,0.174520,0.455511,-0.107163,-0.206537,0.859283
1677105717,10714697,0.364904,0.655687,0.174431,0.457759,-0.107272,-0.206937,0.857978
1677105717,21670329,0.365153,0.655287,0.174358,0.460155,-0.107893,-0.206620,0.856694
1677105717,31387811,0.365258,0.654939,0.174293,0.462334,-0.107398,-0.206936,0.855506
1677105717,41432169,0.365546,0.654669,0.174209,0.464984,-0.107867,-0.206470,0.854122
1677105717,51319755,0.365540,0.654458,0.174148,0.467403,-0.107188,-0.206661,0.852840
1677105717,61076486,0.365638,0.654240,0.174074,0.470004,-0.107491,-0.205653,0.851615
1677105717,71632707,0.365527,0.654027,0.174004,0.471756,-0.107651,-0.205122,0.850754
1677105717,80988773,0.365436,0.653886,0.173928,0.474357,-0.107548,-0.203183,0.849786
1677105717,90580052,0.365199,0.653764,0.173826,0.477267,-0.106930,-0.200949,0.848765
1677105717,101092073,0.364984,0.653605,0.173743,0.480517,-0.107124,-0.198237,0.847543
1677105717,111421990,0.365026,0.653537,0.173539,0.484745,-0.107735,-0.194284,0.845973
1677105717,121337046,0.364543,0.653241,0.173513,0.486859,-0.106985,-0.192648,0.845227
1677105717,131501640,0.364429,0.653146,0.173309,0.490916,-0.106393,-0.189457,0.843675
1677105717,141105696,0.364308,0.652871,0.173143,0.494185,-0.106042,-0.186373,0.842497
1677105717,151253052,0.364290,0.652657,0.172966,0.497910,-0.106622,-0.184231,0.840700
1677105717,160563749,0.364180,0.652251,0.172834,0.500479,-0.105629,-0.182070,0.839770
1677105717,170860024,0.364241,0.652028,0.172614,0.503742,-0.105135,-0.180374,0.838245
1677105717,180658765,0.364455,0.651787,0.172350,0.507042,-0.105000,-0.178315,0.836712
1677105717,190169579,0.364580,0.651579,0.172070,0.510444,-0.104578,-0.176878,0.835000
1677105717,200439893,0.364692,0.651427,0.171734,0.514475,-0.104108,-0.175698,0.832831
1677105717,210407861,0.364700,0.650987,0.171544,0.517351,-0.103388,-0.174397,0.831411
1677105717,220091863,0.364871,0.650717,0.171279,0.521256,-0.102817,-0.172623,0.829411
1677105717,230198019,0.365048,0.650504,0.171019,0.524875,-0.102120,-0.170820,0.827586
1677105717,240217519,0.365199,0.650444,0.170717,0.528805,-0.100946,-0.169078,0.825584
1677105717,250836395,0.365318,0.650223,0.170464,0.531306,-0.100189,-0.167208,0.824450
1677105717,261051499,0.365499,0.650278,0.170157,0.534748,-0.099928,-0.165394,0.822620
1677105717,270742746,0.365650,0.650381,0.169921,0.537623,-0.099658,-0.163216,0.821213
1677105717,280902876,0.365853,0.650440,0.169710,0.539608,-0.099401,-0.160330,0.820510
1677105717,290067572,0.365916,0.650610,0.169580,0.541038,-0.099273,-0.158177,0.820002
1677105717,300592370,0.366039,0.651086,0.169330,0.543536,-0.099596,-0.155676,0.818788
1677105717,310695361,0.366065,0.651341,0.169213,0.544392,-0.099754,-0.153094,0.818688
1677105717,320836333,0.366176,0.651740,0.169079,0.545658,-0.099786,-0.150360,0.818347
1677105717,330874826,0.366193,0.652273,0.168936,0.546847,-0.099589,-0.148665,0.817887
1677105717,341386585,0.366457,0.652727,0.168845,0.547719,-0.099302,-0.145348,0.817935
1677105717,351040724,0.366679,0.653306,0.168696,0.548714,-0.098971,-0.143481,0.817638
1677105717,360869482,0.366911,0.653830,0.168614,0.549495,-0.097949,-0.141520,0.817578
1677105717,370801861,0.367123,0.654414,0.168534,0.550616,-0.096747,-0.140026,0.817224
1677105717,380768010,0.367527,0.654970,0.168497,0.551413,-0.096264,-0.138488,0.817006
1677105717,391296382,0.367876,0.655373,0.168504,0.551015,-0.095594,-0.137377,0.817540
1677105717,400816401,0.368297,0.656000,0.168404,0.551435,-0.094590,-0.135960,0.817611
1677105717,410726580,0.368861,0.656652,0.168318,0.552477,-0.094177,-0.133743,0.817320
1677105717,421435916,0.369197,0.656978,0.168283,0.552501,-0.093336,-0.132099,0.817668
1677105717,431261577,0.369449,0.657479,0.168176,0.553528,-0.092655,-0.131108,0.817210
1677105717,440670745,0.369819,0.657871,0.168055,0.554442,-0.092333,-0.129273,0.816919
1677105717,450804226,0.370122,0.658228,0.167950,0.555627,-0.091792,-0.127556,0.816445
1677105717,461030060,0.370474,0.658500,0.167875,0.557097,-0.091226,-0.125513,0.815823
1677105717,470856188,0.370777,0.658843,0.167741,0.558859,-0.090788,-0.124175,0.814871
1677105717,480779087,0.371183,0.659184,0.167513,0.560719,-0.090221,-0.122230,0.813950
1677105717,490969030,0.371468,0.659678,0.167219,0.563177,-0.089558,-0.121275,0.812467
1677105717,500523082,0.371842,0.659827,0.167107,0.564783,-0.088775,-0.119449,0.811708
1677105717,511110056,0.371992,0.660012,0.166963,0.566452,-0.087874,-0.118997,0.810710
1677105717,521232659,0.372300,0.660220,0.166746,0.567979,-0.087154,-0.117527,0.809933
1677105717,531132867,0.372629,0.660628,0.166483,0.570199,-0.086836,-0.116486,0.808556
1677105717,540725782,0.372883,0.660862,0.166299,0.571898,-0.086187,-0.115246,0.807603
1677105717,551179516,0.373005,0.660817,0.166254,0.572433,-0.085404,-0.114244,0.807450
1677105717,560853780,0.373205,0.660944,0.166127,0.573964,-0.085182,-0.113177,0.806536
1677105717,570678059,0.373336,0.661174,0.165941,0.575742,-0.084274,-0.111904,0.805541
1677105717,580885072,0.373541,0.661473,0.165698,0.577526,-0.084377,-0.110954,0.804384
1677105717,590755780,0.373828,0.661782,0.165470,0.579386,-0.084874,-0.109591,0.803180
1677105717,600607417,0.374005,0.662021,0.165326,0.581050,-0.084666,-0.108107,0.802200
1677105717,610399964,0.374143,0.662255,0.165128,0.582899,-0.084284,-0.106921,0.801057
1677105717,621176727,0.374291,0.662386,0.164933,0.584101,-0.083574,-0.105483,0.800447
1677105717,631054366,0.374464,0.662658,0.164694,0.585930,-0.082981,-0.104143,0.799346
1677105717,641277866,0.374732,0.662927,0.164494,0.587526,-0.083027,-0.102804,0.798343
1677105717,651107800,0.374821,0.663048,0.164355,0.588200,-0.082030,-0.101870,0.798069
1677105717,660662858,0.374942,0.663260,0.164171,0.588907,-0.081500,-0.100942,0.797720
1677105717,671050844,0.375123,0.663827,0.163998,0.590975,-0.081500,-0.099631,0.796354
1677105717,680846541,0.375258,0.664113,0.163864,0.591864,-0.081763,-0.098062,0.795862
1677105717,690818300,0.375238,0.664490,0.163699,0.593073,-0.081311,-0.096092,0.795248
1677105717,700744250,0.375178,0.664929,0.163516,0.594297,-0.080989,-0.093707,0.794651
1677105717,711005206,0.375018,0.665340,0.163372,0.594969,-0.081158,-0.091509,0.794388
1677105717,720937766,0.374859,0.665541,0.163286,0.595370,-0.081211,-0.088498,0.794423
1677105717,730947991,0.374564,0.665982,0.163154,0.596783,-0.081304,-0.086351,0.793589
1677105717,740777187,0.374359,0.666334,0.163018,0.597682,-0.081195,-0.083857,0.793191
1677105717,751203803,0.374180,0.666750,0.162828,0.598610,-0.081189,-0.081940,0.792692
1677105717,760790881,0.374125,0.666950,0.162692,0.598987,-0.081428,-0.079873,0.792593
1677105717,770888690,0.374030,0.667437,0.162494,0.601262,-0.080631,-0.078218,0.791116
1677105717,781076675,0.374128,0.667655,0.162313,0.602406,-0.080284,-0.076314,0.790466
1677105717,790939928,0.374280,0.667835,0.162127,0.603309,-0.080135,-0.075111,0.789908
1677105717,800988106,0.374338,0.668055,0.161910,0.604497,-0.079321,-0.074660,0.789124
1677105717,811291074,0.374451,0.668201,0.161703,0.605911,-0.078590,-0.074420,0.788136
1677105717,821080478,0.374704,0.668365,0.161520,0.607466,-0.077894,-0.073942,0.787051
1677105717,831381030,0.375049,0.668493,0.161338,0.608741,-0.077192,-0.073531,0.786173
1677105717,841360117,0.375275,0.668717,0.161113,0.610575,-0.076038,-0.074068,0.784812
1677105717,850882399,0.375612,0.668765,0.160920,0.611829,-0.074153,-0.073449,0.784074
1677105717,860994028,0.376001,0.668817,0.160748,0.613334,-0.073609,-0.073720,0.782923
1677105717,871235199,0.376145,0.668825,0.160586,0.614575,-0.071108,-0.074083,0.782147
1677105717,881087197,0.376727,0.668901,0.160435,0.616389,-0.070715,-0.073198,0.780837
1677105717,890303128,0.376908,0.668991,0.160260,0.618047,-0.069059,-0.074021,0.779596
1677105717,900708407,0.377232,0.669049,0.160123,0.619248,-0.067423,-0.074014,0.778787
1677105717,910790294,0.377613,0.669111,0.159919,0.620390,-0.066246,-0.073733,0.778004
1677105717,921226603,0.377966,0.669227,0.159732,0.621690,-0.064790,-0.073425,0.777118
1677105717,931096609,0.378352,0.669367,0.159556,0.623284,-0.063634,-0.072978,0.775978
1677105717,940987494,0.378601,0.669308,0.159391,0.623927,-0.062399,-0.072830,0.775576
1677105717,951283147,0.378951,0.669512,0.159197,0.625759,-0.061225,-0.071733,0.774295
1677105717,960746886,0.379275,0.669590,0.158986,0.626498,-0.060489,-0.070946,0.773826
1677105717,970926746,0.379541,0.669892,0.158774,0.628296,-0.059696,-0.070363,0.772483
1677105717,980867025,0.379821,0.670008,0.158599,0.629266,-0.058948,-0.069177,0.771857
1677105717,990981501,0.380032,0.670213,0.158421,0.630399,-0.058152,-0.067966,0.771100
1677105718,682227,0.380181,0.670514,0.158238,0.631429,-0.056990,-0.066708,0.770454
1677105718,10791907,0.380298,0.670866,0.158061,0.632542,-0.055750,-0.064999,0.769777
1677105718,20606124,0.380544,0.671175,0.157925,0.633721,-0.055819,-0.063187,0.768954
1677105718,31177137,0.380600,0.671509,0.157763,0.634984,-0.054990,-0.061630,0.768097
1677105718,41107359,0.380652,0.671792,0.157628,0.635797,-0.054769,-0.060389,0.767539
1677105718,51038605,0.380676,0.672109,0.157451,0.636682,-0.053440,-0.058147,0.767072
1677105718,61124806,0.380763,0.672416,0.157246,0.637501,-0.053300,-0.056287,0.766540
1677105718,71118511,0.380889,0.672698,0.157059,0.638166,-0.053052,-0.053861,0.766178
1677105718,81551014,0.380900,0.672937,0.156883,0.639099,-0.052412,-0.051421,0.765612
1677105718,90745525,0.380793,0.673025,0.156703,0.639770,-0.052672,-0.049827,0.765138
1677105718,101143497,0.380739,0.673212,0.156503,0.640961,-0.052414,-0.047326,0.764318
1677105718,110834439,0.380758,0.673445,0.156273,0.641972,-0.052775,-0.044689,0.763603
1677105718,121162643,0.380676,0.673708,0.156033,0.642920,-0.052658,-0.042751,0.762924
1677105718,130901846,0.380645,0.674010,0.155831,0.644331,-0.052314,-0.040495,0.761880
1677105718,140972417,0.380640,0.674184,0.155640,0.645168,-0.052038,-0.038609,0.761288
1677105718,150670794,0.380744,0.674489,0.155417,0.646305,-0.051711,-0.036807,0.760435
1677105718,160874988,0.380846,0.674821,0.155200,0.647373,-0.051423,-0.035409,0.759612
1677105718,170927227,0.380913,0.675116,0.154966,0.648463,-0.050497,-0.034083,0.758804
1677105718,180434502,0.380960,0.675339,0.154788,0.649437,-0.049691,-0.032910,0.758076
1677105718,190369968,0.381090,0.675433,0.154604,0.650117,-0.049146,-0.031232,0.757599
1677105718,200973835,0.381153,0.675455,0.154389,0.650561,-0.048473,-0.029920,0.757315
1677105718,210411752,0.381292,0.675644,0.154234,0.651985,-0.048341,-0.028072,0.756168
1677105718,221602660,0.381399,0.675730,0.154035,0.653273,-0.047841,-0.026214,0.755154
1677105718,230885423,0.381370,0.675804,0.153838,0.654162,-0.046476,-0.024652,0.754523
1677105718,240811168,0.381555,0.675983,0.153626,0.655231,-0.046283,-0.022655,0.753669
1677105718,251226148,0.381623,0.676179,0.153414,0.656364,-0.045192,-0.020745,0.752804
1677105718,260540896,0.381750,0.676429,0.153189,0.657863,-0.044597,-0.018807,0.751581
1677105718,270248754,0.381871,0.676577,0.152999,0.658656,-0.043726,-0.017065,0.750979
1677105718,280107946,0.382001,0.676764,0.152831,0.659405,-0.042666,-0.015365,0.750419
1677105718,290612584,0.382016,0.676900,0.152705,0.660002,-0.040791,-0.014088,0.750024
1677105718,300621097,0.382375,0.677118,0.152578,0.661290,-0.040525,-0.012147,0.748936
1677105718,310561323,0.382484,0.677083,0.152434,0.661598,-0.038974,-0.011383,0.748759
1677105718,321573948,0.382757,0.677213,0.152356,0.662748,-0.037700,-0.010447,0.747820
1677105718,331093022,0.383141,0.677305,0.152298,0.664085,-0.036370,-0.009630,0.746710
1677105718,341107327,0.383577,0.677121,0.152220,0.664051,-0.034974,-0.009699,0.746806
1677105718,351350123,0.384080,0.677291,0.152095,0.665249,-0.033799,-0.010263,0.745786
1677105718,360891565,0.384605,0.677497,0.151946,0.666405,-0.032077,-0.010665,0.744823
1677105718,370788702,0.385135,0.677468,0.151841,0.666823,-0.030573,-0.010799,0.744510
1677105718,381426826,0.385609,0.677650,0.151676,0.667921,-0.029317,-0.011345,0.743568
1677105718,391104095,0.385953,0.677820,0.151479,0.668641,-0.027659,-0.011377,0.742983
1677105718,401244471,0.386257,0.678076,0.151336,0.669495,-0.026637,-0.011157,0.742255
1677105718,410957191,0.386495,0.678408,0.151177,0.670597,-0.026143,-0.010417,0.741288
1677105718,421749625,0.386556,0.678676,0.151017,0.671523,-0.025423,-0.009171,0.740491
1677105718,431056161,0.386649,0.678876,0.150887,0.672270,-0.025536,-0.007236,0.739830
1677105718,441304888,0.386491,0.678931,0.150705,0.672697,-0.025229,-0.005925,0.739464
1677105718,450924659,0.386389,0.679231,0.150517,0.674157,-0.024796,-0.004054,0.738161
1677105718,460964679,0.386301,0.679371,0.150339,0.674914,-0.024882,-0.002602,0.737472
1677105718,470967378,0.386261,0.679553,0.150155,0.675755,-0.024726,-0.001090,0.736711
1677105718,480919110,0.386324,0.679909,0.150009,0.677244,-0.024790,0.000838,0.735341
1677105718,490692248,0.386192,0.680063,0.149811,0.677331,-0.023369,0.002844,0.735302
1677105718,500876436,0.386224,0.680443,0.149656,0.678319,-0.023020,0.004557,0.734393
1677105718,510932960,0.386140,0.680718,0.149509,0.679279,-0.022283,0.005951,0.733518
1677105718,521564878,0.385979,0.680785,0.149369,0.679882,-0.021484,0.007080,0.732972
1677105718,531153326,0.386053,0.680781,0.149207,0.680399,-0.021931,0.008904,0.732459
1677105718,541170384,0.385901,0.680852,0.149100,0.681402,-0.021654,0.009719,0.731524
1677105718,551072089,0.385837,0.680729,0.148987,0.682025,-0.021674,0.011497,0.730917
1677105718,560336461,0.385727,0.680615,0.148819,0.682883,-0.021826,0.012976,0.730086
1677105718,570868258,0.385692,0.680499,0.148622,0.684371,-0.022174,0.015021,0.728642
1677105718,581120872,0.385490,0.680227,0.148402,0.685771,-0.022034,0.016551,0.727296
1677105718,591049677,0.385443,0.680058,0.148197,0.687072,-0.022642,0.018539,0.726000
1677105718,600313996,0.385225,0.679982,0.148041,0.687743,-0.021866,0.020576,0.725333
1677105718,610680207,0.385190,0.680094,0.147971,0.688512,-0.022039,0.022984,0.724526
1677105718,620274027,0.385033,0.680151,0.147988,0.688256,-0.021587,0.024436,0.724735
1677105718,630187669,0.384977,0.680210,0.148021,0.687445,-0.021435,0.026234,0.725446
1677105718,640550082,0.384960,0.680470,0.148132,0.686983,-0.021139,0.027555,0.725843
1677105718,650572506,0.385026,0.680952,0.148272,0.687168,-0.020883,0.028932,0.725622
1677105718,661131856,0.385044,0.680976,0.148380,0.685581,-0.020075,0.029809,0.727109
1677105718,670887197,0.385139,0.681258,0.148467,0.685903,-0.019745,0.030192,0.726799
1677105718,680930127,0.385312,0.681359,0.148472,0.686024,-0.019375,0.030407,0.726685
1677105718,691852003,0.385610,0.681416,0.148452,0.685996,-0.019111,0.030347,0.726721
1677105718,700942917,0.385832,0.681651,0.148358,0.686806,-0.018127,0.029836,0.726002
1677105718,711131600,0.386143,0.681846,0.148246,0.687448,-0.016925,0.029205,0.725449
1677105718,720833134,0.386518,0.681868,0.148125,0.687641,-0.016296,0.028451,0.725310
1677105718,731068937,0.386790,0.682016,0.148026,0.688152,-0.014350,0.027971,0.724886
1677105718,740639650,0.387195,0.682172,0.147959,0.688497,-0.013567,0.027462,0.724592
1677105718,750547285,0.387660,0.682433,0.147971,0.688994,-0.012808,0.027257,0.724141
1677105718,760907346,0.387940,0.682557,0.147947,0.688580,-0.011491,0.026363,0.724590
1677105718,771015322,0.388227,0.682685,0.147907,0.687798,-0.010173,0.026080,0.725362
1677105718,781197955,0.388535,0.683023,0.147908,0.688508,-0.009553,0.025923,0.724703
1677105718,790898388,0.388605,0.683139,0.147890,0.688565,-0.008235,0.025540,0.724678
1677105718,801222769,0.388841,0.683330,0.147838,0.688745,-0.008084,0.025687,0.724504
1677105718,810810764,0.389070,0.683574,0.147831,0.689153,-0.008010,0.026539,0.724085
1677105718,820995198,0.389162,0.683830,0.147797,0.689853,-0.007593,0.026813,0.723413
1677105718,830618901,0.389308,0.683995,0.147746,0.690426,-0.007526,0.026555,0.722877
1677105718,841065076,0.389602,0.684171,0.147711,0.690569,-0.007169,0.027065,0.722725
1677105718,851016234,0.389870,0.684488,0.147647,0.690922,-0.006492,0.026117,0.722429
1677105718,861615984,0.390256,0.684795,0.147568,0.690832,-0.004928,0.025957,0.722532
1677105718,871396842,0.390710,0.685160,0.147508,0.690799,-0.004207,0.024931,0.722605
1677105718,880811780,0.391168,0.685423,0.147468,0.690734,-0.003147,0.024106,0.722700
1677105718,891144772,0.391650,0.685414,0.147473,0.690426,-0.002254,0.023333,0.723023
1677105718,900964562,0.391962,0.685622,0.147468,0.691015,-0.000808,0.022296,0.722496
1677105718,911040820,0.392455,0.685626,0.147472,0.690465,-0.000749,0.021766,0.723038
1677105718,921328075,0.392750,0.685587,0.147492,0.690376,0.000260,0.021340,0.723136
1677105718,931232964,0.392998,0.685544,0.147471,0.691028,0.000645,0.020021,0.722550
1677105718,941236392,0.393339,0.685375,0.147515,0.691371,0.000336,0.019491,0.722236
1677105718,950549939,0.393575,0.685411,0.147490,0.692609,0.000495,0.018781,0.721069
1677105718,961542546,0.393733,0.685232,0.147451,0.692921,0.000684,0.018099,0.720786
1677105718,970636486,0.394027,0.685271,0.147401,0.693798,0.000429,0.018331,0.719936
1677105718,980953984,0.394109,0.685156,0.147321,0.693872,0.000697,0.017765,0.719879
1677105718,990925482,0.394290,0.684996,0.147283,0.694007,0.001164,0.018344,0.719734
1677105719,473319,0.394417,0.684924,0.147185,0.694581,0.001498,0.018513,0.719175
1677105719,11289849,0.394540,0.684815,0.147090,0.695152,0.000971,0.018033,0.718636
1677105719,20707836,0.394681,0.684614,0.146991,0.695711,0.000937,0.018751,0.718076
1677105719,30781171,0.394781,0.684415,0.146848,0.696532,0.000796,0.018726,0.717281
1677105719,40117019,0.394732,0.684082,0.146628,0.696944,0.001048,0.018202,0.716894
1677105719,50743496,0.394900,0.683736,0.146394,0.698064,0.000195,0.018154,0.715805
1677105719,61245266,0.394955,0.683468,0.146166,0.700070,-0.000211,0.017918,0.713849
1677105719,71197706,0.394982,0.683229,0.145928,0.702210,-0.000539,0.017448,0.711756
1677105719,80079511,0.395025,0.682807,0.145675,0.703172,-0.000674,0.016798,0.710821
1677105719,90333138,0.395185,0.682494,0.145516,0.703739,-0.000517,0.017312,0.710247
1677105719,100472547,0.395251,0.682377,0.145405,0.704561,-0.000027,0.016858,0.709443
1677105719,110968572,0.395526,0.682276,0.145338,0.705368,-0.000132,0.016576,0.708648
1677105719,121302107,0.395882,0.682124,0.145290,0.705870,0.000119,0.016409,0.708152
1677105719,130925773,0.396073,0.681873,0.145279,0.705636,0.001626,0.015453,0.708404
1677105719,140652758,0.396527,0.681992,0.145346,0.706484,0.001606,0.014086,0.707587
1677105719,151015445,0.396970,0.681908,0.145410,0.706015,0.000998,0.011706,0.708099
1677105719,160578177,0.397642,0.681889,0.145410,0.705711,-0.000349,0.009955,0.708430
1677105719,170554175,0.398104,0.681879,0.145310,0.705759,-0.000452,0.007415,0.708413
1677105719,181048639,0.398683,0.681871,0.145272,0.706093,-0.000320,0.005427,0.708098
1677105719,191346479,0.399151,0.681809,0.145189,0.706464,0.000660,0.002952,0.707742
1677105719,201683020,0.399802,0.681791,0.145124,0.706835,0.001062,0.000943,0.707377
1677105719,210996187,0.400433,0.681782,0.145079,0.706961,0.001896,-0.000679,0.707250
1677105719,221400736,0.401068,0.681775,0.145086,0.707306,0.002764,-0.002660,0.706897
1677105719,230971293,0.401737,0.681578,0.145047,0.707084,0.003549,-0.004166,0.707109
1677105719,241290977,0.402170,0.681580,0.145086,0.707839,0.004353,-0.007066,0.706325
1677105719,251488666,0.402756,0.681430,0.145100,0.707674,0.004409,-0.008964,0.706469
1677105719,261127028,0.403194,0.681362,0.145112,0.708004,0.004969,-0.010822,0.706108
1677105719,271416428,0.403661,0.681263,0.145144,0.708596,0.004553,-0.012926,0.705481
1677105719,281016973,0.404048,0.681115,0.145129,0.709898,0.004296,-0.014658,0.704138
1677105719,291081930,0.404330,0.680877,0.145156,0.711503,0.004420,-0.015699,0.702494
1677105719,300590514,0.404474,0.680563,0.145123,0.712886,0.003979,-0.017429,0.701052
1677105719,311055676,0.404688,0.680277,0.145107,0.714124,0.003331,-0.017601,0.699790
1677105719,320539794,0.404671,0.680157,0.145023,0.715281,0.003399,-0.017730,0.698603
1677105719,331323166,0.404629,0.679914,0.144951,0.715655,0.002969,-0.017159,0.698237
1677105719,341217047,0.404352,0.679846,0.144920,0.716489,0.003428,-0.016322,0.697399
1677105719,350947551,0.404202,0.679578,0.144898,0.716838,0.002192,-0.014602,0.697083
1677105719,360587192,0.403926,0.679630,0.144943,0.718205,0.001069,-0.013149,0.695706
1677105719,371257878,0.403595,0.679540,0.144892,0.718683,-0.000053,-0.011046,0.695250
1677105719,381263264,0.403251,0.679423,0.144840,0.719080,-0.001536,-0.008930,0.694869
1677105719,390872618,0.402664,0.679299,0.144764,0.719775,-0.002366,-0.007401,0.694164
1677105719,400875054,0.402175,0.678930,0.144642,0.720408,-0.004031,-0.005167,0.693520
1677105719,411091533,0.401701,0.678885,0.144601,0.722652,-0.005762,-0.002580,0.691183
1677105719,421283452,0.401141,0.678461,0.144479,0.723048,-0.006991,-0.000238,0.690763
1677105719,430921680,0.400602,0.678401,0.144408,0.724215,-0.008517,0.001919,0.689519
1677105719,441017252,0.400048,0.678143,0.144246,0.723734,-0.009419,0.004380,0.690001
1677105719,451063642,0.399616,0.678150,0.144147,0.724105,-0.010765,0.007112,0.689569
1677105719,460707408,0.399127,0.678120,0.144077,0.724403,-0.011949,0.009062,0.689214
1677105719,471320993,0.398717,0.678036,0.144035,0.725008,-0.012972,0.011521,0.688522
1677105719,480928409,0.398383,0.677773,0.144016,0.725155,-0.013976,0.013768,0.688306
1677105719,490764833,0.398061,0.677541,0.144021,0.726320,-0.014574,0.015735,0.687022
1677105719,500317514,0.397857,0.677323,0.144092,0.727671,-0.014846,0.017533,0.685541
1677105719,511422309,0.397658,0.677077,0.144124,0.728616,-0.013972,0.019056,0.684515
1677105719,521269123,0.397613,0.676911,0.144145,0.729386,-0.013426,0.019590,0.683690
1677105719,530798806,0.397739,0.676860,0.144186,0.730135,-0.013510,0.019343,0.682895
1677105719,540450234,0.397910,0.676792,0.144203,0.730620,-0.012472,0.018692,0.682414
1677105719,550490063,0.398290,0.676661,0.144215,0.731104,-0.011706,0.017498,0.681941
1677105719,560902058,0.398702,0.676433,0.144216,0.731211,-0.009978,0.015437,0.681904
1677105719,571267729,0.399262,0.676409,0.144253,0.732110,-0.007854,0.012996,0.681017
1677105719,580714973,0.400050,0.676219,0.144222,0.732306,-0.005973,0.010626,0.680866
1677105719,590994720,0.400854,0.676163,0.144209,0.733143,-0.003845,0.007456,0.680022
1677105719,601076916,0.401665,0.676071,0.144176,0.733995,-0.001473,0.003755,0.679142
1677105719,610591303,0.402489,0.675771,0.144126,0.734025,0.001386,0.000188,0.679121
1677105719,620465304,0.403413,0.675651,0.144079,0.734854,0.003789,-0.003576,0.678205
1677105719,630900057,0.404196,0.675327,0.143996,0.735063,0.007285,-0.007184,0.677922
1677105719,640594459,0.405047,0.675106,0.143941,0.735834,0.009775,-0.011219,0.676998
1677105719,650994686,0.406017,0.674926,0.143885,0.737086,0.011936,-0.014390,0.675540
1677105719,660973435,0.406769,0.674553,0.143786,0.737479,0.015066,-0.017361,0.674979
1677105719,671299199,0.407587,0.674289,0.143676,0.737993,0.017566,-0.020584,0.674266
1677105719,681316273,0.408374,0.674293,0.143624,0.739113,0.019889,-0.023249,0.672886
1677105719,690989978,0.408957,0.674150,0.143522,0.739339,0.022322,-0.026639,0.672436
1677105719,700880850,0.409667,0.674021,0.143427,0.739763,0.023778,-0.029094,0.671818
1677105719,711170076,0.410283,0.673847,0.143343,0.740340,0.024958,-0.031327,0.671039
1677105719,720485500,0.410593,0.673543,0.143240,0.740547,0.027297,-0.033773,0.670600
1677105719,730836518,0.411021,0.673306,0.143164,0.741168,0.028334,-0.035662,0.669773
1677105719,740756457,0.411453,0.673168,0.143130,0.742151,0.029008,-0.036952,0.668584
1677105719,750692444,0.411727,0.672966,0.143042,0.742630,0.029794,-0.038499,0.667930
1677105719,760979291,0.411965,0.672762,0.142974,0.742875,0.030559,-0.039583,0.667560
1677105719,771108004,0.412176,0.672609,0.142919,0.743052,0.031187,-0.040074,0.667304
1677105719,781161318,0.412349,0.672589,0.142921,0.743761,0.031550,-0.040250,0.666487
1677105719,790710621,0.412427,0.672533,0.142911,0.744203,0.031638,-0.040940,0.665947
1677105719,800866665,0.412481,0.672365,0.142914,0.744238,0.031223,-0.041287,0.665906
1677105719,810296238,0.412422,0.672305,0.142948,0.744520,0.030997,-0.041319,0.665599
1677105719,820236356,0.412328,0.672123,0.142978,0.744739,0.030485,-0.040981,0.665399
1677105719,830872405,0.412176,0.672138,0.143076,0.746063,0.029403,-0.040677,0.663981
1677105719,840667538,0.411940,0.671731,0.143092,0.746320,0.028716,-0.039466,0.663796
1677105719,851306807,0.411706,0.671628,0.143143,0.747635,0.027265,-0.038470,0.662434
1677105719,860929947,0.411301,0.671390,0.143164,0.748039,0.027005,-0.036883,0.662078
1677105719,870783105,0.410901,0.671327,0.143205,0.748388,0.025690,-0.035793,0.661796
1677105719,880646486,0.410622,0.671399,0.143273,0.748767,0.023842,-0.034093,0.661526
1677105719,890803477,0.410272,0.671454,0.143310,0.749095,0.022339,-0.032027,0.661311
1677105719,900505266,0.409667,0.671339,0.143372,0.748781,0.021747,-0.030897,0.661740
1677105719,910486552,0.409315,0.671325,0.143468,0.748988,0.019896,-0.028921,0.661653
1677105719,921403082,0.408891,0.671470,0.143555,0.749734,0.018178,-0.027820,0.660904
1677105719,930718187,0.408551,0.671484,0.143692,0.749740,0.016754,-0.025741,0.661019
1677105719,940232202,0.408201,0.671422,0.143737,0.749209,0.015642,-0.023994,0.661715
1677105719,950403129,0.407796,0.671430,0.143808,0.749013,0.014401,-0.023429,0.661985
1677105719,960740228,0.407636,0.671500,0.143892,0.749411,0.013138,-0.021340,0.661631
1677105719,971161116,0.407457,0.671392,0.143961,0.749423,0.012081,-0.019995,0.661680
1677105719,981315233,0.407130,0.671326,0.144057,0.750143,0.011964,-0.020032,0.660863
1677105719,990909617,0.406950,0.671232,0.144151,0.751030,0.012153,-0.019325,0.659873
1677105720,874162,0.406900,0.671027,0.144267,0.751559,0.011950,-0.018976,0.659285
1677105720,10890702,0.406907,0.671070,0.144402,0.752646,0.011890,-0.019109,0.658040
1677105720,20473262,0.406946,0.670955,0.144471,0.752583,0.012035,-0.019593,0.658096
1677105720,30346018,0.407037,0.671014,0.144601,0.752990,0.012222,-0.020221,0.657607
1677105720,40296468,0.407145,0.670781,0.144620,0.752473,0.012623,-0.020668,0.658178
1677105720,50855811,0.407300,0.670686,0.144675,0.752530,0.012878,-0.020840,0.658103
1677105720,60694005,0.407401,0.670725,0.144762,0.753213,0.013098,-0.021758,0.657286
1677105720,70422565,0.407604,0.670637,0.144794,0.753171,0.013245,-0.022094,0.657320
1677105720,80547640,0.407718,0.670735,0.144833,0.753741,0.013907,-0.022660,0.656633
1677105720,90463991,0.407835,0.670662,0.144832,0.753437,0.014292,-0.023268,0.656953
1677105720,100504021,0.407946,0.670516,0.144810,0.752953,0.014578,-0.023432,0.657495
1677105720,110468330,0.407945,0.670624,0.144790,0.753328,0.015253,-0.023909,0.657034
1677105720,121084385,0.407940,0.670500,0.144730,0.753085,0.015305,-0.024335,0.657295
1677105720,131068151,0.407986,0.670411,0.144657,0.753221,0.014955,-0.024482,0.657141
1677105720,141409714,0.407926,0.670368,0.144617,0.753885,0.015086,-0.024400,0.656379
1677105720,151265659,0.407942,0.670225,0.144518,0.754222,0.014556,-0.024194,0.656013
1677105720,160915233,0.407953,0.670221,0.144414,0.755234,0.014280,-0.023651,0.654872
1677105720,171080986,0.407833,0.669997,0.144301,0.755385,0.014646,-0.023649,0.654690
1677105720,181209503,0.407804,0.669937,0.144219,0.755928,0.014734,-0.022869,0.654089
1677105720,190691138,0.407738,0.669851,0.144092,0.755833,0.014344,-0.022707,0.654214
1677105720,201204636,0.407624,0.669848,0.144024,0.755547,0.014073,-0.022267,0.654565
1677105720,211001164,0.407436,0.669830,0.143987,0.755461,0.013685,-0.022058,0.654679
1677105720,220505545,0.407279,0.669754,0.143999,0.755484,0.012934,-0.021662,0.654681
1677105720,230814608,0.407084,0.669575,0.144021,0.755650,0.012549,-0.020825,0.654525
1677105720,240937372,0.406928,0.669505,0.144123,0.756561,0.011743,-0.019834,0.653517
1677105720,250778123,0.406664,0.669335,0.144217,0.757147,0.011201,-0.019065,0.652870
1677105720,260334923,0.406504,0.669260,0.144270,0.757843,0.010607,-0.017382,0.652119
1677105720,270601059,0.406321,0.669343,0.144363,0.758684,0.009718,-0.016618,0.651174
1677105720,280866626,0.406089,0.669363,0.144388,0.758675,0.009414,-0.015722,0.651211
1677105720,290744670,0.405861,0.669353,0.144409,0.758471,0.009068,-0.015168,0.651467
1677105720,300952083,0.405608,0.669392,0.144416,0.758523,0.008481,-0.014885,0.651421
1677105720,310934714,0.405432,0.669307,0.144407,0.758455,0.008128,-0.013969,0.651525
1677105720,320724763,0.405310,0.669161,0.144437,0.758682,0.007454,-0.013341,0.651281
1677105720,331039329,0.405179,0.668958,0.144442,0.759132,0.007236,-0.012882,0.650769
1677105720,340841311,0.405204,0.669022,0.144497,0.760914,0.006447,-0.012257,0.648705
1677105720,350563158,0.405005,0.668814,0.144532,0.761534,0.007855,-0.011804,0.647969
1677105720,360717171,0.405006,0.668691,0.144523,0.761904,0.008456,-0.011334,0.647536
1677105720,371154695,0.405066,0.668741,0.144539,0.762268,0.008569,-0.011686,0.647099
1677105720,381222725,0.405128,0.668761,0.144530,0.762033,0.009288,-0.011765,0.647365
1677105720,390410159,0.405192,0.668821,0.144561,0.761732,0.009497,-0.012627,0.647699
1677105720,400664572,0.405211,0.668836,0.144560,0.761486,0.009983,-0.013230,0.647970
1677105720,410394511,0.405372,0.668924,0.144589,0.761972,0.009746,-0.013481,0.647396
1677105720,420200614,0.405376,0.668870,0.144619,0.762426,0.010154,-0.013952,0.646845
1677105720,430557995,0.405408,0.668696,0.144663,0.762896,0.010222,-0.014280,0.646283
1677105720,440944777,0.405496,0.668428,0.144735,0.763748,0.009717,-0.014939,0.645269
1677105720,450576536,0.405536,0.668120,0.144815,0.764821,0.009911,-0.014957,0.643993
1677105720,460659231,0.405600,0.667747,0.144862,0.765735,0.009997,-0.015134,0.642901
1677105720,470766425,0.405641,0.667333,0.144886,0.766237,0.010691,-0.015447,0.642283
1677105720,480852444,0.405775,0.667324,0.144955,0.767267,0.011135,-0.015649,0.641040
1677105720,490829929,0.405946,0.667340,0.145031,0.767690,0.011508,-0.016081,0.640516
1677105720,501131611,0.406050,0.667279,0.145038,0.767416,0.012004,-0.016946,0.640813
1677105720,510892104,0.406218,0.667207,0.145067,0.767076,0.012060,-0.017325,0.641209
1677105720,521378911,0.406258,0.667135,0.145094,0.767098,0.012599,-0.018047,0.641153
1677105720,530947795,0.406328,0.667098,0.145170,0.767683,0.012716,-0.018422,0.640438
1677105720,541020160,0.406348,0.666991,0.145214,0.768311,0.012991,-0.018486,0.639677
1677105720,550915680,0.406407,0.666705,0.145229,0.768531,0.013349,-0.018112,0.639416
1677105720,561084400,0.406575,0.666692,0.145341,0.769665,0.012898,-0.017764,0.638070
1677105720,570687775,0.406623,0.666500,0.145403,0.770097,0.013048,-0.017695,0.637548
1677105720,580672856,0.406659,0.666399,0.145482,0.770750,0.013397,-0.017821,0.636748
1677105720,590956588,0.406559,0.666289,0.145566,0.771118,0.014354,-0.018219,0.636270
1677105720,600462413,0.406640,0.666220,0.145706,0.771718,0.014682,-0.017958,0.635541
1677105720,610702169,0.406782,0.666160,0.145817,0.772264,0.014629,-0.017768,0.634885
1677105720,621232515,0.406857,0.666048,0.145934,0.772443,0.014622,-0.017953,0.634662
1677105720,631087274,0.406893,0.665892,0.146061,0.772511,0.014976,-0.018069,0.634568
1677105720,641333264,0.407001,0.665814,0.146181,0.772915,0.014994,-0.017936,0.634078
1677105720,651640467,0.407127,0.665693,0.146309,0.773374,0.014481,-0.018242,0.633522
1677105720,661354049,0.407135,0.665479,0.146423,0.773798,0.014993,-0.018411,0.632988
1677105720,671154397,0.407254,0.665376,0.146589,0.774812,0.014717,-0.018310,0.631756
1677105720,681026897,0.407368,0.665070,0.146743,0.775274,0.014665,-0.018041,0.631197
1677105720,690739007,0.407348,0.664917,0.146902,0.776321,0.015037,-0.018621,0.629883
1677105720,701365262,0.407305,0.664581,0.147028,0.776517,0.016048,-0.018169,0.629629
1677105720,711212150,0.407453,0.664434,0.147201,0.777225,0.015936,-0.018158,0.628758
1677105720,721231959,0.407592,0.664253,0.147380,0.777537,0.016105,-0.017995,0.628373
1677105720,730947500,0.407691,0.664224,0.147601,0.778254,0.016142,-0.018299,0.627475
1677105720,740838054,0.407857,0.664216,0.147801,0.778881,0.015923,-0.018661,0.626692
1677105720,750856795,0.407960,0.663991,0.148010,0.779158,0.016130,-0.018917,0.626334
1677105720,760886345,0.408081,0.663814,0.148219,0.780187,0.016441,-0.018979,0.625042
1677105720,771127178,0.408243,0.663511,0.148446,0.781327,0.016265,-0.019353,0.623610
1677105720,781065076,0.408359,0.663170,0.148657,0.782705,0.016841,-0.019437,0.621861
1677105720,791466041,0.408450,0.662854,0.148869,0.783665,0.017781,-0.019374,0.620626
1677105720,801101425,0.408592,0.662623,0.149029,0.784097,0.018351,-0.019651,0.620055
1677105720,811128065,0.408791,0.662825,0.149268,0.785304,0.018727,-0.019870,0.618508
1677105720,820591060,0.408935,0.662857,0.149453,0.785342,0.019216,-0.020226,0.618433
1677105720,830657253,0.409026,0.662841,0.149612,0.785360,0.020221,-0.020383,0.618374
1677105720,841270352,0.409030,0.662796,0.149817,0.785774,0.021167,-0.020536,0.617810
1677105720,850818699,0.409266,0.662810,0.150089,0.786924,0.020501,-0.020341,0.616374
1677105720,860789417,0.409289,0.662579,0.150313,0.787476,0.020784,-0.020519,0.615653
1677105720,871280288,0.409295,0.662401,0.150580,0.788397,0.021245,-0.020453,0.614459
1677105720,880896233,0.409451,0.662260,0.150838,0.789631,0.020743,-0.019949,0.612907
1677105720,890587995,0.409476,0.662171,0.151108,0.790930,0.020856,-0.020010,0.611223
1677105720,901044985,0.409499,0.661911,0.151301,0.791535,0.021150,-0.019743,0.610439
1677105720,911048142,0.409522,0.661805,0.151582,0.792330,0.021414,-0.019414,0.609408
1677105720,921283668,0.409639,0.661792,0.151910,0.793047,0.021202,-0.019113,0.608491
1677105720,930707058,0.409641,0.661732,0.152207,0.792931,0.021538,-0.019305,0.608624
1677105720,941132628,0.409739,0.661718,0.152491,0.792491,0.021515,-0.019180,0.609202
1677105720,950558112,0.409856,0.661944,0.152888,0.792743,0.021047,-0.019588,0.608878
1677105720,960211893,0.409858,0.661947,0.153206,0.792532,0.021001,-0.019879,0.609144
1677105720,970038789,0.409947,0.661850,0.153555,0.792933,0.020532,-0.019511,0.608650
1677105720,980066282,0.409947,0.661576,0.153880,0.793574,0.020358,-0.019427,0.607823
1677105720,990134807,0.409896,0.661286,0.154294,0.794964,0.020336,-0.019157,0.606012
1677105721,69233,0.409856,0.661006,0.154693,0.796426,0.020373,-0.018456,0.604110
1677105721,10235473,0.409859,0.660687,0.155072,0.797410,0.020585,-0.017278,0.602839
1677105721,20217187,0.409907,0.660486,0.155454,0.798261,0.019969,-0.017147,0.601736
1677105721,30145876,0.409836,0.660445,0.155848,0.799094,0.020216,-0.016960,0.600626
1677105721,40256836,0.409878,0.660414,0.156240,0.799281,0.019866,-0.016644,0.600399
1677105721,50477370,0.409913,0.660456,0.156658,0.799297,0.019560,-0.016139,0.600401
1677105721,61147804,0.409840,0.660413,0.157025,0.798879,0.019303,-0.016217,0.600963
1677105721,71036513,0.409699,0.660430,0.157485,0.798946,0.019242,-0.016001,0.600882
1677105721,81134410,0.409544,0.660384,0.157908,0.799082,0.018878,-0.015652,0.600722
1677105721,90590841,0.409425,0.660218,0.158302,0.799307,0.018328,-0.014485,0.600468
1677105721,101252973,0.409253,0.660012,0.158723,0.799906,0.017292,-0.014196,0.599708
1677105721,111051543,0.409041,0.659831,0.159186,0.800925,0.016986,-0.013109,0.598380
1677105721,120555325,0.408739,0.659397,0.159583,0.801013,0.016806,-0.012863,0.598272
1677105721,130956833,0.408625,0.659219,0.160065,0.801777,0.016133,-0.011620,0.597292
1677105721,140700350,0.408589,0.659172,0.160556,0.802311,0.015193,-0.010583,0.596619
1677105721,151019802,0.408473,0.659093,0.161028,0.802310,0.014803,-0.010120,0.596639
1677105721,160691770,0.408397,0.658971,0.161495,0.802034,0.014102,-0.009904,0.597029
1677105721,170536336,0.408306,0.658897,0.161968,0.801978,0.013698,-0.009465,0.597122
1677105721,181082327,0.408239,0.658669,0.162381,0.801546,0.012970,-0.009275,0.597721
1677105721,191167676,0.408054,0.658514,0.162876,0.801795,0.012866,-0.009246,0.597389
1677105721,201184015,0.407979,0.658489,0.163408,0.802466,0.012223,-0.008747,0.596509
1677105721,210850733,0.407839,0.658240,0.163845,0.802388,0.012027,-0.008296,0.596624
1677105721,221246362,0.407752,0.658078,0.164325,0.802525,0.011802,-0.007367,0.596456
1677105721,230972195,0.407644,0.658049,0.164869,0.803282,0.011410,-0.006977,0.595448
1677105721,240806944,0.407488,0.657691,0.165249,0.802737,0.011378,-0.006774,0.596187
1677105721,250896891,0.407411,0.657732,0.165846,0.803795,0.010594,-0.006853,0.594773
1677105721,260883737,0.407408,0.657455,0.166321,0.803626,0.009781,-0.006404,0.595020
1677105721,271234339,0.407253,0.657256,0.166816,0.803744,0.010090,-0.005991,0.594859
1677105721,280783180,0.407093,0.657130,0.167366,0.803861,0.009838,-0.006279,0.594703
1677105721,291248927,0.407136,0.657080,0.167927,0.804188,0.008945,-0.005661,0.594281
1677105721,301317331,0.406915,0.656872,0.168442,0.803908,0.009422,-0.005824,0.594650
1677105721,310869039,0.406949,0.657009,0.169081,0.804732,0.008595,-0.005213,0.593553
1677105721,321301485,0.406845,0.656830,0.169544,0.804173,0.009099,-0.004616,0.594307
1677105721,331291013,0.406824,0.656870,0.170135,0.804382,0.008882,-0.004310,0.594031
1677105721,340842807,0.406695,0.656852,0.170669,0.804257,0.009270,-0.004332,0.594194
1677105721,350923337,0.406704,0.656926,0.171293,0.804730,0.009205,-0.004218,0.593555
1677105721,361033605,0.406734,0.656841,0.171862,0.804790,0.008838,-0.004192,0.593479
1677105721,370859397,0.406711,0.656711,0.172421,0.805007,0.009238,-0.003885,0.593180
1677105721,380697350,0.406709,0.656606,0.172942,0.804999,0.009089,-0.003990,0.593193
1677105721,390859001,0.406796,0.656663,0.173532,0.805424,0.008704,-0.003643,0.592624
1677105721,400940963,0.406751,0.656839,0.174130,0.805627,0.009037,-0.003589,0.592343
1677105721,410938327,0.406550,0.656958,0.174685,0.805008,0.010144,-0.003493,0.593167
1677105721,421353457,0.406666,0.657288,0.175351,0.805022,0.009249,-0.003184,0.593165
1677105721,431407823,0.406604,0.657458,0.176011,0.804757,0.009088,-0.003116,0.593527
1677105721,440447560,0.406596,0.657651,0.176645,0.804650,0.008774,-0.002541,0.593680
1677105721,450998540,0.406537,0.657667,0.177253,0.804383,0.008175,-0.002816,0.594048
1677105721,460954407,0.406455,0.657754,0.177882,0.804711,0.008171,-0.002324,0.593606
1677105721,470586732,0.406390,0.657748,0.178447,0.804865,0.007848,-0.002028,0.593403
1677105721,480563107,0.406222,0.657743,0.178926,0.804712,0.007951,-0.001795,0.593609
1677105721,490250302,0.406212,0.657935,0.179483,0.805017,0.007197,-0.001247,0.593207
1677105721,500606338,0.406152,0.658035,0.179985,0.804779,0.006274,-0.001108,0.593541
1677105721,510348622,0.405998,0.658192,0.180503,0.804475,0.005973,-0.000793,0.593956
1677105721,520562891,0.405759,0.658321,0.180992,0.803552,0.006396,-0.000179,0.595200
1677105721,530440987,0.405707,0.658863,0.181723,0.803870,0.005410,0.000738,0.594780
1677105721,540101859,0.405471,0.659200,0.182294,0.802901,0.005537,0.001131,0.596086
1677105721,550313430,0.405272,0.659677,0.182947,0.802450,0.005450,0.001420,0.596693
1677105721,560664691,0.405286,0.660024,0.183562,0.801647,0.004969,0.002393,0.597772
1677105721,570465479,0.405151,0.660475,0.184241,0.801353,0.005405,0.002997,0.598160
1677105721,581423751,0.405060,0.660698,0.184874,0.800874,0.005663,0.002703,0.598800
1677105721,591420276,0.405135,0.660954,0.185553,0.801133,0.005942,0.002789,0.598451
1677105721,601506497,0.405128,0.661141,0.186187,0.801579,0.006913,0.001921,0.597846
1677105721,610675772,0.405407,0.661381,0.186901,0.802183,0.007056,0.001550,0.597034
1677105721,620520268,0.405549,0.661488,0.187523,0.801828,0.008525,0.000901,0.597493
1677105721,630863975,0.405804,0.661811,0.188257,0.801794,0.009236,-0.000544,0.597529
1677105721,641691752,0.406236,0.662247,0.189048,0.801772,0.009677,-0.001095,0.597550
1677105721,651197849,0.406492,0.662567,0.189786,0.801438,0.011076,-0.002149,0.597971
1677105721,661455943,0.406797,0.662910,0.190624,0.801500,0.011995,-0.003296,0.597865
1677105721,671614073,0.407204,0.663043,0.191407,0.801250,0.012823,-0.003838,0.598179
1677105721,681233390,0.407479,0.663252,0.192301,0.801530,0.014271,-0.004686,0.597766
1677105721,690984147,0.407864,0.663414,0.193257,0.801793,0.014611,-0.006077,0.597393
1677105721,701494246,0.408232,0.663362,0.194106,0.801350,0.015035,-0.007657,0.597957
1677105721,711168158,0.408631,0.663549,0.194961,0.801251,0.015447,-0.008968,0.598062
1677105721,721219315,0.409042,0.663658,0.195663,0.799675,0.015427,-0.010555,0.600142
1677105721,731677439,0.409282,0.664154,0.196401,0.798274,0.015307,-0.013122,0.601957
1677105721,741028758,0.409622,0.664655,0.197112,0.796145,0.014273,-0.014268,0.604770
1677105721,751278813,0.409742,0.665116,0.197813,0.794315,0.013692,-0.015014,0.607166
1677105721,760556613,0.409663,0.665497,0.198495,0.793414,0.013095,-0.015652,0.608341
1677105721,770610180,0.409554,0.665570,0.199169,0.793252,0.012354,-0.014704,0.608591
1677105721,780782324,0.409475,0.665526,0.199923,0.794397,0.010291,-0.013769,0.607156
1677105721,790973545,0.409161,0.665148,0.200664,0.795202,0.009287,-0.012301,0.606149
1677105721,800837326,0.408836,0.664877,0.201480,0.796358,0.007869,-0.010656,0.604681
1677105721,810684924,0.408562,0.664525,0.202243,0.796543,0.005743,-0.009341,0.604483
1677105721,820518758,0.408287,0.664314,0.202967,0.796090,0.003616,-0.008071,0.605114
1677105721,830027322,0.408111,0.664336,0.203718,0.795565,0.000942,-0.007147,0.605825
1677105721,841055551,0.407982,0.664299,0.204461,0.794643,-0.002090,-0.006504,0.607038
1677105721,850668483,0.407787,0.664130,0.205167,0.793590,-0.004310,-0.005633,0.608412
1677105721,860733900,0.407602,0.664092,0.205975,0.793963,-0.006667,-0.005604,0.607903
1677105721,871132848,0.407449,0.663771,0.206700,0.794348,-0.008188,-0.004602,0.607390
1677105721,880950293,0.407344,0.663344,0.207381,0.794992,-0.009170,-0.003745,0.606539
1677105721,890474597,0.407305,0.663193,0.208187,0.796699,-0.009689,-0.002497,0.604294
1677105721,900397634,0.407328,0.662763,0.208889,0.797207,-0.009748,-0.001516,0.603626
1677105721,911093993,0.407311,0.662362,0.209551,0.797535,-0.009160,-0.001646,0.603200
1677105721,920349049,0.407460,0.662111,0.210245,0.798010,-0.008962,-0.001744,0.602575
1677105721,930284618,0.407707,0.662097,0.210989,0.798775,-0.009093,-0.002315,0.601557
1677105721,940380902,0.407945,0.661903,0.211686,0.798919,-0.009496,-0.003458,0.601354
1677105721,951034425,0.408144,0.661537,0.212295,0.798443,-0.009326,-0.004687,0.601980
1677105721,960579932,0.408203,0.661136,0.212854,0.797899,-0.008592,-0.006229,0.602698
1677105721,970657691,0.408191,0.660597,0.213382,0.796953,-0.007330,-0.007788,0.603947
1677105721,980876027,0.408145,0.660189,0.213915,0.796426,-0.005770,-0.008683,0.604647
1677105721,991152787,0.408146,0.659940,0.214499,0.796564,-0.003848,-0.008557,0.604482
1677105722,916795,0.409315,0.660572,0.215586,0.800067,-0.008301,-0.006556,0.599817
1677105722,10833317,0.409435,0.660501,0.216136,0.800604,-0.007459,-0.005842,0.599119
1677105722,20619701,0.409495,0.660388,0.216613,0.800552,-0.006780,-0.005485,0.599200
1677105722,31134819,0.409445,0.660293,0.217097,0.800362,-0.006411,-0.006082,0.599452
1677105722,40972121,0.409606,0.660331,0.217610,0.800630,-0.007264,-0.005865,0.599086
1677105722,50245097,0.409615,0.660247,0.218055,0.800686,-0.007541,-0.006114,0.599005
1677105722,60630710,0.409608,0.660190,0.218500,0.801099,-0.007885,-0.006133,0.598449
1677105722,70880926,0.409625,0.659888,0.218816,0.800759,-0.008336,-0.006081,0.598897
1677105722,81279371,0.409681,0.659850,0.219283,0.801260,-0.008781,-0.005671,0.598225
1677105722,91186597,0.409626,0.659740,0.219705,0.801277,-0.008409,-0.005141,0.598212
1677105722,101157531,0.409540,0.659725,0.220120,0.801100,-0.008160,-0.005322,0.598451
1677105722,110904915,0.409578,0.659997,0.220694,0.801806,-0.008473,-0.004816,0.597504
1677105722,121211419,0.409586,0.660082,0.221173,0.801732,-0.008434,-0.003934,0.597611
1677105722,131170012,0.409520,0.660027,0.221579,0.801235,-0.008618,-0.003487,0.598278
1677105722,141410389,0.409394,0.660173,0.222111,0.801545,-0.008328,-0.002892,0.597869
1677105722,151394711,0.409341,0.660253,0.222600,0.801879,-0.008998,-0.002817,0.597412
1677105722,160534076,0.409285,0.660316,0.223083,0.802442,-0.009188,-0.002441,0.596655
1677105722,170844900,0.409273,0.660277,0.223574,0.803003,-0.009508,-0.002105,0.595895
1677105722,180698322,0.409306,0.660190,0.224115,0.803569,-0.009994,-0.001978,0.595125
1677105722,191346694,0.409288,0.659223,0.224499,0.801185,-0.011338,-0.003122,0.598302
1677105722,201099363,0.409260,0.659148,0.225059,0.801561,-0.010650,-0.003142,0.597810
1677105722,210696607,0.409284,0.658920,0.225548,0.800819,-0.010089,-0.002714,0.598815
1677105722,221206723,0.409459,0.659273,0.226227,0.801620,-0.010503,-0.003065,0.597734
1677105722,230879057,0.409434,0.659131,0.226662,0.800229,-0.009616,-0.003019,0.599610
1677105722,240428066,0.409511,0.659506,0.227285,0.800547,-0.009683,-0.003251,0.599183
1677105722,251239314,0.409551,0.659472,0.227784,0.799700,-0.009661,-0.003482,0.600312
1677105722,260926410,0.409523,0.659571,0.228368,0.799685,-0.009662,-0.003383,0.600333
1677105722,270905917,0.409465,0.659429,0.228854,0.799086,-0.009778,-0.003566,0.601126
1677105722,281153719,0.409371,0.659337,0.229379,0.798915,-0.009660,-0.003589,0.601355
1677105722,291029107,0.409261,0.659271,0.229948,0.798950,-0.009636,-0.003895,0.601308
1677105722,301435244,0.409249,0.659198,0.230480,0.798968,-0.009344,-0.003186,0.601293
1677105722,310989689,0.409141,0.659194,0.231011,0.799257,-0.008718,-0.003134,0.600917
1677105722,321326988,0.409155,0.659210,0.231517,0.799273,-0.008063,-0.002594,0.600908
1677105722,330970890,0.409174,0.659319,0.232055,0.799373,-0.007942,-0.002504,0.600777
1677105722,340175116,0.409149,0.659472,0.232610,0.799478,-0.007427,-0.002797,0.600643
1677105722,349982693,0.409153,0.659475,0.233140,0.799108,-0.007276,-0.002761,0.601137
1677105722,360830061,0.409343,0.659418,0.233662,0.798550,-0.008164,-0.002249,0.601869
1677105722,370087392,0.409356,0.659264,0.234137,0.797758,-0.007894,-0.001544,0.602925
1677105722,380386832,0.409435,0.659232,0.234654,0.797602,-0.008348,-0.000908,0.603125
1677105722,390800877,0.409447,0.659179,0.235224,0.797684,-0.008167,0.000086,0.603020
1677105722,400356624,0.409600,0.659095,0.235891,0.797879,-0.008916,0.000970,0.602751
1677105722,410799157,0.409658,0.659033,0.236565,0.798301,-0.008891,0.002031,0.602190
1677105722,421044479,0.408951,0.659367,0.237459,0.800027,-0.006060,-0.001444,0.599932
1677105722,431113954,0.409002,0.659392,0.238174,0.800237,-0.006383,-0.000316,0.599649
1677105722,441238490,0.408802,0.659403,0.238846,0.799851,-0.006250,-0.000731,0.600166
1677105722,451077332,0.408641,0.659606,0.239624,0.799876,-0.006408,-0.000851,0.600130
1677105722,461048256,0.408683,0.659750,0.240386,0.799526,-0.007183,0.000562,0.600588
1677105722,471394147,0.408433,0.659756,0.241138,0.798939,-0.007255,0.000515,0.601369
1677105722,481199048,0.408142,0.659853,0.241945,0.798957,-0.006906,0.001266,0.601348
1677105722,490489673,0.407764,0.659717,0.242670,0.798668,-0.006230,0.002080,0.601736
1677105722,501082513,0.407396,0.659471,0.243348,0.798305,-0.005345,0.003380,0.602220
1677105722,510468653,0.406989,0.659590,0.244121,0.799251,-0.004066,0.004775,0.600965
1677105722,520769046,0.406648,0.659620,0.244901,0.799717,-0.003632,0.005551,0.600341
1677105722,530364647,0.406382,0.659557,0.245589,0.799362,-0.003264,0.006697,0.600804
1677105722,540060747,0.407170,0.659919,0.246701,0.801295,-0.010036,0.007559,0.598137
1677105722,550390289,0.407024,0.659976,0.247388,0.800981,-0.010774,0.007949,0.598540
1677105722,559962020,0.406280,0.660047,0.247910,0.799979,-0.006922,0.009256,0.599917
1677105722,570286162,0.406147,0.660084,0.248581,0.799797,-0.007652,0.008926,0.600155
1677105722,580712134,0.406105,0.660079,0.249264,0.799517,-0.007899,0.010074,0.600507
1677105722,590444768,0.406070,0.660305,0.249991,0.799907,-0.008480,0.010541,0.599972
1677105722,600967741,0.406016,0.660482,0.250743,0.800186,-0.008838,0.011317,0.599580
1677105722,610646553,0.405952,0.660545,0.251445,0.800215,-0.009207,0.011367,0.599534
1677105722,620597354,0.405741,0.660564,0.252137,0.800487,-0.008379,0.011660,0.599178
1677105722,630236876,0.405739,0.660293,0.252750,0.799909,-0.008442,0.012659,0.599929
1677105722,640450622,0.405541,0.660189,0.253416,0.800261,-0.007929,0.012186,0.599475
1677105722,650469052,0.405571,0.660206,0.254125,0.801001,-0.008186,0.012730,0.598472
1677105722,660352769,0.405513,0.660044,0.254728,0.800743,-0.008027,0.012722,0.598819
1677105722,670666893,0.405425,0.659830,0.255282,0.800059,-0.007270,0.012513,0.599747
1677105722,680910357,0.405497,0.659866,0.255959,0.800306,-0.007871,0.012137,0.599418
1677105722,690317602,0.405470,0.659832,0.256559,0.800353,-0.007485,0.012131,0.599360
1677105722,701111558,0.405362,0.659674,0.257127,0.800409,-0.006511,0.012307,0.599293
1677105722,710960821,0.405185,0.659386,0.257634,0.800362,-0.005134,0.012100,0.599373
1677105722,721048565,0.405340,0.659333,0.258298,0.801514,-0.005124,0.013476,0.597802
1677105722,731022396,0.405381,0.659144,0.258896,0.801901,-0.004990,0.013396,0.597286
1677105722,740641557,0.406013,0.658867,0.259531,0.802508,-0.009133,0.011561,0.596459
1677105722,751026061,0.406064,0.658712,0.260004,0.802383,-0.008827,0.011406,0.596635
1677105722,760803427,0.406108,0.658635,0.260466,0.802407,-0.008893,0.010246,0.596622
1677105722,771343761,0.406130,0.658366,0.260883,0.801903,-0.008464,0.010010,0.597310
1677105722,781764339,0.406243,0.658263,0.261304,0.802125,-0.008169,0.010625,0.597006
1677105722,791168795,0.406186,0.658109,0.261691,0.802437,-0.007619,0.010135,0.596602
1677105722,801038871,0.406293,0.657942,0.262057,0.802623,-0.007789,0.010175,0.596349
1677105722,810535315,0.406228,0.657807,0.262451,0.802903,-0.007149,0.009485,0.595991
1677105722,820699245,0.406236,0.657645,0.262819,0.802971,-0.006402,0.009583,0.595907
1677105722,830706137,0.406321,0.657471,0.263169,0.802933,-0.006572,0.009312,0.595961
1677105722,841420452,0.406503,0.657355,0.263522,0.803126,-0.006926,0.009648,0.595691
1677105722,850930106,0.406394,0.657264,0.263839,0.803543,-0.006158,0.008513,0.595154
1677105722,861558810,0.406548,0.657084,0.264095,0.803492,-0.006410,0.008129,0.595225
1677105722,870638498,0.406635,0.656807,0.264314,0.803030,-0.005788,0.008146,0.595854
1677105722,880490013,0.406781,0.656827,0.264603,0.803406,-0.005546,0.007962,0.595352
1677105722,890278468,0.406908,0.656767,0.264831,0.803417,-0.004924,0.006911,0.595357
1677105722,900707828,0.407074,0.656610,0.264993,0.802736,-0.004332,0.006914,0.596279
1677105722,911605245,0.407263,0.656733,0.265291,0.803103,-0.004385,0.005890,0.595795
1677105722,921382544,0.407471,0.656543,0.265492,0.802535,-0.003848,0.005670,0.596565
1677105722,931032032,0.407753,0.656579,0.265848,0.803022,-0.004052,0.005655,0.595909
1677105722,941170126,0.407737,0.656284,0.266047,0.802432,-0.003174,0.004588,0.596717
1677105722,950814150,0.407996,0.656259,0.266425,0.802963,-0.003820,0.004728,0.595998
1677105722,960823190,0.408236,0.656202,0.266791,0.803075,-0.004604,0.005010,0.595839
1677105722,970431545,0.408204,0.656040,0.267051,0.802533,-0.004250,0.004733,0.596574
1677105722,980463496,0.408173,0.656019,0.267388,0.802359,-0.004112,0.004200,0.596813
1677105722,990715648,0.408381,0.656096,0.267759,0.802517,-0.005089,0.004730,0.596588
1677105723,848465,0.408240,0.656025,0.268167,0.802229,-0.004705,0.004505,0.596981
1677105723,10134332,0.408175,0.656026,0.268656,0.802570,-0.004603,0.005027,0.596519
1677105723,20171176,0.408041,0.656020,0.269140,0.803137,-0.004367,0.005484,0.595753
1677105723,30562641,0.407501,0.655992,0.269713,0.804192,-0.001248,0.006014,0.594337
1677105723,40733175,0.407440,0.655851,0.270125,0.804437,-0.001532,0.007014,0.593995
1677105723,49991137,0.407369,0.655848,0.270572,0.804991,-0.001651,0.008013,0.593231
1677105723,60495954,0.407348,0.655864,0.270943,0.805223,-0.002012,0.009184,0.592898
1677105723,71212091,0.407078,0.655881,0.271318,0.804922,-0.000937,0.009880,0.593298
1677105723,80523828,0.407276,0.656092,0.271808,0.804944,-0.002529,0.010750,0.593249
1677105723,90432637,0.407206,0.656273,0.272307,0.804499,-0.002502,0.011140,0.593844
1677105723,100277089,0.407293,0.656541,0.272885,0.804387,-0.002870,0.011773,0.593982
1677105723,110413042,0.407332,0.656592,0.273391,0.803502,-0.002805,0.012352,0.595168
1677105723,120705059,0.407461,0.656807,0.273981,0.803251,-0.002858,0.012860,0.595495
1677105723,131203787,0.407530,0.656866,0.274495,0.802523,-0.002357,0.012984,0.596475
1677105723,141106611,0.407791,0.657045,0.275039,0.802704,-0.002973,0.013072,0.596227
1677105723,151295938,0.407938,0.656905,0.275507,0.802285,-0.002492,0.012767,0.596799
1677105723,161140620,0.408159,0.656855,0.275960,0.802689,-0.002112,0.012988,0.596252
1677105723,171028816,0.408299,0.656718,0.276369,0.802683,-0.001332,0.012253,0.596279
1677105723,181171558,0.408573,0.656713,0.276824,0.803116,-0.001202,0.011559,0.595710
1677105723,190894705,0.408824,0.656683,0.277259,0.802872,-0.000575,0.011094,0.596048
1677105723,200752451,0.409121,0.656744,0.277671,0.802654,-0.000356,0.010263,0.596357
1677105723,210849096,0.409407,0.656835,0.278113,0.802353,0.000510,0.009684,0.596770
1677105723,221286618,0.409712,0.656956,0.278558,0.802186,0.000846,0.009021,0.597006
1677105723,231309712,0.409938,0.656975,0.278968,0.801840,0.001273,0.008132,0.597482
1677105723,241241111,0.410135,0.656991,0.279374,0.801744,0.002110,0.008107,0.597608
1677105723,250704523,0.410275,0.657161,0.279831,0.802160,0.002474,0.007594,0.597056
1677105723,261166434,0.410409,0.657265,0.280197,0.802210,0.002808,0.007907,0.596983
1677105723,271062064,0.410453,0.657390,0.280607,0.802270,0.002911,0.007766,0.596904
1677105723,281118939,0.410598,0.657505,0.281046,0.802328,0.002265,0.008176,0.596823
1677105723,290561573,0.410604,0.657490,0.281425,0.801921,0.002080,0.008425,0.597367
1677105723,300407904,0.410568,0.657710,0.281918,0.802441,0.001902,0.008798,0.596663
1677105723,310831544,0.410531,0.657806,0.282406,0.802435,0.001977,0.009841,0.596655
1677105723,320996916,0.410422,0.657781,0.282869,0.802030,0.001876,0.010000,0.597197
1677105723,330661541,0.410417,0.658000,0.283428,0.802112,0.001506,0.010948,0.597071
1677105723,341186220,0.410211,0.658047,0.283859,0.801315,0.001616,0.010573,0.598147
1677105723,351040558,0.410169,0.658258,0.284388,0.801055,0.001101,0.011195,0.598485
1677105723,361400875,0.410168,0.658348,0.284910,0.800574,0.000325,0.011943,0.599115
1677105723,370913676,0.410093,0.658423,0.285426,0.800571,-0.000080,0.012258,0.599112
1677105723,380826738,0.410189,0.658396,0.285940,0.800785,-0.001583,0.012890,0.598811
1677105723,391009857,0.410029,0.658313,0.286431,0.801198,-0.000953,0.013660,0.598242
1677105723,401353617,0.410041,0.658126,0.286935,0.801587,-0.001649,0.014022,0.597711
1677105723,410969271,0.410021,0.657938,0.287434,0.801687,-0.001962,0.014104,0.597574
1677105723,420623283,0.410038,0.657882,0.287941,0.801948,-0.002002,0.014469,0.597215
1677105723,430793915,0.410013,0.657804,0.288371,0.801865,-0.002096,0.013944,0.597339
1677105723,440697540,0.410142,0.657771,0.288763,0.801559,-0.002983,0.013780,0.597750
1677105723,450543688,0.410166,0.657715,0.289089,0.800899,-0.002744,0.013947,0.598631
1677105723,460823569,0.410200,0.657822,0.289518,0.801057,-0.002908,0.013995,0.598417
1677105723,470899115,0.410137,0.657766,0.289853,0.800797,-0.002697,0.013439,0.598779
1677105723,480901371,0.410177,0.657875,0.290256,0.801551,-0.002892,0.013810,0.597760
1677105723,490530135,0.410158,0.657755,0.290548,0.801642,-0.003128,0.013684,0.597640
1677105723,501269874,0.410189,0.657842,0.290940,0.802526,-0.003592,0.013860,0.596446
1677105723,511281635,0.410092,0.657912,0.291288,0.803091,-0.003285,0.013728,0.595689
1677105723,521301243,0.410069,0.658130,0.291691,0.803848,-0.003356,0.013540,0.594672
1677105723,531398321,0.410071,0.658122,0.292024,0.803539,-0.003862,0.013494,0.595086
1677105723,541334032,0.409954,0.658332,0.292421,0.803811,-0.003436,0.013373,0.594724
1677105723,551073372,0.409927,0.658453,0.292753,0.803877,-0.003806,0.013249,0.594636
1677105723,561418512,0.409839,0.658536,0.293101,0.804097,-0.003990,0.013150,0.594339
1677105723,571023097,0.409774,0.658725,0.293548,0.805001,-0.004165,0.013345,0.593109
1677105723,581047945,0.409640,0.658791,0.293890,0.805457,-0.004051,0.013438,0.592487
1677105723,590744997,0.409490,0.658938,0.294303,0.806301,-0.003639,0.013580,0.591338
1677105723,601373975,0.409413,0.659044,0.294673,0.806902,-0.003579,0.013650,0.590517
1677105723,610585966,0.409502,0.657320,0.294549,0.801469,-0.003457,0.014822,0.597842
1677105723,621538311,0.409516,0.657318,0.294879,0.801724,-0.003317,0.014875,0.597500
1677105723,631372826,0.409503,0.657173,0.295182,0.801512,-0.002961,0.014633,0.597792
1677105723,640810114,0.409586,0.657076,0.295431,0.801300,-0.002815,0.014662,0.598076
1677105723,651234278,0.409627,0.657224,0.295790,0.801982,-0.002669,0.014223,0.597173
1677105723,661490608,0.409612,0.657093,0.296009,0.801585,-0.001909,0.014094,0.597711
1677105723,671112680,0.409754,0.657160,0.296275,0.801815,-0.002067,0.014166,0.597401
1677105723,680481950,0.409749,0.657088,0.296475,0.801591,-0.001232,0.014173,0.597703
1677105723,691085023,0.409778,0.657034,0.296654,0.801334,-0.000976,0.013849,0.598057
1677105723,701027938,0.409775,0.657207,0.296922,0.801835,-0.000333,0.013908,0.597384
1677105723,710803782,0.409853,0.657333,0.297150,0.801857,-0.000523,0.013836,0.597355
1677105723,720898786,0.409788,0.657443,0.297405,0.801843,-0.000223,0.013275,0.597388
1677105723,730906335,0.409702,0.657316,0.297548,0.801041,0.000418,0.013308,0.598461
1677105723,740853308,0.409771,0.657297,0.297736,0.800953,-0.000200,0.013317,0.598579
1677105723,751101712,0.409787,0.657385,0.297941,0.801624,-0.000458,0.013656,0.597673
1677105723,760623459,0.409757,0.657191,0.298005,0.801336,-0.000414,0.014020,0.598051
1677105723,770632867,0.409806,0.657275,0.298227,0.801907,-0.000741,0.014631,0.597269
1677105723,780420252,0.409706,0.657190,0.298340,0.801449,-0.000623,0.014388,0.597889
1677105723,790779242,0.409722,0.657264,0.298560,0.801455,-0.000860,0.014941,0.597867
1677105723,800597234,0.409830,0.657210,0.298705,0.800971,-0.001894,0.015263,0.598505
1677105723,810214072,0.409770,0.657237,0.298852,0.800835,-0.001958,0.015307,0.598686
1677105723,821374189,0.409674,0.657267,0.298965,0.800710,-0.001859,0.015114,0.598858
1677105723,830863982,0.409676,0.657238,0.299105,0.800482,-0.002230,0.015274,0.599158
1677105723,840436629,0.409691,0.657304,0.299273,0.800586,-0.002547,0.015659,0.599008
1677105723,850931632,0.409596,0.657386,0.299406,0.800886,-0.002122,0.015675,0.598607
1677105723,860970118,0.409694,0.657425,0.299554,0.801089,-0.002916,0.016081,0.598322
1677105723,871109671,0.409672,0.657407,0.299640,0.801029,-0.002990,0.016096,0.598402
1677105723,880729544,0.409738,0.657339,0.299716,0.800719,-0.003415,0.016294,0.598809
1677105723,890948625,0.409692,0.657320,0.299785,0.800495,-0.003210,0.016202,0.599112
1677105723,900858534,0.409774,0.657298,0.299875,0.800351,-0.003676,0.016152,0.599303
1677105723,911315347,0.409727,0.657364,0.299966,0.800587,-0.003231,0.016019,0.598994
1677105723,921332410,0.409715,0.657332,0.300023,0.800534,-0.002989,0.015622,0.599076
1677105723,930924183,0.409844,0.657325,0.300124,0.800635,-0.003446,0.015944,0.598930
1677105723,940968037,0.409928,0.657317,0.300227,0.800597,-0.003584,0.015918,0.598981
1677105723,951214000,0.409893,0.657324,0.300299,0.800505,-0.003209,0.015657,0.599113
1677105723,961046177,0.409850,0.657448,0.300477,0.800716,-0.002601,0.015826,0.598830
1677105723,970979109,0.409965,0.657428,0.300568,0.800451,-0.003216,0.015814,0.599181
1677105723,981174229,0.409905,0.657436,0.300643,0.800138,-0.002913,0.015688,0.599603
1677105723,990712999,0.409859,0.657488,0.300743,0.800203,-0.002853,0.015602,0.599520
1677105724,938457,0.409857,0.657522,0.300879,0.800264,-0.003012,0.015828,0.599431
1677105724,10543577,0.409821,0.657385,0.300995,0.799882,-0.003253,0.015956,0.599936
1677105724,21053292,0.409793,0.657343,0.301120,0.799813,-0.003560,0.016414,0.600014
1677105724,30594084,0.409849,0.657284,0.301279,0.799685,-0.004445,0.017109,0.600159
1677105724,41255643,0.409880,0.657266,0.301402,0.799609,-0.005185,0.017988,0.600230
1677105724,51077562,0.409845,0.657259,0.301494,0.799531,-0.005936,0.017843,0.600331
1677105724,60767151,0.409864,0.657259,0.301564,0.799494,-0.006542,0.018429,0.600356
1677105724,71083450,0.409657,0.657326,0.301633,0.799560,-0.006127,0.018422,0.600273
1677105724,80686187,0.409689,0.657331,0.301684,0.799272,-0.006992,0.018852,0.600633
1677105724,90557685,0.409684,0.657358,0.301790,0.798988,-0.007577,0.019050,0.600998
1677105724,100658711,0.409763,0.657462,0.301960,0.799029,-0.008189,0.019546,0.600918
1677105724,110878388,0.409736,0.657336,0.302010,0.798404,-0.008220,0.019436,0.601752
1677105724,120723677,0.409658,0.657326,0.302154,0.798323,-0.007823,0.019070,0.601876
1677105724,130883727,0.409889,0.657355,0.302343,0.798515,-0.008923,0.019067,0.601606
1677105724,140130136,0.410017,0.657065,0.302408,0.797897,-0.009009,0.019094,0.602423
1677105724,150495045,0.410142,0.657039,0.302664,0.798604,-0.009099,0.018926,0.601490
1677105724,160136843,0.410332,0.656866,0.302813,0.798750,-0.009302,0.018502,0.601306
1677105724,170163351,0.410438,0.656658,0.302951,0.798594,-0.008681,0.018537,0.601521
1677105724,180542779,0.410663,0.656576,0.303099,0.798496,-0.008976,0.018628,0.601645
1677105724,190159493,0.410664,0.656632,0.303258,0.798825,-0.008421,0.017397,0.601253
1677105724,200141473,0.410758,0.656604,0.303372,0.798627,-0.008527,0.017126,0.601522
1677105724,210654057,0.410602,0.656694,0.303493,0.798924,-0.007120,0.016655,0.601159
1677105724,220551709,0.410882,0.656567,0.303546,0.798464,-0.008465,0.016787,0.601749
1677105724,230591301,0.410958,0.656413,0.303542,0.797877,-0.008685,0.016789,0.602523
1677105724,241061502,0.411064,0.656386,0.303576,0.798028,-0.009279,0.016919,0.602312
1677105724,250631959,0.410851,0.656433,0.303617,0.798495,-0.008342,0.016581,0.601715
1677105724,261199800,0.409326,0.656873,0.304019,0.801402,0.000286,0.015789,0.597918
1677105724,271289465,0.409301,0.656778,0.304009,0.801473,-0.000083,0.015838,0.597821
