secs,nsecs,tx,ty,tz,rx,ry,rz,rw
1677104629,161671359,0.331964,0.524367,0.475314,0.497070,-0.188363,-0.252316,0.808565
1677104629,172493637,0.331634,0.524335,0.475505,0.494605,-0.188205,-0.253459,0.809755
1677104629,182010747,0.331643,0.524485,0.475542,0.493833,-0.187778,-0.253277,0.810382
1677104629,192529298,0.331977,0.524894,0.475382,0.495561,-0.187145,-0.251997,0.809872
1677104629,201587696,0.331737,0.524758,0.475665,0.493644,-0.187623,-0.253036,0.810608
1677104629,211687685,0.331671,0.524770,0.475821,0.493340,-0.187742,-0.253290,0.810686
1677104629,221954861,0.331626,0.524798,0.475993,0.493292,-0.188176,-0.253495,0.810551
1677104629,232372347,0.331482,0.524876,0.476205,0.493343,-0.187967,-0.253859,0.810455
1677104629,242022014,0.331354,0.524957,0.476398,0.493757,-0.187892,-0.253874,0.810215
1677104629,252698974,0.331315,0.525011,0.476619,0.493779,-0.188542,-0.253609,0.810134
1677104629,262294445,0.331257,0.524999,0.476870,0.493469,-0.189425,-0.253186,0.810249
1677104629,272288830,0.331034,0.525070,0.477108,0.493373,-0.189553,-0.253233,0.810263
1677104629,281960008,0.331046,0.525338,0.477265,0.494245,-0.189984,-0.252554,0.809842
1677104629,292677508,0.330950,0.525472,0.477448,0.494180,-0.190156,-0.252079,0.809989
1677104629,302050280,0.330861,0.525637,0.477619,0.493868,-0.190074,-0.251581,0.810354
1677104629,312146346,0.330861,0.525824,0.477727,0.493626,-0.190210,-0.250951,0.810665
1677104629,322324649,0.330940,0.526098,0.477782,0.493819,-0.190554,-0.250226,0.810691
1677104629,331876242,0.330892,0.526267,0.477898,0.492945,-0.190666,-0.250380,0.811148
1677104629,342490242,0.330783,0.526403,0.478009,0.492298,-0.190185,-0.250423,0.811640
1677104629,352203358,0.330847,0.526659,0.478055,0.492501,-0.190174,-0.250309,0.811555
1677104629,362607962,0.330835,0.526928,0.478094,0.492820,-0.189955,-0.250672,0.811301
1677104629,372365657,0.330889,0.527056,0.478196,0.492763,-0.190154,-0.250703,0.811279
1677104629,381881871,0.331008,0.527150,0.478286,0.493016,-0.190085,-0.250141,0.811315
1677104629,392002314,0.331065,0.527141,0.478377,0.492857,-0.190331,-0.250029,0.811389
1677104629,402113600,0.331106,0.527175,0.478479,0.492718,-0.190635,-0.250069,0.811389
1677104629,411949421,0.331185,0.527246,0.478513,0.492932,-0.190695,-0.249832,0.811319
1677104629,422152605,0.331188,0.527300,0.478580,0.492894,-0.190408,-0.249925,0.811380
1677104629,432248211,0.331221,0.527296,0.478653,0.492536,-0.190339,-0.249958,0.811603
1677104629,442064273,0.331283,0.527355,0.478663,0.492710,-0.190290,-0.249806,0.811556
1677104629,452303826,0.331377,0.527434,0.478669,0.492579,-0.190462,-0.249822,0.811591
1677104629,462604173,0.331517,0.527623,0.478594,0.492903,-0.190471,-0.249632,0.811450
1677104629,472082835,0.331725,0.527758,0.478544,0.492782,-0.191017,-0.249149,0.811544
1677104629,481415071,0.331867,0.527968,0.478437,0.492829,-0.190153,-0.248458,0.811930
1677104629,492432734,0.331870,0.528213,0.478307,0.492489,-0.189607,-0.249048,0.812083
1677104629,502370804,0.331940,0.528430,0.478222,0.491976,-0.189330,-0.249149,0.812428
1677104629,512358959,0.332102,0.528614,0.478090,0.491902,-0.189166,-0.248885,0.812592
1677104629,522164192,0.332144,0.528770,0.477989,0.491909,-0.188815,-0.248965,0.812644
1677104629,531836580,0.332249,0.528946,0.477868,0.492333,-0.188745,-0.248964,0.812404
1677104629,542182389,0.332183,0.528948,0.477831,0.491924,-0.188052,-0.249338,0.812698
1677104629,552138897,0.332363,0.529054,0.477743,0.492377,-0.187851,-0.248872,0.812613
1677104629,562036330,0.332602,0.529240,0.477599,0.493130,-0.188175,-0.248709,0.812131
1677104629,572063718,0.332716,0.529202,0.477544,0.492697,-0.187970,-0.248374,0.812544
1677104629,582166005,0.332872,0.529250,0.477452,0.492528,-0.188087,-0.248147,0.812689
1677104629,592740914,0.332956,0.529340,0.477329,0.492605,-0.188164,-0.248273,0.812585
1677104629,602121374,0.333055,0.529458,0.477225,0.492794,-0.187727,-0.248006,0.812653
1677104629,612211823,0.333062,0.529573,0.477119,0.492877,-0.187229,-0.248194,0.812661
1677104629,622150825,0.333107,0.529640,0.477035,0.492598,-0.186746,-0.248153,0.812953
1677104629,631580479,0.333234,0.529647,0.476970,0.492270,-0.186861,-0.247975,0.813180
1677104629,641742513,0.333276,0.529776,0.476895,0.492445,-0.186692,-0.248408,0.812981
1677104629,652120277,0.333360,0.529871,0.476821,0.492585,-0.186794,-0.248664,0.812794
1677104629,661431050,0.333529,0.529909,0.476753,0.492734,-0.187138,-0.248504,0.812673
1677104629,671361925,0.333683,0.530054,0.476654,0.493336,-0.186982,-0.248102,0.812467
1677104629,681439480,0.333948,0.530304,0.476458,0.494202,-0.186879,-0.247175,0.812247
1677104629,692288684,0.334081,0.530442,0.476318,0.493814,-0.186337,-0.247082,0.812636
1677104629,702086750,0.334471,0.530679,0.476166,0.493642,-0.186778,-0.246637,0.812774
1677104629,712367384,0.334671,0.530838,0.476072,0.493101,-0.185868,-0.246447,0.813369
1677104629,721683153,0.334908,0.530984,0.476044,0.492575,-0.185662,-0.247103,0.813535
1677104629,731852814,0.335203,0.531193,0.476009,0.492955,-0.185326,-0.247642,0.813218
1677104629,742202824,0.335728,0.531242,0.476004,0.493627,-0.186083,-0.247231,0.812762
1677104629,752151437,0.335817,0.531310,0.476097,0.493986,-0.185171,-0.248500,0.812365
1677104629,762116449,0.336089,0.531411,0.476098,0.494806,-0.184969,-0.249017,0.811754
1677104629,772098057,0.336475,0.531442,0.476074,0.495218,-0.184975,-0.248653,0.811613
1677104629,781719198,0.336639,0.531594,0.475970,0.495081,-0.184309,-0.249027,0.811733
1677104629,791362843,0.336940,0.531920,0.475699,0.495542,-0.183912,-0.248856,0.811594
1677104629,801222987,0.338251,0.532621,0.474948,0.498341,-0.185572,-0.245615,0.810489
1677104629,811366736,0.338581,0.532940,0.474421,0.497655,-0.185255,-0.244975,0.811176
1677104629,821348601,0.338975,0.533303,0.473732,0.496931,-0.185775,-0.244618,0.811609
1677104629,831563929,0.339285,0.533729,0.472868,0.496233,-0.185982,-0.244979,0.811880
1677104629,841904655,0.339938,0.533662,0.471834,0.494006,-0.188074,-0.243981,0.813056
1677104629,852421987,0.340339,0.534145,0.470518,0.494454,-0.187846,-0.244294,0.812742
1677104629,862223825,0.340952,0.534538,0.468984,0.495296,-0.188374,-0.244046,0.812181
1677104629,872401712,0.341545,0.534776,0.467254,0.495233,-0.188487,-0.243692,0.812300
1677104629,881819846,0.342209,0.535080,0.465223,0.495053,-0.189394,-0.243766,0.812176
1677104629,892339936,0.343054,0.535548,0.462866,0.495636,-0.190235,-0.243383,0.811739
1677104629,902709387,0.343918,0.535909,0.460269,0.495456,-0.190007,-0.242697,0.812108
1677104629,912358506,0.345003,0.536584,0.457294,0.496677,-0.189107,-0.242092,0.811752
1677104629,921478926,0.346007,0.537083,0.454152,0.496851,-0.187208,-0.241812,0.812169
1677104629,931432732,0.347126,0.537690,0.450745,0.497255,-0.184494,-0.241605,0.812604
1677104629,941752551,0.348544,0.538229,0.447127,0.497747,-0.182918,-0.241450,0.812706
1677104629,952456080,0.350069,0.538584,0.443375,0.498022,-0.181661,-0.241282,0.812869
1677104629,962543707,0.351350,0.538679,0.439633,0.498049,-0.180781,-0.243235,0.812467
1677104629,972617981,0.352547,0.538637,0.435850,0.498898,-0.180484,-0.246181,0.811123
1677104629,981904681,0.353831,0.538342,0.432049,0.500547,-0.180730,-0.248041,0.809485
1677104629,991758447,0.354951,0.538125,0.428099,0.503540,-0.180953,-0.249934,0.806992
1677104630,2519455,0.355775,0.537754,0.424107,0.505352,-0.181309,-0.251428,0.805314
1677104630,12320318,0.356556,0.537710,0.419775,0.508269,-0.181508,-0.251250,0.803487
1677104630,22497094,0.357269,0.537683,0.415255,0.509664,-0.181422,-0.249468,0.803178
1677104630,32605773,0.357986,0.538022,0.410397,0.511459,-0.181086,-0.247154,0.802828
1677104630,42018281,0.358614,0.538652,0.405314,0.513662,-0.179792,-0.244807,0.802431
1677104630,51650185,0.359329,0.539084,0.400153,0.514954,-0.178734,-0.242405,0.802569
1677104630,62589885,0.359977,0.539422,0.394926,0.516666,-0.177313,-0.241198,0.802147
1677104630,72382330,0.360856,0.539652,0.389590,0.519136,-0.175558,-0.239987,0.801301
1677104630,81765959,0.361782,0.539655,0.384209,0.521489,-0.174755,-0.240093,0.799916
1677104630,91974874,0.362686,0.539544,0.378779,0.523610,-0.173340,-0.241467,0.798423
1677104630,102603523,0.363758,0.539613,0.373192,0.526407,-0.172046,-0.243519,0.796238
1677104630,112001200,0.365005,0.539776,0.367544,0.528988,-0.171038,-0.246095,0.793949
1677104630,122250839,0.366413,0.540330,0.361760,0.532298,-0.169996,-0.248145,0.791318
1677104630,131707030,0.367558,0.540711,0.356027,0.533557,-0.162917,-0.247184,0.792259
1677104630,141888028,0.368887,0.541492,0.350092,0.533995,-0.162351,-0.250075,0.791172
1677104630,151764193,0.370112,0.542387,0.344165,0.535378,-0.158901,-0.249565,0.791099
1677104630,161936713,0.371301,0.543716,0.338127,0.538076,-0.156657,-0.249597,0.789705
1677104630,172549347,0.372374,0.544945,0.332186,0.539592,-0.154447,-0.249091,0.789266
1677104630,182349478,0.373369,0.546127,0.326332,0.540443,-0.152396,-0.248884,0.789147
1677104630,192133398,0.374329,0.547261,0.320627,0.540667,-0.151024,-0.249559,0.789045
1677104630,202143478,0.375298,0.548596,0.314897,0.541900,-0.149441,-0.250348,0.788250
1677104630,211653718,0.376327,0.549474,0.309396,0.540930,-0.149070,-0.252128,0.788419
1677104630,221562350,0.377310,0.550932,0.303877,0.543485,-0.146316,-0.252285,0.787126
1677104630,231836450,0.378261,0.552133,0.298504,0.545349,-0.144165,-0.253250,0.785924
1677104630,241415554,0.379109,0.553225,0.293311,0.546892,-0.141882,-0.254699,0.784798
1677104630,251339819,0.380101,0.554313,0.288242,0.549239,-0.138938,-0.254329,0.783804
1677104630,262159889,0.380941,0.555395,0.283421,0.551324,-0.136279,-0.255131,0.782546
1677104630,272100096,0.381637,0.556672,0.278684,0.553788,-0.133772,-0.256431,0.780812
1677104630,281650817,0.382448,0.557639,0.274023,0.553948,-0.134323,-0.258073,0.780062
1677104630,292061011,0.382966,0.559071,0.269500,0.557811,-0.129591,-0.256222,0.778719
1677104630,302254644,0.383196,0.560433,0.264977,0.558492,-0.126024,-0.257134,0.778516
1677104630,312416107,0.384312,0.561690,0.260486,0.559525,-0.127202,-0.256283,0.777863
1677104630,322199968,0.385110,0.563216,0.255994,0.560292,-0.125755,-0.257100,0.777276
1677104630,332075508,0.385917,0.564627,0.251730,0.560240,-0.122943,-0.257473,0.777640
1677104630,341601336,0.386846,0.566105,0.247578,0.560232,-0.120933,-0.258771,0.777530
1677104630,352518413,0.387846,0.567555,0.243558,0.560214,-0.118655,-0.259756,0.777566
1677104630,361923352,0.388840,0.569089,0.239716,0.560984,-0.116933,-0.261064,0.776833
1677104630,372623464,0.389702,0.570441,0.236138,0.561090,-0.114243,-0.261352,0.777060
1677104630,382381838,0.390455,0.572099,0.232703,0.562543,-0.112406,-0.261903,0.776091
1677104630,392423518,0.391056,0.573584,0.229561,0.563304,-0.110234,-0.260870,0.776199
1677104630,401995947,0.391513,0.575268,0.226563,0.564425,-0.108812,-0.259505,0.776042
1677104630,411644269,0.391834,0.576847,0.223677,0.564508,-0.107533,-0.257036,0.776982
1677104630,422100544,0.392178,0.578815,0.220705,0.564739,-0.107675,-0.254921,0.777490
1677104630,431799245,0.392398,0.580607,0.217858,0.562956,-0.108041,-0.253437,0.779216
1677104630,442077952,0.392932,0.582341,0.215014,0.561306,-0.109003,-0.251728,0.780825
1677104630,451633698,0.393446,0.583931,0.212340,0.559718,-0.108299,-0.250705,0.782390
1677104630,462380665,0.394054,0.585316,0.209811,0.558514,-0.107981,-0.251374,0.783080
1677104630,472012829,0.394835,0.586217,0.207437,0.555589,-0.108896,-0.253451,0.784363
1677104630,482407887,0.395715,0.587538,0.205176,0.556425,-0.106759,-0.254634,0.783680
1677104630,492007888,0.396600,0.588708,0.203063,0.556313,-0.104228,-0.256479,0.783499
1677104630,501476408,0.397722,0.589825,0.201064,0.556748,-0.101645,-0.256536,0.783511
1677104630,511709749,0.398491,0.591067,0.199319,0.557143,-0.098326,-0.258111,0.783136
1677104630,522302060,0.399161,0.592278,0.197770,0.557184,-0.095752,-0.259415,0.782995
1677104630,531844660,0.399883,0.593397,0.196376,0.556991,-0.094994,-0.259485,0.783201
1677104630,541641077,0.400323,0.594766,0.195086,0.556611,-0.094071,-0.259468,0.783588
1677104630,552142617,0.400677,0.596223,0.193910,0.555312,-0.094651,-0.258916,0.784622
1677104630,561392853,0.400888,0.597720,0.192767,0.552831,-0.095520,-0.257912,0.786597
1677104630,571831930,0.401126,0.599301,0.191682,0.549844,-0.097102,-0.256365,0.789000
1677104630,582297458,0.401371,0.600980,0.190630,0.547345,-0.098610,-0.254571,0.791128
1677104630,592702058,0.401593,0.602507,0.189721,0.544573,-0.099793,-0.252839,0.793445
1677104630,602481693,0.401633,0.604013,0.188929,0.542190,-0.099646,-0.251907,0.795389
1677104630,612658429,0.402027,0.605609,0.188189,0.541600,-0.099769,-0.249637,0.796490
1677104630,622732901,0.402126,0.607005,0.187653,0.540201,-0.098655,-0.248559,0.797915
1677104630,631796927,0.402367,0.608438,0.187134,0.540178,-0.098211,-0.246668,0.798572
1677104630,642489714,0.402412,0.609737,0.186751,0.539611,-0.097372,-0.245164,0.799521
1677104630,652087110,0.402604,0.610981,0.186342,0.538836,-0.098100,-0.243131,0.800575
1677104630,662135970,0.402700,0.612188,0.185947,0.537324,-0.099401,-0.241448,0.801938
1677104630,672026835,0.402638,0.613370,0.185603,0.534965,-0.100798,-0.240632,0.803585
1677104630,682029632,0.402697,0.614552,0.185191,0.532571,-0.102245,-0.239533,0.805319
1677104630,691856450,0.402854,0.615630,0.184812,0.530033,-0.104161,-0.238196,0.807142
1677104630,702101979,0.402971,0.616735,0.184412,0.527908,-0.105303,-0.237404,0.808619
1677104630,712329344,0.403174,0.617749,0.184066,0.526398,-0.105764,-0.236464,0.809817
1677104630,722389023,0.403501,0.618687,0.183711,0.525192,-0.106041,-0.234988,0.810993
1677104630,732304153,0.403628,0.619453,0.183435,0.523680,-0.105186,-0.234689,0.812168
1677104630,742294426,0.403886,0.620181,0.183139,0.523018,-0.104292,-0.234065,0.812889
1677104630,751714885,0.404182,0.620776,0.182888,0.522351,-0.104288,-0.234329,0.813243
1677104630,761906332,0.404555,0.621249,0.182642,0.521692,-0.104613,-0.234284,0.813637
1677104630,771831208,0.404919,0.621877,0.182299,0.520820,-0.104922,-0.234869,0.813987
1677104630,781542871,0.405195,0.622439,0.181886,0.518487,-0.105221,-0.235683,0.815201
1677104630,791911810,0.405440,0.623118,0.181412,0.515342,-0.105229,-0.236490,0.816959
1677104630,801702834,0.405899,0.624035,0.180818,0.512866,-0.106514,-0.237062,0.818184
1677104630,811715251,0.406302,0.624767,0.180275,0.509929,-0.107116,-0.236759,0.820027
1677104630,822076969,0.406523,0.625642,0.179819,0.507687,-0.106488,-0.236680,0.821521
1677104630,832122588,0.406723,0.626358,0.179432,0.505977,-0.106769,-0.236311,0.822645
1677104630,841997526,0.406980,0.627098,0.179034,0.505640,-0.106722,-0.235106,0.823203
1677104630,851716040,0.407029,0.627739,0.178808,0.505225,-0.106543,-0.234370,0.823691
1677104630,862011360,0.407168,0.628221,0.178573,0.505259,-0.106854,-0.232883,0.824052
1677104630,872256331,0.407207,0.628601,0.178384,0.504814,-0.107632,-0.232303,0.824387
1677104630,881873830,0.407393,0.629116,0.178094,0.505379,-0.108923,-0.231690,0.824043
1677104630,892589276,0.407481,0.629369,0.177879,0.504795,-0.109180,-0.231405,0.824447
1677104630,901850712,0.407667,0.629543,0.177696,0.503944,-0.109374,-0.231717,0.824854
1677104630,911817063,0.408117,0.629842,0.177385,0.504287,-0.110427,-0.232077,0.824403
1677104630,922218465,0.408468,0.630091,0.177120,0.504338,-0.110087,-0.232713,0.824238
1677104630,931793248,0.408745,0.630278,0.176890,0.503469,-0.110213,-0.234070,0.824368
1677104630,942605781,0.409182,0.630719,0.176537,0.503679,-0.109440,-0.234148,0.824321
1677104630,952018263,0.409534,0.631211,0.176154,0.503120,-0.108720,-0.234482,0.824663
1677104630,961995734,0.410035,0.631679,0.175732,0.502741,-0.108439,-0.233380,0.825243
1677104630,972311596,0.410302,0.632233,0.175311,0.501839,-0.108123,-0.233113,0.825909
1677104630,982040879,0.410492,0.632800,0.174873,0.500710,-0.108417,-0.233242,0.826519
1677104630,991765912,0.410795,0.633312,0.174390,0.499519,-0.109341,-0.232542,0.827314
1677104631,1885682,0.410964,0.633951,0.173904,0.498620,-0.109601,-0.232472,0.827842
1677104631,12339385,0.411191,0.634205,0.173673,0.498184,-0.110064,-0.230443,0.828610
1677104631,22230322,0.411117,0.634462,0.173674,0.499795,-0.111676,-0.228783,0.827884
1677104631,32279034,0.410730,0.634564,0.173775,0.500614,-0.112662,-0.227241,0.827680
1677104631,41892797,0.410689,0.634739,0.173709,0.500367,-0.114177,-0.224690,0.828318
1677104631,52223652,0.410776,0.635159,0.173492,0.500103,-0.115580,-0.222775,0.828800
1677104631,62734064,0.410758,0.635438,0.173383,0.499394,-0.115910,-0.221370,0.829558
1677104631,72626586,0.410718,0.635624,0.173410,0.499422,-0.116630,-0.220034,0.829795
1677104631,82330293,0.410695,0.635719,0.173448,0.499784,-0.117485,-0.218573,0.829843
1677104631,92116129,0.410814,0.635824,0.173391,0.499599,-0.119005,-0.217359,0.830056
1677104631,101828006,0.410912,0.636038,0.173280,0.499608,-0.119668,-0.216788,0.830105
1677104631,112735793,0.411036,0.636110,0.173213,0.499694,-0.119796,-0.216021,0.830235
1677104631,122345835,0.411126,0.636172,0.173153,0.500085,-0.120693,-0.216118,0.829844
1677104631,132100090,0.411247,0.636314,0.173028,0.501153,-0.121179,-0.215833,0.829203
1677104631,142417856,0.411360,0.636334,0.172974,0.501094,-0.121268,-0.215151,0.829403
1677104631,152642420,0.411470,0.636571,0.172806,0.502178,-0.121760,-0.214299,0.828896
1677104631,162029101,0.411526,0.636726,0.172689,0.502751,-0.122366,-0.212732,0.828862
1677104631,171864401,0.411611,0.637093,0.172532,0.504014,-0.123579,-0.210701,0.828434
1677104631,181968919,0.411427,0.637343,0.172421,0.504589,-0.124012,-0.208473,0.828583
1677104631,192344456,0.411346,0.637784,0.172256,0.505793,-0.125170,-0.206122,0.828263
1677104631,202392492,0.411299,0.638236,0.172065,0.507127,-0.126023,-0.203261,0.828025
1677104631,212481565,0.410958,0.638373,0.172059,0.506494,-0.126197,-0.201256,0.828875
1677104631,222125338,0.410905,0.638927,0.171835,0.508001,-0.127305,-0.199057,0.828314
1677104631,232005179,0.410855,0.639350,0.171723,0.509033,-0.128113,-0.197014,0.828045
1677104631,242177965,0.410776,0.639476,0.171711,0.508811,-0.128963,-0.195299,0.828456
1677104631,251793786,0.410722,0.639761,0.171608,0.509688,-0.129093,-0.193994,0.828203
1677104631,261294515,0.410679,0.639967,0.171517,0.510462,-0.129280,-0.193584,0.827793
1677104631,271462515,0.410844,0.640017,0.171486,0.510874,-0.129459,-0.192656,0.827727
1677104631,282309380,0.410993,0.640111,0.171448,0.511740,-0.129532,-0.192738,0.827161
1677104631,291637099,0.411318,0.640280,0.171362,0.513222,-0.129735,-0.192837,0.826188
1677104631,301642044,0.411499,0.640211,0.171363,0.513376,-0.129133,-0.193197,0.826102
1677104631,312137707,0.411778,0.640404,0.171275,0.515248,-0.129037,-0.193614,0.824853
1677104631,321847017,0.412048,0.640384,0.171259,0.515980,-0.129152,-0.193612,0.824378
1677104631,331494501,0.412170,0.640389,0.171275,0.516696,-0.128944,-0.193779,0.823922
1677104631,341748123,0.412333,0.640450,0.171219,0.517479,-0.128872,-0.193454,0.823519
1677104631,351764001,0.412521,0.640642,0.171096,0.518567,-0.129116,-0.193053,0.822890
1677104631,362157914,0.412614,0.640799,0.171023,0.519430,-0.128440,-0.192159,0.822660
1677104631,372283454,0.412834,0.640912,0.170978,0.520168,-0.128832,-0.191259,0.822342
1677104631,381809506,0.413017,0.641109,0.170891,0.521459,-0.128956,-0.190634,0.821650
1677104631,391809873,0.413180,0.641357,0.170798,0.522541,-0.128632,-0.190368,0.821076
1677104631,402246462,0.413288,0.641553,0.170748,0.522867,-0.127576,-0.190325,0.821042
1677104631,412353706,0.413490,0.641922,0.170637,0.523911,-0.126899,-0.190438,0.820456
1677104631,422570207,0.413877,0.642295,0.170552,0.525516,-0.126503,-0.189079,0.819805
1677104631,432148048,0.414074,0.642603,0.170513,0.526587,-0.125720,-0.188356,0.819404
1677104631,442533477,0.414301,0.642948,0.170476,0.527327,-0.125414,-0.187491,0.819173
1677104631,452172932,0.414520,0.643417,0.170409,0.528516,-0.125055,-0.186690,0.818644
1677104631,462493881,0.414591,0.643705,0.170377,0.528608,-0.124307,-0.185859,0.818888
1677104631,472507265,0.414674,0.644167,0.170307,0.529283,-0.123674,-0.185344,0.818665
1677104631,482156689,0.414904,0.644602,0.170241,0.529724,-0.123845,-0.184391,0.818569
1677104631,492164256,0.415046,0.645223,0.170150,0.530894,-0.123357,-0.183633,0.818055
1677104631,502211399,0.415330,0.645719,0.170031,0.531692,-0.123615,-0.182041,0.817853
1677104631,512639656,0.415367,0.646266,0.169963,0.532360,-0.123337,-0.181531,0.817574
1677104631,522424442,0.415612,0.646964,0.169831,0.533944,-0.122890,-0.179779,0.816996
1677104631,532075979,0.415656,0.647690,0.169716,0.534941,-0.121587,-0.178642,0.816788
1677104631,542264843,0.415771,0.648372,0.169664,0.535352,-0.120778,-0.177149,0.816964
1677104631,551689997,0.415948,0.649231,0.169541,0.536587,-0.119896,-0.174710,0.816808
1677104631,562265770,0.416184,0.650181,0.169399,0.538287,-0.119748,-0.172039,0.816279
1677104631,572267585,0.416126,0.650974,0.169373,0.538465,-0.119083,-0.170455,0.816590
1677104631,582107607,0.416189,0.651924,0.169258,0.539706,-0.118478,-0.168431,0.816279
1677104631,591724019,0.416292,0.652633,0.169250,0.539774,-0.117669,-0.166243,0.816799
1677104631,601871242,0.416348,0.653411,0.169224,0.540369,-0.116425,-0.164599,0.816917
1677104631,611773596,0.416402,0.654134,0.169188,0.540773,-0.115073,-0.163810,0.817000
1677104631,622266530,0.416650,0.655076,0.169101,0.542173,-0.113708,-0.162614,0.816502
1677104631,632322559,0.416995,0.655857,0.169074,0.543082,-0.112983,-0.161328,0.816254
1677104631,641902325,0.417074,0.656539,0.169090,0.543290,-0.111396,-0.161021,0.816394
1677104631,651746848,0.417361,0.657387,0.169041,0.544794,-0.110205,-0.159423,0.815867
1677104631,662288356,0.417626,0.658210,0.168972,0.546002,-0.109158,-0.157702,0.815535
1677104631,672290414,0.417697,0.658862,0.168948,0.545895,-0.107948,-0.156608,0.815978
1677104631,682065156,0.417856,0.659741,0.168832,0.547080,-0.106921,-0.154945,0.815637
1677104631,692511847,0.417976,0.660578,0.168737,0.547911,-0.105897,-0.153254,0.815532
1677104631,701923882,0.418108,0.661493,0.168606,0.549070,-0.104938,-0.151530,0.815199
1677104631,712566621,0.418131,0.662161,0.168577,0.549224,-0.103456,-0.149809,0.815602
1677104631,722692825,0.418278,0.663067,0.168467,0.550697,-0.102551,-0.148256,0.815007
1677104631,731842243,0.418306,0.663808,0.168422,0.551590,-0.101067,-0.147002,0.814815
1677104631,741899660,0.418523,0.664568,0.168380,0.552722,-0.100028,-0.145318,0.814479
1677104631,751234457,0.418657,0.665161,0.168370,0.553244,-0.098545,-0.143763,0.814581
1677104631,761756039,0.418797,0.665919,0.168326,0.554211,-0.097431,-0.142585,0.814265
1677104631,771500870,0.418852,0.666586,0.168280,0.554670,-0.095987,-0.141452,0.814321
1677104631,781235807,0.418934,0.667224,0.168203,0.555241,-0.095114,-0.139869,0.814308
1677104631,791288770,0.419016,0.667637,0.168240,0.554959,-0.094256,-0.137893,0.814937
1677104631,802075401,0.419087,0.668226,0.168149,0.555699,-0.093876,-0.136281,0.814747
1677104631,812573241,0.418996,0.668890,0.168044,0.556585,-0.093705,-0.135687,0.814261
1677104631,822566024,0.418995,0.669226,0.168054,0.556331,-0.092704,-0.134377,0.814767
1677104631,831909938,0.419147,0.669667,0.168013,0.556904,-0.092637,-0.132865,0.814630
1677104631,842060342,0.419155,0.670064,0.167995,0.556981,-0.091941,-0.132381,0.814735
1677104631,852384632,0.419391,0.670495,0.167961,0.557237,-0.092085,-0.130933,0.814779
1677104631,862704852,0.419305,0.671024,0.167869,0.557890,-0.091638,-0.131205,0.814338
1677104631,872389297,0.419324,0.671394,0.167863,0.557741,-0.090318,-0.129680,0.814832
1677104631,882838452,0.419277,0.671753,0.167827,0.557466,-0.089532,-0.128420,0.815306
1677104631,893050728,0.419368,0.672311,0.167774,0.557745,-0.089543,-0.126415,0.815428
1677104631,902019300,0.419258,0.672818,0.167680,0.557943,-0.088945,-0.124501,0.815652
1677104631,912348983,0.419031,0.673247,0.167667,0.558354,-0.086559,-0.121720,0.816047
1677104631,921978897,0.418700,0.673705,0.167601,0.558510,-0.085396,-0.119765,0.816352
1677104631,931861919,0.418722,0.674250,0.167562,0.559243,-0.085339,-0.116724,0.816296
1677104631,941373852,0.418701,0.675028,0.167433,0.561132,-0.087367,-0.115727,0.814926
1677104631,951690769,0.418490,0.675033,0.167543,0.560120,-0.083563,-0.112554,0.816465
1677104631,961474379,0.418519,0.675347,0.167523,0.560814,-0.082771,-0.110949,0.816289
1677104631,971512155,0.418738,0.675585,0.167529,0.561292,-0.082038,-0.109304,0.816256
1677104631,981622790,0.418985,0.675914,0.167484,0.562381,-0.081465,-0.108784,0.815633
1677104631,991812275,0.419093,0.676171,0.167504,0.562339,-0.079541,-0.108936,0.815831
1677104632,1692344,0.419479,0.676472,0.167441,0.562459,-0.079042,-0.108367,0.815873
1677104632,12536476,0.419652,0.676857,0.167392,0.562763,-0.076963,-0.107474,0.815980
1677104632,22513896,0.419930,0.677328,0.167345,0.563447,-0.076795,-0.106588,0.815640
1677104632,32127138,0.419894,0.677572,0.167404,0.562944,-0.074686,-0.105278,0.816353
1677104632,42640283,0.419930,0.678055,0.167406,0.563547,-0.073519,-0.103535,0.816266
1677104632,51641493,0.420038,0.678508,0.167467,0.564160,-0.073075,-0.101230,0.816172
1677104632,62101232,0.419864,0.678979,0.167523,0.564027,-0.071311,-0.099471,0.816636
1677104632,72331340,0.419860,0.679494,0.167567,0.563651,-0.070992,-0.097121,0.817206
1677104632,81962814,0.419735,0.680239,0.167540,0.563771,-0.070076,-0.094788,0.817476
1677104632,92431127,0.419472,0.680933,0.167481,0.563298,-0.068977,-0.092245,0.818186
1677104632,101800420,0.419414,0.681742,0.167378,0.563827,-0.069042,-0.088362,0.818245
1677104632,112323838,0.418979,0.682293,0.167362,0.563984,-0.068185,-0.084774,0.818588
1677104632,122257353,0.418620,0.682926,0.167297,0.565222,-0.067839,-0.080060,0.818237
1677104632,131725931,0.418123,0.683577,0.167172,0.566664,-0.067023,-0.075302,0.817759
1677104632,142347411,0.417573,0.684152,0.167049,0.567441,-0.066654,-0.070858,0.817647
1677104632,152293367,0.417079,0.684622,0.166930,0.568531,-0.066118,-0.066341,0.817312
1677104632,161996582,0.416681,0.684938,0.166855,0.569565,-0.066392,-0.062253,0.816892
1677104632,172420396,0.416419,0.685259,0.166730,0.570994,-0.066207,-0.058762,0.816168
1677104632,182463882,0.416306,0.685581,0.166571,0.572547,-0.065732,-0.056303,0.815291
1677104632,191890327,0.416368,0.685860,0.166402,0.573614,-0.064571,-0.054622,0.814748
1677104632,202436425,0.416595,0.686167,0.166223,0.574624,-0.063351,-0.053675,0.814195
1677104632,212434417,0.416862,0.686330,0.166069,0.575190,-0.061934,-0.052965,0.813950
1677104632,222503463,0.416996,0.686526,0.165982,0.576294,-0.059976,-0.052631,0.813338
1677104632,231966110,0.417199,0.686721,0.165877,0.577922,-0.058677,-0.051596,0.812343
1677104632,242390343,0.417227,0.686956,0.165741,0.579060,-0.057444,-0.050756,0.811673
1677104632,251993498,0.417228,0.687072,0.165627,0.579695,-0.056326,-0.049161,0.811396
1677104632,262239487,0.417202,0.687412,0.165471,0.581159,-0.055773,-0.047533,0.810484
1677104632,272324363,0.417063,0.687527,0.165377,0.581781,-0.054436,-0.045195,0.810263
1677104632,281870586,0.416918,0.687612,0.165283,0.582698,-0.054123,-0.043011,0.809743
1677104632,291581432,0.416698,0.687697,0.165135,0.583419,-0.053200,-0.041473,0.809365
1677104632,301589651,0.416718,0.687733,0.164987,0.584271,-0.052540,-0.038937,0.808920
1677104632,311426496,0.416803,0.687865,0.164854,0.585660,-0.051700,-0.037546,0.808035
1677104632,321466852,0.417285,0.688805,0.164514,0.590807,-0.051798,-0.036036,0.804341
1677104632,331300753,0.417014,0.688102,0.164508,0.587764,-0.047513,-0.037164,0.806781
1677104632,341672925,0.417332,0.688337,0.164310,0.588991,-0.045200,-0.036576,0.806045
1677104632,351738620,0.417597,0.688769,0.164038,0.591443,-0.042991,-0.035897,0.804400
1677104632,362107954,0.417733,0.688977,0.163900,0.592332,-0.041018,-0.034625,0.803904
1677104632,372729011,0.417880,0.690134,0.163470,0.598104,-0.040614,-0.033328,0.799694
1677104632,382345834,0.417579,0.690261,0.163399,0.599072,-0.038849,-0.031794,0.799120
1677104632,392488530,0.417615,0.690375,0.163336,0.600062,-0.039057,-0.029196,0.798466
1677104632,402220080,0.417461,0.690520,0.163227,0.601311,-0.038216,-0.027834,0.797615
1677104632,411940655,0.417497,0.690570,0.163184,0.601838,-0.037229,-0.026961,0.797294
1677104632,421875405,0.417429,0.690692,0.163068,0.603130,-0.034595,-0.028244,0.796391
1677104632,431976163,0.418042,0.690983,0.163066,0.604527,-0.033551,-0.027390,0.795406
1677104632,442382263,0.418379,0.691293,0.162954,0.605214,-0.030996,-0.029049,0.794929
1677104632,451857119,0.418840,0.691803,0.162822,0.605662,-0.027890,-0.029563,0.794684
1677104632,461544212,0.418991,0.692301,0.162739,0.605551,-0.024333,-0.029963,0.794870
1677104632,471964564,0.419221,0.693211,0.162588,0.606961,-0.022081,-0.027959,0.793932
1677104632,482002841,0.418858,0.693875,0.162548,0.606940,-0.018961,-0.025578,0.794110
1677104632,492371336,0.418395,0.694672,0.162418,0.607356,-0.017818,-0.022344,0.793916
1677104632,502328763,0.417784,0.695254,0.162367,0.607414,-0.017598,-0.018045,0.793985
1677104632,512509908,0.417058,0.695943,0.162288,0.608108,-0.017571,-0.013904,0.793538
1677104632,522412545,0.416421,0.696587,0.162242,0.608608,-0.017566,-0.009495,0.793220
1677104632,532437755,0.415903,0.697329,0.162145,0.609386,-0.017572,-0.005878,0.792658
1677104632,542342107,0.415363,0.697878,0.162077,0.609135,-0.016364,-0.003543,0.792890
1677104632,552608164,0.415104,0.698482,0.162022,0.609489,-0.015211,-0.001305,0.792648
1677104632,562108502,0.415003,0.699102,0.161953,0.610138,-0.013345,0.000549,0.792182
1677104632,572406613,0.414912,0.699689,0.161919,0.610744,-0.011055,0.001721,0.791749
1677104632,582394451,0.414790,0.700231,0.161934,0.611125,-0.008716,0.002002,0.791484
1677104632,592296708,0.414808,0.700784,0.161957,0.611566,-0.006692,0.002933,0.791159
1677104632,601804509,0.414730,0.701169,0.161965,0.611270,-0.004662,0.003590,0.791400
1677104632,612200715,0.414614,0.701717,0.161936,0.611342,-0.003406,0.004482,0.791346
1677104632,622310583,0.414383,0.702297,0.161800,0.611673,-0.002965,0.005445,0.791086
1677104632,632370884,0.414172,0.702681,0.161741,0.611270,-0.003019,0.008271,0.791373
1677104632,641882100,0.413556,0.703102,0.161648,0.611713,-0.002589,0.009881,0.791014
1677104632,652444758,0.413036,0.703379,0.161609,0.611772,-0.003081,0.012413,0.790931
1677104632,662319908,0.412512,0.703909,0.161538,0.612695,-0.003201,0.015406,0.790162
1677104632,671757908,0.411962,0.704347,0.161507,0.613139,-0.003255,0.017731,0.789769
1677104632,682540065,0.411480,0.704636,0.161501,0.613144,-0.002794,0.019249,0.789732
1677104632,692666635,0.411163,0.704885,0.161510,0.613154,-0.001852,0.021277,0.789675
1677104632,701951543,0.410817,0.705320,0.161473,0.614144,0.000063,0.022078,0.788885
1677104632,712525840,0.410693,0.705742,0.161383,0.614560,0.002089,0.023229,0.788525
1677104632,722258397,0.410548,0.706083,0.161319,0.614908,0.003630,0.023232,0.788248
1677104632,731756171,0.410448,0.706270,0.161293,0.614977,0.004932,0.023809,0.788170
1677104632,741701080,0.410309,0.706385,0.161259,0.615221,0.005764,0.024104,0.787965
1677104632,752553052,0.410098,0.706537,0.161238,0.615497,0.006357,0.024616,0.787729
1677104632,761539404,0.409821,0.706703,0.161197,0.615703,0.006527,0.025087,0.787551
1677104632,771602091,0.409438,0.706893,0.161197,0.615895,0.007370,0.025905,0.787368
1677104632,781820403,0.409114,0.707019,0.161212,0.615800,0.007960,0.027254,0.787391
1677104632,792412830,0.408815,0.707232,0.161218,0.616172,0.008577,0.028735,0.787040
1677104632,801816057,0.408356,0.707397,0.161211,0.616307,0.009899,0.029859,0.786877
1677104632,811702874,0.408023,0.707502,0.161201,0.615905,0.011667,0.031139,0.787118
1677104632,821955691,0.407738,0.707840,0.161165,0.616655,0.012678,0.031650,0.786495
1677104632,831722074,0.407431,0.708215,0.161181,0.617121,0.014137,0.032174,0.786083
1677104632,841415807,0.407232,0.708417,0.161219,0.617082,0.014734,0.033018,0.786068
1677104632,851775569,0.406899,0.708522,0.161223,0.616994,0.015347,0.033250,0.786115
1677104632,861897342,0.406537,0.708769,0.161201,0.617781,0.015642,0.033759,0.785469
1677104632,872518637,0.406161,0.708901,0.161148,0.618194,0.015926,0.034573,0.785104
1677104632,882396964,0.405765,0.708940,0.161078,0.618110,0.016082,0.035903,0.785106
1677104632,891796308,0.405319,0.708964,0.161005,0.618678,0.015653,0.036301,0.784650
1677104632,902033470,0.404977,0.709089,0.160936,0.619828,0.015093,0.037873,0.783678
1677104632,912398235,0.404410,0.709052,0.160882,0.620364,0.015728,0.038270,0.783222
1677104632,921990324,0.404091,0.708978,0.160803,0.620407,0.014753,0.039253,0.783158
1677104632,932004824,0.403596,0.709242,0.160723,0.621905,0.014749,0.039375,0.781963
1677104632,942478537,0.403146,0.709079,0.160745,0.621603,0.014736,0.039971,0.782174
1677104632,951929074,0.402706,0.709206,0.160775,0.622246,0.014604,0.040903,0.781616
1677104632,961703386,0.402164,0.709330,0.160794,0.622426,0.014685,0.042196,0.781403
1677104632,972208586,0.401587,0.709518,0.160794,0.622777,0.013686,0.043354,0.781077
1677104632,981713995,0.400956,0.709554,0.160807,0.622463,0.012531,0.045522,0.781224
1677104632,991666739,0.400170,0.709620,0.160770,0.622822,0.010953,0.047045,0.780871
1677104633,2340150,0.399403,0.709613,0.160773,0.622921,0.009477,0.049455,0.780662
1677104633,12297144,0.398686,0.709625,0.160716,0.623284,0.007643,0.051463,0.780263
1677104633,21992720,0.397940,0.709636,0.160633,0.623897,0.006502,0.052749,0.779697
1677104633,32360733,0.397429,0.709489,0.160599,0.624006,0.005047,0.054024,0.779533
1677104633,42608561,0.397041,0.709346,0.160605,0.624119,0.004428,0.055081,0.779373
1677104633,51821315,0.396672,0.709280,0.160562,0.624825,0.004602,0.055157,0.778801
1677104633,61396087,0.396561,0.709115,0.160561,0.625032,0.004834,0.055324,0.778621
1677104633,71760916,0.396430,0.709064,0.160507,0.625976,0.005654,0.054610,0.777907
1677104633,82073817,0.396440,0.708941,0.160445,0.626923,0.007003,0.054147,0.777166
1677104633,92519486,0.396533,0.708737,0.160408,0.627947,0.008707,0.053980,0.776333
1677104633,101806981,0.396559,0.708526,0.160327,0.628962,0.010361,0.053064,0.775554
1677104633,112434164,0.396656,0.708365,0.160239,0.630411,0.011864,0.052593,0.774387
1677104633,122204963,0.396828,0.708081,0.160164,0.631534,0.012594,0.052353,0.773476
1677104633,131769497,0.396990,0.707680,0.160107,0.632230,0.014170,0.052569,0.772865
1677104633,141672143,0.397089,0.707344,0.160032,0.633087,0.015314,0.052280,0.772161
1677104633,151940920,0.397203,0.707038,0.159924,0.633698,0.016546,0.052077,0.771648
1677104633,161749108,0.397360,0.706855,0.159787,0.635126,0.017582,0.051454,0.770492
1677104633,172175339,0.397704,0.706499,0.159697,0.635824,0.017966,0.051288,0.769919
1677104633,181786077,0.397907,0.706240,0.159556,0.637138,0.019207,0.050397,0.768860
1677104633,191551152,0.398334,0.705831,0.159414,0.638031,0.020440,0.050654,0.768071
1677104633,201562355,0.398600,0.705529,0.159212,0.640101,0.022295,0.049500,0.766370
1677104633,211964310,0.398897,0.704887,0.159052,0.641213,0.024559,0.048523,0.765433
1677104633,222064270,0.399380,0.704482,0.158825,0.643378,0.026006,0.047557,0.763627
1677104633,232423357,0.399817,0.703904,0.158630,0.644906,0.028038,0.046051,0.762358
1677104633,242200822,0.400343,0.703501,0.158453,0.647114,0.030501,0.045232,0.760439
1677104633,252164643,0.400812,0.702979,0.158222,0.648748,0.032889,0.043568,0.759043
1677104633,262265082,0.401222,0.702361,0.158023,0.649832,0.035887,0.042533,0.758038
1677104633,272305682,0.401597,0.701992,0.157814,0.651773,0.037901,0.041266,0.756342
1677104633,281679429,0.402054,0.701534,0.157613,0.652789,0.039064,0.040580,0.755443
1677104633,291599557,0.402388,0.701151,0.157435,0.653883,0.040026,0.040216,0.754465
1677104633,302133774,0.402527,0.700809,0.157273,0.655125,0.041203,0.039659,0.753353
1677104633,311575034,0.402563,0.700445,0.157093,0.656490,0.042300,0.038903,0.752143
1677104633,321654204,0.402840,0.700015,0.156898,0.657934,0.042490,0.039300,0.750848
1677104633,332355233,0.402905,0.699408,0.156701,0.658728,0.043498,0.039068,0.750106
1677104633,341824642,0.403016,0.699200,0.156484,0.660939,0.044195,0.039086,0.748117
1677104633,352315307,0.403127,0.698758,0.156275,0.661840,0.044551,0.038952,0.747306
1677104633,362020196,0.403230,0.698391,0.156095,0.662798,0.045094,0.038957,0.746424
1677104633,372602694,0.403189,0.698121,0.155889,0.664345,0.045881,0.039052,0.744994
1677104633,381807966,0.403180,0.697547,0.155695,0.664814,0.046117,0.039212,0.744553
1677104633,392001967,0.403022,0.697367,0.155516,0.666528,0.046717,0.039691,0.742955
1677104633,402334166,0.402960,0.696984,0.155407,0.667137,0.046530,0.040738,0.742364
1677104633,412238592,0.402813,0.696682,0.155326,0.667963,0.046524,0.041430,0.741583
1677104633,422174324,0.402749,0.696552,0.155250,0.669288,0.046299,0.042099,0.740364
1677104633,432233002,0.402591,0.696402,0.155173,0.670217,0.046595,0.042078,0.739505
1677104633,442209442,0.402607,0.696159,0.155124,0.670163,0.046872,0.042351,0.739521
1677104633,452353001,0.402581,0.695996,0.155076,0.670236,0.047648,0.041994,0.739425
1677104633,462070064,0.402663,0.696010,0.154995,0.670938,0.048065,0.041078,0.738813
1677104633,472193162,0.402852,0.695923,0.154918,0.671161,0.048591,0.040207,0.738623
1677104633,481560668,0.403090,0.695892,0.154865,0.671765,0.049242,0.038716,0.738111
1677104633,492026173,0.403440,0.695801,0.154836,0.672174,0.049847,0.037035,0.737784
1677104633,501902919,0.403802,0.695539,0.154785,0.671851,0.052093,0.035534,0.737997
1677104633,512521482,0.404097,0.695570,0.154649,0.672482,0.056242,0.034169,0.737182
1677104633,522318523,0.404294,0.695509,0.154391,0.671714,0.061678,0.034080,0.737451
1677104633,531993325,0.404308,0.695583,0.154184,0.671063,0.066238,0.034764,0.737616
1677104633,542325133,0.404281,0.695561,0.154160,0.670978,0.066897,0.035077,0.737620
1677104633,552553040,0.404149,0.695372,0.154202,0.670851,0.066122,0.037226,0.737700
1677104633,562378032,0.403582,0.695359,0.154196,0.671784,0.065192,0.038977,0.736843
1677104633,572491561,0.402919,0.695145,0.154224,0.672300,0.063403,0.041776,0.736375
1677104633,582455234,0.402109,0.694827,0.154225,0.672439,0.061791,0.045377,0.736172
1677104633,592049797,0.401362,0.694834,0.154204,0.673900,0.059029,0.049755,0.734778
1677104633,602301595,0.400550,0.694578,0.154168,0.674374,0.056243,0.053644,0.734288
1677104633,612418737,0.399718,0.694181,0.154061,0.674923,0.053305,0.057053,0.733745
1677104633,622224204,0.398933,0.693662,0.153960,0.676042,0.050771,0.060028,0.732657
1677104633,632248438,0.398268,0.693100,0.153792,0.677417,0.048859,0.062589,0.731301
1677104633,642616351,0.397859,0.692586,0.153618,0.678211,0.046751,0.064687,0.730520
1677104633,651609466,0.397573,0.692489,0.153490,0.679490,0.045700,0.065855,0.729293
1677104633,662167225,0.397447,0.692310,0.153364,0.679790,0.045440,0.066105,0.729007
1677104633,672686431,0.397465,0.692125,0.153326,0.680236,0.045581,0.065090,0.728673
1677104633,682150515,0.397711,0.692100,0.153339,0.681039,0.045515,0.063908,0.728032
1677104633,691856287,0.397897,0.691973,0.153366,0.680989,0.046342,0.062760,0.728126
1677104633,701977832,0.397962,0.691977,0.153370,0.681800,0.046655,0.061032,0.727494
1677104633,712616853,0.398073,0.691713,0.153375,0.682184,0.046424,0.060571,0.727187
1677104633,722354004,0.398080,0.691527,0.153445,0.684015,0.045656,0.060648,0.725508
1677104633,732343653,0.397918,0.691077,0.153504,0.685378,0.044684,0.060850,0.724263
1677104633,742759629,0.397635,0.690746,0.153546,0.687363,0.044033,0.061533,0.722362
1677104633,752073143,0.397414,0.690425,0.153551,0.688644,0.042824,0.063153,0.721074
1677104633,762322502,0.397077,0.690139,0.153494,0.689242,0.042011,0.064109,0.720465
1677104633,772631644,0.396770,0.690104,0.153447,0.689934,0.041236,0.065419,0.719730
1677104633,781996244,0.396509,0.689928,0.153363,0.689192,0.041114,0.066862,0.720315
1677104633,792324758,0.396331,0.689911,0.153283,0.689336,0.040259,0.067567,0.720159
1677104633,801985974,0.396250,0.689842,0.153146,0.689684,0.039545,0.068409,0.719786
1677104633,812066628,0.396228,0.689725,0.153037,0.690741,0.038984,0.069284,0.718719
1677104633,822609391,0.396024,0.689328,0.152881,0.691518,0.039261,0.068830,0.717999
1677104633,831840859,0.395967,0.688872,0.152733,0.692171,0.039186,0.069295,0.717329
1677104633,842010406,0.395935,0.688555,0.152547,0.693261,0.039138,0.069391,0.716269
1677104633,851810770,0.395991,0.688274,0.152375,0.693872,0.038960,0.069904,0.715638
1677104633,861951329,0.396110,0.688127,0.152241,0.694587,0.038472,0.070191,0.714942
1677104633,871785324,0.396181,0.688066,0.152135,0.695259,0.038879,0.070410,0.714245
1677104633,881955694,0.396241,0.687838,0.151957,0.694730,0.039984,0.069962,0.714743
1677104633,891904280,0.396438,0.687866,0.151798,0.695043,0.040856,0.069311,0.714452
1677104633,902498082,0.396841,0.687938,0.151670,0.695610,0.041203,0.068320,0.713975
1677104633,912663646,0.397324,0.687681,0.151490,0.695521,0.042279,0.066664,0.714157
1677104633,922100339,0.397966,0.687429,0.151342,0.695999,0.043356,0.064899,0.713789
1677104633,932240474,0.398636,0.687352,0.151153,0.697460,0.044935,0.062377,0.712488
1677104633,942108027,0.399340,0.687149,0.150936,0.698066,0.047515,0.059680,0.711958
1677104633,952421418,0.400165,0.687113,0.150754,0.698729,0.049566,0.056399,0.711435
1677104633,962354132,0.400970,0.687075,0.150605,0.699103,0.052125,0.052629,0.711174
1677104633,972188346,0.401820,0.686962,0.150535,0.699286,0.054343,0.048343,0.711133
1677104633,982422514,0.402849,0.686905,0.150435,0.699511,0.056189,0.045660,0.710945
1677104633,992611645,0.403603,0.686833,0.150308,0.699936,0.058725,0.041912,0.710552
1677104634,2438711,0.404367,0.686680,0.150174,0.700331,0.060318,0.038224,0.710237
1677104634,12215770,0.405033,0.686531,0.150064,0.700896,0.062394,0.035258,0.709654
1677104634,22614705,0.405663,0.686296,0.149908,0.701007,0.064041,0.032597,0.709525
1677104634,32600460,0.406300,0.686205,0.149763,0.701571,0.065035,0.030526,0.708969
1677104634,42200321,0.406811,0.686178,0.149655,0.702194,0.065826,0.028170,0.708376
1677104634,51932868,0.407219,0.686087,0.149547,0.702358,0.067237,0.026473,0.708147
1677104634,62419258,0.407603,0.685924,0.149486,0.702916,0.067904,0.024692,0.707593
1677104634,72085720,0.407922,0.685741,0.149446,0.703714,0.068335,0.022926,0.706818
1677104634,81799333,0.408462,0.685440,0.149405,0.704727,0.067728,0.022420,0.705882
1677104634,92945954,0.408544,0.685173,0.149384,0.706283,0.068268,0.019827,0.704351
1677104634,101715833,0.408930,0.684728,0.149341,0.707262,0.067749,0.018865,0.703445
1677104634,112377076,0.409075,0.684509,0.149316,0.709392,0.068405,0.017540,0.701267
1677104634,122230133,0.409324,0.684067,0.149328,0.710539,0.068794,0.016718,0.700088
1677104634,132030626,0.409451,0.683796,0.149293,0.711982,0.069844,0.016029,0.698531
1677104634,142430539,0.409731,0.683633,0.149295,0.713016,0.070061,0.015934,0.697456
1677104634,152585258,0.409837,0.683480,0.149280,0.713300,0.070483,0.015613,0.697131
1677104634,161874436,0.409913,0.683318,0.149275,0.713414,0.070717,0.015052,0.697003
1677104634,172868482,0.410049,0.683122,0.149235,0.714024,0.069969,0.014378,0.696468
1677104634,182204364,0.410163,0.682944,0.149244,0.715372,0.069093,0.013851,0.695181
1677104634,192720226,0.410239,0.682693,0.149266,0.716835,0.068526,0.013510,0.693736
1677104634,202390269,0.410282,0.682351,0.149248,0.717930,0.067560,0.012702,0.692713
1677104634,212028529,0.410241,0.681949,0.149223,0.718329,0.067712,0.012631,0.692285
1677104634,222676560,0.410356,0.681959,0.149238,0.719568,0.066871,0.013278,0.691067
1677104634,232418678,0.410280,0.681765,0.149235,0.719331,0.066596,0.013232,0.691342
1677104634,241900896,0.410169,0.681753,0.149282,0.719293,0.066616,0.013991,0.691364
1677104634,252148477,0.410038,0.681874,0.149362,0.720016,0.065739,0.014118,0.690692
1677104634,262617353,0.409820,0.681596,0.149412,0.719599,0.065354,0.014777,0.691150
1677104634,272211763,0.409671,0.681574,0.149488,0.720628,0.063706,0.015498,0.690215
1677104634,283094762,0.409406,0.681435,0.149502,0.721382,0.062799,0.016757,0.689480
1677104634,292841994,0.409174,0.681322,0.149497,0.721742,0.061977,0.018736,0.689128
1677104634,302622628,0.408673,0.681232,0.149467,0.721728,0.061587,0.019346,0.689160
1677104634,312688137,0.408439,0.681196,0.149405,0.721723,0.060030,0.020980,0.689254
1677104634,322527521,0.408092,0.681176,0.149408,0.721882,0.059414,0.022280,0.689101
1677104634,332464227,0.407828,0.681125,0.149438,0.722484,0.058422,0.023293,0.688521
1677104634,342804955,0.407737,0.680926,0.149486,0.722934,0.057207,0.023778,0.688134
1677104634,352738884,0.407554,0.680573,0.149575,0.724265,0.056724,0.023379,0.686786
1677104634,362128591,0.407657,0.680267,0.149669,0.726397,0.056006,0.023712,0.684579
1677104634,371902276,0.407681,0.679691,0.149723,0.727720,0.056385,0.022933,0.683168
1677104634,382050961,0.407857,0.679296,0.149760,0.729254,0.056743,0.022798,0.681505
1677104634,392386073,0.408014,0.678940,0.149738,0.729562,0.057480,0.021946,0.681142
1677104634,401845591,0.408161,0.678793,0.149696,0.729632,0.057951,0.021176,0.681051
1677104634,412857344,0.408224,0.678710,0.149679,0.729486,0.058719,0.020367,0.681166
1677104634,422352355,0.408347,0.678782,0.149726,0.729987,0.058495,0.019791,0.680666
1677104634,432436422,0.408391,0.678705,0.149778,0.730122,0.058264,0.019743,0.680542
1677104634,442834033,0.408306,0.678616,0.149847,0.731014,0.058060,0.019385,0.679611
1677104634,451925844,0.408325,0.678321,0.149887,0.731975,0.057169,0.020095,0.678631
1677104634,462008721,0.408156,0.678055,0.149921,0.733541,0.056821,0.020296,0.676962
1677104634,472885852,0.408019,0.677537,0.149916,0.734130,0.056306,0.020222,0.676369
1677104634,482120214,0.407986,0.677330,0.149937,0.735514,0.055188,0.020596,0.674944
1677104634,492108799,0.407899,0.676986,0.149952,0.735789,0.054128,0.020006,0.674747
1677104634,502549081,0.407918,0.676842,0.149981,0.735936,0.052876,0.019995,0.674687
1677104634,512323167,0.407977,0.676657,0.149948,0.734839,0.051556,0.019840,0.675988
1677104634,521809803,0.407936,0.676677,0.149914,0.734021,0.050604,0.019346,0.676962
1677104634,532344810,0.407858,0.676742,0.149870,0.733273,0.050568,0.019447,0.677772
1677104634,541945610,0.407818,0.676807,0.149846,0.733175,0.050438,0.019530,0.677886
1677104634,552204090,0.407821,0.676850,0.149870,0.733703,0.050392,0.020036,0.677303
1677104634,562676393,0.407836,0.676842,0.149895,0.734853,0.050598,0.020406,0.676028
1677104634,572086238,0.407837,0.676624,0.149940,0.735922,0.050671,0.020185,0.674866
1677104634,581617063,0.407958,0.676353,0.150028,0.736878,0.050688,0.020246,0.673819
1677104634,591574447,0.408103,0.676185,0.150128,0.738062,0.050880,0.019926,0.672516
1677104634,601542603,0.408270,0.675854,0.150171,0.738122,0.050819,0.018996,0.672483
1677104634,612378220,0.408458,0.675719,0.150193,0.738497,0.051104,0.018005,0.672076
1677104634,621664231,0.408729,0.675469,0.150171,0.738481,0.050945,0.016791,0.672138
1677104634,631967508,0.409029,0.675247,0.150192,0.738913,0.051007,0.015863,0.671681
1677104634,642341220,0.409165,0.675022,0.150241,0.739694,0.052270,0.014949,0.670744
1677104634,651911370,0.409374,0.674847,0.150290,0.740806,0.052568,0.013635,0.669520
1677104634,662232205,0.409589,0.674848,0.150398,0.742585,0.053044,0.013282,0.667516
1677104634,672218992,0.409776,0.674520,0.150397,0.742685,0.054139,0.013618,0.667310
1677104634,681830895,0.409830,0.674434,0.150445,0.743304,0.055111,0.013434,0.666545
1677104634,692207799,0.409930,0.674306,0.150509,0.743467,0.055469,0.013693,0.666327
1677104634,702162266,0.409885,0.674262,0.150586,0.743751,0.055847,0.013438,0.665984
1677104634,712374679,0.409868,0.674248,0.150657,0.743936,0.055565,0.013329,0.665803
1677104634,722154558,0.409854,0.674143,0.150712,0.743894,0.054861,0.013467,0.665906
1677104634,732568407,0.409839,0.674299,0.150802,0.744827,0.054312,0.014368,0.664889
1677104634,742549774,0.409655,0.674081,0.150853,0.744701,0.054688,0.014679,0.664991
1677104634,752347768,0.409561,0.674055,0.150984,0.745439,0.054674,0.015272,0.664153
1677104634,762654429,0.409540,0.673797,0.151076,0.745506,0.054321,0.015254,0.664106
1677104634,772561883,0.409475,0.673672,0.151240,0.746214,0.054361,0.015474,0.663302
1677104634,782712180,0.409456,0.673694,0.151418,0.747255,0.054592,0.016301,0.662090
1677104634,792835563,0.409343,0.673514,0.151619,0.747709,0.054577,0.016354,0.661578
1677104634,802512649,0.409224,0.673303,0.151800,0.748220,0.054328,0.016858,0.661008
1677104634,812118132,0.409104,0.673119,0.151969,0.748798,0.054244,0.018058,0.660328
1677104634,822067165,0.408930,0.673004,0.152131,0.749291,0.053807,0.018896,0.659780
1677104634,832200143,0.408699,0.672962,0.152267,0.749787,0.053486,0.019553,0.659225
1677104634,842091797,0.408571,0.672914,0.152399,0.749913,0.053212,0.020488,0.659075
1677104634,852145248,0.408495,0.672920,0.152561,0.750203,0.053407,0.021346,0.658702
1677104634,862220017,0.408607,0.672960,0.152731,0.750917,0.052893,0.021252,0.657932
1677104634,872125305,0.408586,0.672867,0.152908,0.751640,0.053825,0.020428,0.657057
1677104634,881723353,0.408692,0.672629,0.153057,0.752205,0.055132,0.019881,0.656317
1677104634,892325119,0.409029,0.672532,0.153281,0.753818,0.055392,0.019195,0.654463
1677104634,901965334,0.409319,0.672359,0.153501,0.755201,0.056117,0.018162,0.652835
1677104634,912462388,0.409570,0.672038,0.153707,0.755606,0.057554,0.017380,0.652261
1677104634,922163647,0.409723,0.671973,0.153973,0.756523,0.058816,0.016212,0.651115
1677104634,931835562,0.409941,0.671815,0.154202,0.756845,0.059599,0.015615,0.650684
1677104634,941993345,0.410037,0.671740,0.154517,0.757619,0.060427,0.014952,0.649722
1677104634,952284214,0.410259,0.671529,0.154796,0.758188,0.060515,0.014804,0.649053
1677104634,962310276,0.410453,0.671342,0.155148,0.759230,0.060541,0.014702,0.647834
1677104634,972543853,0.410479,0.670959,0.155485,0.759929,0.061679,0.014266,0.646916
1677104634,982312854,0.410731,0.670632,0.155888,0.760933,0.061606,0.014279,0.645742
1677104634,992409878,0.410834,0.670304,0.156334,0.761854,0.061975,0.013621,0.644633
1677104635,1973330,0.410982,0.669963,0.156709,0.762362,0.062159,0.013361,0.644020
1677104635,11574239,0.411082,0.669864,0.157150,0.763555,0.062317,0.012605,0.642605
1677104635,22561177,0.411274,0.669766,0.157542,0.763844,0.062106,0.012440,0.642285
1677104635,31466413,0.411437,0.669441,0.157882,0.763012,0.062182,0.012390,0.643267
1677104635,41518415,0.411411,0.669312,0.158256,0.762671,0.062249,0.011685,0.643679
1677104635,51388606,0.411488,0.669366,0.158702,0.763051,0.061195,0.011280,0.643336
1677104635,61401301,0.411443,0.669266,0.159147,0.762883,0.060273,0.011421,0.643619
1677104635,71559646,0.411330,0.669134,0.159556,0.762698,0.059496,0.011920,0.643902
1677104635,81894692,0.411075,0.669005,0.160030,0.762976,0.058679,0.011891,0.643648
1677104635,92519799,0.410960,0.668760,0.160496,0.763045,0.057636,0.013442,0.643631
1677104635,101882417,0.410870,0.668678,0.161007,0.763626,0.056339,0.014664,0.643029
1677104635,112132449,0.410698,0.668408,0.161527,0.763553,0.055380,0.015814,0.643171
1677104635,122430286,0.410485,0.668461,0.162092,0.764444,0.054776,0.016422,0.642149
1677104635,131994517,0.410325,0.668227,0.162659,0.764216,0.053950,0.016866,0.642478
1677104635,142599479,0.410236,0.668116,0.163247,0.764475,0.053128,0.017614,0.642219
1677104635,152092115,0.410227,0.667935,0.163844,0.764645,0.051668,0.017879,0.642128
1677104635,162190923,0.410086,0.667687,0.164427,0.764889,0.051309,0.017704,0.641871
1677104635,172853751,0.410162,0.667484,0.164999,0.765639,0.050448,0.018165,0.641033
1677104635,181723884,0.410176,0.667241,0.165618,0.766563,0.050294,0.018106,0.639940
1677104635,191904836,0.410284,0.666971,0.166237,0.767421,0.050333,0.017947,0.638913
1677104635,201940044,0.410441,0.666687,0.166869,0.768475,0.050627,0.017506,0.637634
1677104635,212818137,0.410624,0.666419,0.167507,0.769325,0.051400,0.016626,0.636570
1677104635,222371702,0.410863,0.666195,0.168115,0.770040,0.052470,0.015448,0.635647
1677104635,232177193,0.411229,0.666104,0.168793,0.770974,0.052983,0.014624,0.634490
1677104635,242478882,0.411515,0.666048,0.169441,0.771639,0.054037,0.013885,0.633609
1677104635,251848559,0.411741,0.665897,0.170034,0.771641,0.054389,0.012638,0.633602
1677104635,261927805,0.411900,0.665821,0.170654,0.771850,0.054549,0.012385,0.633339
1677104635,272467687,0.411930,0.665945,0.171305,0.772734,0.054102,0.011978,0.632306
1677104635,282527201,0.411782,0.665909,0.171900,0.773088,0.054325,0.012467,0.631845
1677104635,291899870,0.411591,0.665923,0.172517,0.773648,0.054024,0.013185,0.631171
1677104635,302113771,0.411404,0.665979,0.173157,0.774326,0.053247,0.014000,0.630388
1677104635,312073724,0.411231,0.665860,0.173754,0.774240,0.052888,0.014984,0.630501
1677104635,322108878,0.411109,0.666031,0.174418,0.774857,0.052348,0.015922,0.629764
1677104635,331909862,0.411007,0.666228,0.175077,0.775014,0.052371,0.015970,0.629568
1677104635,342622379,0.411148,0.666592,0.175754,0.774948,0.052733,0.016032,0.629617
1677104635,352298299,0.411388,0.666976,0.176385,0.774445,0.053370,0.015070,0.630206
1677104635,362516004,0.411624,0.667306,0.176942,0.773451,0.054528,0.013405,0.631364
1677104635,372583588,0.411978,0.667721,0.177511,0.773283,0.055014,0.011811,0.631559
1677104635,382278930,0.412198,0.667849,0.178042,0.772896,0.056050,0.010611,0.631964
1677104635,391997606,0.412348,0.667977,0.178611,0.773285,0.057137,0.010162,0.631397
1677104635,401752163,0.412288,0.668008,0.179212,0.773881,0.058046,0.009674,0.630592
1677104635,412652525,0.412340,0.668063,0.179852,0.774866,0.057402,0.010246,0.629430
1677104635,422053888,0.412156,0.668048,0.180472,0.775485,0.057150,0.011215,0.628675
1677104635,431655780,0.411931,0.668126,0.181182,0.776405,0.056431,0.012480,0.627579
1677104635,441887418,0.411646,0.668114,0.181872,0.776923,0.056043,0.014004,0.626940
1677104635,451568775,0.411457,0.668083,0.182574,0.777241,0.055226,0.015239,0.626590
1677104635,461279665,0.411272,0.668123,0.183299,0.777638,0.054277,0.015738,0.626167
1677104635,471398115,0.411187,0.668026,0.183994,0.777240,0.053626,0.016198,0.626706
1677104635,481620827,0.411183,0.668365,0.184872,0.778236,0.052250,0.015584,0.625600
1677104635,491598792,0.411168,0.668343,0.185625,0.777869,0.052232,0.015671,0.626056
1677104635,502151834,0.411198,0.668302,0.186467,0.777833,0.051979,0.015206,0.626133
1677104635,512283842,0.411378,0.668271,0.187358,0.778156,0.051187,0.015265,0.625796
1677104635,522168276,0.411313,0.668128,0.188260,0.778528,0.051243,0.014798,0.625339
1677104635,532399048,0.411176,0.667862,0.189170,0.778992,0.051636,0.015089,0.624722
1677104635,542201312,0.411200,0.667605,0.190117,0.779813,0.050504,0.015596,0.623777
1677104635,551786020,0.410992,0.667370,0.191083,0.780633,0.049978,0.016014,0.622782
1677104635,562409907,0.410993,0.667188,0.192079,0.781255,0.048149,0.017035,0.622119
1677104635,572251680,0.410704,0.666930,0.193061,0.781446,0.047070,0.017583,0.621947
1677104635,582463705,0.410560,0.666783,0.194032,0.781604,0.045627,0.019032,0.621813
1677104635,592537431,0.410307,0.666728,0.195026,0.782002,0.044537,0.019843,0.621366
1677104635,602079337,0.410104,0.666482,0.195963,0.781661,0.043718,0.020712,0.621825
1677104635,611951516,0.409922,0.666496,0.196988,0.782203,0.043223,0.021144,0.621163
1677104635,622163923,0.409766,0.666381,0.197972,0.782290,0.043607,0.022019,0.620996
1677104635,632217392,0.409720,0.666307,0.198906,0.782691,0.043349,0.022098,0.620506
1677104635,642223650,0.409665,0.666235,0.199848,0.783278,0.043771,0.022278,0.619728
1677104635,652065578,0.409822,0.666071,0.200763,0.783687,0.043345,0.022571,0.619230
1677104635,661885428,0.409757,0.665862,0.201692,0.784233,0.043459,0.021365,0.618574
1677104635,671912021,0.409937,0.665611,0.202609,0.784701,0.043204,0.021521,0.617993
1677104635,682132976,0.409893,0.665430,0.203529,0.785222,0.043736,0.020629,0.617324
1677104635,692587784,0.410067,0.665181,0.204411,0.785099,0.042980,0.020032,0.617552
1677104635,701612624,0.410084,0.665164,0.205366,0.785284,0.043235,0.019745,0.617308
1677104635,711840679,0.410164,0.665132,0.206329,0.785060,0.043008,0.019534,0.617616
1677104635,721870772,0.410108,0.665123,0.207297,0.784984,0.043720,0.019488,0.617664
1677104635,731743916,0.410117,0.665010,0.208262,0.784865,0.043616,0.018926,0.617839
1677104635,741914875,0.410028,0.664680,0.209174,0.784365,0.044484,0.018914,0.618413
1677104635,751675065,0.409779,0.664415,0.210119,0.784304,0.046026,0.018645,0.618386
1677104635,762008814,0.409463,0.664104,0.211025,0.783992,0.048124,0.018389,0.618629
1677104635,772023500,0.410138,0.664442,0.212297,0.786095,0.044174,0.019369,0.616220
1677104635,781666973,0.410102,0.664357,0.213351,0.786138,0.044358,0.019895,0.616136
1677104635,792124312,0.410123,0.664360,0.214444,0.786626,0.043434,0.020094,0.615572
1677104635,802579572,0.410044,0.664187,0.215516,0.786694,0.043086,0.020675,0.615491
1677104635,812011560,0.409987,0.664091,0.216612,0.787562,0.042633,0.021524,0.614382
1677104635,822436233,0.409840,0.663689,0.217614,0.787725,0.042495,0.022125,0.614161
1677104635,832588503,0.409716,0.663565,0.218716,0.788865,0.042320,0.022583,0.612692
1677104635,842584718,0.409633,0.663316,0.219734,0.788996,0.042123,0.023134,0.612516
1677104635,852481302,0.409535,0.663242,0.220792,0.789139,0.041976,0.023438,0.612330
1677104635,862373288,0.409488,0.663295,0.221855,0.789112,0.041599,0.023621,0.612383
1677104635,871913162,0.409467,0.663251,0.222885,0.788515,0.041433,0.023984,0.613150
1677104635,882361183,0.409544,0.663339,0.223936,0.788453,0.040892,0.023979,0.613266
1677104635,892564877,0.409658,0.663286,0.224964,0.788084,0.040504,0.024350,0.613751
1677104635,901734310,0.409529,0.663326,0.226007,0.788282,0.041218,0.023697,0.613474
1677104635,911809672,0.409564,0.663300,0.227018,0.788591,0.041614,0.024149,0.613033
1677104635,921810290,0.409694,0.663105,0.227909,0.788587,0.041078,0.024220,0.613071
1677104635,931502037,0.409830,0.663162,0.228912,0.789704,0.041285,0.025521,0.611566
1677104635,941584549,0.409926,0.662914,0.229730,0.789531,0.041619,0.026816,0.611710
1677104635,952135536,0.410203,0.662951,0.230637,0.789805,0.040712,0.028646,0.611335
1677104635,961635849,0.409777,0.662530,0.231603,0.788488,0.040836,0.025272,0.613172
1677104635,971456186,0.409697,0.662548,0.232539,0.788123,0.040565,0.025507,0.613649
1677104635,981440489,0.409578,0.662692,0.233492,0.788029,0.040238,0.026183,0.613763
1677104635,991343943,0.409529,0.662682,0.234382,0.787282,0.039325,0.026974,0.614746
1677104636,1240257,0.409404,0.662942,0.235367,0.787694,0.038446,0.027671,0.614243
1677104636,11564524,0.409293,0.662950,0.236253,0.787577,0.037991,0.028644,0.614377
1677104636,21871106,0.409278,0.662934,0.237158,0.787739,0.037296,0.029658,0.614164
1677104636,31809494,0.409137,0.662896,0.238039,0.788248,0.037268,0.029878,0.613500
1677104636,41836936,0.409109,0.662692,0.238838,0.788453,0.037625,0.030771,0.613171
1677104636,52140153,0.409189,0.662610,0.239699,0.789221,0.037388,0.030661,0.612203
1677104636,62500345,0.409365,0.662505,0.240550,0.789797,0.037357,0.030912,0.611449
1677104636,72345608,0.409445,0.662466,0.241398,0.790183,0.037929,0.030228,0.610949
1677104636,82402676,0.409612,0.662535,0.242269,0.790691,0.038312,0.029318,0.610312
1677104636,92591369,0.409978,0.662501,0.243110,0.790361,0.038202,0.029368,0.610744
1677104636,102281289,0.410199,0.662627,0.243993,0.790710,0.038426,0.028080,0.610338
1677104636,112532837,0.410362,0.662499,0.244765,0.790158,0.039244,0.027115,0.611044
1677104636,122062638,0.410653,0.662582,0.245632,0.790896,0.039535,0.025843,0.610125
1677104636,132047512,0.411018,0.662477,0.246456,0.791366,0.040168,0.025268,0.609498
1677104636,142571421,0.411371,0.662318,0.247203,0.791863,0.041072,0.023837,0.608850
1677104636,152269775,0.411871,0.662285,0.247965,0.792778,0.041848,0.022252,0.607665
1677104636,162012420,0.412365,0.662148,0.248622,0.793083,0.043258,0.020683,0.607223
1677104636,172098752,0.412965,0.662029,0.249180,0.792858,0.044204,0.018775,0.607511
1677104636,181750053,0.413413,0.662106,0.249812,0.793144,0.045235,0.016448,0.607130
1677104636,191733876,0.413818,0.662112,0.250360,0.792688,0.046054,0.014514,0.607713
1677104636,201987171,0.414241,0.662081,0.250960,0.792438,0.047315,0.014498,0.607942
1677104636,212276411,0.414459,0.662129,0.251578,0.792438,0.047140,0.013757,0.607972
1677104636,222438324,0.414379,0.662131,0.252207,0.792364,0.047884,0.013575,0.608015
1677104636,232556883,0.414278,0.662122,0.252842,0.792526,0.047724,0.014677,0.607790
1677104636,242539427,0.413921,0.662125,0.253442,0.792170,0.046704,0.014377,0.608341
1677104636,252239768,0.413595,0.661986,0.254021,0.791614,0.046064,0.015849,0.609077
1677104636,261973579,0.413069,0.662109,0.254695,0.791723,0.046031,0.017064,0.608905
1677104636,272491784,0.412819,0.662111,0.255266,0.791242,0.044563,0.019056,0.609579
1677104636,281794097,0.412456,0.662106,0.255859,0.791013,0.043890,0.020541,0.609878
1677104636,291580802,0.412130,0.662000,0.256464,0.790521,0.042818,0.021088,0.610572
1677104636,302524565,0.412794,0.662415,0.257476,0.792929,0.036101,0.022794,0.607816
1677104636,312133742,0.412697,0.662352,0.258079,0.792841,0.034963,0.023611,0.607966
1677104636,322245030,0.412751,0.662324,0.258732,0.793080,0.033726,0.024611,0.607685
1677104636,332195062,0.412536,0.662203,0.259341,0.793440,0.034000,0.024289,0.607213
1677104636,342187754,0.412752,0.661985,0.259937,0.793383,0.033213,0.025163,0.607294
1677104636,351788459,0.412795,0.661781,0.260562,0.793677,0.033016,0.024951,0.606930
1677104636,362445542,0.412837,0.661787,0.261259,0.794772,0.033204,0.024466,0.605505
1677104636,372196321,0.412925,0.661465,0.261809,0.794293,0.033737,0.024838,0.606089
1677104636,381982058,0.413039,0.661331,0.262394,0.794417,0.033377,0.024214,0.605971
1677104636,392441714,0.413053,0.661308,0.263010,0.794555,0.033706,0.023922,0.605784
1677104636,401435830,0.413050,0.661323,0.263642,0.794568,0.033975,0.024281,0.605737
1677104636,411455358,0.413034,0.661251,0.264219,0.793973,0.033608,0.024279,0.606538
1677104636,421541980,0.412965,0.661549,0.264886,0.794520,0.032756,0.024218,0.605870
1677104636,431465460,0.412834,0.661572,0.265495,0.794334,0.032364,0.025161,0.606096
1677104636,441901774,0.412618,0.661588,0.266126,0.794207,0.031744,0.025717,0.606272
1677104636,452145526,0.412435,0.661550,0.266762,0.794273,0.031115,0.026974,0.606165
1677104636,462048899,0.412148,0.661576,0.267450,0.794737,0.030959,0.028234,0.605506
1677104636,472265889,0.411949,0.661489,0.268059,0.794718,0.030110,0.029157,0.605531
1677104636,482153791,0.411674,0.661580,0.268717,0.795122,0.029609,0.029739,0.604996
1677104636,492341290,0.411546,0.661499,0.269297,0.794567,0.028748,0.030289,0.605739
1677104636,501893058,0.411443,0.661464,0.269904,0.794206,0.027871,0.030802,0.606227
1677104636,511932894,0.411266,0.661503,0.270545,0.794050,0.027633,0.031009,0.606432
1677104636,521898199,0.411216,0.661538,0.271216,0.794250,0.027017,0.031469,0.606174
1677104636,531904962,0.411144,0.661256,0.271765,0.793725,0.026391,0.031186,0.606903
1677104636,541832767,0.411018,0.661332,0.272434,0.794692,0.026577,0.031233,0.605625
1677104636,551980643,0.411056,0.661188,0.273016,0.794945,0.026049,0.031484,0.605304
1677104636,562179573,0.411101,0.661113,0.273563,0.794999,0.025885,0.031735,0.605227
1677104636,572859833,0.411230,0.660976,0.274077,0.794465,0.025400,0.031596,0.605956
1677104636,582032438,0.410685,0.660975,0.274525,0.793738,0.029549,0.031788,0.606709
1677104636,592479593,0.411490,0.660775,0.275204,0.794148,0.024136,0.029728,0.606517
1677104636,602274158,0.411754,0.660537,0.275812,0.794038,0.023379,0.029189,0.606717
1677104636,612250337,0.412018,0.660312,0.276396,0.793995,0.022569,0.028233,0.606849
1677104636,622471755,0.412220,0.660056,0.276979,0.793902,0.022286,0.027575,0.607012
1677104636,632514159,0.412502,0.659901,0.277552,0.793804,0.021128,0.026828,0.607214
1677104636,641993568,0.412635,0.659859,0.278116,0.793914,0.020934,0.026100,0.607108
1677104636,652298043,0.412727,0.659892,0.278693,0.794187,0.020989,0.025935,0.606757
1677104636,662229237,0.412797,0.659744,0.279093,0.793191,0.021212,0.026381,0.608032
1677104636,672076263,0.411940,0.660276,0.279902,0.795169,0.025837,0.025563,0.605298
1677104636,682677628,0.411952,0.660349,0.280373,0.794631,0.025448,0.026368,0.605986
1677104636,692588927,0.411854,0.660571,0.280873,0.794820,0.024909,0.026431,0.605758
1677104636,702329990,0.412502,0.660147,0.281025,0.792392,0.019342,0.027376,0.609091
1677104636,712683450,0.412371,0.660137,0.281484,0.792379,0.018974,0.027745,0.609102
1677104636,722209136,0.412330,0.660220,0.281992,0.792961,0.018338,0.028200,0.608343
1677104636,731863905,0.411421,0.660410,0.282680,0.794753,0.024033,0.028653,0.605780
1677104636,742016531,0.411505,0.660400,0.283097,0.794919,0.023571,0.029008,0.605563
1677104636,752466117,0.411465,0.660334,0.283582,0.795040,0.023884,0.028371,0.605422
1677104636,761833133,0.411503,0.660350,0.284022,0.795325,0.024498,0.027934,0.605044
1677104636,772146113,0.411633,0.660365,0.284486,0.795596,0.024837,0.028139,0.604664
1677104636,782370833,0.411650,0.660289,0.284874,0.795354,0.025412,0.027544,0.604986
1677104636,792318710,0.411785,0.660281,0.285279,0.795182,0.025292,0.027192,0.605233
1677104636,801830640,0.411731,0.660415,0.285747,0.795829,0.025495,0.026625,0.604398
1677104636,812702076,0.411789,0.660332,0.286093,0.795604,0.025323,0.027066,0.604682
1677104636,822190451,0.411876,0.660180,0.286456,0.795376,0.024801,0.027843,0.604968
1677104636,831749266,0.411656,0.660318,0.286912,0.796225,0.025563,0.027784,0.603821
1677104636,842688994,0.411605,0.660234,0.287265,0.796159,0.025226,0.027883,0.603917
1677104636,851848186,0.411546,0.660311,0.287683,0.796576,0.024889,0.028214,0.603367
1677104636,861950506,0.411458,0.660367,0.288012,0.796482,0.024694,0.028573,0.603482
1677104636,872583087,0.411300,0.660473,0.288353,0.796492,0.024959,0.029054,0.603435
1677104636,882269351,0.411235,0.660555,0.288684,0.796067,0.024841,0.030070,0.603950
1677104636,892105417,0.411122,0.660710,0.288998,0.795863,0.024666,0.030111,0.604225
1677104636,901876615,0.411042,0.660721,0.289346,0.795124,0.024106,0.030616,0.605194
1677104636,912154137,0.410926,0.661006,0.289703,0.795335,0.023898,0.030874,0.604911
1677104636,922289928,0.410768,0.661078,0.290037,0.795041,0.023831,0.030759,0.605306
1677104636,931736299,0.410689,0.660990,0.290360,0.794461,0.023393,0.030848,0.606079
1677104636,941981859,0.410600,0.660971,0.290734,0.794415,0.023343,0.031198,0.606124
1677104636,952231551,0.410652,0.660858,0.291138,0.794615,0.022302,0.031549,0.605883
1677104636,961631036,0.410557,0.660805,0.291499,0.795129,0.022545,0.031719,0.605191
1677104636,971741988,0.410577,0.660672,0.291891,0.795651,0.022049,0.032096,0.604503
1677104636,981855439,0.410435,0.660656,0.292297,0.796435,0.022705,0.032272,0.603435
1677104636,991970764,0.410616,0.660620,0.292679,0.796690,0.021879,0.032963,0.603092
1677104637,1639663,0.410423,0.660721,0.293085,0.796845,0.022741,0.032644,0.602873
1677104637,12363570,0.410413,0.660894,0.293483,0.796775,0.022679,0.032797,0.602959
1677104637,21857243,0.410280,0.661090,0.293895,0.796780,0.023094,0.032868,0.602933
1677104637,33094399,0.410256,0.661266,0.294263,0.796729,0.022652,0.032985,0.603010
1677104637,42462739,0.410205,0.661342,0.294600,0.796841,0.022358,0.033360,0.602853
1677104637,51934979,0.410061,0.661522,0.294965,0.797544,0.022348,0.033918,0.601892
1677104637,62035134,0.410044,0.661590,0.295296,0.798032,0.021630,0.034201,0.601254
1677104637,72539582,0.409804,0.661658,0.295622,0.798446,0.022119,0.034249,0.600684
1677104637,82235646,0.409748,0.661810,0.295960,0.798914,0.021927,0.034532,0.600053
1677104637,92285377,0.409644,0.662086,0.296249,0.799311,0.022206,0.034619,0.599508
1677104637,102527847,0.409551,0.662240,0.296536,0.799201,0.022743,0.035009,0.599612
1677104637,112261658,0.409570,0.662552,0.296838,0.799473,0.022810,0.035276,0.599231
1677104637,122076095,0.409458,0.662641,0.297036,0.799095,0.023235,0.034968,0.599737
1677104637,131658820,0.409508,0.662756,0.297264,0.798794,0.022791,0.035161,0.600143
1677104637,142444617,0.409443,0.662908,0.297472,0.798727,0.023082,0.035143,0.600223
1677104637,151825579,0.409438,0.662995,0.297680,0.798773,0.022927,0.035593,0.600142
1677104637,161749933,0.409340,0.663095,0.297839,0.798959,0.023419,0.035843,0.599859
1677104637,172487383,0.409223,0.663096,0.297979,0.798987,0.023541,0.035641,0.599830
1677104637,181847664,0.409186,0.663379,0.298220,0.799908,0.023406,0.035820,0.598595
1677104637,193097546,0.409107,0.663428,0.298340,0.799835,0.024189,0.036452,0.598624
1677104637,202342881,0.409000,0.663596,0.298508,0.800192,0.024484,0.036238,0.598148
1677104637,212313629,0.408904,0.663622,0.298575,0.799949,0.024659,0.035566,0.598506
1677104637,222319950,0.408900,0.663717,0.298674,0.799894,0.024736,0.035900,0.598555
1677104637,232000502,0.408877,0.663791,0.298752,0.799878,0.024692,0.035962,0.598576
1677104637,241955693,0.409030,0.662123,0.298444,0.794359,0.024544,0.037244,0.605808
1677104637,251913564,0.409069,0.662184,0.298561,0.794878,0.024080,0.037711,0.605118
1677104637,262488044,0.408961,0.662069,0.298633,0.794999,0.024619,0.037711,0.604937
1677104637,272246349,0.408930,0.661935,0.298723,0.795090,0.024922,0.038172,0.604775
1677104637,281924207,0.408835,0.662057,0.298875,0.795866,0.025484,0.038127,0.603733
1677104637,292804933,0.408849,0.662119,0.298980,0.796140,0.025470,0.038200,0.603368
1677104637,302961067,0.408861,0.662053,0.299018,0.795850,0.025350,0.038104,0.603761
1677104637,312257974,0.408864,0.662099,0.299054,0.795823,0.025501,0.038058,0.603793
1677104637,322515177,0.408791,0.662086,0.299071,0.795646,0.026055,0.037945,0.604011
1677104637,332498873,0.408851,0.662186,0.299129,0.795901,0.026141,0.038265,0.603650
1677104637,342411252,0.408768,0.662162,0.299169,0.795991,0.026476,0.037804,0.603546
1677104637,351507375,0.408818,0.661980,0.299168,0.795594,0.026553,0.037976,0.604056
1677104637,362098016,0.408925,0.662077,0.299215,0.795973,0.026292,0.037954,0.603569
1677104637,372484477,0.408924,0.662136,0.299251,0.796303,0.026596,0.037888,0.603124
1677104637,382079748,0.408980,0.662147,0.299183,0.796148,0.026608,0.037782,0.603335
1677104637,392643614,0.408993,0.662138,0.299151,0.796004,0.026795,0.037596,0.603528
1677104637,402320005,0.408946,0.662082,0.299133,0.796017,0.027178,0.037541,0.603497
1677104637,412641278,0.409019,0.662112,0.299123,0.796281,0.026929,0.037618,0.603155
1677104637,422396761,0.408946,0.662101,0.299104,0.796350,0.027403,0.037757,0.603034
1677104637,432227331,0.409007,0.662162,0.299071,0.796412,0.026808,0.037711,0.602981
1677104637,442065785,0.409028,0.662327,0.299062,0.796738,0.026501,0.037604,0.602571
1677104637,452559077,0.409015,0.662456,0.299028,0.796818,0.026522,0.037670,0.602460
1677104637,461904778,0.408977,0.662522,0.298930,0.796571,0.026845,0.037500,0.602783
1677104637,472090889,0.408986,0.662588,0.298887,0.796597,0.026814,0.037494,0.602750
1677104637,482491024,0.408992,0.662692,0.298879,0.796958,0.026776,0.037337,0.602285
1677104637,492576694,0.409019,0.662645,0.298825,0.797029,0.026829,0.037280,0.602192
1677104637,502300889,0.408979,0.662593,0.298786,0.797137,0.027005,0.037098,0.602053
1677104637,512254581,0.409039,0.662681,0.298779,0.797443,0.027041,0.037498,0.601620
1677104637,522164491,0.409027,0.662708,0.298740,0.797360,0.027221,0.037460,0.601725
1677104637,531864818,0.409026,0.662811,0.298674,0.797055,0.027272,0.037164,0.602144
1677104637,541568467,0.409059,0.662907,0.298637,0.796797,0.027226,0.037245,0.602484
1677104637,552081940,0.409099,0.663009,0.298625,0.796706,0.026810,0.037467,0.602609
1677104637,561717169,0.409031,0.663020,0.298561,0.796522,0.026939,0.037210,0.602862
1677104637,572490386,0.409092,0.663037,0.298565,0.796782,0.026298,0.037545,0.602526
1677104637,581789109,0.409025,0.662910,0.298490,0.796530,0.026500,0.037458,0.602855
1677104637,592126319,0.409076,0.662967,0.298500,0.796959,0.026595,0.037922,0.602255
1677104637,602426229,0.409061,0.663005,0.298492,0.797147,0.026804,0.037764,0.602007
1677104637,612750770,0.409175,0.663125,0.298499,0.797433,0.026634,0.037931,0.601624
1677104637,622259753,0.409202,0.663152,0.298490,0.797391,0.026934,0.037927,0.601667
1677104637,631987476,0.409135,0.664581,0.298817,0.801929,0.026806,0.036665,0.595690
1677104637,642887010,0.409179,0.664559,0.298787,0.801731,0.026998,0.036619,0.595950
1677104637,652406868,0.409200,0.664550,0.298782,0.801668,0.027221,0.036506,0.596033
1677104637,662232431,0.409256,0.664615,0.298753,0.801598,0.027228,0.036254,0.596141
1677104637,671454192,0.409202,0.664612,0.298734,0.801228,0.027823,0.035886,0.596633
1677104637,682086243,0.409334,0.664734,0.298746,0.801171,0.027432,0.035737,0.596737
1677104637,691833575,0.409350,0.664677,0.298755,0.800735,0.027774,0.035896,0.597297
1677104637,701681137,0.409364,0.664726,0.298811,0.800924,0.027836,0.035678,0.597054
1677104637,711926062,0.409338,0.664759,0.298829,0.801083,0.028453,0.035645,0.596813
1677104637,721515661,0.409383,0.664867,0.298949,0.801583,0.028352,0.035670,0.596145
1677104637,732126297,0.409464,0.664890,0.299023,0.801534,0.028512,0.036114,0.596177
1677104637,742195503,0.409429,0.664993,0.299123,0.801547,0.029014,0.036019,0.596140
1677104637,752323407,0.409535,0.665101,0.299246,0.801569,0.028561,0.036353,0.596113
1677104637,762034917,0.409510,0.665209,0.299324,0.801544,0.029005,0.036197,0.596134
1677104637,772782106,0.409566,0.665224,0.299418,0.801259,0.028686,0.035905,0.596550
1677104637,781984811,0.409585,0.665348,0.299537,0.801413,0.028906,0.035963,0.596329
1677104637,791556227,0.409482,0.665406,0.299682,0.801597,0.029285,0.035519,0.596090
1677104637,801941916,0.409400,0.665523,0.299896,0.802316,0.029400,0.034926,0.595151
1677104637,811964812,0.409646,0.663875,0.299649,0.797167,0.029058,0.036391,0.601960
1677104637,822417114,0.409605,0.663762,0.299784,0.797175,0.029063,0.036497,0.601942
1677104637,832463583,0.409628,0.663771,0.299950,0.797488,0.028683,0.036550,0.601543
1677104637,842462302,0.409560,0.663750,0.300092,0.797599,0.028771,0.036723,0.601381
1677104637,852081340,0.409543,0.663609,0.300145,0.797226,0.028514,0.036426,0.601906
1677104637,862383786,0.409433,0.663642,0.300315,0.797420,0.028718,0.036045,0.601662
1677104637,872180840,0.409401,0.663595,0.300535,0.797636,0.028728,0.035706,0.601396
1677104637,882090703,0.409448,0.663601,0.300810,0.797975,0.028674,0.036153,0.600921
1677104637,892156558,0.409371,0.663643,0.301120,0.798256,0.029473,0.036470,0.600490
1677104637,902199165,0.409302,0.663904,0.301507,0.798822,0.029839,0.036955,0.599689
